                                    "Force Report"

Forces
                          Forces [N]                                                                                                                                Coefficients                                                                                                                             
Zone                      Pressure                                      Viscous                                       Total                                         Pressure                                      Viscous                                       Total                                        
jidi                      (1146.9771 9.5617586e-07 0.00043678014)       (3.8521019e-08 0.0050636869 0.0076406261)     (1146.9771 0.0050646431 0.0080774063)         (1.4835654 1.2367723e-09 5.6495629e-07)       (4.9825278e-11 6.5496608e-06 9.8828206e-06)   (1.4835654 6.5508976e-06 1.0447777e-05)      
jishen                    (9098.4196 -4.5877867 -12500.625)             (1.2600311 -0.1764095 0.045714298)            (9099.6796 -4.7641962 -12500.579)             (11.768414 -0.0059341044 -16.169019)          (0.0016297959 -0.00022817809 5.9129475e-05)   (11.770043 -0.0061622825 -16.16896)          
jitou                     (-11263.466 -21.069516 28.112823)             (1.0535991 -0.25948014 0.3540982)             (-11262.413 -21.328996 28.466922)             (-14.568808 -0.027252511 0.036362726)         (0.001362785 -0.00033562638 0.00045801077)    (-14.567446 -0.027588138 0.036820736)        
liangan                   (-81.445504 -2.620218 -3060.2317)             (1.2761924 -0.17140157 0.24125131)            (-80.169312 -2.7916195 -3059.9904)            (-0.10534625 -0.003389139 -3.9582778)         (0.0016506999 -0.00022170054 0.00031204818)   (-0.10369555 -0.0036108396 -3.9579657)       
waiyi                     (-251.5854 -0.42839825 2038.3691)             (2.4635346 -0.7052912 0.96689163)             (-249.12187 -1.1336895 2039.336)              (-0.32541487 -0.00055411468 2.6365426)        (0.0031864759 -0.00091226377 0.0012506327)    (-0.3222284 -0.0014663785 2.6377932)         
weiyi                     (42.648302 -15.245046 585.99115)              (1.0393282 -0.18642814 0.13935942)            (43.68763 -15.431474 586.13051)               (0.055163741 -0.01971881 0.75795431)          (0.0013443262 -0.00024113677 0.0001802554)    (0.056508067 -0.019959946 0.75813456)        
xiaoyi                    (153.67689 -1.7463221 -365.30624)             (0.32727068 -0.071965032 0.085027465)         (154.00416 -1.8182871 -365.22121)             (0.19877444 -0.0022587924 -0.47250788)        (0.00042331052 -9.3083668e-05 0.00010997936)  (0.19919775 -0.0023518761 -0.4723979)        
youfuyi                   (12.422987 -1.5718587 35.888603)              (0.10107023 -0.056241704 0.025412577)         (12.524057 -1.6281004 35.914016)              (0.016068598 -0.0020331315 0.046420362)       (0.00013072999 -7.274622e-05 3.2870073e-05)   (0.016199328 -0.0021058778 0.046453232)      
youweiduo                 (-0.7354288 0.83317592 1.5628832)             (0.140266 -0.039657596 0.026499677)           (-0.59516281 0.79351832 1.5893829)            (-0.00095124547 0.0010776771 0.002021522)     (0.00018142802 -5.1295391e-05 3.427619e-05)   (-0.00076981744 0.0010263818 0.0020557982)   
zhongyangyi               (1028.4906 0.040881063 14345.683)             (1.6866687 -0.18928344 0.33326929)            (1030.1773 -0.14840237 14346.017)             (1.3303083 5.2877893e-05 18.555523)           (0.0021816333 -0.00024482997 0.00043106946)   (1.3324899 -0.00019195208 18.555954)         
zuofuyi                   (0.26642486 1.0070155 25.42139)               (0.14216236 -0.099505819 0.048127229)         (0.40858722 0.90750967 25.469517)             (0.00034460907 0.0013025311 0.032881473)      (0.00018388089 -0.00012870649 6.2250497e-05)  (0.00052848996 0.0011738246 0.032943723)     
zuoweiduo                 (-0.65865392 -2.550122 4.5433054)             (0.12477248 -0.024522857 0.0078931983)        (-0.53388145 -2.5746448 4.5511986)            (-0.00085194047 -0.0032984729 0.0058765697)   (0.00016138782 -3.1719258e-05 1.0209512e-05)  (-0.00069055265 -0.0033301921 0.0058867792)  
------------------------- --------------------------------------------- --------------------------------------------- --------------------------------------------- --------------------------------------------- --------------------------------------------- ---------------------------------------------
Net                       (-114.98941 -47.938194 1139.4107)             (9.6148958 -1.9751233 2.2811849)              (-105.37451 -49.913318 1141.6919)             (-0.14873385 -0.062005989 1.4737786)          (0.012436453 -0.0025547369 0.0029506144)      (-0.13629739 -0.064560725 1.4767293)         

Forces - Direction Vector (0.94909244 -0.20791169 0.23663532)
                          Forces [N]                                      Coefficients                                   
Zone                      Pressure        Viscous         Total           Pressure        Viscous         Total          
jidi                      1088.5874       0.00075527887   1088.5881       1.4080409       9.7692068e-07   1.4080418      
jishen                    5678.1058       1.2433812       5679.3491       7.3443851       0.00160826      7.3459934      
jitou                     -10679.038      1.137704        -10677.9        -13.812875      0.0014715711    -13.811403     
liangan                   -800.91344      1.3039495       -799.60949      -1.035947       0.0016866025    -1.0342604     
waiyi                     243.6614        2.7135611       246.37496       0.31516552      0.0035098743    0.31867539     
weiyi                     182.31301       1.0581564       183.37117       0.23581402      0.0013686798    0.2371827      
xiaoyi                    59.772296       0.345693        60.117989       0.077312889     0.000447139     0.077760028    
youfuyi                   20.609882       0.11363182      20.723514       0.026657994     0.00014697786   0.026804972    
youweiduo                 -0.50138357     0.14764144      -0.35374213     -0.00064851804  0.00019096783   -0.0004575502  
zhongyangyi               4370.8196       1.719022        4372.5386       5.6534668       0.0022234809    5.6556902      
zuofuyi                   6.0590904       0.16700225      6.2260926       0.0078371723    0.00021601021   0.0080531825   
zuoweiduo                 0.98018324      0.12538701      1.1055703       0.0012678248    0.0001621827    0.0014300075   
------------------------- --------------- --------------- --------------- --------------- --------------- ---------------
Net                       170.45615       10.075885       180.53203       0.22047768      0.013032723     0.23351041     
