                                    "Force Report"

Forces
                          Forces [N]                                                                                                                                Coefficients                                                                                                                             
Zone                      Pressure                                      Viscous                                       Total                                         Pressure                                      Viscous                                       Total                                        
jidi                      (1145.2073 -2.0523878e-07 0.00043555165)      (4.5186517e-09 -0.00091083004 -0.00072839693) (1145.2073 -0.00091103528 -0.00029284528)     (1.4812762 -2.6546752e-10 5.6336729e-07)      (5.8446813e-12 -1.1781194e-06 -9.4215004e-07) (1.4812762 -1.1783849e-06 -3.7878276e-07)    
jishen                    (9086.2318 0.99221746 -12502.822)             (1.1659036 -0.1203472 -0.020501169)           (9087.3977 0.87187026 -12502.842)             (11.752649 0.0012833905 -16.171861)           (0.0015080461 -0.00015566392 -2.6517378e-05)  (11.754157 0.0011277266 -16.171888)          
jitou                     (-11255.074 -13.652695 13.180516)             (1.1418535 -0.17049574 0.14854074)            (-11253.932 -13.823191 13.329057)             (-14.557953 -0.017659173 0.01704843)          (0.0014769383 -0.0002205289 0.00019213105)    (-14.556476 -0.017879702 0.017240561)        
liangan                   (-81.07353 -0.58018951 -3074.4364)            (1.1607242 -0.10116329 0.039353427)           (-79.912805 -0.6813528 -3074.3971)            (-0.10486512 -0.00075045013 -3.976651)        (0.0015013468 -0.00013085036 5.0901962e-05)   (-0.10336377 -0.00088130049 -3.9766001)      
waiyi                     (-161.22155 -0.94087543 1877.3362)            (4.2601865 -0.53381062 0.64072597)            (-156.96137 -1.4746861 1877.977)              (-0.20853313 -0.0012169818 2.4282535)         (0.0055103677 -0.00069046103 0.00082875143)   (-0.20302276 -0.0019074429 2.4290823)        
weiyi                     (45.0732 -18.386534 548.82053)                (1.479286 -0.17327196 0.0079979011)           (46.552486 -18.559806 548.82853)              (0.058300242 -0.023782189 0.7098757)          (0.0019133926 -0.00022411981 1.034494e-05)    (0.060213635 -0.024006309 0.70988605)        
xiaoyi                    (152.53019 -0.74541148 -369.49812)            (0.33517124 -0.042733749 0.027094317)         (152.86536 -0.78814523 -369.47103)            (0.19729123 -0.00096415763 -0.4779299)        (0.00043352955 -5.5274263e-05 3.5045332e-05)  (0.19772476 -0.0010194319 -0.47789485)       
youfuyi                   (13.873971 -1.4999003 34.421248)              (0.12736762 -0.049338878 0.022724511)         (14.001339 -1.5492392 34.443973)              (0.017945384 -0.0019400564 0.044522401)       (0.00016474452 -6.3817712e-05 2.9393176e-05)  (0.018110129 -0.0020038741 0.044551795)      
youweiduo                 (-0.93651108 0.039557325 0.11479471)          (0.1552709 -0.026546237 0.0095745979)         (-0.78124018 0.013011087 0.1243693)           (-0.0012113367 5.1165695e-05 0.00014848201)   (0.00020083622 -3.4336414e-05 1.238433e-05)   (-0.0010105005 1.6829281e-05 0.00016086634)  
zhongyangyi               (1042.3696 -0.016377423 14304.735)            (2.4911114 -0.20476891 0.25916387)            (1044.8607 -0.22114633 14304.994)             (1.3482602 -2.1183491e-05 18.502558)          (0.0032221452 -0.00026485976 0.0003352173)    (1.3514823 -0.00028604325 18.502894)         
zuofuyi                   (-0.61153251 0.62839599 16.037504)            (0.16610176 -0.046813417 0.026275122)         (-0.44543075 0.58158257 16.063779)            (-0.00079099095 0.00081280313 0.02074382)     (0.00021484547 -6.0551137e-05 3.3985738e-05)  (-0.00057614548 0.00075225199 0.020777806)   
zuoweiduo                 (-0.91996114 -0.72121888 1.292217)            (0.14914419 -0.020377618 -0.0089033901)       (-0.77081694 -0.7415965 1.2833136)            (-0.0011899301 -0.00093286554 0.001671427)    (0.00019291159 -2.6357571e-05 -1.1516151e-05) (-0.0009970185 -0.00095922311 0.0016599109)  
------------------------- --------------------------------------------- --------------------------------------------- --------------------------------------------- --------------------------------------------- --------------------------------------------- ---------------------------------------------
Net                       (-14.551278 -34.883031 849.18207)             (12.632121 -1.4905784 1.1513175)              (-1.9191568 -36.373609 850.33339)             (-0.018821451 -0.045119697 1.0983804)         (0.016339104 -0.001927999 0.0014891796)       (-0.0024823466 -0.047047696 1.0998696)       

Forces - Direction Vector (0.98785583 -0.1391731 0.069077609)
                          Forces [N]                                      Coefficients                                   
Zone                      Pressure        Viscous         Total           Pressure        Viscous         Total          
jidi                      1131.2997       7.6451586e-05   1131.2998       1.4632874       9.8886832e-08   1.4632875      
jishen                    8112.0838       1.1670776       8113.2509       10.492631       0.0015095646    10.49414       
jitou                     -11115.58       1.1619759       -11114.418      -14.377524      0.0015029657    -14.376021     
liangan                   -292.38293      1.1634258       -291.2195       -0.37818472     0.0015048412    -0.37667988    
waiyi                     -29.450807      4.327002        -25.123805      -0.038093349    0.0055967906    -0.032496559   
weiyi                     84.995944       1.4859885       86.481933       0.10993859      0.0019220621    0.11186065     
xiaoyi                    125.25753       0.33891986      125.59645       0.16201522      0.00043837823   0.1624536      
youfuyi                   16.291967       0.13425724      16.426224       0.021072957     0.00017365596   0.021246613    
youweiduo                 -0.9227135      0.15774118      -0.76497232     -0.0011934901   0.00020403141   -0.00098945873 
zhongyangyi               2017.8501       2.5072596       2020.3573       2.6100021       0.0032430323    2.6132451      
zuofuyi                   0.41627065      0.17241478      0.58868543      0.00053842815   0.00022301109   0.00076143924  
zuoweiduo                 -0.71915144     0.14955395      -0.56959749     -0.0009301914   0.00019344159   -0.00073674981 
------------------------- --------------- --------------- --------------- --------------- --------------- ---------------
Net                       49.139682       12.765693       61.905375       0.063560062     0.016511874     0.080071935    
