                                    "Force Report"

Forces
                          Forces [N]                                                                                                                                Coefficients                                                                                                                             
Zone                      Pressure                                      Viscous                                       Total                                         Pressure                                      Viscous                                       Total                                        
jidi                      (1145.416 -2.3522841e-07 0.0004353126)        (3.5349408e-08 0.00088634902 0.0037950545)    (1145.416 0.00088611379 0.0042303671)         (1.4815463 -3.0425781e-10 5.6305808e-07)      (4.5722936e-11 1.1464543e-06 4.9087394e-06)   (1.4815463 1.14615e-06 5.4717975e-06)        
jishen                    (9088.3632 -1.4631659 -12493.726)             (1.1702671 -0.010822917 0.087427505)          (9089.5335 -1.4739889 -12493.639)             (11.755406 -0.0018925421 -16.160097)          (0.0015136901 -1.3998977e-05 0.00011308371)   (11.75692 -0.0019065411 -16.159984)          
jitou                     (-11261.414 -0.29671816 30.855236)            (1.1227843 -0.0024907147 0.34384225)          (-11260.291 -0.29920888 31.199079)            (-14.566154 -0.00038379216 0.039909919)       (0.0014522731 -3.2216321e-06 0.00044474513)   (-14.564701 -0.00038701379 0.040354664)      
liangan                   (-81.37938 0.52998882 -3063.7279)             (1.2823217 -0.0120039 0.19444356)             (-80.097059 0.51798492 -3063.5335)            (-0.10526072 0.00068551769 -3.9628001)        (0.0016586278 -1.5526527e-05 0.00025150436)   (-0.10360209 0.00066999117 -3.9625486)       
waiyi                     (-240.50091 0.048870726 2050.865)             (2.9004934 0.025684974 1.010649)              (-237.60042 0.0745557 2051.8756)              (-0.31107757 6.3212178e-05 2.6527055)         (0.0037516632 3.3222407e-05 0.0013072309)     (-0.3073259 9.6434586e-05 2.6540127)         
weiyi                     (37.778687 2.2658484 610.20717)               (1.2414915 0.0082923107 0.19296093)           (39.020178 2.2741407 610.40013)               (0.048865103 0.0029307773 0.78927668)         (0.0016058157 1.0725747e-05 0.00024958664)    (0.050470919 0.002941503 0.78952627)         
xiaoyi                    (154.32231 0.3102852 -365.447)                (0.36981279 0.0012485198 0.096505191)         (154.69212 0.31153372 -365.35049)             (0.19960925 0.00040134054 -0.47268994)        (0.00047833691 1.6149065e-06 0.00012482531)   (0.20008759 0.00040295544 -0.47256512)       
youfuyi                   (13.52402 -1.6905066 37.708965)               (0.10574316 0.003266164 0.030757383)          (13.629763 -1.6872404 37.739722)              (0.017492737 -0.0021865974 0.048774921)       (0.00013677422 4.2246424e-06 3.9783349e-05)   (0.017629512 -0.0021823727 0.048814705)      
youweiduo                 (-0.83142467 1.3037835 2.251052)              (0.13682106 -0.014139484 0.019143473)         (-0.6946036 1.289644 2.2701955)               (-0.001075412 0.0016863878 0.0029116388)      (0.00017697215 -1.8288814e-05 2.4761257e-05)  (-0.00089843983 0.001668099 0.0029364)       
zhongyangyi               (1012.1754 -0.039448399 14390.438)            (1.7027553 0.017375851 0.44972039)            (1013.8781 -0.022072548 14390.888)            (1.3092052 -5.1024805e-05 18.613412)          (0.0022024406 2.2474914e-05 0.00058169395)    (1.3114077 -2.854989e-05 18.613994)          
zuofuyi                   (0.32488047 0.81767386 25.765815)             (0.1390584 -0.025798814 0.048970213)          (0.46393887 0.79187505 25.814786)             (0.00042021889 0.0010576259 0.033326972)      (0.00017986605 -3.3369655e-05 6.3340861e-05)  (0.00060008494 0.0010242563 0.033390313)     
zuoweiduo                 (-0.81710296 -1.3008928 2.2730729)            (0.13461658 0.015659264 0.019721103)          (-0.68248638 -1.2852335 2.292794)             (-0.0010568875 -0.0016826488 0.0029401218)    (0.00017412074 2.0254583e-05 2.5508397e-05)   (-0.00088276673 -0.0016623942 0.0029656302)  
------------------------- --------------------------------------------- --------------------------------------------- --------------------------------------------- --------------------------------------------- --------------------------------------------- ---------------------------------------------
Net                       (-133.03815 0.48571844 1227.4638)             (10.306165 0.0071576017 2.497936)             (-122.73199 0.49287605 1229.9618)             (-0.17207912 0.00062825588 1.5876716)         (0.013330581 9.2580494e-06 0.0032309726)      (-0.15874854 0.00063751393 1.5909025)        

Forces - Direction Vector (0.97814888 0 0.20790565)
                          Forces [N]                                      Coefficients                                   
Zone                      Pressure        Viscous         Total           Pressure        Viscous         Total          
jidi                      1120.3875       0.00078904784   1120.3883       1.449173        1.0205994e-06   1.449174       
jishen                    6292.2561       1.1628721       6293.4189       8.1387621       0.001504125     8.1402662      
jitou                     -11008.924      1.169737        -11007.755      -14.239569      0.0015130044    -14.238056     
liangan                   -716.5675       1.2947274       -715.27277      -0.92684918     0.0016746741    -0.9251745     
waiyi                     191.14072       3.047234        194.18795       0.24723228      0.0039414658    0.25117375     
weiyi                     163.8187        1.2544812       165.07318       0.21189243      0.0016226173    0.21351504     
xiaoyi                    74.971696       0.38179594      75.353492       0.096972658     0.0004938366    0.097466495    
youfuyi                   21.068412       0.10982719      21.178239       0.027251083     0.00014205674   0.02739314     
youweiduo                 -0.34525068     0.13781141      -0.20743927     -0.00044656687  0.00017825312   -0.00026831376 
zhongyangyi               3981.9117       1.7590476       3983.6707       5.1504311       0.0022752522    5.1527064      
zuofuyi                   5.67464         0.146201        5.820841        0.0073399024    0.0001891047    0.007529007    
zuoweiduo                 -0.32666366     0.13577519      -0.19088847     -0.00042252536  0.00017561935   -0.00024690601 
------------------------- --------------- --------------- --------------- --------------- --------------- ---------------
Net                       125.06554       10.600299       135.66584       0.16176689      0.01371103      0.17547792     
