                                    "Force Report"

Forces
                          Forces [N]                                                                                                                                Coefficients                                                                                                                             
Zone                      Pressure                                      Viscous                                       Total                                         Pressure                                      Viscous                                       Total                                        
jidi                      (1144.4593 2.1257684e-07 0.00043493211)       (1.0012054e-08 -0.0024423754 0.00025328406)   (1144.4593 -0.0024421628 0.00068821617)       (1.4803087 2.7495899e-10 5.6256594e-07)       (1.2950161e-11 -3.1591073e-06 3.2761201e-07)  (1.4803087 -3.1588324e-06 8.9017795e-07)     
jishen                    (9082.0981 1.195065 -12505.674)               (1.2133753 -0.10985708 -0.064609844)          (9083.3115 1.0852079 -12505.739)              (11.747303 0.0015457651 -16.17555)            (0.0015694487 -0.0001420954 -8.3570049e-05)   (11.748872 0.0014036697 -16.175634)          
jitou                     (-11247.049 -14.192842 -2.3189792)            (1.1599405 -0.17142988 -0.0071171965)         (-11245.889 -14.364272 -2.3260964)            (-14.547574 -0.01835783 -0.0029994997)        (0.001500333 -0.00022173716 -9.2057869e-06)   (-14.546073 -0.018579567 -0.0030087055)      
liangan                   (-81.122343 0.024956095 -3080.8314)           (1.2003002 -0.094358082 -0.06708427)          (-79.922043 -0.069401987 -3080.8984)          (-0.10492826 3.2279634e-05 -3.9849226)        (0.0015525365 -0.00012204811 -8.6770612e-05)  (-0.10337572 -8.9768479e-05 -3.9850094)      
waiyi                     (-126.87568 -1.6974635 1650.8369)             (4.078931 -0.51855987 0.19385846)             (-122.79675 -2.2160234 1651.0308)             (-0.16410823 -0.0021955959 2.1352864)         (0.0052759215 -0.00067073484 0.00025074757)   (-0.1588323 -0.0028663308 2.1355372)         
weiyi                     (44.108585 -19.23856 505.78639)               (1.5141909 -0.16851943 -0.091485971)          (45.622776 -19.407079 505.69491)              (0.057052554 -0.024884248 0.6542129)          (0.0019585407 -0.00021797262 -0.00011833316)  (0.059011094 -0.025102221 0.65409457)        
xiaoyi                    (151.36849 -0.57726641 -371.78046)            (0.31276141 -0.040046826 -0.010829489)        (151.68125 -0.61731324 -371.79129)            (0.19578862 -0.00074666923 -0.48088201)       (0.00040454341 -5.1798844e-05 -1.4007477e-05) (0.19619317 -0.00079846807 -0.48089602)      
youfuyi                   (15.183887 -1.6537381 34.12601)               (0.12892259 -0.055831226 0.024069663)         (15.31281 -1.7095693 34.15008)                (0.019639704 -0.0021390389 0.044140524)       (0.00016675581 -7.2215284e-05 3.1133072e-05)  (0.01980646 -0.0022112542 0.044171657)       
youweiduo                 (-1.032099 -0.63852165 -1.0623295)            (0.15485502 -0.020935504 -0.00041984009)      (-0.87724394 -0.65945715 -1.0627493)          (-0.0013349755 -0.00082590024 -0.0013740774)  (0.0002002983 -2.7079173e-05 -5.4304506e-07)  (-0.0011346772 -0.00085297941 -0.0013746204) 
zhongyangyi               (1057.3897 -0.032230305 14168.533)            (2.4715511 -0.23295717 0.029123909)           (1059.8613 -0.26518747 14168.563)             (1.3676881 -4.168851e-05 18.326387)           (0.0031968449 -0.00030132005 3.7670522e-05)   (1.3708849 -0.00034300856 18.326425)         
zuofuyi                   (-0.84561237 0.44691113 12.041877)            (0.19450818 -0.040665956 0.0070794976)        (-0.65110419 0.40624518 12.048957)            (-0.0010937632 0.00057806029 0.015575649)     (0.00025158795 -5.2599662e-05 9.157025e-06)   (-0.00084217521 0.00052546063 0.015584806)   
zuoweiduo                 (-0.95790773 -0.095950165 0.24621753)         (0.15445641 -0.024317247 -0.018029433)        (-0.80345132 -0.12026741 0.2281881)           (-0.0012390124 -0.0001241074 0.00031847177)   (0.00019978271 -3.145331e-05 -2.3320295e-05)  (-0.0010392297 -0.00015556071 0.00029515148) 
------------------------- --------------------------------------------- --------------------------------------------- --------------------------------------------- --------------------------------------------- --------------------------------------------- ---------------------------------------------
Net                       (36.724998 -36.45964 409.90417)               (12.583793 -1.4799206 -0.0051912262)          (49.30879 -37.93956 409.89898)                (0.047502202 -0.047158973 0.53019338)         (0.016276593 -0.0019142136 -6.7146273e-06)    (0.063778795 -0.049073186 0.53018666)        

Forces - Direction Vector (0.98966482 -0.1391731 -0.034559857)
                          Forces [N]                                      Coefficients                                   
Zone                      Pressure        Viscous         Total           Pressure        Viscous         Total          
jidi                      1132.6311       0.00033116941   1132.6314       1.4650095       4.2835336e-07   1.4650099      
jishen                    9420.261        1.2183569       9421.4793       12.184702       0.0015758922    12.186278      
jitou                     -11128.754      1.1720567       -11127.582      -14.394563      0.0015160048    -14.393047     
liangan                   26.185688       1.2033454       27.389034       0.033870059     0.0015564754    0.035426535    
waiyi                     -182.38085      4.1022444       -178.2786       -0.23590176     0.0053060764    -0.23059569    
weiyi                     28.850299       1.5251566       30.375456       0.037316619     0.0019727243    0.039289343    
xiaoyi                    162.73309       0.31547668      163.04857       0.21048824      0.00040805549   0.2108963      
youfuyi                   14.077725       0.13452851      14.212253       0.018208931     0.00017400683   0.018382937    
youweiduo                 -0.89585305     0.15618274      -0.73967031     -0.0011587473   0.00020201564   -0.00095673167 
zhongyangyi               556.80344       2.477422        559.28086       0.72020125      0.0032044387    0.72340569     
zuofuyi                   -1.3152364      0.19791284      -1.1173235      -0.0017012016   0.00025599173   -0.0014452098  
zuoweiduo                 -0.94316314     0.15686747      -0.78629567     -0.0012199409   0.00020290132   -0.0010170396  
------------------------- --------------- --------------- --------------- --------------- --------------- ---------------
Net                       27.25341        12.659881       39.913291       0.035251111     0.016375011     0.051626123    
