                                    "Force Report"

Forces
                          Forces [N]                                                                                                                                Coefficients                                                                                                                             
Zone                      Pressure                                      Viscous                                       Total                                         Pressure                                      Viscous                                       Total                                        
jidi                      (1146.0868 -4.0298982e-08 0.00043601894)      (4.8113336e-09 -0.0015832112 0.0020457543)    (1146.0868 -0.0015832515 0.0024817732)        (1.4824139 -5.2124997e-11 5.6397172e-07)      (6.2232527e-12 -2.0478154e-06 2.646095e-06)   (1.4824139 -2.0478676e-06 3.2100667e-06)     
jishen                    (9089.7025 -0.3473617 -12507.626)             (1.1945127 -0.18286539 -0.030154127)          (9090.897 -0.53022709 -12507.657)             (11.757138 -0.00044929739 -16.178076)         (0.0015450508 -0.0002365285 -3.9003064e-05)   (11.758683 -0.00068582589 -16.178115)        
jitou                     (-11260.375 -19.933644 17.489401)             (1.1168852 -0.25493495 0.19707032)            (-11259.258 -20.188578 17.686471)             (-14.56481 -0.025783309 0.022621786)          (0.0014446429 -0.00032974737 0.00025490197)   (-14.563365 -0.026113056 0.022876688)        
liangan                   (-81.065487 -2.5251588 -3072.9943)            (1.175708 -0.19621031 0.084166714)            (-79.889779 -2.7213691 -3072.9101)            (-0.10485471 -0.0032661841 -3.9747857)        (0.0015207276 -0.00025378958 0.00010886602)   (-0.10333399 -0.0035199737 -3.9746768)       
waiyi                     (-179.43565 -0.86269473 1931.8869)            (3.9536816 -0.78267324 0.7553822)             (-175.48196 -1.645368 1932.6423)              (-0.23209228 -0.0011158585 2.4988125)         (0.0051139168 -0.0010123541 0.00097705432)    (-0.22697836 -0.0021282126 2.4997895)        
weiyi                     (42.186779 -27.992513 559.43699)              (1.3851998 -0.26737838 0.031900759)           (43.571979 -28.259891 559.4689)               (0.054566781 -0.036207109 0.72360765)         (0.0017916962 -0.00034584241 4.1262257e-05)   (0.056358477 -0.036552952 0.72364891)        
xiaoyi                    (152.68607 -1.5952754 -369.18398)             (0.33993436 -0.06701267 0.035477949)          (153.026 -1.6622881 -369.1485)                (0.19749285 -0.00206342 -0.47752356)          (0.00043969045 -8.6678e-05 4.5889198e-05)     (0.19793254 -0.002150098 -0.47747768)        
youfuyi                   (12.738129 -1.5204512 33.720993)              (0.11557755 -0.077266155 0.026125402)         (12.853707 -1.5977174 33.747118)              (0.016476221 -0.0019666382 0.043616651)       (0.00014949458 -9.9940442e-05 3.3792082e-05)  (0.016625716 -0.0020665786 0.043650444)      
youweiduo                 (-0.91663516 -0.061678578 -0.062355164)       (0.15476946 -0.04511209 0.019519612)          (-0.7618657 -0.10679067 -0.042835552)         (-0.0011856281 -7.9778583e-05 -8.0653718e-05) (0.00020018762 -5.8350544e-05 2.5247777e-05)  (-0.00098544046 -0.00013812913 -5.540594e-05)
zhongyangyi               (1036.3032 -0.027949865 14342.616)            (2.3120443 -0.27677175 0.30869863)            (1038.6152 -0.30472161 14342.925)             (1.3404135 -3.6151946e-05 18.551556)          (0.0029905297 -0.00035799233 0.00039928838)   (1.343404 -0.00039414428 18.551956)          
zuofuyi                   (-0.331008 0.72818373 17.412132)              (0.1547004 -0.069701636 0.031611963)          (-0.17630759 0.65848209 17.443744)            (-0.00042814458 0.00094187427 0.022521843)    (0.00020009831 -9.0156063e-05 4.0888711e-05)  (-0.00022804627 0.00085171821 0.022562731)   
zuoweiduo                 (-0.91704622 -1.0942126 1.9343893)            (0.14252644 -0.033370158 -0.011242467)        (-0.77451977 -1.1275827 1.9231468)            (-0.0011861598 -0.0014153168 0.0025020492)    (0.00018435181 -4.3162861e-05 -1.4541647e-05) (-0.001001808 -0.0014584797 0.0024875076)    
------------------------- --------------------------------------------- --------------------------------------------- --------------------------------------------- --------------------------------------------- --------------------------------------------- ---------------------------------------------
Net                       (-43.337468 -55.232756 954.63061)             (12.04554 -2.2548799 1.4506027)               (-31.291928 -57.487636 956.08121)             (-0.056055147 -0.071441189 1.2347736)         (0.015580387 -0.00291659 0.0018762921)        (-0.040474761 -0.074357779 1.2366498)        

Forces - Direction Vector (0.97278921 -0.20791169 0.10224427)
                          Forces [N]                                      Coefficients                                   
Zone                      Pressure        Viscous         Total           Pressure        Viscous         Total          
jidi                      1114.9009       0.00053833944   1114.9014       1.4420763       6.9631886e-07   1.442077       
jishen                    7563.6036       1.1969459       7564.8005       9.7831953       0.0015481979    9.7847435      
jitou                     -10948.039      1.1596472       -10946.879      -14.160816      0.0014999536    -14.159316     
liangan                   -392.53067      1.193116        -391.33755      -0.5077215      0.0015432441    -0.50617826    
waiyi                     23.150663       4.0860592       27.236722       0.029944385     0.0052851415    0.035229526    
weiyi                     104.05804       1.4063602       105.4644        0.13459459      0.0018190663    0.13641366     
xiaoyi                    111.11609       0.34824461      111.46434       0.14372388      0.0004504394    0.14417432     
youfuyi                   16.155412       0.1311683       16.286581       0.02089633      0.00016966055   0.02106599     
youweiduo                 -0.88524455     0.16193316      -0.72331139     -0.0011450257   0.00020945356   -0.00093557212 
zhongyangyi               2474.5606       2.3382385       2476.8989       3.2007376       0.0030244108    3.203762       
zuofuyi                   1.3068918       0.16821481      1.4751066       0.0016904082    0.00021757861   0.0019079868   
zuoweiduo                 -0.46681286     0.14443675      -0.32237611     -0.00060380232  0.00018682272   -0.0004169796  
------------------------- --------------- --------------- --------------- --------------- --------------- ---------------
Net                       66.930821       12.334903       79.265723       0.086572132     0.015954665     0.1025268      
