                                    "Force Report"

Forces
                          Forces [N]                                                                                                                                Coefficients                                                                                                                             
Zone                      Pressure                                      Viscous                                       Total                                         Pressure                                      Viscous                                       Total                                        
jidi                      (1145.8162 1.9921295e-08 0.00043622507)       (2.2810535e-08 0.0019581284 0.0022662637)     (1145.8162 0.0019581483 0.0027024887)         (1.4820639 2.5767337e-11 5.6423833e-07)       (2.9504444e-11 2.5327546e-06 2.9313144e-06)   (1.4820639 2.5327804e-06 3.4955527e-06)      
jishen                    (9090.4575 -0.1683233 -12498.368)             (1.1885585 -0.10896091 0.036745685)           (9091.646 -0.27728421 -12498.331)             (11.758115 -0.00021771894 -16.1661)           (0.0015373492 -0.00014093624 4.7528961e-05)   (11.759652 -0.00035865517 -16.166053)        
jitou                     (-11261.941 -13.437158 26.366187)             (1.1193788 -0.17061185 0.29451215)            (-11260.822 -13.60777 26.6607)                (-14.566836 -0.017380385 0.034103527)         (0.0014478683 -0.00022067908 0.00038093877)   (-14.565388 -0.017601064 0.034484466)        
liangan                   (-81.150173 -0.91995847 -3067.027)            (1.2714993 -0.098793866 0.14618241)           (-79.878674 -1.0187523 -3066.8808)            (-0.10496425 -0.0011899266 -3.9670672)        (0.0016446296 -0.00012778561 0.00018908065)   (-0.10331962 -0.0013177122 -3.9668782)       
waiyi                     (-220.92546 -0.36785231 2025.4653)            (3.2908847 -0.49906952 0.95447293)            (-217.63457 -0.86692184 2026.4198)            (-0.28575756 -0.00047580112 2.6198521)        (0.0042566176 -0.00064552492 0.0012345696)    (-0.28150094 -0.001121326 2.6210867)         
weiyi                     (40.273862 -18.557365 590.98582)              (1.3791745 -0.17018012 0.10689752)            (41.653037 -18.727545 591.09272)              (0.052092505 -0.024003152 0.76441469)         (0.0017839028 -0.00022012065 0.00013826733)   (0.053876408 -0.024223272 0.76455296)        
xiaoyi                    (153.60299 -0.90749469 -366.74292)            (0.35745561 -0.047832205 0.071297941)         (153.96045 -0.9553269 -366.67162)             (0.19867885 -0.0011738053 -0.47436616)        (0.00046235343 -6.1868896e-05 9.2220814e-05)  (0.1991412 -0.0012356742 -0.47427394)        
youfuyi                   (12.37923 -1.446332 35.060219)                (0.10240565 -0.036026605 0.027877557)         (12.481636 -1.4823586 35.088097)              (0.016012001 -0.0018707681 0.045348883)       (0.00013245729 -4.6598861e-05 3.6058418e-05)  (0.016144458 -0.0019173669 0.045384941)      
youweiduo                 (-0.85600743 0.60170782 1.1012816)            (0.1454172 -0.02669379 0.01694599)            (-0.71059023 0.57501403 1.1182276)            (-0.0011072087 0.00077828314 0.0014244602)    (0.00018809089 -3.4527267e-05 2.1918908e-05)  (-0.00091911784 0.00074375587 0.0014463792)  
zhongyangyi               (1018.4993 0.010111485 14382.459)             (1.9670437 -0.14785123 0.41329245)            (1020.4663 -0.13773975 14382.872)             (1.3173849 1.307877e-05 18.603091)            (0.0025442862 -0.0001912392 0.00053457598)    (1.3199292 -0.00017816043 18.603626)         
zuofuyi                   (0.15349462 0.78818215 22.244781)             (0.14289052 -0.065935021 0.043290582)         (0.29638514 0.72224713 22.288071)             (0.00019853868 0.0010194796 0.028772665)      (0.00018482272 -8.5284109e-05 5.5994502e-05)  (0.0003833614 0.00093419554 0.02882866)      
zuoweiduo                 (-0.88085002 -1.3314833 2.301657)             (0.13762923 -0.019935409 0.00047720375)       (-0.74322079 -1.3514187 2.3021342)            (-0.0011393415 -0.0017222163 0.0029770941)    (0.00017801748 -2.5785593e-05 6.1724248e-07)  (-0.00096132407 -0.0017480019 0.0029777114)  
------------------------- --------------------------------------------- --------------------------------------------- --------------------------------------------- --------------------------------------------- --------------------------------------------- ---------------------------------------------
Net                       (-104.57131 -35.735966 1153.8471)             (11.102338 -1.3899324 2.1142587)              (-93.46897 -37.125898 1155.9613)              (-0.13525848 -0.046222932 1.4924515)          (0.014360395 -0.0017978177 0.0027347025)      (-0.12089808 -0.048020749 1.4951862)         

Forces - Direction Vector (0.97522367 -0.1391731 0.17195825)
                          Forces [N]                                      Coefficients                                   
Zone                      Pressure        Viscous         Total           Pressure        Viscous         Total          
jidi                      1117.4272       0.00011720617   1117.4273       1.4453439       1.5160114e-07   1.445344       
jishen                    6716.0553       1.1805935       6717.2359       8.6869282       0.0015270468    8.6884552      
jitou                     -10976.508      1.1660331       -10975.342      -14.19764       0.0015082136    -14.196132     
liangan                   -606.41212      1.278883        -605.13323      -0.78436794     0.00165418      -0.78271376    
waiyi                     132.89492       3.4429352       136.33786       0.17189385      0.0044532883    0.17634714     
weiyi                     143.48359       1.3870701       144.87066       0.18558985      0.0017941154    0.18738396     
xiaoyi                    86.859104       0.3675164       87.22662        0.11234851      0.00047536662   0.11282387     
youfuyi                   18.302702       0.10967612      18.412379       0.023673757     0.00014186133   0.023815618    
youweiduo                 -0.72916581     0.14844336      -0.58072245     -0.00094314455  0.00019200509   -0.00075113946 
zhongyangyi               3466.4456       2.0099535       3468.4556       4.483698        0.0025997882    4.4862978      
zuofuyi                   3.8651713       0.15597077      4.0211421       0.0049994325    0.00020174147   0.005201174    
zuoweiduo                 -0.27793024     0.13707582      -0.14085442     -0.00035949078  0.00017730166   -0.00018218912 
------------------------- --------------- --------------- --------------- --------------- --------------- ---------------
Net                       101.40659       11.384268       112.79086       0.13116505      0.01472506      0.14589011     
