                                    "Force Report"

Forces
                          Forces [N]                                                                                                                                Coefficients                                                                                                                             
Zone                      Pressure                                      Viscous                                       Total                                         Pressure                                      Viscous                                       Total                                        
jidi                      (1145.3095 -9.9187052e-08 0.00043555092)      (2.7144976e-08 0.0013054822 0.0039850979)     (1145.3095 0.001305383 0.0044206488)          (1.4814084 -1.2829418e-10 5.6336634e-07)      (3.5110856e-11 1.688585e-06 5.1545524e-06)    (1.4814084 1.6884567e-06 5.7179187e-06)      
jishen                    (9087.0138 -0.15162456 -12497.912)            (1.1563248 -0.06148769 0.033361838)           (9088.1701 -0.21311225 -12497.879)            (11.753661 -0.00019611983 -16.165511)         (0.0014956562 -7.9531678e-05 4.3152099e-05)   (11.755156 -0.00027565151 -16.165467)        
jitou                     (-11258.273 -6.864759 22.791109)              (1.1381356 -0.086117461 0.24885263)           (-11257.135 -6.9508764 23.039962)             (-14.562091 -0.0088792699 0.029479317)        (0.0014721293 -0.00011138922 0.00032188015)   (-14.560619 -0.0089906591 0.029801198)       
liangan                   (-81.12522 0.66229483 -3069.4491)             (1.1921751 -0.019457467 0.11065632)           (-79.933045 0.64283737 -3069.3385)            (-0.10493198 0.00085664983 -3.9702002)        (0.0015420271 -2.5167395e-05 0.00014312919)   (-0.10338995 0.00083148243 -3.970057)        
waiyi                     (-200.60802 -0.41894974 1995.8846)            (3.711961 -0.2467333 0.87446113)              (-196.89606 -0.66568304 1996.7591)            (-0.25947783 -0.00054189343 2.5815908)        (0.0048012616 -0.00031913889 0.0011310778)    (-0.25467657 -0.00086103232 2.5827219)       
weiyi                     (43.078671 -7.7347717 582.8852)               (1.3719999 -0.071582985 0.098675312)          (44.450671 -7.8063547 582.98388)              (0.055720405 -0.010004594 0.75393689)         (0.0017746227 -9.2589507e-05 0.00012763226)   (0.057495028 -0.010097183 0.75406452)        
xiaoyi                    (153.51556 -0.29008388 -367.46968)            (0.35572468 -0.023366893 0.060561651)         (153.87129 -0.31345077 -367.40912)            (0.19856577 -0.00037521099 -0.4753062)        (0.00046011455 -3.0224069e-05 7.8333885e-05)  (0.19902588 -0.00040543506 -0.47522787)      
youfuyi                   (13.005521 -1.5045789 35.272302)              (0.1141367 -0.014434974 0.02856971)           (13.119658 -1.5190139 35.300871)              (0.016822081 -0.001946108 0.045623202)        (0.00014763091 -1.8671016e-05 3.6953689e-05)  (0.016969712 -0.001964779 0.045660156)       
youweiduo                 (-0.85488213 0.79954534 1.4315099)            (0.14146681 -0.016737055 0.012738815)         (-0.71341532 0.78280829 1.4442487)            (-0.0011057532 0.0010341774 0.0018515964)     (0.00018298122 -2.1648659e-05 1.6477108e-05)  (-0.00092277197 0.0010125288 0.0018680735)   
zhongyangyi               (1024.6882 -0.013273836 14361.733)            (2.1271237 -0.056910965 0.39922272)           (1026.8153 -0.070184801 14362.132)            (1.32539 -1.7169135e-05 18.576283)            (0.0027513429 -7.3611881e-05 0.00051637738)   (1.3281414 -9.0781016e-05 18.576799)         
zuofuyi                   (0.0013712839 0.67863382 19.691242)           (0.15269732 -0.035256072 0.035536016)         (0.1540686 0.64337775 19.726778)              (1.7736966e-06 0.0008777836 0.025469774)      (0.0001975074 -4.560221e-05 4.5964305e-05)    (0.0001992811 0.00083218139 0.025515738)     
zuoweiduo                 (-0.86383343 -1.0248188 1.7857062)            (0.14038712 -0.0020532515 0.0058756614)       (-0.72344631 -1.026872 1.7915818)             (-0.0011173313 -0.0013255589 0.002309734)     (0.00018158469 -2.6557924e-06 7.5999148e-06)  (-0.00093574662 -0.0013282147 0.0023173339)  
------------------------- --------------------------------------------- --------------------------------------------- --------------------------------------------- --------------------------------------------- --------------------------------------------- ---------------------------------------------
Net                       (-75.112264 -15.862386 1086.6443)             (11.602133 -0.63283263 1.9124969)             (-63.510131 -16.495219 1088.5567)             (-0.097154477 -0.020517313 1.4055275)         (0.015006859 -0.00081854174 0.0024737323)     (-0.082147618 -0.021335855 1.4080012)        

Forces - Direction Vector (0.98785583 -0.069756474 0.13883408)
                          Forces [N]                                      Coefficients                                   
Zone                      Pressure        Viscous         Total           Pressure        Viscous         Total          
jidi                      1131.4007       0.00046222838   1131.4011       1.463418        5.978725e-07    1.4634186      
jishen                    7241.534        1.1512031       7242.6852       9.3666121       0.0014890316    9.3681011      
jitou                     -11117.907      1.1648703       -11116.743      -14.380534      0.0015067096    -14.379027     
liangan                   -506.33037      1.1944173       -505.13595      -0.65491652     0.0015449273    -0.65337159    
waiyi                     78.954232       3.8054985       82.75973        0.1021239       0.0049222484    0.10704615     
weiyi                     124.0194        1.374031        125.39343       0.16041375      0.0017772498    0.162191       
xiaoyi                    100.65416       0.36144271      101.0156        0.13019182      0.00046751057   0.13065933     
youfuyi                   17.849531       0.11772399      17.967255       0.0230876       0.00015227091   0.023239871    
youweiduo                 -0.70153139     0.14268491      -0.55884648     -0.00090740062  0.00018455678   -0.00072284384 
zhongyangyi               3006.1431       2.1606872       3008.3038       3.8883166       0.0027947558    3.8911113      
zuofuyi                   2.6878311       0.15823589      2.846067        0.0034765937    0.0002046713    0.003681265    
zuoweiduo                 -0.53393826     0.1396412       -0.39429706     -0.00069062614  0.00018061988   -0.00051000626 
------------------------- --------------- --------------- --------------- --------------- --------------- ---------------
Net                       77.769674       11.770898       89.540572       0.10059172      0.01522515      0.11581687     
