                                    "Force Report"

Moments - Moment Center (0 0 0.05)
                          Moments [N m]                                                                                                                             Coefficients                                                                                                                             
Zone                      Pressure                                      Viscous                                       Total                                         Pressure                                      Viscous                                       Total                                        
jidi                      (-9.0546665e-09 -22.90131 -0.00067847747)     (1.1150871e-05 -0.0028550151 0.00037403366)   (1.1141817e-05 -22.904165 -0.00030444381)     (-3.2113576e-11 -0.081222536 -2.4063104e-06)  (3.9548045e-08 -1.012569e-05 1.32656e-06)     (3.9515931e-08 -0.081232662 -1.0797504e-06)  
jishen                    (-0.025376199 -230.05315 0.11110877)          (-0.0015285014 -0.068169659 -0.00085354901)   (-0.0269047 -230.12132 0.11025522)            (-9.0000057e-05 -0.81591402 0.000394062)      (-5.421033e-06 -0.00024177274 -3.0272248e-06) (-9.542109e-05 -0.8161558 0.00039103478)     
jitou                     (-0.013526821 545.49948 0.1331097)            (-9.1461866e-05 0.032411446 0.0011741248)     (-0.013618282 545.53189 0.13428382)           (-4.7974664e-05 1.9346863 0.00047209121)      (-3.2438164e-07 0.00011495149 4.1641895e-06)  (-4.8299046e-05 1.9348012 0.0004762554)      
liangan                   (0.15555432 647.82026 0.31837676)             (-0.0095900883 0.1296085 0.0098679796)        (0.14596423 647.94987 0.32824474)             (0.00055169404 2.2975805 0.0011291654)        (-3.4012521e-05 0.00045967376 3.4998099e-05)  (0.00051768152 2.2980402 0.0011641635)       
waiyi                     (72.196955 -46.080978 5.3940491)              (0.085758187 0.65191483 0.084010814)          (72.282713 -45.429063 5.47806)                (0.25605608 -0.1634323 0.019130711)           (0.00030415279 0.0023121025 0.0002979555)     (0.25636023 -0.1611202 0.019428667)          
weiyi                     (1.1609117 -699.07454 2.8067306)              (-0.0037994873 0.43749654 0.035180896)        (1.1571122 -698.63704 2.8419115)              (0.0041173274 -2.4793606 0.0099544425)        (-1.3475386e-05 0.0015516395 0.00012477372)   (0.004103852 -2.477809 0.010079216)          
xiaoyi                    (0.32816729 55.919681 -0.16526271)            (0.0043576856 0.037854397 -0.004459832)       (0.33252497 55.957535 -0.16972255)            (0.0011638888 0.19832657 -0.00058612615)      (1.545511e-05 0.00013425564 -1.5817386e-05)   (0.0011793439 0.19846082 -0.00060194353)     
youfuyi                   (42.297161 -4.4548358 -17.140265)             (0.033458779 0.010734465 -0.15083493)         (42.33062 -4.4441013 -17.2911)                (0.1500125 -0.015799666 -0.060790223)         (0.000118666 3.8071203e-05 -0.00053495608)    (0.15013116 -0.015761595 -0.061325179)       
youweiduo                 (0.1708744 -1.574896 1.0495335)               (0.00010858283 0.043383855 -0.054910346)      (0.17098298 -1.5315121 0.99462317)            (0.00060602874 -0.0055855775 0.0037223099)    (3.8510343e-07 0.0001538666 -0.00019474683)   (0.00060641384 -0.0054317109 0.003527563)    
zhongyangyi               (4.6810099 -276.0892 0.33406287)              (0.0044761018 0.36563117 0.0062307747)        (4.685486 -275.72357 0.34029364)              (0.016601823 -0.979187 0.0011847983)          (1.5875089e-05 0.0012967594 2.2098269e-05)    (0.016617698 -0.97789024 0.0012068966)       
zuofuyi                   (-19.329678 -2.7864685 -0.54927448)           (-0.031026568 0.014273327 0.19218841)         (-19.360705 -2.7721951 -0.35708607)           (-0.068555268 -0.0098825802 -0.0019480748)    (-0.00011003984 5.0622249e-05 0.00068162172)  (-0.068665308 -0.009831958 -0.0012664531)    
zuoweiduo                 (-0.13791551 -1.3583773 -0.93526836)          (-0.0024306743 0.040679238 0.064861094)       (-0.14034618 -1.3176981 -0.87040726)          (-0.00048913564 -0.0048176653 -0.0033170533)  (-8.620709e-06 0.00014427431 0.00023003848)   (-0.00049775635 -0.004673391 -0.0030870149)  
------------------------- --------------------------------------------- --------------------------------------------- --------------------------------------------- --------------------------------------------- --------------------------------------------- ---------------------------------------------
Net                       (101.48414 -35.134334 -8.6437774)             (0.079703705 1.6929631 0.18282948)            (101.56384 -33.441371 -8.4609479)             (0.35992696 -0.12460858 -0.030656303)         (0.00028267977 0.0060043183 0.00064842901)    (0.36020964 -0.11860426 -0.030007874)        

Moments - Moment Center (0 0 0.05) Moment Axis (0 1 0)
                          Moments [N m]                                   Coefficients                                   
Zone                      Pressure        Viscous         Total           Pressure        Viscous         Total          
jidi                      -22.90131       -0.0028550151   -22.904165      -0.081222536    -1.012569e-05   -0.081232662   
jishen                    -230.05315      -0.068169659    -230.12132      -0.81591402     -0.00024177274  -0.8161558     
jitou                     545.49948       0.032411446     545.53189       1.9346863       0.00011495149   1.9348012      
liangan                   647.82026       0.1296085       647.94987       2.2975805       0.00045967376   2.2980402      
waiyi                     -46.080978      0.65191483      -45.429063      -0.1634323      0.0023121025    -0.1611202     
weiyi                     -699.07454      0.43749654      -698.63704      -2.4793606      0.0015516395    -2.477809      
xiaoyi                    55.919681       0.037854397     55.957535       0.19832657      0.00013425564   0.19846082     
youfuyi                   -4.4548358      0.010734465     -4.4441013      -0.015799666    3.8071203e-05   -0.015761595   
youweiduo                 -1.574896       0.043383855     -1.5315121      -0.0055855775   0.0001538666    -0.0054317109  
zhongyangyi               -276.0892       0.36563117      -275.72357      -0.979187       0.0012967594    -0.97789024    
zuofuyi                   -2.7864685      0.014273327     -2.7721951      -0.0098825802   5.0622249e-05   -0.009831958   
zuoweiduo                 -1.3583773      0.040679238     -1.3176981      -0.0048176653   0.00014427431   -0.004673391   
------------------------- --------------- --------------- --------------- --------------- --------------- ---------------
Net                       -35.134334      1.6929631       -33.441371      -0.12460858     0.0060043183    -0.11860426    
