                                    "Force Report"

Moments - Moment Center (0 0 0.05)
                          Moments [N m]                                                                                                                             Coefficients                                                                                                                             
Zone                      Pressure                                      Viscous                                       Total                                         Pressure                                      Viscous                                       Total                                        
jidi                      (-2.5913101e-09 -22.886125 0.0040826833)      (-6.7391475e-06 -2.4673766e-08 -0.00062790743) (-6.7417388e-06 -22.886125 0.0034547759)      (-9.1904252e-12 -0.081168681 1.4479778e-05)   (-2.3901281e-08 -8.7508787e-11 -2.226957e-06) (-2.3910471e-08 -0.081168681 1.2252821e-05)  
jishen                    (0.37642115 -232.30747 2.9268722)             (-0.028854859 -0.090382934 -0.0037984001)     (0.34756629 -232.39785 2.9230738)             (0.0013350276 -0.82390926 0.010380541)        (-0.00010233759 -0.00032055507 -1.347153e-05) (0.00123269 -0.82422981 0.010367069)         
jitou                     (-0.90602351 532.55071 8.8827486)             (-0.0097209817 -0.10413116 0.10929306)        (-0.91574449 532.44657 8.9920417)             (-0.0032133326 1.8887617 0.031503847)         (-3.4476751e-05 -0.00036931499 0.00038762235) (-0.0032478093 1.8883924 0.031891469)        
liangan                   (-0.59010097 646.72079 0.58431946)            (-0.017904268 0.14845365 -0.011107922)        (-0.60800523 646.86924 0.57321154)            (-0.0020928714 2.2936811 0.0020723665)        (-6.3499862e-05 0.00052651056 -3.939572e-05)  (-0.0021563712 2.2942076 0.0020329708)       
waiyi                     (87.925717 -51.628428 -3.6813343)             (0.15942371 0.55547536 -0.038051266)          (88.085141 -51.072953 -3.7193856)             (0.31184022 -0.18310707 -0.013056341)         (0.00056541733 0.0019700671 -0.00013495386)   (0.31240564 -0.181137 -0.013191295)          
weiyi                     (-7.6483429 -623.41537 -22.103196)            (0.055239291 0.59218866 -0.17155835)          (-7.5931036 -622.82319 -22.274755)            (-0.027125863 -2.2110254 -0.078391919)        (0.00019591348 0.0021002756 -0.00060845445)   (-0.02692995 -2.2089251 -0.079000373)        
xiaoyi                    (1.380127 55.905753 -0.68110539)              (0.02712629 0.041667029 -0.025416816)         (1.4072533 55.94742 -0.70652221)              (0.0048948035 0.19827717 -0.0024156307)       (9.6206987e-05 0.00014777765 -9.0144112e-05)  (0.0049910105 0.19842495 -0.0025057748)      
youfuyi                   (40.430808 -4.0162331 -18.380116)             (0.040235735 0.011170191 -0.16023607)         (40.471044 -4.0050629 -18.540352)             (0.14339323 -0.014244104 -0.065187519)        (0.00014270137 3.9616563e-05 -0.0005682985)   (0.14353593 -0.014204487 -0.065755818)       
youweiduo                 (-0.23792337 1.6446491 -0.78075012)           (0.0042325054 0.048637478 -0.083560591)       (-0.23369086 1.6932866 -0.86431071)           (-0.00084382679 0.0058329664 -0.0027690339)   (1.5011142e-05 0.00017249927 -0.00029635872)  (-0.00082881565 0.0060054657 -0.0030653926)  
zhongyangyi               (12.76695 -288.72241 -0.84672095)             (0.042049313 0.30933223 -0.038238242)         (12.809 -288.41307 -0.88495919)               (0.045279683 -1.0239923 -0.0030030082)        (0.00014913347 0.0010970878 -0.000135617)     (0.045428817 -1.0228952 -0.0031386252)       
zuofuyi                   (-12.350816 -1.8209207 -0.96843801)           (0.003837775 0.021725441 0.21728815)          (-12.346978 -1.7991952 -0.75114986)           (-0.043803807 -0.0064581367 -0.0034346939)    (1.3611178e-05 7.7052158e-05 0.00077064126)   (-0.043790195 -0.0063810846 -0.0026640526)   
zuoweiduo                 (-0.078156776 -0.19322946 -0.22216393)        (0.014813607 0.07312526 0.021421311)          (-0.063343168 -0.1201042 -0.20074262)         (-0.00027719338 -0.00068531393 -0.00078793387) (5.2538424e-05 0.00025934844 7.5973523e-05)   (-0.00022465495 -0.00042596549 -0.00071196035)
------------------------- --------------------------------------------- --------------------------------------------- --------------------------------------------- --------------------------------------------- --------------------------------------------- ---------------------------------------------
Net                       (121.06866 11.831713 -35.265802)              (0.29047137 1.6072612 -0.18459304)            (121.35913 13.438974 -35.450395)              (0.42938607 0.041962741 -0.12507485)          (0.0010301953 0.005700365 -0.00065468371)     (0.43041626 0.047663106 -0.12572953)         

Moments - Moment Center (0 0 0.05) Moment Axis (0 1 0)
                          Moments [N m]                                   Coefficients                                   
Zone                      Pressure        Viscous         Total           Pressure        Viscous         Total          
jidi                      -22.886125      -2.4673766e-08  -22.886125      -0.081168681    -8.7508787e-11  -0.081168681   
jishen                    -232.30747      -0.090382934    -232.39785      -0.82390926     -0.00032055507  -0.82422981    
jitou                     532.55071       -0.10413116     532.44657       1.8887617       -0.00036931499  1.8883924      
liangan                   646.72079       0.14845365      646.86924       2.2936811       0.00052651056   2.2942076      
waiyi                     -51.628428      0.55547536      -51.072953      -0.18310707     0.0019700671    -0.181137      
weiyi                     -623.41537      0.59218866      -622.82319      -2.2110254      0.0021002756    -2.2089251     
xiaoyi                    55.905753       0.041667029     55.94742        0.19827717      0.00014777765   0.19842495     
youfuyi                   -4.0162331      0.011170191     -4.0050629      -0.014244104    3.9616563e-05   -0.014204487   
youweiduo                 1.6446491       0.048637478     1.6932866       0.0058329664    0.00017249927   0.0060054657   
zhongyangyi               -288.72241      0.30933223      -288.41307      -1.0239923      0.0010970878    -1.0228952     
zuofuyi                   -1.8209207      0.021725441     -1.7991952      -0.0064581367   7.7052158e-05   -0.0063810846  
zuoweiduo                 -0.19322946     0.07312526      -0.1201042      -0.00068531393  0.00025934844   -0.00042596549 
------------------------- --------------- --------------- --------------- --------------- --------------- ---------------
Net                       11.831713       1.6072612       13.438974       0.041962741     0.005700365     0.047663106    
