                                    "Force Report"

Moments - Moment Center (0 0 0.05)
                          Moments [N m]                                                                                                                             Coefficients                                                                                                                             
Zone                      Pressure                                      Viscous                                       Total                                         Pressure                                      Viscous                                       Total                                        
jidi                      (8.4521989e-09 -22.93066 0.0094302644)        (1.6669563e-06 -0.0034606284 0.0023192869)    (1.6754085e-06 -22.934121 0.011749551)        (2.9976845e-11 -0.081326629 3.3445684e-05)    (5.9120816e-09 -1.2273578e-05 8.2256587e-06)  (5.9420584e-09 -0.081338903 4.1671343e-05)   
jishen                    (-0.26998352 -232.83978 3.5344415)            (-0.026806102 -0.090480291 0.021171227)       (-0.29678962 -232.93026 3.5556127)            (-0.00095753237 -0.82579719 0.012535366)      (-9.5071399e-05 -0.00032090036 7.5086566e-05) (-0.0010526038 -0.82611809 0.012610452)      
jitou                     (-1.3158448 553.67689 12.995877)              (-0.014556861 0.14197538 0.16555737)          (-1.3304016 553.81887 13.161434)              (-0.0046668181 1.9636886 0.046091601)         (-5.162784e-05 0.00050353453 0.00058717118)   (-0.0047184459 1.9641921 0.046678772)        
liangan                   (-0.29885401 651.03493 -3.0094435)            (0.00072157012 0.12967284 0.058044531)        (-0.29813244 651.16461 -2.951399)             (-0.0010599254 2.3089818 -0.010673391)        (2.5591442e-06 0.00045990193 0.00020586263)   (-0.0010573662 2.3094417 -0.010467528)       
waiyi                     (92.26914 -47.62352 10.987644)                (0.17850478 0.46471166 0.046600547)           (92.447644 -47.158808 11.034245)              (0.32724475 -0.16890313 0.038969138)          (0.00063309088 0.0016481616 0.00016527502)    (0.32787784 -0.16725497 0.039134413)         
weiyi                     (-10.10481 -744.56089 -32.024912)             (0.080077012 0.17188849 -0.34871806)          (-10.024733 -744.389 -32.37363)               (-0.03583805 -2.640684 -0.1135806)            (0.00028400375 0.00060962535 -0.0012367749)   (-0.035554046 -2.6400744 -0.11481737)        
xiaoyi                    (19.560666 55.728864 -1.6848639)              (0.1465019 0.034461012 -0.034441997)          (19.707168 55.763325 -1.7193059)              (0.069374499 0.19764981 -0.0059755936)        (0.00051958841 0.00012222055 -0.00012215311)  (0.069894088 0.19777203 -0.0060977467)       
youfuyi                   (42.766591 -4.6225872 -15.028314)             (0.03581268 0.0082846264 -0.13200503)         (42.802404 -4.6143026 -15.160319)             (0.15167739 -0.016394619 -0.053299909)        (0.00012701442 2.9382527e-05 -0.00046817336)  (0.1518044 -0.016365237 -0.053768082)        
youweiduo                 (-0.034787019 -1.744939 1.1295597)            (0.018335767 0.012773267 -0.10368265)         (-0.016451252 -1.7321657 1.0258771)           (-0.00012337678 -0.0061886575 0.0040061335)   (6.5030232e-05 4.5302086e-05 -0.00036772426)  (-5.8346547e-05 -0.0061433555 0.0036384092)  
zhongyangyi               (-1.0488234 -276.84459 -2.2236232)            (-0.0012839809 0.28461796 -0.0058020296)      (-1.0501073 -276.55997 -2.2294252)            (-0.0037197912 -0.98186606 -0.0078863747)     (-4.5538088e-06 0.0010094354 -2.0577668e-05)  (-0.003724345 -0.98085662 -0.0079069524)     
zuofuyi                   (-28.027445 -3.9807354 0.3707741)             (-0.045129721 0.0092436648 0.14974171)        (-28.072575 -3.9714917 0.52051581)            (-0.099403053 -0.014118206 0.0013149995)      (-0.00016005854 3.2783884e-05 0.00053107884)  (-0.099563112 -0.014085422 0.0018460784)     
zuoweiduo                 (-0.44453387 -5.2232737 -3.2090767)           (0.011707404 0.037695011 0.0019535323)        (-0.43282646 -5.1855787 -3.2071232)           (-0.0015765983 -0.018525033 -0.011381416)     (4.1521862e-05 0.00013369036 6.9284616e-06)   (-0.0015350765 -0.018391343 -0.011374488)    
------------------------- --------------------------------------------- --------------------------------------------- --------------------------------------------- --------------------------------------------- --------------------------------------------- ---------------------------------------------
Net                       (113.05132 -79.930286 -28.152506)             (0.38388611 1.201383 -0.17926156)             (113.4352 -78.728903 -28.331768)              (0.40095149 -0.28348337 -0.099846599)         (0.001361503 0.0042608642 -0.00063577491)     (0.402313 -0.2792225 -0.10048237)            

Moments - Moment Center (0 0 0.05) Moment Axis (0 1 0)
                          Moments [N m]                                   Coefficients                                   
Zone                      Pressure        Viscous         Total           Pressure        Viscous         Total          
jidi                      -22.93066       -0.0034606284   -22.934121      -0.081326629    -1.2273578e-05  -0.081338903   
jishen                    -232.83978      -0.090480291    -232.93026      -0.82579719     -0.00032090036  -0.82611809    
jitou                     553.67689       0.14197538      553.81887       1.9636886       0.00050353453   1.9641921      
liangan                   651.03493       0.12967284      651.16461       2.3089818       0.00045990193   2.3094417      
waiyi                     -47.62352       0.46471166      -47.158808      -0.16890313     0.0016481616    -0.16725497    
weiyi                     -744.56089      0.17188849      -744.389        -2.640684       0.00060962535   -2.6400744     
xiaoyi                    55.728864       0.034461012     55.763325       0.19764981      0.00012222055   0.19777203     
youfuyi                   -4.6225872      0.0082846264    -4.6143026      -0.016394619    2.9382527e-05   -0.016365237   
youweiduo                 -1.744939       0.012773267     -1.7321657      -0.0061886575   4.5302086e-05   -0.0061433555  
zhongyangyi               -276.84459      0.28461796      -276.55997      -0.98186606     0.0010094354    -0.98085662    
zuofuyi                   -3.9807354      0.0092436648    -3.9714917      -0.014118206    3.2783884e-05   -0.014085422   
zuoweiduo                 -5.2232737      0.037695011     -5.1855787      -0.018525033    0.00013369036   -0.018391343   
------------------------- --------------- --------------- --------------- --------------- --------------- ---------------
Net                       -79.930286      1.201383        -78.728903      -0.28348337     0.0042608642    -0.2792225     
