                                    "Force Report"

Moments - Moment Center (0 0 0.05)
                          Moments [N m]                                                                                                                             Coefficients                                                                                                                             
Zone                      Pressure                                      Viscous                                       Total                                         Pressure                                      Viscous                                       Total                                        
jidi                      (3.6624462e-09 -22.890037 0.0047961727)       (7.3631806e-05 -0.0003335185 7.9929899e-05)   (7.3635468e-05 -22.890371 0.0048761026)       (1.2989351e-11 -0.081182554 1.7010263e-05)    (2.6114497e-07 -1.1828676e-06 2.8348199e-07)  (2.6115796e-07 -0.081183737 1.7293745e-05)   
jishen                    (0.15598397 -231.98565 1.402813)              (-0.015386535 -0.084309535 -0.0019672794)     (0.14059743 -232.06996 1.4008457)             (0.00055321783 -0.82276788 0.0049752623)      (-5.457039e-05 -0.00029901495 -6.9772175e-06) (0.00049864744 -0.8230669 0.0049682851)      
jitou                     (-0.46228325 535.70487 4.5367125)             (-0.0048765286 -0.069824553 0.055275043)      (-0.46715977 535.63505 4.5919875)             (-0.0016395489 1.8999484 0.016090053)         (-1.7295256e-05 -0.00024764204 0.00019604027) (-0.0016568441 1.8997008 0.016286093)        
liangan                   (-0.25376296 646.56254 0.36759275)            (-0.018932491 0.13230466 -0.0050689362)       (-0.27269545 646.69484 0.36252382)            (-0.000900004 2.2931198 0.0013037165)         (-6.7146592e-05 0.00046923602 -1.7977655e-05) (-0.00096715059 2.2935891 0.0012857388)      
waiyi                     (81.406858 -49.458098 -0.62843572)            (0.12809627 0.60466366 -0.18728417)           (81.534954 -48.853434 -0.81571989)            (0.28872022 -0.17540971 -0.0022288307)        (0.00045431043 0.0021445199 -0.00066422817)   (0.28917453 -0.17326519 -0.0028930588)       
weiyi                     (-3.664513 -642.27739 -10.614209)             (0.021138575 0.58496813 -0.080806117)         (-3.6433744 -641.69242 -10.695015)            (-0.012996682 -2.277922 -0.0376447)           (7.4970761e-05 0.0020746671 -0.00028658962)   (-0.012921711 -2.2758473 -0.037931289)       
xiaoyi                    (1.6752131 55.870599 -0.40110774)             (0.021982987 0.039697512 -0.017554009)        (1.697196 55.910296 -0.41866175)              (0.0059413654 0.19815249 -0.0014225818)       (7.7965579e-05 0.00014079249 -6.2257623e-05)  (0.006019331 0.19829328 -0.0014848394)       
youfuyi                   (40.957931 -4.1397625 -18.245275)             (0.037183455 0.011238233 -0.15655736)         (40.995115 -4.1285242 -18.401833)             (0.14526274 -0.014682217 -0.06470929)         (0.00013187606 3.9857886e-05 -0.00055525146)  (0.14539461 -0.014642359 -0.065264541)       
youweiduo                 (-0.090526336 0.58205526 -0.18625807)         (-0.00028884392 0.052710995 -0.066788198)     (-0.090815179 0.63476626 -0.25304626)         (-0.00032106366 0.0020643362 -0.00066058895)  (-1.0244233e-06 0.00018694654 -0.00023687321) (-0.00032208808 0.0022512828 -0.00089746216) 
zhongyangyi               (9.0507343 -285.11674 -0.17563155)            (0.022135524 0.33639477 -0.025483696)         (9.0728699 -284.78034 -0.20111525)            (0.03209963 -1.0112043 -0.00062290061)        (7.8506574e-05 0.0011930687 -9.0381308e-05)   (0.032178137 -1.0100113 -0.00071328192)      
zuofuyi                   (-14.508365 -2.1171711 -0.96274334)           (-0.0067920324 0.020868506 0.22544878)        (-14.515157 -2.0963026 -0.73729456)           (-0.051455842 -0.0075088282 -0.003414497)     (-2.4088844e-05 7.4012925e-05 0.000799584)    (-0.051479931 -0.0074348153 -0.002614913)    
zuoweiduo                 (-0.048055642 -0.25060632 -0.27691646)        (0.0073619156 0.060902098 0.042356593)        (-0.040693726 -0.18970422 -0.23455987)        (-0.00017043571 -0.00088880857 -0.00098212097) (2.611001e-05 0.00021599737 0.00015022328)    (-0.0001443257 -0.00067281119 -0.0008318977) 
------------------------- --------------------------------------------- --------------------------------------------- --------------------------------------------- --------------------------------------------- --------------------------------------------- ---------------------------------------------
Net                       (114.21921 0.48461389 -25.178662)             (0.19169593 1.689281 -0.21834943)             (114.41091 2.1738948 -25.397012)              (0.4050936 0.0017187475 -0.089299468)         (0.00067987505 0.0059912591 -0.00077440522)   (0.40577348 0.0077100065 -0.090073873)       

Moments - Moment Center (0 0 0.05) Moment Axis (0 1 0)
                          Moments [N m]                                   Coefficients                                   
Zone                      Pressure        Viscous         Total           Pressure        Viscous         Total          
jidi                      -22.890037      -0.0003335185   -22.890371      -0.081182554    -1.1828676e-06  -0.081183737   
jishen                    -231.98565      -0.084309535    -232.06996      -0.82276788     -0.00029901495  -0.8230669     
jitou                     535.70487       -0.069824553    535.63505       1.8999484       -0.00024764204  1.8997008      
liangan                   646.56254       0.13230466      646.69484       2.2931198       0.00046923602   2.2935891      
waiyi                     -49.458098      0.60466366      -48.853434      -0.17540971     0.0021445199    -0.17326519    
weiyi                     -642.27739      0.58496813      -641.69242      -2.277922       0.0020746671    -2.2758473     
xiaoyi                    55.870599       0.039697512     55.910296       0.19815249      0.00014079249   0.19829328     
youfuyi                   -4.1397625      0.011238233     -4.1285242      -0.014682217    3.9857886e-05   -0.014642359   
youweiduo                 0.58205526      0.052710995     0.63476626      0.0020643362    0.00018694654   0.0022512828   
zhongyangyi               -285.11674      0.33639477      -284.78034      -1.0112043      0.0011930687    -1.0100113     
zuofuyi                   -2.1171711      0.020868506     -2.0963026      -0.0075088282   7.4012925e-05   -0.0074348153  
zuoweiduo                 -0.25060632     0.060902098     -0.18970422     -0.00088880857  0.00021599737   -0.00067281119 
------------------------- --------------- --------------- --------------- --------------- --------------- ---------------
Net                       0.48461389      1.689281        2.1738948       0.0017187475    0.0059912591    0.0077100065   
