                                    "Force Report"

Moments - Moment Center (0 0 0.05)
                          Moments [N m]                                                                                                                             Coefficients                                                                                                                             
Zone                      Pressure                                      Viscous                                       Total                                         Pressure                                      Viscous                                       Total                                        
jidi                      (-6.253755e-09 -22.890001 0.0048110163)       (2.6567367e-05 -0.00014183925 -0.00136773)    (2.6561113e-05 -22.890143 0.0034432864)       (-2.2179772e-11 -0.081182426 1.7062908e-05)   (9.4224692e-08 -5.0305171e-07 -4.8508358e-06) (9.4202512e-08 -0.081182929 1.2212072e-05)   
jishen                    (0.31603198 -231.86916 2.6683067)             (-0.028535141 -0.08416114 -0.0030753713)      (0.28749683 -231.95332 2.6652314)             (0.0011208493 -0.82235474 0.0094635039)       (-0.00010120366 -0.00029848865 -1.0907212e-05) (0.0010196457 -0.82265323 0.0094525967)      
jitou                     (-0.89854892 535.81563 8.8138688)             (-0.0096458789 -0.068928104 0.10908434)       (-0.9081948 535.74671 8.9229531)              (-0.003186823 1.9003412 0.031259555)          (-3.421039e-05 -0.00024446267 0.00038688207)  (-0.0032210334 1.9000968 0.031646437)        
liangan                   (-0.49646378 647.26222 0.48454688)            (-0.017626631 0.14671231 -0.0088571265)       (-0.51409041 647.40894 0.47568976)            (-0.0017607747 2.2956014 0.0017185098)        (-6.2515185e-05 0.00052033467 -3.1412975e-05) (-0.0018232899 2.2961217 0.0016870968)       
waiyi                     (84.853435 -49.366404 -0.78469053)            (0.15976486 0.59673036 -0.24139413)           (85.0132 -48.769674 -1.0260847)               (0.30094397 -0.1750845 -0.0027830091)         (0.00056662726 0.0021163834 -0.00085613632)   (0.3015106 -0.17296812 -0.0036391454)        
weiyi                     (-7.6877948 -639.98809 -22.591066)            (0.053457806 0.56574074 -0.18661773)          (-7.634337 -639.42235 -22.777684)             (-0.027265784 -2.2698027 -0.080122214)        (0.0001895952 0.0020064746 -0.00066186456)    (-0.027076189 -2.2677962 -0.080784078)       
xiaoyi                    (2.9033566 55.911028 -0.68778622)             (0.038702957 0.040413225 -0.031789143)        (2.9420596 55.951441 -0.71957536)             (0.01029714 0.19829588 -0.0024393251)         (0.00013726517 0.00014333087 -0.00011274441)  (0.010434405 0.19843921 -0.0025520695)       
youfuyi                   (41.254798 -4.1350935 -18.422873)             (0.037194963 0.011636675 -0.1607127)          (41.291993 -4.1234568 -18.583586)             (0.14631562 -0.014665658 -0.065339165)        (0.00013191687 4.1271013e-05 -0.00056998893)  (0.14644753 -0.014624387 -0.065909154)       
youweiduo                 (-0.17801562 1.1440675 -0.49505983)           (0.00579138 0.044642538 -0.086186149)         (-0.17222424 1.18871 -0.58124598)             (-0.00063135602 0.0040575872 -0.0017557954)   (2.0539898e-05 0.00015833068 -0.00030567062)  (-0.00061081613 0.0042159178 -0.002061466)   
zhongyangyi               (12.436152 -285.09091 -0.20876564)            (0.040944763 0.33339599 -0.043093711)         (12.477097 -284.75752 -0.25185935)            (0.044106465 -1.0111128 -0.00074041503)       (0.00014521603 0.0011824331 -0.00015283756)   (0.044251681 -1.0099303 -0.00089325259)      
zuofuyi                   (-14.342807 -2.0994287 -0.96219943)           (-0.0038577265 0.021260664 0.22403182)        (-14.346665 -2.078168 -0.73816761)            (-0.050868669 -0.0074459023 -0.003412568)     (-1.3681939e-05 7.5403768e-05 0.00079455859)  (-0.050882351 -0.0073704985 -0.0026180094)   
zuoweiduo                 (-0.1062962 -0.6121207 -0.47297909)           (0.013293011 0.068864223 0.02353735)          (-0.09300319 -0.54325647 -0.44944174)         (-0.00037699358 -0.0021709673 -0.0016774831)  (4.7145427e-05 0.00024423611 8.3478333e-05)   (-0.00032984816 -0.0019267312 -0.0015940048) 
------------------------- --------------------------------------------- --------------------------------------------- --------------------------------------------- --------------------------------------------- --------------------------------------------- ---------------------------------------------
Net                       (118.05385 4.0817415 -32.653887)              (0.28951093 1.6761656 -0.40644029)            (118.34336 5.7579072 -33.060327)              (0.41869364 0.014476438 -0.11581134)          (0.0010267889 0.0059447439 -0.0014414944)     (0.41972043 0.020421182 -0.11725284)         

Moments - Moment Center (0 0 0.05) Moment Axis (0 1 0)
                          Moments [N m]                                   Coefficients                                   
Zone                      Pressure        Viscous         Total           Pressure        Viscous         Total          
jidi                      -22.890001      -0.00014183925  -22.890143      -0.081182426    -5.0305171e-07  -0.081182929   
jishen                    -231.86916      -0.08416114     -231.95332      -0.82235474     -0.00029848865  -0.82265323    
jitou                     535.81563       -0.068928104    535.74671       1.9003412       -0.00024446267  1.9000968      
liangan                   647.26222       0.14671231      647.40894       2.2956014       0.00052033467   2.2961217      
waiyi                     -49.366404      0.59673036      -48.769674      -0.1750845      0.0021163834    -0.17296812    
weiyi                     -639.98809      0.56574074      -639.42235      -2.2698027      0.0020064746    -2.2677962     
xiaoyi                    55.911028       0.040413225     55.951441       0.19829588      0.00014333087   0.19843921     
youfuyi                   -4.1350935      0.011636675     -4.1234568      -0.014665658    4.1271013e-05   -0.014624387   
youweiduo                 1.1440675       0.044642538     1.18871         0.0040575872    0.00015833068   0.0042159178   
zhongyangyi               -285.09091      0.33339599      -284.75752      -1.0111128      0.0011824331    -1.0099303     
zuofuyi                   -2.0994287      0.021260664     -2.078168       -0.0074459023   7.5403768e-05   -0.0073704985  
zuoweiduo                 -0.6121207      0.068864223     -0.54325647     -0.0021709673   0.00024423611   -0.0019267312  
------------------------- --------------- --------------- --------------- --------------- --------------- ---------------
Net                       4.0817415       1.6761656       5.7579072       0.014476438     0.0059447439    0.020421182    
