                                    "Force Report"

Moments - Moment Center (0 0 0.05)
                          Moments [N m]                                                                                                                             Coefficients                                                                                                                             
Zone                      Pressure                                      Viscous                                       Total                                         Pressure                                      Viscous                                       Total                                        
jidi                      (-1.8598042e-08 -22.906711 0.0022708019)      (7.2052888e-05 -0.0025778386 0.00088305669)   (7.203429e-05 -22.909289 0.0031538585)        (-6.5960424e-11 -0.08124169 8.0537001e-06)    (2.5554513e-07 -9.1426467e-06 3.1318777e-06)  (2.5547917e-07 -0.081250832 1.1185578e-05)   
jishen                    (0.048007744 -229.44203 0.89168885)           (-0.012953555 -0.063084049 -0.0024187966)     (0.035054189 -229.50511 0.88927006)           (0.00017026584 -0.8137466 0.0031624928)       (-4.5941501e-05 -0.00022373595 -8.5785831e-06) (0.00012432433 -0.81397033 0.0031539143)     
jitou                     (-0.44094866 548.57273 4.3472469)             (-0.0046718685 0.065407098 0.054623325)       (-0.44562053 548.63814 4.4018702)             (-0.001563883 1.945586 0.015418088)           (-1.6569402e-05 0.00023197495 0.00019372887)  (-0.0015804524 1.945818 0.015611817)         
liangan                   (0.0013042608 648.79034 -0.39898357)          (-0.010720191 0.13629567 0.0099722161)        (-0.0094159303 648.92663 -0.38901135)         (4.6257341e-06 2.301021 -0.0014150482)        (-3.802058e-05 0.00048339066 3.5367788e-05)   (-3.3394846e-05 2.3015044 -0.0013796804)     
waiyi                     (75.623063 -46.048973 6.6602397)              (0.10776002 0.62377283 0.082647333)           (75.730823 -45.425201 6.742887)               (0.26820723 -0.16331879 0.023621424)          (0.00038218522 0.0022122931 0.00029311973)    (0.26858941 -0.1611065 0.023914544)          
weiyi                     (-3.2753165 -716.59113 -10.004222)            (0.02134843 0.37121792 -0.1182484)            (-3.2539681 -716.21992 -10.12247)             (-0.011616345 -2.5414855 -0.035481299)        (7.5715039e-05 0.0013165736 -0.00041938364)   (-0.01154063 -2.540169 -0.035900683)         
xiaoyi                    (5.080516 55.917961 -0.19297237)              (0.048020601 0.037556625 -0.015737627)        (5.1285366 55.955518 -0.20871)                (0.018018724 0.19832047 -0.00068440211)       (0.00017031143 0.00013319955 -5.5815584e-05)  (0.018189036 0.19845367 -0.00074021769)      
youfuyi                   (42.264416 -4.4820498 -16.411975)             (0.03400301 0.010554949 -0.14909367)          (42.298419 -4.4714948 -16.561069)             (0.14989636 -0.015896184 -0.058207248)        (0.00012059619 3.7434528e-05 -0.00052878047)  (0.15001695 -0.01585875 -0.058736028)        
youweiduo                 (0.16700493 -1.6699812 1.1036198)             (0.0063676935 0.032489801 -0.073699918)       (0.17337262 -1.6374914 1.0299199)             (0.00059230513 -0.0059228098 0.0039141342)    (2.258387e-05 0.00011522939 -0.00026138654)   (0.000614889 -0.0058075804 0.0036527477)     
zhongyangyi               (5.8609859 -274.60591 1.0745235)              (0.015787078 0.34823569 0.011420083)          (5.876773 -274.25768 1.0859436)               (0.020786764 -0.97392631 0.0038109403)        (5.5990965e-05 0.0012350641 4.0502841e-05)    (0.020842755 -0.97269125 0.0038514431)       
zuofuyi                   (-20.922837 -3.0101512 -0.26183745)           (-0.032941069 0.013342355 0.18266929)         (-20.955778 -2.9968088 -0.079168159)          (-0.074205617 -0.010675901 -0.00092864127)    (-0.00011682987 4.7320432e-05 0.00064786089)  (-0.074322447 -0.01062858 -0.00028078038)    
zuoweiduo                 (-0.24739079 -2.2190001 -1.4205574)           (0.0011724354 0.041112926 0.045406917)        (-0.24621835 -2.1778872 -1.3751505)           (-0.00087740426 -0.0078699783 -0.0050381955)  (4.1581977e-06 0.00014581245 0.00016104166)   (-0.00087324606 -0.0077241659 -0.0048771538) 
------------------------- --------------------------------------------- --------------------------------------------- --------------------------------------------- --------------------------------------------- --------------------------------------------- ---------------------------------------------
Net                       (104.1588 -47.694914 -14.610958)              (0.17324464 1.614324 0.028423817)             (104.33205 -46.08059 -14.582534)              (0.36941302 -0.16915634 -0.051819701)         (0.00061443511 0.0057254142 0.00010080884)    (0.37002746 -0.16343093 -0.051718892)        

Moments - Moment Center (0 0 0.05) Moment Axis (0 1 0)
                          Moments [N m]                                   Coefficients                                   
Zone                      Pressure        Viscous         Total           Pressure        Viscous         Total          
jidi                      -22.906711      -0.0025778386   -22.909289      -0.08124169     -9.1426467e-06  -0.081250832   
jishen                    -229.44203      -0.063084049    -229.50511      -0.8137466      -0.00022373595  -0.81397033    
jitou                     548.57273       0.065407098     548.63814       1.945586        0.00023197495   1.945818       
liangan                   648.79034       0.13629567      648.92663       2.301021        0.00048339066   2.3015044      
waiyi                     -46.048973      0.62377283      -45.425201      -0.16331879     0.0022122931    -0.1611065     
weiyi                     -716.59113      0.37121792      -716.21992      -2.5414855      0.0013165736    -2.540169      
xiaoyi                    55.917961       0.037556625     55.955518       0.19832047      0.00013319955   0.19845367     
youfuyi                   -4.4820498      0.010554949     -4.4714948      -0.015896184    3.7434528e-05   -0.01585875    
youweiduo                 -1.6699812      0.032489801     -1.6374914      -0.0059228098   0.00011522939   -0.0058075804  
zhongyangyi               -274.60591      0.34823569      -274.25768      -0.97392631     0.0012350641    -0.97269125    
zuofuyi                   -3.0101512      0.013342355     -2.9968088      -0.010675901    4.7320432e-05   -0.01062858    
zuoweiduo                 -2.2190001      0.041112926     -2.1778872      -0.0078699783   0.00014581245   -0.0077241659  
------------------------- --------------- --------------- --------------- --------------- --------------- ---------------
Net                       -47.694914      1.614324        -46.08059       -0.16915634     0.0057254142    -0.16343093    
