                                    "Force Report"

Moments - Moment Center (0 0 0.05)
                          Moments [N m]                                                                                                                             Coefficients                                                                                                                             
Zone                      Pressure                                      Viscous                                       Total                                         Pressure                                      Viscous                                       Total                                        
jidi                      (-1.1235235e-08 -22.908095 0.0031490117)      (-2.4786345e-05 0.00041121341 -0.00055103683) (-2.479758e-05 -22.907684 0.0025979749)       (-3.9847251e-11 -0.081246599 1.1168388e-05)   (-8.790806e-08 1.4584229e-06 -1.9543252e-06)  (-8.7947907e-08 -0.081245141 9.2140627e-06)  
jishen                    (0.20157165 -230.88787 2.1922847)             (-0.027041029 -0.071081383 -0.0051390228)     (0.17453062 -230.95895 2.1871457)             (0.00071490062 -0.81887446 0.0077752286)      (-9.5904599e-05 -0.00025209956 -1.8226226e-05) (0.00061899602 -0.81912656 0.0077570023)     
jitou                     (-0.87902955 542.32958 8.6484829)             (-0.0094593273 -0.00076460717 0.1085803)      (-0.88848887 542.32881 8.7570632)             (-0.0031175949 1.9234438 0.030672992)         (-3.3548759e-05 -2.7117808e-06 0.00038509444) (-0.0031511437 1.9234411 0.031058087)        
liangan                   (-0.043990574 648.37262 0.031095415)          (-0.0064487504 0.14429159 -0.0031937282)      (-0.050439324 648.51691 0.027901687)          (-0.00015601841 2.2995395 0.00011028402)      (-2.2871349e-05 0.00051174928 -1.1326981e-05) (-0.00017888976 2.3000513 9.8957035e-05)     
waiyi                     (77.829822 -46.644745 3.5749031)              (0.15338006 0.6522732 -0.0078289002)          (77.983202 -45.992472 3.5670742)              (0.27603379 -0.16543178 0.012678868)          (0.00054398275 0.0023133735 -2.7766234e-05)   (0.27657778 -0.16311841 0.012651102)         
weiyi                     (-7.4023884 -674.6742 -22.932829)             (0.054561572 0.4852953 -0.22494121)           (-7.3478269 -674.1889 -23.15777)              (-0.026253553 -2.3928216 -0.08133432)         (0.00019350986 0.0017211642 -0.00079778385)   (-0.026060043 -2.3911004 -0.082132104)       
xiaoyi                    (6.1163955 55.935993 -0.56779512)             (0.062346166 0.039267741 -0.028693811)        (6.1787417 55.975261 -0.59648893)             (0.021692608 0.19838442 -0.0020137607)        (0.00022111895 0.00013926825 -0.00010176641)  (0.021913727 0.19852369 -0.0021155272)       
youfuyi                   (41.720298 -4.2733876 -17.591727)             (0.033509589 0.012007975 -0.16407522)         (41.753808 -4.2613797 -17.755803)             (0.14796657 -0.015156136 -0.062391396)        (0.0001188462 4.2587876e-05 -0.00058191455)   (0.14808542 -0.015113548 -0.06297331)        
youweiduo                 (-0.059299215 0.11393991 0.093798041)         (0.0091594629 0.035792716 -0.091588503)       (-0.050139752 0.14973262 0.0022095388)        (-0.00021031253 0.000404103 0.0003326672)     (3.248525e-05 0.00012694362 -0.00032483078)   (-0.00017782728 0.00053104662 7.8364225e-06) 
zhongyangyi               (10.941285 -278.89578 0.96417018)             (0.038566543 0.36338669 -0.017203233)         (10.979852 -278.53239 0.94696695)             (0.03880472 -0.98914089 0.0034195575)         (0.00013678136 0.0012887991 -6.1013549e-05)   (0.038941501 -0.98785209 0.003358544)        
zuofuyi                   (-17.422004 -2.5324969 -0.83500618)           (-0.019849766 0.016923847 0.19947356)         (-17.441854 -2.515573 -0.63553261)            (-0.061789448 -0.0089818363 -0.0029614602)    (-7.0399829e-05 6.0022671e-05 0.00070745946)  (-0.061859848 -0.0089218136 -0.0022540007)   
zuoweiduo                 (-0.1951792 -1.5394892 -1.024171)             (0.010298183 0.059909251 0.026419104)         (-0.18488102 -1.4795799 -0.99775189)          (-0.00069222893 -0.0054600026 -0.0036323583)  (3.6523872e-05 0.00021247611 9.3698859e-05)   (-0.00065570506 -0.0052475265 -0.0035386595) 
------------------------- --------------------------------------------- --------------------------------------------- --------------------------------------------- --------------------------------------------- --------------------------------------------- ---------------------------------------------
Net                       (110.80748 -15.603927 -27.443645)             (0.29899792 1.7377135 -0.2087417)             (111.10648 -13.866213 -27.652387)             (0.39299344 -0.055341396 -0.097332529)        (0.0010604358 0.0061630316 -0.00074033015)    (0.39405388 -0.049178364 -0.098072859)       

Moments - Moment Center (0 0 0.05) Moment Axis (0 1 0)
                          Moments [N m]                                   Coefficients                                   
Zone                      Pressure        Viscous         Total           Pressure        Viscous         Total          
jidi                      -22.908095      0.00041121341   -22.907684      -0.081246599    1.4584229e-06   -0.081245141   
jishen                    -230.88787      -0.071081383    -230.95895      -0.81887446     -0.00025209956  -0.81912656    
jitou                     542.32958       -0.00076460717  542.32881       1.9234438       -2.7117808e-06  1.9234411      
liangan                   648.37262       0.14429159      648.51691       2.2995395       0.00051174928   2.3000513      
waiyi                     -46.644745      0.6522732       -45.992472      -0.16543178     0.0023133735    -0.16311841    
weiyi                     -674.6742       0.4852953       -674.1889       -2.3928216      0.0017211642    -2.3911004     
xiaoyi                    55.935993       0.039267741     55.975261       0.19838442      0.00013926825   0.19852369     
youfuyi                   -4.2733876      0.012007975     -4.2613797      -0.015156136    4.2587876e-05   -0.015113548   
youweiduo                 0.11393991      0.035792716     0.14973262      0.000404103     0.00012694362   0.00053104662  
zhongyangyi               -278.89578      0.36338669      -278.53239      -0.98914089     0.0012887991    -0.98785209    
zuofuyi                   -2.5324969      0.016923847     -2.515573       -0.0089818363   6.0022671e-05   -0.0089218136  
zuoweiduo                 -1.5394892      0.059909251     -1.4795799      -0.0054600026   0.00021247611   -0.0052475265  
------------------------- --------------- --------------- --------------- --------------- --------------- ---------------
Net                       -15.603927      1.7377135       -13.866213      -0.055341396    0.0061630316    -0.049178364   
