                                    "Force Report"

Moments - Moment Center (0 0 0.05)
                          Moments [N m]                                                                                                                             Coefficients                                                                                                                             
Zone                      Pressure                                      Viscous                                       Total                                         Pressure                                      Viscous                                       Total                                        
jidi                      (-8.0319818e-10 -22.885546 0.00064955302)     (2.5183915e-05 0.00044538686 0.0005492617)    (2.5183111e-05 -22.885101 0.0011988147)       (-2.8486489e-12 -0.081166627 2.303726e-06)    (8.9318095e-08 1.5796236e-06 1.9480295e-06)   (8.9315246e-08 -0.081165047 4.2517555e-06)   
jishen                    (-0.013061668 -232.53842 0.21611742)          (-0.0021833609 -0.090276234 0.00018185645)    (-0.015245029 -232.6287 0.21629928)           (-4.6324938e-05 -0.82472838 0.00076648911)    (-7.7435793e-06 -0.00032017664 6.4497801e-07) (-5.4068517e-05 -0.82504855 0.00076713409)   
jitou                     (-0.019649396 532.34493 0.19256848)           (-0.00011366368 -0.10543548 0.0015506514)     (-0.01976306 532.23949 0.19411913)            (-6.9689192e-05 1.8880319 0.00068296966)      (-4.0312333e-07 -0.00037394093 5.4995908e-06) (-7.0092315e-05 1.887658 0.00068846926)      
liangan                   (-0.078317657 645.84632 0.48799413)           (-0.016652696 0.12877208 -0.00025812906)      (-0.094970353 645.97509 0.48773601)           (-0.00027776396 2.2905797 0.001730736)        (-5.9060997e-05 0.00045670725 -9.1548897e-07) (-0.00033682496 2.2910364 0.0017298205)      
waiyi                     (80.474832 -51.77899 -3.0260989)              (0.09459312 0.56359574 0.02382671)            (80.569425 -51.215394 -3.0022722)             (0.28541467 -0.18364106 -0.010732461)         (0.00033548705 0.0019988671 8.4504587e-05)    (0.28575016 -0.18164219 -0.010647957)        
weiyi                     (0.27959548 -627.00404 1.1913711)             (-0.01206598 0.6206914 0.032922564)           (0.2675295 -626.38335 1.2242936)              (0.00099162249 -2.223753 0.0042253555)        (-4.27936e-05 0.0022013644 0.00011676424)     (0.00094882889 -2.2215517 0.0043421198)      
xiaoyi                    (0.35797393 55.861362 -0.11923853)            (0.0042488879 0.040385926 -0.0019849021)      (0.36222282 55.901748 -0.12122343)            (0.001269602 0.19811973 -0.00042289526)       (1.5069245e-05 0.00014323405 -7.0397187e-06)  (0.0012846713 0.19826297 -0.00042993498)     
youfuyi                   (39.853639 -4.0080154 -18.157683)             (0.038879565 0.010229207 -0.14987934)         (39.892519 -3.9977861 -18.307562)             (0.14134622 -0.014214958 -0.064398632)        (0.00013789154 3.627924e-05 -0.00053156697)   (0.14148411 -0.014178679 -0.064930199)       
youweiduo                 (-0.062931358 0.58008723 -0.20061011)         (-0.0077132871 0.06466124 -0.045596463)       (-0.070644646 0.64474847 -0.24620658)         (-0.00022319441 0.0020573563 -0.00071149039)  (-2.7356196e-05 0.00022932967 -0.00016171391) (-0.00025055061 0.002286686 -0.0008732043)   
zhongyangyi               (5.9506104 -288.89907 -0.3548448)             (0.0022226223 0.31256568 -0.0095178286)       (5.9528331 -288.5865 -0.36436263)             (0.02110463 -1.0246189 -0.0012585042)         (7.8828248e-06 0.0011085557 -3.3756242e-05)   (0.021112512 -1.0235103 -0.0012922604)       
zuofuyi                   (-12.717415 -1.8608111 -0.99053384)           (-0.0015205356 0.021321997 0.22295331)        (-12.718935 -1.8394891 -0.76758054)           (-0.045103999 -0.0065996134 -0.0035130597)    (-5.3927811e-06 7.5621291e-05 0.00079073348)  (-0.045109392 -0.0065239922 -0.0027223262)   
zuoweiduo                 (0.052720516 0.57182524 0.19049534)           (0.0027718328 0.056831317 0.059358781)        (0.055492349 0.62865656 0.24985412)           (0.00018698031 0.0020280541 0.000675617)      (9.830673e-06 0.00020155981 0.00021052379)    (0.00019681098 0.0022296139 0.0008861408)    
------------------------- --------------------------------------------- --------------------------------------------- --------------------------------------------- --------------------------------------------- --------------------------------------------- ---------------------------------------------
Net                       (114.078 6.2296266 -20.569813)                (0.10249169 1.6237883 0.13410647)             (114.18049 7.8534149 -20.435707)              (0.40459275 0.022094198 -0.072953572)         (0.00036350037 0.0057589805 0.00047562638)    (0.40495625 0.027853178 -0.072477945)        

Moments - Moment Center (0 0 0.05) Moment Axis (0 1 0)
                          Moments [N m]                                   Coefficients                                   
Zone                      Pressure        Viscous         Total           Pressure        Viscous         Total          
jidi                      -22.885546      0.00044538686   -22.885101      -0.081166627    1.5796236e-06   -0.081165047   
jishen                    -232.53842      -0.090276234    -232.6287       -0.82472838     -0.00032017664  -0.82504855    
jitou                     532.34493       -0.10543548     532.23949       1.8880319       -0.00037394093  1.887658       
liangan                   645.84632       0.12877208      645.97509       2.2905797       0.00045670725   2.2910364      
waiyi                     -51.77899       0.56359574      -51.215394      -0.18364106     0.0019988671    -0.18164219    
weiyi                     -627.00404      0.6206914       -626.38335      -2.223753       0.0022013644    -2.2215517     
xiaoyi                    55.861362       0.040385926     55.901748       0.19811973      0.00014323405   0.19826297     
youfuyi                   -4.0080154      0.010229207     -3.9977861      -0.014214958    3.627924e-05    -0.014178679   
youweiduo                 0.58008723      0.06466124      0.64474847      0.0020573563    0.00022932967   0.002286686    
zhongyangyi               -288.89907      0.31256568      -288.5865       -1.0246189      0.0011085557    -1.0235103     
zuofuyi                   -1.8608111      0.021321997     -1.8394891      -0.0065996134   7.5621291e-05   -0.0065239922  
zuoweiduo                 0.57182524      0.056831317     0.62865656      0.0020280541    0.00020155981   0.0022296139   
------------------------- --------------- --------------- --------------- --------------- --------------- ---------------
Net                       6.2296266       1.6237883       7.8534149       0.022094198     0.0057589805    0.027853178    
