                                    "Force Report"

Forces
                          Forces [N]                                                                                                                                Coefficients                                                                                                                             
Zone                      Pressure                                      Viscous                                       Total                                         Pressure                                      Viscous                                       Total                                        
jidi                      (1145.6719 5.1370923e-08 0.00043628442)       (2.1116789e-08 0.0019418642 0.0020118842)     (1145.6719 0.0019419156 0.0024481687)         (1.4818772 6.6446075e-11 5.6431509e-07)       (2.7313657e-11 2.5117177e-06 2.6022856e-06)   (1.4818772 2.5117841e-06 3.1666007e-06)      
jishen                    (9088.6005 1.2015818 -12499.552)              (1.1821975 -0.10415966 0.014492159)           (9089.7827 1.0974221 -12499.538)              (11.755713 0.0015541943 -16.167632)           (0.0015291215 -0.00013472603 1.8744984e-05)   (11.757242 0.0014194682 -16.167614)          
jitou                     (-11259.189 -13.171458 21.884302)             (1.1281598 -0.16834002 0.24465471)            (-11258.061 -13.339798 22.128957)             (-14.563275 -0.017036714 0.028306401)         (0.0014592261 -0.00021774056 0.00031645032)   (-14.561816 -0.017254454 0.028622852)        
liangan                   (-81.074416 -1.4876106 -3067.4105)            (1.2074198 -0.11482748 0.16011331)            (-79.866996 -1.6024381 -3067.2504)            (-0.10486626 -0.0019241603 -3.9675633)        (0.0015617455 -0.0001485244 0.00020709967)    (-0.10330452 -0.0020726847 -3.9673562)       
waiyi                     (-194.32074 -0.12596377 1952.0802)            (3.758447 -0.52193537 0.83057656)             (-190.56229 -0.64789914 1952.9108)            (-0.2513455 -0.00016292871 2.5249316)         (0.0048613892 -0.00067510091 0.001074315)     (-0.24648411 -0.00083802962 2.5260059)       
weiyi                     (42.65064 -19.89002 575.04781)                (1.3920714 -0.18670643 0.070907748)           (44.042711 -20.076727 575.11872)              (0.055166765 -0.025726884 0.74379956)         (0.0018005844 -0.00024149673 9.1716117e-05)   (0.056967349 -0.025968381 0.74389128)        
xiaoyi                    (153.25935 -1.1903291 -367.92562)             (0.35120371 -0.04776149 0.054164459)          (153.61056 -1.2380906 -367.87145)             (0.19823437 -0.0015396394 -0.47589593)        (0.00045426687 -6.177743e-05 7.0059394e-05)   (0.19868863 -0.0016014169 -0.47582587)       
youfuyi                   (-0.32758789 -0.9008244 20.713653)            (0.13680535 -0.045559204 0.039709347)         (-0.19078254 -0.9463836 20.753363)            (-0.00042372082 -0.0011651775 0.026792218)    (0.00017695183 -5.8928867e-05 5.1362329e-05)  (-0.00024676899 -0.0012241064 0.02684358)    
youweiduo                 (-0.86744971 0.36732922 0.68576758)           (0.14807296 -0.032030866 0.01656374)          (-0.71937674 0.33529835 0.70233132)           (-0.0011220088 0.00047512451 0.00088701082)   (0.000191526 -4.1430545e-05 2.1424484e-05)    (-0.00093048282 0.00043369397 0.0009084353)  
zhongyangyi               (1029.6449 0.035096703 14360.356)             (2.1613694 -0.18030683 0.36808773)            (1031.8063 -0.14521013 14360.724)             (1.3318013 4.5396073e-05 18.574501)           (0.0027956382 -0.00023321911 0.00047610561)   (1.334597 -0.00018782304 18.574977)          
zuofuyi                   (2.4600533 1.1139842 25.136299)               (0.14879243 -0.053463979 0.032105155)         (2.6088457 1.0605202 25.168404)               (0.0031819729 0.0014408905 0.03251272)        (0.0001924566 -6.9153353e-05 4.1526635e-05)   (0.0033744295 0.0013717372 0.032554246)      
zuoweiduo                 (-0.91157545 -1.1454932 2.0085675)            (0.14151623 -0.020139999 -0.0031945304)       (-0.77005922 -1.1656332 2.005373)             (-0.0011790836 -0.0014816461 0.0025979955)    (0.00018304514 -2.605022e-05 -4.1319874e-06)  (-0.00099603841 -0.0015076963 0.0025938636)  
------------------------- --------------------------------------------- --------------------------------------------- --------------------------------------------- --------------------------------------------- --------------------------------------------- ---------------------------------------------
Net                       (-74.403186 -35.193708 1023.0241)             (11.756056 -1.4732895 1.8301923)              (-62.64713 -36.666998 1024.8543)              (-0.096237315 -0.045521545 1.3232376)         (0.015205951 -0.0019056364 0.0023672748)      (-0.081031363 -0.047427181 1.3256048)        

Forces - Direction Vector (0.98063085 -0.1391731 0.13781868)
                          Forces [N]                                      Coefficients                                   
Zone                      Pressure        Viscous         Total           Pressure        Viscous         Total          
jidi                      1123.4813       7.0406687e-06   1123.4813       1.4531746       9.1068016e-09   1.4531746      
jishen                    7189.723        1.1757929       7190.8988       9.2995968       0.0015208374    9.3011177      
jitou                     -11036.259      1.1634547       -11035.095      -14.274925      0.0015048785    -14.27342      
liangan                   -502.0435       1.2220806       -500.82142      -0.64937163     0.0015807086    -0.64779092    
waiyi                     78.49373        3.8727574       82.366487       0.10152826      0.0050092448    0.1065375      
weiyi                     123.84502       1.4008651       125.24588       0.16018819      0.0018119586    0.16200015     
xiaoyi                    99.749488       0.35851318      100.108         0.12902166      0.00046372136   0.12948539     
youfuyi                   2.658856        0.14596885      2.8048249       0.0034391157    0.00018880442   0.0036279201   
youweiduo                 -0.8072587      0.15194554      -0.65531316     -0.0010441543   0.00019653501   -0.00084761934 
zhongyangyi               2988.8219       2.1953288       2991.0172       3.8659123       0.0028395632    3.8687519      
zuofuyi                   5.721619        0.15777589      5.8793949       0.0074006676    0.00020407631   0.0076047439   
zuoweiduo                 -0.45767904     0.14113786      -0.31654118     -0.00059198811  0.00018255574   -0.00040943238 
------------------------- --------------- --------------- --------------- --------------- --------------- ---------------
Net                       72.927785       11.985628       84.913413       0.094328947     0.015502893     0.10983184     
