                                    "Force Report"

Forces
                          Forces [N]                                                                                                                                Coefficients                                                                                                                             
Zone                      Pressure                                      Viscous                                       Total                                         Pressure                                      Viscous                                       Total                                        
jidi                      (1143.8923 4.2311769e-07 0.00043551022)       (3.5838536e-10 -0.0024020336 -0.0019057179)   (1143.8923 -0.0024016105 -0.0014702077)       (1.4795754 5.472845e-10 5.633137e-07)         (4.6355602e-13 -3.1069269e-06 -2.464964e-06)  (1.4795754 -3.1063796e-06 -1.9016503e-06)    
jishen                    (9077.3834 1.6629553 -12505.574)              (1.2380953 -0.099145942 -0.11810191)          (9078.6215 1.5638093 -12505.692)              (11.741204 0.002150961 -16.175421)            (0.0016014229 -0.000128241 -0.00015275973)    (11.742806 0.00202272 -16.175573)            
jitou                     (-11240.55 -13.606977 -13.712993)             (1.1660322 -0.16783426 -0.12186471)           (-11239.384 -13.774811 -13.834857)            (-14.539167 -0.017600038 -0.017737165)        (0.0015082124 -0.00021708638 -0.00015762675)  (-14.537659 -0.017817124 -0.017894792)       
liangan                   (-81.165363 -1.7380662 -3083.6152)            (1.2212867 -0.12877324 -0.10099745)           (-79.944076 -1.8668395 -3083.7162)            (-0.1049839 -0.0022481138 -3.9885234)         (0.0015796817 -0.00016656264 -0.00013063585)  (-0.10340422 -0.0024146764 -3.988654)        
waiyi                     (-129.50013 0.2612454 1437.7053)              (3.6217906 -0.55355506 -0.13852042)           (-125.87834 -0.29230966 1437.5668)            (-0.16750284 0.00033790967 1.8596098)         (0.00468463 -0.00071599962 -0.0001791702)     (-0.16281821 -0.00037808995 1.8594307)       
weiyi                     (41.281994 -19.983843 481.28917)              (1.4404893 -0.1956619 -0.13492861)            (42.722483 -20.179505 481.15424)              (0.053396481 -0.02584824 0.62252681)          (0.0018632108 -0.00025308024 -0.00017452434)  (0.055259691 -0.02610132 0.62235228)         
xiaoyi                    (150.7327 -0.73448899 -373.49006)             (0.31096131 -0.041161523 -0.037086076)        (151.04366 -0.77565051 -373.52715)            (0.19496625 -0.00095002986 -0.4830933)        (0.00040221505 -5.3240656e-05 -4.7969241e-05) (0.19536846 -0.0010032705 -0.48314127)       
youfuyi                   (-0.88650778 -0.24263804 8.5536498)           (0.17461275 -0.04716732 -0.0066264114)        (-0.71189503 -0.28980536 8.5470234)           (-0.0011466596 -0.00031384185 0.011063777)    (0.00022585407 -6.1008896e-05 -8.5709776e-06) (-0.00092080554 -0.00037485075 0.011055206)  
youweiduo                 (-1.1034264 -1.0836648 -1.8365485)            (0.15250637 -0.026007681 -0.0014737511)       (-0.95092002 -1.1096725 -1.8380223)           (-0.0014272345 -0.0014016737 -0.0023754964)   (0.00019726042 -3.3639815e-05 -1.9062336e-06) (-0.0012299741 -0.0014353135 -0.0023774026)  
zhongyangyi               (1054.7342 -0.028386692 14044.76)             (2.1474275 -0.26770258 -0.11477086)           (1056.8817 -0.29608927 14044.645)             (1.3642533 -3.6716963e-05 18.166291)          (0.002777605 -0.00034626175 -0.00014845116)   (1.3670309 -0.00038297872 18.166143)         
zuofuyi                   (1.4229709 0.68118093 16.747014)              (0.13145899 -0.049211757 0.022297271)         (1.5544299 0.63196917 16.769311)              (0.0018405516 0.00088107817 0.02166154)       (0.00017003654 -6.3653287e-05 2.8840559e-05)  (0.0020105881 0.00081742489 0.021690381)     
zuoweiduo                 (-0.98159517 0.23296275 -0.29956792)          (0.15402005 -0.032057363 -0.025895242)        (-0.82757512 0.20090538 -0.32546316)          (-0.0012696511 0.00030132727 -0.0003874782)   (0.0001992183 -4.1464818e-05 -3.3494379e-05)  (-0.0010704328 0.00025986245 -0.00042097258) 
------------------------- --------------------------------------------- --------------------------------------------- --------------------------------------------- --------------------------------------------- --------------------------------------------- ---------------------------------------------
Net                       (15.260842 -34.579719 10.526984)              (11.758681 -1.6106807 -0.77987389)            (27.019523 -36.1904 9.7471101)                (0.019739242 -0.044727377 0.0136162)          (0.015209347 -0.002083346 -0.0010087333)      (0.034948589 -0.046810723 0.012607467)       

Forces - Direction Vector (0.98484328 -0.1391731 -0.1035112)
                          Forces [N]                                      Coefficients                                   
Zone                      Pressure        Viscous         Total           Pressure        Viscous         Total          
jidi                      1126.5546       0.00053156196   1126.5551       1.4571498       6.8755249e-07   1.4571505      
jishen                    10234.036       1.2453531       10235.281       13.237284       0.0016108106    13.238895      
jitou                     -11066.867      1.1843313       -11065.682      -14.314515      0.0015318815    -14.312983     
liangan                   239.49544       1.2311521       240.72659       0.30977703      0.0015924422    0.31136947     
waiyi                     -276.39229      3.6582745       -272.73402      -0.35750152     0.0047318204    -0.3527697     
weiyi                     -6.3813115      1.4598537       -4.9214579      -0.0082539515   0.0018882578    -0.0063656937  
xiaoyi                    187.21071       0.31581556      187.52652       0.24214898      0.00040849381   0.24255748     
youfuyi                   -1.7247011      0.17921652      -1.5454846      -0.0022308265   0.00023180885   -0.0019990177  
youweiduo                 -0.74578174     0.153967        -0.59181475     -0.00096463655  0.00019914968   -0.00076548687 
zhongyangyi               -415.03802      2.1640166       -412.87401      -0.5368338      0.0027990623    -0.53403474    
zuofuyi                   -0.42690218     0.13400744      -0.29289474     -0.00055217957  0.00017333285   -0.00037884673 
zuoweiduo                 -0.96813092     0.15882758      -0.80930334     -0.0012522356   0.00020543663   -0.001046799   
------------------------- --------------- --------------- --------------- --------------- --------------- ---------------
Net                       18.752444       11.885347       30.637791       0.024255478     0.015373184     0.039628662    
