                                    "Force Report"

Forces
                          Forces [N]                                                                                                                                Coefficients                                                                                                                             
Zone                      Pressure                                      Viscous                                       Total                                         Pressure                                      Viscous                                       Total                                        
jidi                      (1145.5766 1.5672212e-07 0.00043558527)       (-1.1650651e-09 -0.0033940672 0.00087529528)  (1145.5766 -0.0033939105 0.0013108806)        (1.4817539 2.0271331e-10 5.6341077e-07)       (-1.5069615e-12 -4.3900797e-06 1.1321567e-06) (1.4817539 -4.389877e-06 1.6955675e-06)      
jishen                    (9088.8393 0.87622592 -12506.969)             (1.1845028 -0.18751205 -0.029308406)          (9090.0238 0.68871387 -12506.998)             (11.756022 0.0011333605 -16.177225)           (0.0015321034 -0.00024253876 -3.790916e-05)   (11.757554 0.00089082171 -16.177263)         
jitou                     (-11259.552 -19.65305 17.022309)              (1.1182896 -0.25293609 0.19362858)            (-11258.434 -19.905986 17.215938)             (-14.563745 -0.025420373 0.022017623)         (0.0014464595 -0.00032716193 0.00025045022)   (-14.562299 -0.025747535 0.022268073)        
liangan                   (-81.080664 -3.4096083 -3072.616)             (1.1280309 -0.21180815 0.096710109)           (-79.952633 -3.6214164 -3072.5193)            (-0.10487434 -0.0044101814 -3.9742964)        (0.0014590594 -0.00027396471 0.00012509036)   (-0.10341528 -0.0046841461 -3.9741714)       
waiyi                     (-174.89542 -0.18558688 1891.6471)            (4.0252664 -0.78751511 0.71138507)            (-170.87015 -0.97310199 1892.3585)            (-0.22621968 -0.00024004864 2.446764)         (0.0052065086 -0.0010186169 0.00092014594)    (-0.22101317 -0.0012586655 2.4476842)        
weiyi                     (42.033279 -28.257582 559.38324)              (1.3654157 -0.28563746 0.037093153)           (43.398694 -28.543219 559.42034)              (0.054368235 -0.036549965 0.72353812)         (0.0017661064 -0.00036945974 4.7978394e-05)   (0.056134341 -0.036919424 0.7235861)         
xiaoyi                    (152.63983 -1.8238655 -369.44088)             (0.33957438 -0.067845385 0.033269855)         (152.97941 -1.8917109 -369.40761)             (0.19743304 -0.0023590914 -0.47785586)        (0.00043922483 -8.7755082e-05 4.3033124e-05)  (0.19787227 -0.0024468465 -0.47781283)       
youfuyi                   (-0.57450747 -0.77222243 17.78289)            (0.14396014 -0.069820248 0.032623151)         (-0.43054732 -0.84204267 17.815513)           (-0.00074310065 -0.00099883643 0.023001402)   (0.00018620624 -9.0309482e-05 4.219664e-05)   (-0.00055689441 -0.0010891459 0.023043598)   
youweiduo                 (-0.87401033 -0.052645803 -0.042924429)       (0.14821532 -0.049752726 0.02228537)          (-0.725795 -0.10239853 -0.020639059)          (-0.0011304947 -6.8095077e-05 -5.5520899e-05) (0.00019171013 -6.4353008e-05 2.8825165e-05)  (-0.00093878456 -0.00013244808 -2.6695734e-05)
zhongyangyi               (1037.6355 -0.00066179394 14333.901)          (2.3232387 -0.28654523 0.30055576)            (1039.9588 -0.28720702 14334.201)             (1.3421368 -8.5600194e-07 18.540283)          (0.0030050092 -0.0003706339 0.00038875593)    (1.3451418 -0.0003714899 18.540672)          
zuofuyi                   (2.3452976 0.93511763 23.076584)              (0.1485381 -0.076706298 0.030475497)          (2.4938358 0.85841133 23.10706)               (0.0030335414 0.0012095344 0.029848567)       (0.00019212764 -9.9216291e-05 3.9418742e-05)  (0.0032256691 0.0011103181 0.029887986)      
zuoweiduo                 (-0.91103241 -1.0777844 1.9101963)            (0.1420636 -0.034683045 -0.012058272)         (-0.76896882 -1.1124674 1.8981381)            (-0.0011783812 -0.0013940677 0.0024707566)    (0.00018375314 -4.4861024e-05 -1.5596855e-05) (-0.00099462803 -0.0014389287 0.0024551598)  
------------------------- --------------------------------------------- --------------------------------------------- --------------------------------------------- --------------------------------------------- --------------------------------------------- ---------------------------------------------
Net                       (-48.817962 -53.421663 895.65503)             (12.067096 -2.3141558 1.4175352)              (-36.750866 -55.735819 897.07256)             (-0.06314393 -0.069098619 1.1584912)          (0.015608268 -0.0029932609 0.0018335206)      (-0.047535662 -0.07209188 1.1603247)         

Forces - Direction Vector (0.97278921 -0.20791169 0.10224427)
                          Forces [N]                                      Coefficients                                   
Zone                      Pressure        Viscous         Total           Pressure        Viscous         Total          
jidi                      1114.4046       0.00079515905   1114.4054       1.4414343       1.028504e-06    1.4414353      
jishen                    7562.5767       1.1882609       7563.765        9.7818671       0.0015369643    9.7834041      
jitou                     -10947.344      1.1602459       -10946.184      -14.159918      0.001500728     -14.158417     
liangan                   -392.32287      1.1512618       -391.17161      -0.50745272     0.0014891075    -0.50596362    
waiyi                     23.312284       4.1522043       27.464488       0.030153434     0.0053706974    0.035524132    
weiyi                     103.95833       1.3914416       105.34977       0.13446562      0.0017997697    0.13626539     
xiaoyi                    111.09237       0.34784179      111.44021       0.14369319      0.00044991837   0.14414311     
youfuyi                   1.4198779       0.15789485      1.5777728       0.0018365509    0.00020423019   0.0020407811   
youweiduo                 -0.84367091     0.15680499      -0.68686592     -0.001091252    0.0002028205    -0.00088843147 
zhongyangyi               2474.9599       2.3503277       2477.3103       3.201254        0.0030400477    3.2042941      
zuofuyi                   4.4465068       0.16356034      4.6100671       0.0057513649    0.00021155826   0.0059629231   
zuoweiduo                 -0.4668519      0.14417605      -0.32267585     -0.00060385281  0.00018648551   -0.0004173673  
------------------------- --------------- --------------- --------------- --------------- --------------- ---------------
Net                       55.192993       12.364815       67.557808       0.071389758     0.015993356     0.087383113    
                                    "Force Report"

Forces
                          Forces [N]                                                                                                                                Coefficients                                                                                                                             
Zone                      Pressure                                      Viscous                                       Total                                         Pressure                                      Viscous                                       Total                                        
jidi                      (1145.5492 1.6041901e-07 0.00043556091)       (-1.4177262e-09 -0.0034153971 0.00078410501)  (1145.5492 -0.0034152367 0.0012196659)        (1.4817186 2.0749508e-10 5.6337926e-07)       (-1.8337677e-12 -4.417669e-06 1.014206e-06)   (1.4817186 -4.4174615e-06 1.5775853e-06)     
jishen                    (9088.8276 0.90141419 -12506.984)             (1.1846193 -0.18774461 -0.029362872)          (9090.0122 0.71366959 -12507.013)             (11.756007 0.0011659404 -16.177245)           (0.001532254 -0.00024283956 -3.797961e-05)    (11.757539 0.00092310086 -16.177283)         
jitou                     (-11259.545 -19.652717 17.016669)             (1.1183118 -0.25293265 0.19357463)            (-11258.427 -19.90565 17.210244)              (-14.563736 -0.025419942 0.022010329)         (0.0014464882 -0.00032715748 0.00025038044)   (-14.56229 -0.0257471 0.022260709)           
liangan                   (-81.081105 -3.3925332 -3072.5527)            (1.1245589 -0.2110409 0.097752217)            (-79.956546 -3.6035741 -3072.4549)            (-0.10487491 -0.0043880955 -3.9742145)        (0.0014545685 -0.00027297231 0.00012643828)   (-0.10342035 -0.0046610678 -3.974088)        
waiyi                     (-174.87921 -0.19341714 1891.236)             (4.0237117 -0.78754655 0.711383)              (-170.8555 -0.98096369 1891.9473)             (-0.22619873 -0.00025017674 2.4462322)        (0.0052044978 -0.0010186575 0.00092014325)    (-0.22099423 -0.0012688343 2.4471523)        
weiyi                     (42.034743 -28.241762 559.39341)              (1.3616352 -0.28543407 0.037040881)           (43.396378 -28.527196 559.43045)              (0.054370128 -0.036529502 0.72355127)         (0.0017612164 -0.00036919667 4.7910784e-05)   (0.056131345 -0.036898699 0.72359918)        
xiaoyi                    (152.63983 -1.8241168 -369.44093)             (0.33955462 -0.067870397 0.033247391)         (152.97938 -1.8919872 -369.40768)             (0.19743304 -0.0023594165 -0.47785592)        (0.00043919927 -8.7787434e-05 4.3004067e-05)  (0.19787224 -0.0024472039 -0.47781292)       
youfuyi                   (-0.54544554 -0.76824154 17.708067)           (0.14419089 -0.069086068 0.032361428)         (-0.40125466 -0.83732761 17.740429)           (-0.00070551031 -0.00099368733 0.022904622)   (0.0001865047 -8.9359852e-05 4.1858112e-05)   (-0.00051900561 -0.0010830472 0.02294648)    
youweiduo                 (-0.86912214 -0.050424472 -0.038507416)       (0.14728219 -0.049721189 0.022318058)         (-0.72183995 -0.10014566 -0.016189358)        (-0.001124172 -6.5221881e-05 -4.9807683e-05)  (0.00019050317 -6.4312215e-05 2.8867446e-05)  (-0.00093366887 -0.0001295341 -2.0940237e-05)
zhongyangyi               (1037.7005 -0.0037287722 14333.877)           (2.322445 -0.2869634 0.30055174)              (1040.023 -0.29069217 14334.178)              (1.3422209 -4.8230061e-06 18.540252)          (0.0030039826 -0.00037117479 0.00038875072)   (1.3452249 -0.0003759978 18.540641)          
zuofuyi                   (2.3487417 0.95068695 23.131863)              (0.14850257 -0.076752342 0.030550317)         (2.4972442 0.87393461 23.162413)              (0.0030379961 0.0012296726 0.029920068)       (0.00019208167 -9.9275847e-05 3.9515518e-05)  (0.0032300778 0.0011303968 0.029959583)      
zuoweiduo                 (-0.91111533 -1.0800138 1.9137645)            (0.14199984 -0.034711193 -0.012068067)        (-0.76911549 -1.114725 1.9016964)             (-0.0011784884 -0.0013969514 0.0024753719)    (0.00018367067 -4.4897433e-05 -1.5609524e-05) (-0.00099481775 -0.0014418488 0.0024597624)  
------------------------- --------------------------------------------- --------------------------------------------- --------------------------------------------- --------------------------------------------- --------------------------------------------- ---------------------------------------------
Net                       (-48.730436 -53.354853 895.26132)             (12.056812 -2.3132188 1.4181328)              (-36.673624 -55.668072 896.67946)             (-0.063030719 -0.069012204 1.1579819)         (0.015594967 -0.0029920488 0.0018342937)      (-0.047435752 -0.072004253 1.1598162)        

Forces - Direction Vector (0.97278921 -0.20791169 0.10224427)
                          Forces [N]                                      Coefficients                                   
Zone                      Pressure        Viscous         Total           Pressure        Viscous         Total          
jidi                      1114.378        0.00079026986   1114.3788       1.4413999       1.02218e-06     1.4414009      
jishen                    7562.5586       1.188417        7563.747        9.7818437       0.0015371661    9.7833808      
jitou                     -10947.338      1.1602612       -10946.178      -14.15991       0.0015007479    -14.158409     
liangan                   -392.32037      1.1478312       -391.17254      -0.50744949     0.0014846702    -0.50596482    
waiyi                     23.287634       4.1506983       27.438333       0.030121551     0.0053687494    0.035490301    
weiyi                     103.9575        1.3877163       105.34522       0.13446455      0.0017949513    0.1362595      
xiaoyi                    111.09242       0.34782547      111.44024       0.14369325      0.00044989726   0.14414315     
youfuyi                   1.4396712       0.15793991      1.5976111       0.0018621526    0.00020428847   0.0020664411   
youweiduo                 -0.83892596     0.15589404      -0.68303193     -0.0010851146   0.00020164222   -0.00088347237 
zhongyangyi               2475.0214       2.3496422       2477.371        3.2013335       0.0030391609    3.2043727      
zuofuyi                   4.452272        0.163543        4.615815        0.0057588219    0.00021153582   0.0059703577   
zuoweiduo                 -0.46610421     0.14411888      -0.32198533     -0.00060288571  0.00018641157   -0.00041647415 
------------------------- --------------- --------------- --------------- --------------- --------------- ---------------
Net                       55.223993       12.354678       67.57867        0.071429855     0.015980243     0.087410098    
