                                    "Force Report"

Forces
                          Forces [N]                                                                                                                                Coefficients                                                                                                                             
Zone                      Pressure                                      Viscous                                       Total                                         Pressure                                      Viscous                                       Total                                        
jidi                      (1145.1176 -8.3995896e-08 0.00043575432)      (1.9433422e-08 0.00079672334 0.0011295948)    (1145.1176 0.00079663935 0.0015653491)        (1.4811603 -1.0864507e-10 5.6362943e-07)      (2.5136294e-11 1.0305273e-06 1.4610822e-06)   (1.4811603 1.0304187e-06 2.0247116e-06)      
jishen                    (9086.6887 0.92754204 -12497.341)             (1.146822 -0.049665161 0.035921408)           (9087.8355 0.87787688 -12497.305)             (11.75324 0.0011997357 -16.164772)            (0.0014833649 -6.4239746e-05 4.6462793e-05)   (11.754724 0.0011354959 -16.164725)          
jitou                     (-11257.705 -6.5670092 22.427118)             (1.1388815 -0.084055497 0.24680884)           (-11256.566 -6.6510647 22.673927)             (-14.561356 -0.0084941434 0.029008511)        (0.0014730941 -0.00010872216 0.0003192366)    (-14.559883 -0.0086028656 0.029327747)       
liangan                   (-81.099611 -0.26099724 -3068.1107)           (1.1924056 -0.036931999 0.14207776)           (-79.907205 -0.29792924 -3067.9687)           (-0.10489885 -0.00033758868 -3.968469)        (0.0015423253 -4.776995e-05 0.00018377145)    (-0.10335653 -0.00038535863 -3.9682853)      
waiyi                     (-195.36519 0.037327542 1958.4577)            (3.7934262 -0.25981087 0.84074966)            (-191.57176 -0.22248333 1959.2985)            (-0.25269645 4.8281567e-05 2.5331806)         (0.0049066333 -0.00033605416 0.0010874735)    (-0.24778982 -0.0002877726 2.5342681)        
weiyi                     (43.596367 -10.927012 578.25093)              (1.4129716 -0.084863601 0.083223417)          (45.009338 -11.011875 578.33416)              (0.056390022 -0.014133619 0.74794266)         (0.0018276179 -0.00010976741 0.0001076459)    (0.058217639 -0.014243386 0.74805031)        
xiaoyi                    (153.52217 -0.60808064 -367.58516)            (0.35607707 -0.025049216 0.059891387)         (153.87825 -0.63312986 -367.52527)            (0.19857431 -0.00078652611 -0.47545557)       (0.00046057034 -3.2400082e-05 7.7466928e-05)  (0.19903489 -0.00081892619 -0.4753781)       
youfuyi                   (-0.28853229 -0.85775821 20.825298)           (0.13708196 -0.018777539 0.040623464)         (-0.15145033 -0.87653575 20.865922)           (-0.00037320409 -0.0011094733 0.026936626)    (0.00017730961 -2.4287937e-05 5.25447e-05)    (-0.00019589448 -0.0011337612 0.026989171)   
youweiduo                 (-0.89094446 0.61038842 1.0986341)            (0.15095017 -0.018471494 0.011368402)         (-0.73999429 0.59191692 1.1100025)            (-0.0011523983 0.00078951111 0.0014210359)    (0.00019524754 -2.3892081e-05 1.4704538e-05)  (-0.00095715072 0.00076561903 0.0014357404)  
zhongyangyi               (1026.5675 0.040333078 14360.38)              (2.1631518 -0.088467283 0.38941406)           (1028.7306 -0.048134205 14360.77)             (1.3278208 5.2169098e-05 18.574533)           (0.0027979436 -0.00011442862 0.00050369031)   (1.3306188 -6.225952e-05 18.575037)          
zuofuyi                   (2.4829431 0.99248173 24.991656)              (0.14920235 -0.032919477 0.031062421)         (2.6321455 0.95956225 25.022718)              (0.0032115799 0.0012837323 0.03232563)        (0.00019298681 -4.2579924e-05 4.0177903e-05)  (0.0034045667 0.0012411524 0.032365808)      
zuoweiduo                 (-0.89047709 -1.0423508 1.8185428)            (0.14327232 -0.0051131599 0.0036186509)       (-0.74720477 -1.047464 1.8221614)             (-0.0011517937 -0.0013482359 0.0023522067)    (0.00018531657 -6.613652e-06 4.680569e-06)    (-0.00096647717 -0.0013548495 0.0023568873)  
------------------------- --------------------------------------------- --------------------------------------------- --------------------------------------------- --------------------------------------------- --------------------------------------------- ---------------------------------------------
Net                       (-78.264539 -17.655135 1035.2138)             (11.784243 -0.70332857 1.8858891)             (-66.480297 -18.358464 1037.0997)             (-0.10123181 -0.022836156 1.3390044)          (0.01524241 -0.0009097252 0.0024393162)       (-0.085989399 -0.023745881 1.3414437)        

Forces - Direction Vector (0.98785583 -0.069756474 0.13883408)
                          Forces [N]                                      Coefficients                                   
Zone                      Pressure        Viscous         Total           Pressure        Viscous         Total          
jidi                      1131.2112       0.00010126884   1131.2113       1.4631729       1.3098688e-07   1.463173       
jishen                    7241.2168       1.1413464       7242.3581       9.3662019       0.0014762824    9.3676782      
jitou                     -11117.418      1.1651796       -11116.253      -14.379901      0.0015071096    -14.378394     
liangan                   -506.05486      1.2002263       -504.85463      -0.65456015     0.001552441     -0.65300771    
waiyi                     78.905433       3.8822064       82.787639       0.10206078      0.0050214666    0.10708224     
weiyi                     124.11009       1.4132863       125.52338       0.16053106      0.0018280249    0.16235908     
xiaoyi                    100.66684       0.36181512      101.02866       0.13020822      0.00046799226   0.13067621     
youfuyi                   2.6660671       0.14236699      2.808434        0.0034484428    0.00018414556   0.0036325884   
youweiduo                 -0.77017536     0.15198383      -0.61819152     -0.00099618863  0.00019658454   -0.00079960409 
zhongyangyi               3007.8081       2.1971172       3010.0052       3.8904701       0.0028418764    3.893312       
zuofuyi                   5.8532514       0.15399928      6.0072507       0.0075709285    0.00019919143   0.0077701199   
zuoweiduo                 -0.55447654     0.14239146      -0.41208508     -0.00071719152  0.00018417722   -0.0005330143  
------------------------- --------------- --------------- --------------- --------------- --------------- ---------------
Net                       67.640432       11.95202        79.592452       0.087489984     0.015459423     0.10294941     
