                                    "Force Report"

Moments - Moment Center (0 0 0.05)
                          Moments [N m]                                                                                                                             Coefficients                                                                                                                             
Zone                      Pressure                                      Viscous                                       Total                                         Pressure                                      Viscous                                       Total                                        
jidi                      (7.0556205e-09 -22.890318 0.0041199746)       (-3.7863234e-05 -0.00069321728 -0.0023360054) (-3.7856178e-05 -22.891012 0.0017839693)      (2.5023694e-11 -0.081183552 1.4612037e-05)    (-1.3428698e-07 -2.4585871e-06 -8.284953e-06) (-1.3426196e-07 -0.08118601 6.3270837e-06)   
jishen                    (0.44420398 -231.5291 3.533113)               (-0.038242662 -0.085820255 -0.00016349001)    (0.40596132 -231.61492 3.5329495)             (0.0015754284 -0.82114866 0.012530654)        (-0.00013563267 -0.00030437292 -5.7983901e-07) (0.0014397957 -0.82145304 0.012530074)       
jitou                     (-1.2968225 535.52772 12.699625)              (-0.0143366 -0.071232613 0.16121181)          (-1.3111591 535.45649 12.860837)              (-0.0045993531 1.8993201 0.045040905)         (-5.0846656e-05 -0.00025263592 0.00057175909) (-0.0046501997 1.8990675 0.045612664)        
liangan                   (0.19023443 646.88316 -0.44418536)            (0.013458209 0.1372772 -0.019352199)          (0.20369264 647.02043 -0.46353756)            (0.00067469166 2.294257 -0.0015753623)        (4.7731324e-05 0.00048687181 -6.8635143e-05)  (0.00072242299 2.2947438 -0.0016439975)      
waiyi                     (-20.985346 -49.257883 1.2321646)             (0.061752704 0.57576078 -0.052090856)         (-20.923593 -48.682122 1.1800737)             (-0.074427314 -0.17469962 0.0043700351)       (0.00021901416 0.002042012 -0.00018474713)    (-0.0742083 -0.17265761 0.004185288)         
weiyi                     (-11.085967 -643.74048 -34.276593)            (0.10146281 0.5035662 -0.33037181)            (-10.984504 -643.23691 -34.606965)            (-0.039317852 -2.283111 -0.12156649)          (0.00035985133 0.0017859644 -0.0011717075)    (-0.038958001 -2.2813251 -0.12273819)        
xiaoyi                    (3.3160856 56.007954 -0.91119231)             (0.046868213 0.041778334 -0.041275817)        (3.3629538 56.049733 -0.95246812)             (0.011760938 0.19863964 -0.0032316644)        (0.00016622434 0.00014817241 -0.00014639016)  (0.011927162 0.19878781 -0.0033780546)       
youfuyi                   (14.423214 -2.0903527 0.94090348)             (0.014413544 0.020272698 -0.233061)           (14.437627 -2.07008 0.70784248)               (0.051153842 -0.0074137133 0.003337039)       (5.1119548e-05 7.1899812e-05 -0.00082658177)  (0.051204961 -0.0073418135 0.0025104573)     
youweiduo                 (-0.27452252 1.5304799 -0.69264901)           (0.016676984 0.02745111 -0.1177409)           (-0.25784553 1.557931 -0.81038991)            (-0.00097363054 0.00542805 -0.0024565716)     (5.9147137e-05 9.7359006e-05 -0.00041758373)  (-0.0009144834 0.005525409 -0.0028741553)    
zhongyangyi               (8.0625746 -285.76468 -0.19342204)            (0.055178005 0.31898262 -0.041877072)         (8.1177527 -285.44569 -0.23529911)            (0.028594991 -1.0135023 -0.00068599693)       (0.00019569612 0.0011313142 -0.00014852259)   (0.028790687 -1.012371 -0.00083451952)       
zuofuyi                   (-24.830541 -3.2464877 1.8907008)             (-0.028294467 0.013239372 0.16950259)         (-24.858835 -3.2332484 2.0602034)             (-0.088064807 -0.0115141 0.0067056213)        (-0.00010035008 4.6955189e-05 0.00060116342)  (-0.088165157 -0.011467144 0.0073067847)     
zuoweiduo                 (-0.19840898 -1.1193101 -0.74937292)          (0.020295971 0.077406984 -0.00041034315)      (-0.17811301 -1.0419031 -0.74978326)          (-0.00070368377 -0.0039697817 -0.0026577505)  (7.1982354e-05 0.00027453414 -1.4553364e-06)  (-0.00063170142 -0.0036952476 -0.0026592058) 
------------------------- --------------------------------------------- --------------------------------------------- --------------------------------------------- --------------------------------------------- --------------------------------------------- ---------------------------------------------
Net                       (-32.235295 0.31070851 -16.966788)            (0.24919485 1.5579892 -0.5079651)             (-31.9861 1.8686977 -17.474753)               (-0.11432675 0.0011019689 -0.060174966)       (0.00088380261 0.0055256155 -0.0018015656)    (-0.11344295 0.0066275845 -0.061976531)      

Moments - Moment Center (0 0 0.05) Moment Axis (0 1 0)
                          Moments [N m]                                   Coefficients                                   
Zone                      Pressure        Viscous         Total           Pressure        Viscous         Total          
jidi                      -22.890318      -0.00069321728  -22.891012      -0.081183552    -2.4585871e-06  -0.08118601    
jishen                    -231.5291       -0.085820255    -231.61492      -0.82114866     -0.00030437292  -0.82145304    
jitou                     535.52772       -0.071232613    535.45649       1.8993201       -0.00025263592  1.8990675      
liangan                   646.88316       0.1372772       647.02043       2.294257        0.00048687181   2.2947438      
waiyi                     -49.257883      0.57576078      -48.682122      -0.17469962     0.002042012     -0.17265761    
weiyi                     -643.74048      0.5035662       -643.23691      -2.283111       0.0017859644    -2.2813251     
xiaoyi                    56.007954       0.041778334     56.049733       0.19863964      0.00014817241   0.19878781     
youfuyi                   -2.0903527      0.020272698     -2.07008        -0.0074137133   7.1899812e-05   -0.0073418135  
youweiduo                 1.5304799       0.02745111      1.557931        0.00542805      9.7359006e-05   0.005525409    
zhongyangyi               -285.76468      0.31898262      -285.44569      -1.0135023      0.0011313142    -1.012371      
zuofuyi                   -3.2464877      0.013239372     -3.2332484      -0.0115141      4.6955189e-05   -0.011467144   
zuoweiduo                 -1.1193101      0.077406984     -1.0419031      -0.0039697817   0.00027453414   -0.0036952476  
------------------------- --------------- --------------- --------------- --------------- --------------- ---------------
Net                       0.31070851      1.5579892       1.8686977       0.0011019689    0.0055256155    0.0066275845   
