                                    "Force Report"

Moments - Moment Center (0 0 0.05)
                          Moments [N m]                                                                                                                             Coefficients                                                                                                                             
Zone                      Pressure                                      Viscous                                       Total                                         Pressure                                      Viscous                                       Total                                        
jidi                      (-1.6546112e-08 -22.921781 0.0059054095)      (4.5884104e-05 -0.0011266555 0.0010874434)    (4.5867558e-05 -22.922907 0.0069928529)       (-5.8682982e-11 -0.081295137 2.0944318e-05)   (1.6273406e-07 -3.9958332e-06 3.8567625e-06)  (1.6267538e-07 -0.081299133 2.4801081e-05)   
jishen                    (0.088756197 -229.41511 1.6159933)            (-0.0196202 -0.061735215 0.0043751534)        (0.069135996 -229.47684 1.6203685)            (0.00031478563 -0.81365111 0.0057313347)      (-6.9585643e-05 -0.00021895213 1.5517062e-05) (0.00024519999 -0.81387007 0.0057468518)     
jitou                     (-0.84105274 551.02611 8.3045981)             (-0.009158713 0.094655777 0.1069019)          (-0.85021146 551.12077 8.4115)                (-0.0029829052 1.9542872 0.029453359)         (-3.2482591e-05 0.00033570927 0.00037914179)  (-0.0030153877 1.9546229 0.029832501)        
liangan                   (-0.14155319 648.90827 -1.4599682)            (-0.0033757986 0.1167891 0.014047558)         (-0.14492899 649.02506 -1.4459206)            (-0.00050203719 2.3014393 -0.0051779709)      (-1.1972718e-05 0.00041420805 4.982153e-05)   (-0.00051400991 2.3018535 -0.0051281493)     
waiyi                     (-12.412815 -45.540063 -3.5129411)            (0.050375736 0.58068995 -0.077433234)         (-12.362439 -44.959373 -3.5903744)            (-0.044023695 -0.16151388 -0.012459112)       (0.00017866423 0.002059494 -0.00027462724)    (-0.043845031 -0.15945438 -0.012733739)      
weiyi                     (-7.772786 -725.91161 -25.897394)             (0.060176512 0.33004649 -0.26467587)          (-7.7126095 -725.58156 -26.16207)             (-0.027567217 -2.5745419 -0.091848545)        (0.00021342398 0.0011705537 -0.00093870811)   (-0.027353793 -2.5733713 -0.092787253)       
xiaoyi                    (10.48526 55.907799 -0.45109303)              (0.088642301 0.03751974 -0.018308989)         (10.573902 55.945319 -0.46940202)             (0.037187365 0.19828443 -0.0015998613)        (0.00031438168 0.00013306874 -6.493526e-05)   (0.037501747 0.1984175 -0.0016647965)        
youfuyi                   (24.569258 -3.5498308 0.19820736)             (0.050620457 0.0096056524 -0.17480004)        (24.619878 -3.5402252 0.023407322)            (0.087138134 -0.012589946 0.00070296869)      (0.00017953217 3.4067721e-05 -0.00061995152)  (0.087317666 -0.012555878 8.3017173e-05)     
youweiduo                 (0.053920912 -1.1876824 0.81321067)           (0.014867621 0.020047471 -0.097720178)        (0.068788533 -1.1676349 0.7154905)            (0.00019123767 -0.0042122733 0.0028841596)    (5.272999e-05 7.1101015e-05 -0.00034657758)   (0.00024396766 -0.0041411723 0.002537582)    
zhongyangyi               (5.2019606 -275.13145 1.2839105)              (0.015585929 0.32971623 -0.027349048)         (5.2175465 -274.80173 1.2565615)              (0.018449444 -0.97579018 0.004553559)         (5.5277564e-05 0.0011693824 -9.6997026e-05)   (0.018504721 -0.9746208 0.004456562)         
zuofuyi                   (-29.594082 -3.9890692 2.9785846)             (-0.031590716 0.011953069 0.16829088)         (-29.625672 -3.9771161 3.1468754)             (-0.10495934 -0.014147763 0.010563945)        (-0.00011204067 4.2393145e-05 0.00059686594)  (-0.10507138 -0.01410537 0.011160811)        
zuoweiduo                 (-0.35598399 -3.0004408 -1.8808437)           (0.0070930181 0.045025076 0.024023206)        (-0.34889097 -2.9554157 -1.8568205)           (-0.0012625445 -0.010641461 -0.0066706617)    (2.515633e-05 0.00015968741 8.5201487e-05)    (-0.0012373881 -0.010481774 -0.0065854602)   
------------------------- --------------------------------------------- --------------------------------------------- --------------------------------------------- --------------------------------------------- --------------------------------------------- ---------------------------------------------
Net                       (-10.719117 -54.804844 -18.00183)             (0.22366203 1.5131867 -0.34156121)            (-10.495455 -53.291657 -18.343392)            (-0.038016771 -0.19437265 -0.06384588)        (0.00079324706 0.0053667174 -0.0012113922)    (-0.037223524 -0.18900593 -0.065057272)      

Moments - Moment Center (0 0 0.05) Moment Axis (0 1 0)
                          Moments [N m]                                   Coefficients                                   
Zone                      Pressure        Viscous         Total           Pressure        Viscous         Total          
jidi                      -22.921781      -0.0011266555   -22.922907      -0.081295137    -3.9958332e-06  -0.081299133   
jishen                    -229.41511      -0.061735215    -229.47684      -0.81365111     -0.00021895213  -0.81387007    
jitou                     551.02611       0.094655777     551.12077       1.9542872       0.00033570927   1.9546229      
liangan                   648.90827       0.1167891       649.02506       2.3014393       0.00041420805   2.3018535      
waiyi                     -45.540063      0.58068995      -44.959373      -0.16151388     0.002059494     -0.15945438    
weiyi                     -725.91161      0.33004649      -725.58156      -2.5745419      0.0011705537    -2.5733713     
xiaoyi                    55.907799       0.03751974      55.945319       0.19828443      0.00013306874   0.1984175      
youfuyi                   -3.5498308      0.0096056524    -3.5402252      -0.012589946    3.4067721e-05   -0.012555878   
youweiduo                 -1.1876824      0.020047471     -1.1676349      -0.0042122733   7.1101015e-05   -0.0041411723  
zhongyangyi               -275.13145      0.32971623      -274.80173      -0.97579018     0.0011693824    -0.9746208     
zuofuyi                   -3.9890692      0.011953069     -3.9771161      -0.014147763    4.2393145e-05   -0.01410537    
zuoweiduo                 -3.0004408      0.045025076     -2.9554157      -0.010641461    0.00015968741   -0.010481774   
------------------------- --------------- --------------- --------------- --------------- --------------- ---------------
Net                       -54.804844      1.5131867       -53.291657      -0.19437265     0.0053667174    -0.18900593    
