                                    "Force Report"

Moments - Moment Center (0 0 0.05)
                          Moments [N m]                                                                                                                             Coefficients                                                                                                                             
Zone                      Pressure                                      Viscous                                       Total                                         Pressure                                      Viscous                                       Total                                        
jidi                      (-7.9202663e-09 -22.877007 0.0010647601)      (-7.4953294e-05 0.00047197309 -0.00064985116) (-7.4961214e-05 -22.876535 0.00041490893)     (-2.8090276e-11 -0.081136342 3.7763129e-06)   (-2.658318e-07 1.6739152e-06 -2.3047834e-06)  (-2.6585989e-07 -0.081134668 1.4715296e-06)  
jishen                    (0.22364478 -232.78879 1.3931038)             (-0.012916145 -0.08965343 -0.0072098687)      (0.21072863 -232.87845 1.3858939)             (0.00079318588 -0.82561635 0.0049408274)      (-4.5808822e-05 -0.00031796779 -2.5570756e-05) (0.00074737706 -0.82593431 0.0049152566)     
jitou                     (-0.4397758 531.99549 4.3081262)              (-0.0047860457 -0.10872037 0.05353715)        (-0.44456185 531.88677 4.3616633)             (-0.0015597232 1.8867926 0.015279341)         (-1.6974346e-05 -0.00038559122 0.00018987661) (-0.0015766976 1.886407 0.015469218)         
liangan                   (-0.0029138374 645.21914 -0.14600596)         (0.0049557638 0.11641395 0.0041240253)        (0.0020419264 645.33556 -0.14188194)          (-1.0334311e-05 2.2883553 -0.00051782952)     (1.7576274e-05 0.00041287751 1.4626403e-05)   (7.2419631e-06 2.2887682 -0.00050320311)     
waiyi                     (-25.091546 -51.962809 1.5800085)             (0.001242105 0.55755887 -0.0079325688)        (-25.090304 -51.40525 1.572076)               (-0.088990497 -0.184293 0.00560371)           (4.4052904e-06 0.0019774565 -2.8133908e-05)   (-0.088986091 -0.18231554 0.005575576)       
weiyi                     (-3.8816798 -625.36711 -11.896026)            (0.036976479 0.60442556 -0.11621329)          (-3.8447033 -624.76269 -12.01224)             (-0.013766892 -2.2179475 -0.042190836)        (0.00013114199 0.0021436755 -0.00041216586)   (-0.01363575 -2.2158038 -0.042603002)        
xiaoyi                    (0.33902877 55.875308 -0.23817616)            (0.0097568701 0.041002234 -0.014069584)       (0.34878564 55.91631 -0.25224574)             (0.0012024105 0.19816919 -0.00084472334)      (3.4604035e-05 0.00014541986 -4.9899645e-05)  (0.0012370146 0.19831461 -0.00089462299)     
youfuyi                   (12.564541 -1.8340296 0.99636066)             (0.0030233211 0.021356511 -0.22710541)        (12.567564 -1.8126731 0.76925524)             (0.04456181 -0.0065046294 0.0035337253)       (1.0722609e-05 7.5743701e-05 -0.00080545948)  (0.044572533 -0.0064288857 0.0027282658)     
youweiduo                 (-0.14241828 1.1496925 -0.51823636)           (0.0027874562 0.049424706 -0.076925457)       (-0.13963082 1.1991172 -0.59516182)           (-0.00050510533 0.004077537 -0.001837994)     (9.8860833e-06 0.00017529128 -0.00027282634)  (-0.00049521925 0.0042528283 -0.0021108204)  
zhongyangyi               (1.6058396 -289.51473 -0.20006025)            (0.019262874 0.3050261 -0.011526715)          (1.6251025 -289.20971 -0.21158697)            (0.0056953232 -1.0268024 -0.00070954024)      (6.8318339e-05 0.0010818156 -4.0881025e-05)   (0.0057636415 -1.0257206 -0.00075042127)     
zuofuyi                   (-22.993757 -2.9636534 2.266786)              (-0.02985722 0.011964034 0.16190755)          (-23.023614 -2.9516894 2.4286936)             (-0.081550411 -0.01051099 0.0080394574)       (-0.00010589259 4.2432034e-05 0.00057422661)  (-0.081656304 -0.010468558 0.008613684)      
zuoweiduo                 (-0.026085332 0.14716399 -0.033225229)        (0.010826468 0.068155837 0.034321103)         (-0.015258864 0.21531983 0.0010958737)        (-9.2515091e-05 0.00052193663 -0.00011783768) (3.8397504e-05 0.00024172372 0.00012172434)   (-5.4117587e-05 0.00076366035 3.8866615e-06) 
------------------------- --------------------------------------------- --------------------------------------------- --------------------------------------------- --------------------------------------------- --------------------------------------------- ---------------------------------------------
Net                       (-37.845122 7.0786558 -2.4862804)             (0.041196973 1.577426 -0.20774292)            (-37.803925 8.6560817 -2.6940233)             (-0.13422275 0.025105392 -0.0088179234)       (0.00014611053 0.0055945505 -0.00073678783)   (-0.13407664 0.030699943 -0.0095547112)      

Moments - Moment Center (0 0 0.05) Moment Axis (0 1 0)
                          Moments [N m]                                   Coefficients                                   
Zone                      Pressure        Viscous         Total           Pressure        Viscous         Total          
jidi                      -22.877007      0.00047197309   -22.876535      -0.081136342    1.6739152e-06   -0.081134668   
jishen                    -232.78879      -0.08965343     -232.87845      -0.82561635     -0.00031796779  -0.82593431    
jitou                     531.99549       -0.10872037     531.88677       1.8867926       -0.00038559122  1.886407       
liangan                   645.21914       0.11641395      645.33556       2.2883553       0.00041287751   2.2887682      
waiyi                     -51.962809      0.55755887      -51.40525       -0.184293       0.0019774565    -0.18231554    
weiyi                     -625.36711      0.60442556      -624.76269      -2.2179475      0.0021436755    -2.2158038     
xiaoyi                    55.875308       0.041002234     55.91631        0.19816919      0.00014541986   0.19831461     
youfuyi                   -1.8340296      0.021356511     -1.8126731      -0.0065046294   7.5743701e-05   -0.0064288857  
youweiduo                 1.1496925       0.049424706     1.1991172       0.004077537     0.00017529128   0.0042528283   
zhongyangyi               -289.51473      0.3050261       -289.20971      -1.0268024      0.0010818156    -1.0257206     
zuofuyi                   -2.9636534      0.011964034     -2.9516894      -0.01051099     4.2432034e-05   -0.010468558   
zuoweiduo                 0.14716399      0.068155837     0.21531983      0.00052193663   0.00024172372   0.00076366035  
------------------------- --------------- --------------- --------------- --------------- --------------- ---------------
Net                       7.0786558       1.577426        8.6560817       0.025105392     0.0055945505    0.030699943    
