                                    "Force Report"

Moments - Moment Center (0 0 0.05)
                          Moments [N m]                                                                                                                             Coefficients                                                                                                                             
Zone                      Pressure                                      Viscous                                       Total                                         Pressure                                      Viscous                                       Total                                        
jidi                      (-2.3665494e-08 -22.924401 0.0039019407)      (-2.6014691e-05 0.00014861665 -0.00026839608) (-2.6038357e-05 -22.924252 0.0036335446)      (-8.3932816e-11 -0.081304429 1.383875e-05)    (-9.2264554e-08 5.2708866e-07 -9.5190232e-07) (-9.2348487e-08 -0.081303901 1.2886848e-05)  
jishen                    (0.16115734 -230.04201 2.5694129)             (-0.034730412 -0.067136647 -0.0030153805)     (0.12642692 -230.10914 2.5663975)             (0.00057156588 -0.8158745 0.0091127638)       (-0.00012317601 -0.00023810903 -1.0694447e-05) (0.00044838986 -0.81611261 0.0091020693)     
jitou                     (-1.2605443 545.08937 12.434073)              (-0.014079481 0.029533799 0.16076057)         (-1.2746237 545.1189 12.594834)               (-0.0044706875 1.9332318 0.044099091)         (-4.9934747e-05 0.00010474554 0.00057015869)  (-0.0045206222 1.9333365 0.04466925)         
liangan                   (0.84515889 649.19768 -1.171731)              (0.019544634 0.13443295 -0.034509086)         (0.86470352 649.33211 -1.2062401)             (0.0029974681 2.3024657 -0.0041556996)        (6.9317638e-05 0.00047678431 -0.00012239105)  (0.0030667858 2.3029425 -0.0042780906)       
waiyi                     (-13.55525 -45.564786 -2.4064616)             (0.062651814 0.63836357 -0.060882835)         (-13.492599 -44.926422 -2.4673444)            (-0.048075494 -0.16160156 -0.0085348353)      (0.00022220297 0.0022640411 -0.00021592905)   (-0.047853291 -0.15933752 -0.0087507644)     
weiyi                     (-10.861923 -690.50679 -35.870783)            (0.096612337 0.39568754 -0.38369075)          (-10.76531 -690.1111 -36.254474)              (-0.038523251 -2.448974 -0.12722049)          (0.00034264847 0.0014033584 -0.0013608102)    (-0.038180602 -2.4475706 -0.1285813)         
xiaoyi                    (10.27038 56.030447 -0.87529728)              (0.092868687 0.039913781 -0.031651913)        (10.363249 56.070361 -0.90694919)             (0.036425267 0.19871941 -0.003104358)         (0.00032937112 0.00014155952 -0.00011225771)  (0.036754638 0.19886097 -0.0032166157)       
youfuyi                   (19.122494 -2.7619287 0.7073586)              (0.036926095 0.013922967 -0.19983741)         (19.15942 -2.7480057 0.50752119)              (0.067820461 -0.0097955467 0.0025087411)      (0.0001309633 4.9379649e-05 -0.00070874988)   (0.067951424 -0.009746167 0.0017999912)      
youweiduo                 (-0.10987416 0.22605742 0.016508671)          (0.020002581 0.01769963 -0.11985377)          (-0.089871575 0.24375705 -0.1033451)          (-0.00038968327 0.00080174264 5.8550193e-05)  (7.0941808e-05 6.2774085e-05 -0.00042507729)  (-0.00031874147 0.00086451672 -0.0003665271) 
zhongyangyi               (7.2349194 -277.35277 1.3144569)              (0.046362232 0.35511037 -0.003527983)         (7.2812816 -276.99766 1.3109289)              (0.025659602 -0.9836684 0.0046618957)         (0.00016442981 0.0012594461 -1.251246e-05)    (0.025824031 -0.98240895 0.0046493832)       
zuofuyi                   (-27.035421 -3.5823983 2.8634182)             (-0.030458448 0.011967294 0.16188496)         (-27.065879 -3.570431 3.0253032)              (-0.095884707 -0.012705451 0.010155493)       (-0.00010802493 4.2443595e-05 0.0005741465)   (-0.095992732 -0.012663007 0.010729639)      
zuoweiduo                 (-0.29525546 -2.280318 -1.4373424)            (0.015219448 0.062161945 0.0036315722)        (-0.28003602 -2.2181561 -1.4337109)           (-0.0010471627 -0.0080874505 -0.0050977257)   (5.3977793e-05 0.00022046559 1.2879853e-05)   (-0.00099318489 -0.0078669849 -0.0050848458) 
------------------------- --------------------------------------------- --------------------------------------------- --------------------------------------------- --------------------------------------------- --------------------------------------------- ---------------------------------------------
Net                       (-15.484158 -24.47184 -21.852485)             (0.31089347 1.6318058 -0.51096042)            (-15.173265 -22.840034 -22.363446)            (-0.054916622 -0.086792628 -0.077502738)      (0.001102625 0.0057874159 -0.0018121889)      (-0.053813997 -0.081005212 -0.079314927)     

Moments - Moment Center (0 0 0.05) Moment Axis (0 1 0)
                          Moments [N m]                                   Coefficients                                   
Zone                      Pressure        Viscous         Total           Pressure        Viscous         Total          
jidi                      -22.924401      0.00014861665   -22.924252      -0.081304429    5.2708866e-07   -0.081303901   
jishen                    -230.04201      -0.067136647    -230.10914      -0.8158745      -0.00023810903  -0.81611261    
jitou                     545.08937       0.029533799     545.1189        1.9332318       0.00010474554   1.9333365      
liangan                   649.19768       0.13443295      649.33211       2.3024657       0.00047678431   2.3029425      
waiyi                     -45.564786      0.63836357      -44.926422      -0.16160156     0.0022640411    -0.15933752    
weiyi                     -690.50679      0.39568754      -690.1111       -2.448974       0.0014033584    -2.4475706     
xiaoyi                    56.030447       0.039913781     56.070361       0.19871941      0.00014155952   0.19886097     
youfuyi                   -2.7619287      0.013922967     -2.7480057      -0.0097955467   4.9379649e-05   -0.009746167   
youweiduo                 0.22605742      0.01769963      0.24375705      0.00080174264   6.2774085e-05   0.00086451672  
zhongyangyi               -277.35277      0.35511037      -276.99766      -0.9836684      0.0012594461    -0.98240895    
zuofuyi                   -3.5823983      0.011967294     -3.570431       -0.012705451    4.2443595e-05   -0.012663007   
zuoweiduo                 -2.280318       0.062161945     -2.2181561      -0.0080874505   0.00022046559   -0.0078669849  
------------------------- --------------- --------------- --------------- --------------- --------------- ---------------
Net                       -24.47184       1.6318058       -22.840034      -0.086792628    0.0057874159    -0.081005212   
