                                    "Force Report"

Moments - Moment Center (0 0 0.05)
                          Moments [N m]                                                                                                                             Coefficients                                                                                                                             
Zone                      Pressure                                      Viscous                                       Total                                         Pressure                                      Viscous                                       Total                                        
jidi                      (1.3880656e-08 -22.917187 0.011276499)        (3.9020009e-05 -0.0025255034 0.00098279005)   (3.903389e-05 -22.919712 0.012259289)         (4.9229587e-11 -0.081278844 3.99936e-05)      (1.3838964e-07 -8.9570328e-06 3.4855953e-06)  (1.3843887e-07 -0.081287801 4.3479196e-05)   
jishen                    (0.047043198 -229.59583 1.9829782)            (-0.0061512442 -0.068797016 0.010184101)      (0.040891954 -229.66463 1.9931623)            (0.00016684494 -0.81429208 0.0070328954)      (-2.1816204e-05 -0.00024399775 3.6119264e-05) (0.00014502874 -0.81453607 0.0070690147)     
jitou                     (-0.46306458 557.7187 4.5759097)              (-0.0046459676 0.18068637 0.055293272)        (-0.46771054 557.89939 4.631203)              (-0.00164232 1.9780234 0.016229071)           (-1.6477541e-05 0.00064082818 0.00019610493)  (-0.0016587975 1.9786642 0.016425176)        
liangan                   (-1.1821792 650.49752 -1.0243293)             (-0.024100731 0.1230476 0.034546524)          (-1.20628 650.62057 -0.98978276)              (-0.0041927556 2.3070758 -0.0036329197)       (-8.5476442e-05 0.00043640463 0.00012252383)  (-0.004278232 2.3075122 -0.0035103959)       
waiyi                     (-5.0366588 -46.813005 -2.2641848)            (0.035169199 0.4279722 -0.068150712)          (-5.0014896 -46.385032 -2.3323355)            (-0.017863179 -0.16602853 -0.0080302317)      (0.00012473223 0.0015178602 -0.00024170554)   (-0.017738446 -0.16451067 -0.0082719373)     
weiyi                     (-4.2681458 -769.40472 -9.9442719)            (0.040191595 0.071093397 -0.16068767)         (-4.2279542 -769.33362 -10.10496)             (-0.015137545 -2.7287959 -0.03526868)         (0.00014254483 0.00025214217 -0.00056990014)  (-0.014995 -2.7285438 -0.03583858)           
xiaoyi                    (8.0113636 55.664797 -0.58517283)             (0.05653061 0.031284183 -0.009946393)         (8.0678942 55.696081 -0.59511923)             (0.028413364 0.19742259 -0.0020753931)        (0.00020049331 0.00011095351 -3.5276202e-05)  (0.028613857 0.19753354 -0.0021106693)       
youfuyi                   (32.322928 -4.5686302 -0.6166808)             (0.057139451 0.0098538639 -0.17228144)        (32.380067 -4.5587763 -0.78896224)            (0.11463755 -0.016203253 -0.0021871403)       (0.00020265264 3.4948036e-05 -0.00061101899)  (0.11484021 -0.016168305 -0.0027981593)      
youweiduo                 (0.36770363 -3.2348236 2.0232963)             (0.017521251 -0.0060647425 -0.088628058)      (0.38522488 -3.2408883 1.9346682)             (0.0013041097 -0.011472731 0.0071758888)      (6.2141442e-05 -2.1509414e-05 -0.00031433117) (0.0013662512 -0.01149424 0.0068615576)      
zhongyangyi               (0.35413764 -274.73771 -2.156243)             (-0.00096513986 0.25239842 0.0013093289)      (0.3531725 -274.48531 -2.1549337)             (0.0012559961 -0.97439374 -0.0076474019)      (-3.4229966e-06 0.00089516449 4.6437087e-06)  (0.0012525731 -0.97349858 -0.0076427582)     
zuofuyi                   (-36.608026 -4.9305239 3.5371712)             (-0.036511523 0.011197476 0.16239806)         (-36.644537 -4.9193264 3.6995693)             (-0.12983522 -0.017486757 0.012545047)        (-0.00012949296 3.9713334e-05 0.00057596626)  (-0.12996471 -0.017447044 0.013121013)       
zuoweiduo                 (-1.1710545 -6.8014927 -4.238586)             (-0.0065100137 0.0082267538 0.04140801)       (-1.1775646 -6.7932659 -4.1971779)            (-0.0041533004 -0.024122396 -0.015032708)     (-2.3088628e-05 2.9177274e-05 0.000146859)    (-0.004176389 -0.024093219 -0.014885849)     
------------------------- --------------------------------------------- --------------------------------------------- --------------------------------------------- --------------------------------------------- --------------------------------------------- ---------------------------------------------
Net                       (-7.6259525 -99.122902 -8.6988365)            (0.12770651 1.038373 -0.19357219)             (-7.498246 -98.084529 -8.8924087)             (-0.027046452 -0.35155253 -0.030851578)       (0.00045292807 0.0036827276 -0.00068652946)   (-0.026593524 -0.3478698 -0.031538107)       

Moments - Moment Center (0 0 0.05) Moment Axis (0 1 0)
                          Moments [N m]                                   Coefficients                                   
Zone                      Pressure        Viscous         Total           Pressure        Viscous         Total          
jidi                      -22.917187      -0.0025255034   -22.919712      -0.081278844    -8.9570328e-06  -0.081287801   
jishen                    -229.59583      -0.068797016    -229.66463      -0.81429208     -0.00024399775  -0.81453607    
jitou                     557.7187        0.18068637      557.89939       1.9780234       0.00064082818   1.9786642      
liangan                   650.49752       0.1230476       650.62057       2.3070758       0.00043640463   2.3075122      
waiyi                     -46.813005      0.4279722       -46.385032      -0.16602853     0.0015178602    -0.16451067    
weiyi                     -769.40472      0.071093397     -769.33362      -2.7287959      0.00025214217   -2.7285438     
xiaoyi                    55.664797       0.031284183     55.696081       0.19742259      0.00011095351   0.19753354     
youfuyi                   -4.5686302      0.0098538639    -4.5587763      -0.016203253    3.4948036e-05   -0.016168305   
youweiduo                 -3.2348236      -0.0060647425   -3.2408883      -0.011472731    -2.1509414e-05  -0.01149424    
zhongyangyi               -274.73771      0.25239842      -274.48531      -0.97439374     0.00089516449   -0.97349858    
zuofuyi                   -4.9305239      0.011197476     -4.9193264      -0.017486757    3.9713334e-05   -0.017447044   
zuoweiduo                 -6.8014927      0.0082267538    -6.7932659      -0.024122396    2.9177274e-05   -0.024093219   
------------------------- --------------- --------------- --------------- --------------- --------------- ---------------
Net                       -99.122902      1.038373        -98.084529      -0.35155253     0.0036827276    -0.3478698     
