                                    "Force Report"

Moments - Moment Center (0 0 0.05)
                          Moments [N m]                                                                                                                             Coefficients                                                                                                                             
Zone                      Pressure                                      Viscous                                       Total                                         Pressure                                      Viscous                                       Total                                        
jidi                      (-4.6232784e-09 -22.893413 0.0016110619)      (3.7160153e-05 -0.00050668558 0.00040258721)  (3.715553e-05 -22.893919 0.0020136491)        (-1.639707e-11 -0.081194526 5.7138449e-06)    (1.3179341e-07 -1.7970276e-06 1.427829e-06)   (1.3177702e-07 -0.081196323 7.1416739e-06)   
jishen                    (0.15399201 -231.58092 1.1060222)             (-0.012489953 -0.079056976 -0.006509617)      (0.14150206 -231.65997 1.0995126)             (0.00054615309 -0.82133245 0.0039226546)      (-4.4297275e-05 -0.00028038606 -2.3087221e-05) (0.00050185582 -0.82161284 0.0038995673)     
jitou                     (-0.43298426 538.64233 4.2510744)             (-0.0046787676 -0.038112012 0.053279369)      (-0.43766303 538.60422 4.3043537)             (-0.0015356361 1.9103665 0.015076999)         (-1.659387e-05 -0.00013516931 0.00018896235)  (-0.00155223 1.9102313 0.015265962)          
liangan                   (0.026097291 646.28742 -0.2342798)            (0.004772604 0.10885719 0.0048340388)         (0.030869895 646.39628 -0.22944576)           (9.2557505e-05 2.2921441 -0.00083090439)      (1.6926673e-05 0.00038607647 1.714456e-05)    (0.00010948418 2.2925302 -0.00081375983)     
waiyi                     (-20.559004 -47.63046 -0.36601185)            (0.0031351038 0.64196173 -0.0023152955)       (-20.555869 -46.988498 -0.36832715)           (-0.072915237 -0.16892775 -0.0012981096)      (1.1119062e-05 0.0022768025 -8.2115027e-06)   (-0.072904117 -0.16665094 -0.0013063211)     
weiyi                     (-4.0019904 -658.64526 -12.570887)            (0.035435998 0.53413306 -0.12810684)          (-3.9665544 -658.11112 -12.698994)            (-0.01419359 -2.3359728 -0.044584318)         (0.00012567847 0.0018943738 -0.0004543479)    (-0.014067912 -2.3340784 -0.045038666)       
xiaoyi                    (2.0297987 55.889554 -0.15437591)             (0.023335445 0.039341551 -0.014205242)        (2.0531341 55.928895 -0.16858115)             (0.0071989503 0.19821972 -0.00054751465)      (8.2762253e-05 0.00013953003 -5.0380776e-05)  (0.0072817125 0.19835925 -0.00059789542)     
youfuyi                   (16.166687 -2.3401989 0.92229662)             (0.01946013 0.018090857 -0.21631401)          (16.186147 -2.322108 0.70598261)              (0.057337299 -0.0082998258 0.0032710473)      (6.9017934e-05 6.4161625e-05 -0.00076718635)  (0.057406317 -0.0082356642 0.002503861)      
youweiduo                 (-0.046425958 0.18914609 0.043579218)         (0.0056668908 0.041350527 -0.081245025)       (-0.040759067 0.23049662 -0.037665807)        (-0.00016465582 0.00067083172 0.00015455948)  (2.009838e-05 0.00014665513 -0.00028814626)   (-0.00014455744 0.00081748685 -0.00013358678)
zhongyangyi               (1.5449129 -282.27024 0.1190152)              (0.016987833 0.34988716 -0.0098159521)        (1.5619007 -281.92035 0.10919925)             (0.0054792386 -1.0011089 0.0004221032)        (6.0249603e-05 0.0012409212 -3.4813577e-05)   (0.0055394882 -0.99986793 0.00038728962)     
zuofuyi                   (-25.429934 -3.3120629 2.8344556)             (-0.032018965 0.012328513 0.1705939)          (-25.461953 -3.2997344 3.0050495)             (-0.090190634 -0.011746671 0.010052773)       (-0.00011355951 4.3724707e-05 0.00060503392)  (-0.090304194 -0.011702946 0.010657807)      
zuoweiduo                 (-0.10298349 -0.77804546 -0.58351948)         (0.0078554046 0.059627651 0.038766828)        (-0.095128083 -0.7184178 -0.54475266)         (-0.00036524461 -0.0027594414 -0.0020695293)  (2.7860235e-05 0.00021147738 0.0001374917)    (-0.00033738437 -0.0025479641 -0.0019320376) 
------------------------- --------------------------------------------- --------------------------------------------- --------------------------------------------- --------------------------------------------- --------------------------------------------- ---------------------------------------------
Net                       (-30.651835 -8.4421408 -4.6310196)            (0.067498884 1.6879026 -0.19063526)           (-30.584336 -6.7542382 -4.8216548)            (-0.1087108 -0.029941173 -0.016424525)        (0.00023939375 0.0059863704 -0.00067611323)   (-0.10847141 -0.023954802 -0.017100639)      

Moments - Moment Center (0 0 0.05) Moment Axis (0 1 0)
                          Moments [N m]                                   Coefficients                                   
Zone                      Pressure        Viscous         Total           Pressure        Viscous         Total          
jidi                      -22.893413      -0.00050668558  -22.893919      -0.081194526    -1.7970276e-06  -0.081196323   
jishen                    -231.58092      -0.079056976    -231.65997      -0.82133245     -0.00028038606  -0.82161284    
jitou                     538.64233       -0.038112012    538.60422       1.9103665       -0.00013516931  1.9102313      
liangan                   646.28742       0.10885719      646.39628       2.2921441       0.00038607647   2.2925302      
waiyi                     -47.63046       0.64196173      -46.988498      -0.16892775     0.0022768025    -0.16665094    
weiyi                     -658.64526      0.53413306      -658.11112      -2.3359728      0.0018943738    -2.3340784     
xiaoyi                    55.889554       0.039341551     55.928895       0.19821972      0.00013953003   0.19835925     
youfuyi                   -2.3401989      0.018090857     -2.322108       -0.0082998258   6.4161625e-05   -0.0082356642  
youweiduo                 0.18914609      0.041350527     0.23049662      0.00067083172   0.00014665513   0.00081748685  
zhongyangyi               -282.27024      0.34988716      -281.92035      -1.0011089      0.0012409212    -0.99986793    
zuofuyi                   -3.3120629      0.012328513     -3.2997344      -0.011746671    4.3724707e-05   -0.011702946   
zuoweiduo                 -0.77804546     0.059627651     -0.7184178      -0.0027594414   0.00021147738   -0.0025479641  
------------------------- --------------- --------------- --------------- --------------- --------------- ---------------
Net                       -8.4421408      1.6879026       -6.7542382      -0.029941173    0.0059863704    -0.023954802   
