                                    "Force Report"

Forces
                          Forces [N]                                                                                                                                Coefficients                                                                                                                             
Zone                      Pressure                                      Viscous                                       Total                                         Pressure                                      Viscous                                       Total                                        
jidi                      (1143.7717 1.1611096e-07 0.00043493937)       (6.0898163e-09 0.00034263161 -0.0011238904)   (1143.7717 0.00034274773 -0.00068895106)      (1.4794195 1.5018452e-10 5.6257534e-07)       (7.876915e-12 4.4317923e-07 -1.4537038e-06)   (1.4794195 4.4332941e-07 -8.9112851e-07)     
jishen                    (9077.6714 0.58896323 -12501.672)             (1.222213 -0.056342532 -0.080480624)          (9078.8936 0.5326207 -12501.753)              (11.741577 0.00076179856 -16.170375)          (0.0015808799 -7.2876637e-05 -0.00010409822)  (11.743158 0.00068892192 -16.170479)         
jitou                     (-11241.123 -7.2963978 -9.2783618)            (1.1782114 -0.086312185 -0.074486747)         (-11239.945 -7.38271 -9.3528485)              (-14.539909 -0.0094375762 -0.012001161)       (0.0015239657 -0.00011164109 -9.6345397e-05)  (-14.538385 -0.0095492173 -0.012097507)      
liangan                   (-81.160744 -0.32955548 -3082.4446)           (1.1661259 -0.032271132 -0.090020365)         (-79.994618 -0.36182661 -3082.5346)           (-0.10497792 -0.00042626581 -3.9870093)       (0.0015083337 -4.1741318e-05 -0.00011643746)  (-0.10346959 -0.00046800713 -3.9871257)      
waiyi                     (-130.74817 -1.531888 1452.4566)              (3.8143003 -0.28847051 -0.081994315)          (-126.93387 -1.8203585 1452.3746)             (-0.16911712 -0.0019814311 1.8786901)         (0.004933633 -0.00037312418 -0.00010605611)   (-0.16418349 -0.0023545553 1.878584)         
weiyi                     (43.879521 -7.9225674 488.51776)              (1.542182 -0.084811461 -0.12178736)           (45.421703 -8.0073789 488.39597)              (0.056756269 -0.0102475 0.63187667)           (0.001994746 -0.00010969997 -0.0001575267)    (0.058751015 -0.0103572 0.63171914)          
xiaoyi                    (150.93033 -0.26436269 -372.55681)            (0.30681255 -0.020176397 -0.024598374)        (151.23714 -0.28453908 -372.58141)            (0.19522188 -0.00034194174 -0.48188618)       (0.00039684881 -2.60973e-05 -3.1816937e-05)   (0.19561872 -0.00036803904 -0.481918)        
youfuyi                   (-0.90631362 -0.33516732 10.402192)           (0.18600818 -0.023057395 0.00020561652)       (-0.72030544 -0.35822471 10.402397)           (-0.0011722776 -0.00043352448 0.013454787)    (0.00024059357 -2.9823747e-05 2.6595611e-07)  (-0.00093168404 -0.00046334823 0.013455053)  
youweiduo                 (-1.0337556 -0.67447287 -1.1030009)           (0.15537697 -0.01260866 -0.0050249858)        (-0.87837867 -0.68708153 -1.1080259)          (-0.0013371184 -0.0008724016 -0.0014266842)   (0.00020097342 -1.6308758e-05 -6.4996026e-06) (-0.001136145 -0.00088871036 -0.0014331838)  
zhongyangyi               (1055.7747 -0.017182657 14080.089)            (2.3096817 -0.13225028 -0.075483766)          (1058.0844 -0.14943293 14080.014)             (1.3655991 -2.2225026e-05 18.211989)          (0.0029874738 -0.00017106003 -9.7634999e-05)  (1.3685865 -0.00019328506 18.211891)         
zuofuyi                   (-1.2598273 -0.21560018 -9.4842707)           (0.12971282 -0.024955168 -0.044130661)        (-1.1301145 -0.24055534 -9.5284014)           (-0.0016295324 -0.00027886954 -0.012267495)   (0.00016777794 -3.2278434e-05 -5.7081108e-05) (-0.0014617544 -0.00031114797 -0.012324577)  
zuoweiduo                 (-0.99788993 0.34122243 -0.51199847)          (0.155353 -0.013570981 -0.016589888)          (-0.84253693 0.32765145 -0.52858836)          (-0.0012907276 0.00044135651 -0.00066224796)  (0.00020094241 -1.7553479e-05 -2.1458305e-05) (-0.0010897852 0.00042380303 -0.00068370627) 
------------------------- --------------------------------------------- --------------------------------------------- --------------------------------------------- --------------------------------------------- --------------------------------------------- ---------------------------------------------
Net                       (14.797546 -17.657009 54.414861)              (12.165978 -0.77448407 -0.61551536)           (26.963524 -18.431493 53.799346)              (0.019139988 -0.02283858 0.070383278)         (0.015736168 -0.0010017618 -0.00079614259)    (0.034876156 -0.023840342 0.069587135)       

Forces - Direction Vector (0.99513403 -0.069756474 -0.06958655)
                          Forces [N]                                      Coefficients                                   
Zone                      Pressure        Viscous         Total           Pressure        Viscous         Total          
jidi                      1138.2062       5.4312945e-05   1138.2062       1.4722206       7.0251454e-08   1.4722207      
jishen                    9903.4069       1.2257964       9904.6327       12.80963        0.0015855148    12.811216      
jitou                     -11185.27       1.1836824       -11184.086      -14.467665      0.0015310422    -14.466134     
liangan                   133.75386       1.1689669       134.92282       0.17300485      0.0015120084    0.17451686     
waiyi                     -231.07654      3.8215684       -227.25497      -0.29888754     0.0049430341    -0.29394451    
weiyi                     10.224389       1.5490687       11.773458       0.013224807     0.0020036537    0.015228461    
xiaoyi                    176.13929       0.30843876      176.44773       0.22782858      0.00039895225   0.22822753     
youfuyi                   -1.6023761      0.18669717      -1.4156789      -0.0020726044   0.00024148474   -0.0018311197  
youweiduo                 -0.90492255     0.15585012      -0.74907242     -0.0011704783   0.00020158542   -0.0009688929  
zhongyangyi               70.853677       2.3129208       73.166598       0.091646178     0.0029916634    0.094637842    
zuofuyi                   -0.57867988     0.13389333      -0.44478656     -0.00074849749  0.00017318525   -0.00057531225 
zuoweiduo                 -0.9812085      0.15669815      -0.82451035     -0.0012691509   0.00020268231   -0.0010664686  
------------------------- --------------- --------------- --------------- --------------- --------------- ---------------
Net                       12.17069        12.203636       24.374325       0.015742263     0.015784877     0.031527139    
