                                    "Force Report"

Forces
                          Forces [N]                                                                                                                                Coefficients                                                                                                                             
Zone                      Pressure                                      Viscous                                       Total                                         Pressure                                      Viscous                                       Total                                        
jidi                      (1145.7106 -2.2837649e-07 0.00043633903)      (-2.3866445e-09 -0.00067510202 -0.0011000137) (1145.7106 -0.0006753304 -0.00066367467)      (1.4819272 -2.9539515e-10 5.6438573e-07)      (-3.0870218e-12 -8.7321538e-07 -1.4228203e-06) (1.4819272 -8.7351077e-07 -8.5843459e-07)    
jishen                    (9087.6087 0.15702734 -12509.467)             (1.2112293 -0.1814287 -0.053573576)           (9088.8199 -0.024401364 -12509.521)           (11.75443 0.00020310809 -16.180457)           (0.0015666729 -0.0002346702 -6.9295112e-05)   (11.755997 -3.1562113e-05 -16.180526)        
jitou                     (-11256.392 -20.108811 11.427624)             (1.128352 -0.25485447 0.13789815)             (-11255.264 -20.363666 11.565522)             (-14.559658 -0.026009881 0.01478114)          (0.0014594747 -0.00032964328 0.00017836532)   (-14.558199 -0.026339524 0.014959505)        
liangan                   (-81.12286 -2.9015887 -3076.5783)             (1.1902663 -0.19584593 0.019751204)           (-79.932593 -3.0974347 -3076.5586)            (-0.10492892 -0.00375308 -3.9794215)          (0.0015395582 -0.00025331827 2.5547331e-05)   (-0.10338936 -0.0040063983 -3.9793959)       
waiyi                     (-154.02703 -0.92957243 1764.0677)            (4.2122383 -0.78229604 0.5055398)             (-149.81479 -1.7118685 1764.5733)             (-0.19922732 -0.0012023619 2.2817456)         (0.0054483487 -0.0010118662 0.00065389394)    (-0.19377897 -0.0022142281 2.2823995)        
weiyi                     (43.178286 -27.08024 541.61151)               (1.3917406 -0.27740225 0.0033369053)          (44.570027 -27.357642 541.61484)              (0.055849252 -0.035027124 0.70055115)         (0.0018001564 -0.00035880786 4.3161432e-06)   (0.057649409 -0.035385931 0.70055546)        
xiaoyi                    (152.20719 -1.3964993 -370.30413)             (0.3287102 -0.063615244 0.018808898)          (152.5359 -1.4601146 -370.28532)              (0.19687344 -0.0018063117 -0.47897244)        (0.00042517248 -8.2283577e-05 2.4328498e-05)  (0.19729861 -0.0018885953 -0.47894811)       
youfuyi                   (-0.81965158 -0.61210485 15.902331)           (0.15837094 -0.061564803 0.025672696)         (-0.66128064 -0.67366965 15.928003)           (-0.001060184 -0.00079173124 0.020568979)     (0.00020484599 -7.963142e-05 3.3206526e-05)   (-0.00085533801 -0.00087136266 0.020602186)  
youweiduo                 (-0.91464106 -0.27053208 -0.42903976)         (0.15127879 -0.04639633 0.017616332)          (-0.76336226 -0.31692841 -0.41142343)         (-0.0011830488 -0.00034992159 -0.00055494444) (0.0001956726 -6.0011654e-05 2.2785967e-05)   (-0.00098737619 -0.00040993325 -0.00053215847)
zhongyangyi               (1044.9974 -0.035860038 14276.658)            (2.4640682 -0.31435752 0.21735486)            (1047.4615 -0.35021756 14276.876)             (1.3516591 -4.6383414e-05 18.466242)          (0.003187166 -0.00040660791 0.00028113915)    (1.3548463 -0.00045299133 18.466523)         
zuofuyi                   (-1.7466105 -0.051117967 -2.1835836)          (0.14485128 -0.057615424 -0.010995939)        (-1.6017593 -0.10873339 -2.1945795)           (-0.0022591655 -6.6118887e-05 -0.0028243713)  (0.00018735889 -7.4523068e-05 -1.4222773e-05) (-0.0020718066 -0.00014064196 -0.0028385941) 
zuoweiduo                 (-0.90669855 -0.76295959 1.3726426)           (0.14768721 -0.034429081 -0.015740547)        (-0.75901133 -0.79738867 1.356902)            (-0.0011727755 -0.00098685535 0.001775454)    (0.00019102705 -4.4532532e-05 -2.0359719e-05) (-0.00098174845 -0.0010313879 0.0017550943)  
------------------------- --------------------------------------------- --------------------------------------------- --------------------------------------------- --------------------------------------------- --------------------------------------------- ---------------------------------------------
Net                       (-22.227507 -53.992259 652.07822)             (12.528793 -2.2704809 0.86456877)             (-9.6987138 -56.26274 652.94279)              (-0.028750322 -0.069836661 0.84343508)        (0.016205454 -0.0029367692 0.0011182825)      (-0.012544868 -0.07277343 0.84455336)        

Forces - Direction Vector (0.97576488 -0.20791169 0.068232127)
                          Forces [N]                                      Coefficients                                   
Zone                      Pressure        Viscous         Total           Pressure        Viscous         Total          
jidi                      1117.9442       6.5303e-05      1117.9442       1.4460126       8.4466617e-08   1.4460127      
jishen                    8013.7892       1.2159408       8015.0051       10.365491       0.001572767     10.367064      
jitou                     -10978.632      1.1634026       -10977.468      -14.200387      0.0015048111    -14.198882     
liangan                   -288.47505      1.2034864       -287.27156      -0.37313004     0.0015566578    -0.37157338    
waiyi                     -29.734801      4.3072967       -25.427504      -0.038460683    0.0055713027    -0.032889381   
weiyi                     84.717459       1.4159144       86.133373       0.10957838      0.0018314243    0.11140981     
xiaoyi                    123.54214       0.3352536       123.87739       0.15979643      0.00043363608   0.16023007     
youfuyi                   0.41252637      0.16908455      0.58161092      0.00053358508   0.00021870357   0.00075228866  
youweiduo                 -0.86550214     0.15846087      -0.70704126     -0.0011194897   0.00020496231   -0.00091452741 
zhongyangyi               1993.806        2.4845404       1996.2906       2.5789022       0.0032136459    2.5821158      
zuofuyi                   -1.8426438      0.15256944      -1.6900743      -0.0023833803   0.00019734199   -0.0021860383  
zuoweiduo                 -0.63243806     0.15019219      -0.48224587     -0.00081803138  0.00019426713   -0.00062376425 
------------------------- --------------- --------------- --------------- --------------- --------------- ---------------
Net                       34.029485       12.756207       46.785692       0.044015672     0.016499604     0.060515277    
