                                    "Force Report"

Forces
                          Forces [N]                                                                                                                                Coefficients                                                                                                                             
Zone                      Pressure                                      Viscous                                       Total                                         Pressure                                      Viscous                                       Total                                        
jidi                      (1145.1358 -1.5530716e-07 0.00043542314)      (2.8514037e-08 0.0013836786 0.0046254637)     (1145.1358 0.0013835233 0.0050608868)         (1.4811838 -2.0088311e-10 5.6320107e-07)      (3.6881679e-11 1.7897286e-06 5.9828379e-06)   (1.4811838 1.7895277e-06 6.546039e-06)       
jishen                    (9085.2674 0.0088195344 -12499.943)           (1.151428 -0.061547604 0.010985102)           (9086.4189 -0.05272807 -12499.932)            (11.751402 1.1407688e-05 -16.168138)          (0.0014893225 -7.9609174e-05 1.4208756e-05)   (11.752891 -6.8201486e-05 -16.168124)        
jitou                     (-11254.812 -6.8571149 16.922246)             (1.1478661 -0.085512835 0.19094582)           (-11253.664 -6.9426278 17.113192)             (-14.557615 -0.0088693827 0.021888196)        (0.0014847153 -0.00011060717 0.00024698019)   (-14.55613 -0.0089799899 0.022135176)        
liangan                   (-81.126091 0.27935854 -3073.0308)            (1.1597109 -0.038389339 0.063906831)          (-79.96638 0.2409692 -3072.9668)              (-0.1049331 0.00036133823 -3.9748329)         (0.001500036 -4.9654955e-05 8.2660731e-05)    (-0.10343307 0.00031168327 -3.9747502)       
waiyi                     (-171.10543 -0.54092623 1842.1827)            (4.1385614 -0.25480878 0.66667471)            (-166.96687 -0.79573501 1842.8494)            (-0.2213175 -0.00069966476 2.3827839)         (0.0053530509 -0.00032958418 0.00086231501)   (-0.21596445 -0.0010292489 2.3836462)        
weiyi                     (45.886111 -8.4891571 559.13518)              (1.506953 -0.087029136 0.035663513)           (47.393064 -8.5761863 559.17084)              (0.059351707 -0.010980359 0.72321726)         (0.0019491788 -0.00011256844 4.6129217e-05)   (0.061300886 -0.011092927 0.72326339)        
xiaoyi                    (152.97169 -0.26107921 -368.64274)            (0.34413904 -0.022020982 0.041747325)         (153.31583 -0.2831002 -368.60099)             (0.1978623 -0.00033769471 -0.47682349)        (0.00044512901 -2.8483191e-05 5.3998365e-05)  (0.19830742 -0.0003661779 -0.47676949)       
youfuyi                   (-0.38002019 -0.63068028 17.768889)           (0.15764996 -0.012570133 0.029428917)         (-0.22237023 -0.64325042 17.798318)           (-0.00049153974 -0.00081575777 0.022983292)   (0.00020391342 -1.6258926e-05 3.8065036e-05)  (-0.00028762631 -0.0008320167 0.023021357)   
youweiduo                 (-0.91711438 0.39499182 0.72987361)           (0.15397978 -0.017509444 0.0082627523)        (-0.7631346 0.37748238 0.73813637)            (-0.0011862479 0.0005109049 0.00094406007)    (0.00019916621 -2.2647711e-05 1.0687514e-05)  (-0.00098708172 0.00048825719 0.00095474758) 
zhongyangyi               (1036.7509 0.0039223738 14314.864)            (2.4016065 -0.085293853 0.31011226)           (1039.1526 -0.081371479 14315.175)            (1.3409927 5.0734215e-06 18.51566)            (0.0031063746 -0.00011032392 0.00040111684)   (1.344099 -0.0001052505 18.516061)           
zuofuyi                   (-1.8632438 -0.022464686 1.1403833)           (0.12841708 -0.02501054 0.0053106881)         (-1.7348267 -0.047475226 1.145694)            (-0.0024100255 -2.9057103e-05 0.0014750366)   (0.00016610196 -3.2350056e-05 6.8691462e-06)  (-0.0022439236 -6.1407159e-05 0.0014819058)  
zuoweiduo                 (-0.91148297 -0.73394354 1.2971653)           (0.14933685 -0.0066749746 -0.001159666)       (-0.76214612 -0.74061851 1.2960056)           (-0.0011789639 -0.00094932434 0.0016778274)   (0.00019316077 -8.633792e-06 -1.499978e-06)   (-0.00098580316 -0.00095795813 0.0016763274) 
------------------------- --------------------------------------------- --------------------------------------------- --------------------------------------------- --------------------------------------------- --------------------------------------------- ---------------------------------------------
Net                       (-45.103611 -16.848274 812.42447)             (12.439649 -0.69498394 1.3665037)             (-32.663962 -17.543258 813.79098)             (-0.058339577 -0.021792516 1.050836)          (0.016090149 -0.00089893178 0.0017675137)     (-0.042249427 -0.022691448 1.0526036)        

Forces - Direction Vector (0.99209929 -0.069756474 0.10427384)
                          Forces [N]                                      Coefficients                                   
Zone                      Pressure        Viscous         Total           Pressure        Viscous         Total          
jidi                      1136.0884       0.0003858226    1136.0888       1.4694814       4.990449e-07    1.4694819      
jishen                    7710.0697       1.1477697       7711.2175       9.9726429       0.0014845906    9.9741275      
jitou                     -11163.648      1.1646728       -11162.484      -14.439698      0.0015064541    -14.438192     
liangan                   -400.94133      1.15989         -399.78144      -0.51860034     0.0015002678    -0.51710007    
waiyi                     22.375614       4.1931552       26.568769       0.028941892     0.0054236655    0.034365558    
weiyi                     104.41892       1.5048366       105.92376       0.13506138      0.0019464413    0.13700782     
xiaoyi                    113.34153       0.34730935      113.68884       0.14660238      0.00044922968   0.14705161     
youfuyi                   1.5198065       0.16034992      1.6801564       0.0019658042    0.00020740572   0.0021732099   
youweiduo                 -0.86131504     0.15484622      -0.70646882     -0.0011140739   0.00020028691   -0.00091378698 
zhongyangyi               2521.2255       2.4209185       2523.6464       3.2610965       0.0031313538    3.2642278      
zuofuyi                   -1.7280436      0.1297009       -1.5983427      -0.00223515     0.00016776253   -0.0020673874  
zuoweiduo                 -0.71782389     0.14850168      -0.56932221     -0.00092847427  0.00019208052   -0.00073639375 
------------------------- --------------- --------------- --------------- --------------- --------------- ---------------
Net                       41.142633       12.532337       53.67497        0.053216223     0.016210038     0.06942626     
