                                    "Force Report"

Forces
                          Forces [N]                                                                                                                                Coefficients                                                                                                                             
Zone                      Pressure                                      Viscous                                       Total                                         Pressure                                      Viscous                                       Total                                        
jidi                      (1144.6499 9.0153185e-07 0.00043607905)       (1.437272e-08 4.4355229e-05 -0.0050551879)    (1144.6499 4.5256761e-05 -0.0046191088)       (1.4805554 1.1660926e-09 5.6404946e-07)       (1.8590494e-11 5.7371577e-08 -6.5386677e-06)  (1.4805554 5.853767e-08 -5.9746182e-06)      
jishen                    (9079.8839 0.48775641 -12514.908)             (1.2747522 -0.1599782 -0.14707741)            (9081.1587 0.32777821 -12515.055)             (11.744439 0.0006308919 -16.187494)           (0.001648837 -0.0002069249 -0.00019023829)    (11.746087 0.000423967 -16.187685)           
jitou                     (-11242.426 -19.525333 -14.563267)            (1.1432138 -0.24979022 -0.12607069)           (-11241.283 -19.775124 -14.689338)            (-14.541594 -0.025255177 -0.018836958)        (0.0014786978 -0.00032309289 -0.000163067)    (-14.540115 -0.02557827 -0.019000025)        
liangan                   (-81.183394 -2.5459416 -3087.1672)            (1.2748812 -0.18313968 -0.14112543)           (-79.908513 -2.7290812 -3087.3083)            (-0.10500722 -0.0032930657 -3.9931177)        (0.0016490038 -0.00023688328 -0.00018253966)  (-0.10335822 -0.003529949 -3.9933002)        
waiyi                     (-135.33338 -1.8869893 1370.0777)             (3.1860857 -0.84354554 -0.19137099)           (-132.14729 -2.7305348 1369.8863)             (-0.17504789 -0.0024407393 1.7721365)         (0.0041210646 -0.0010910898 -0.00024753013)   (-0.17092683 -0.0035318291 1.7718889)        
weiyi                     (38.956227 -28.036256 479.25536)              (1.3815717 -0.27206382 -0.12492467)           (40.337799 -28.30832 479.13044)               (0.050388201 -0.036263689 0.61989616)         (0.0017870034 -0.00035190283 -0.00016158468)  (0.052175204 -0.036615592 0.61973457)        
xiaoyi                    (150.72197 -1.2668669 -373.89513)             (0.31616708 -0.06356028 -0.041675458)         (151.03813 -1.3304271 -373.9368)              (0.19495237 -0.0016386377 -0.48361724)        (0.0004089485 -8.2212483e-05 -5.3905409e-05)  (0.19536132 -0.0017208502 -0.48367114)       
youfuyi                   (-0.86337197 -0.22245439 8.3228388)           (0.17355621 -0.070798798 -0.0075861589)       (-0.68981576 -0.29325319 8.3152526)           (-0.0011167344 -0.00028773517 0.010765233)    (0.00022448748 -9.1575195e-05 -9.8123696e-06) (-0.00089224695 -0.00037931036 0.010755421)  
youweiduo                 (-1.1073372 -1.241913 -2.1546697)             (0.14504272 -0.038304848 0.0023298145)        (-0.96229445 -1.2802179 -2.1523398)           (-0.0014322929 -0.001606361 -0.0027869724)    (0.00018760651 -4.954567e-05 3.0135146e-06)   (-0.0012446864 -0.0016559067 -0.0027839588)  
zhongyangyi               (1056.2544 -0.045260415 14026.438)            (1.9401006 -0.37216252 -0.10213302)           (1058.1945 -0.41742294 14026.336)             (1.3662195 -5.8542397e-05 18.142593)          (0.0025094366 -0.00048137618 -0.00013210466)  (1.368729 -0.00053991858 18.142461)          
zuofuyi                   (-1.0810512 -0.21807344 -9.8030647)           (0.13756573 -0.075300225 -0.044551385)        (-0.94348544 -0.29337367 -9.8476161)          (-0.0013982931 -0.0002820686 -0.012679842)    (0.00017793534 -9.7397596e-05 -5.7625297e-05) (-0.0012203578 -0.0003794662 -0.012737467)   
zuoweiduo                 (-0.95505434 0.12338675 -0.099056622)         (0.15252994 -0.04161731 -0.029885831)         (-0.8025244 0.081769438 -0.12894245)          (-0.0012353216 0.00015959544 -0.00012812547)  (0.0001972909 -5.3830197e-05 -3.8656035e-05)  (-0.0010380307 0.00010576524 -0.00016678151) 
------------------------- --------------------------------------------- --------------------------------------------- --------------------------------------------- --------------------------------------------- --------------------------------------------- ---------------------------------------------
Net                       (7.5164284 -54.377944 -118.49621)             (11.125467 -2.3702171 -0.95912641)            (18.641895 -56.748161 -119.45534)             (0.0097221762 -0.070335527 -0.15326975)       (0.014390312 -0.0030657737 -0.0012405887)     (0.024112488 -0.073401301 -0.15451033)       

Forces - Direction Vector (0.97278921 -0.20791169 -0.10224427)
                          Forces [N]                                      Coefficients                                   
Zone                      Pressure        Viscous         Total           Pressure        Viscous         Total          
jidi                      1113.5031       0.00050765598   1113.5036       1.4402682       6.5663114e-07   1.4402689      
jishen                    10112.289       1.2883643       10113.578       13.07981        0.0016664437    13.081477      
jitou                     -10930.962      1.1769304       -10929.786      -14.138729      0.0015223087    -14.137207     
liangan                   237.20014       1.2926968       238.49284       0.30680816      0.0016720476    0.30848021     
waiyi                     -271.34111      3.2943394       -268.04677      -0.35096803     0.004261086     -0.34670695    
weiyi                     -5.2758503      1.4133161       -3.8625343      -0.0068240851   0.0018280634    -0.0049960216  
xiaoyi                    185.11273       0.32503993      185.43777       0.23943534      0.00042042514   0.23985577     
youfuyi                   -1.6445906      0.18432915      -1.4602615      -0.0021272071   0.00023842181   -0.0018887853  
youweiduo                 -0.59869479     0.14882181      -0.44987299     -0.00077438592  0.00019249459   -0.00058189132 
zhongyangyi               -406.60058      1.9751284       -404.62545      -0.52592033     0.0025547435    -0.52336559    
zuofuyi                   -0.0039877342   0.15403338      0.15004564      -5.1579623e-06  0.00019923554   0.00019407757  
zuoweiduo                 -0.94459213     0.16008786      -0.78450427     -0.0012217892   0.00020706675   -0.0010147225  
------------------------- --------------- --------------- --------------- --------------- --------------- ---------------
Net                       30.733269       11.413595       42.146864       0.039752159     0.014762993     0.054515153    
