                                    "Force Report"

Forces
                          Forces [N]                                                                                                                                Coefficients                                                                                                                             
Zone                      Pressure                                      Viscous                                       Total                                         Pressure                                      Viscous                                       Total                                        
jidi                      (1145.4353 6.3172226e-08 0.00043606825)       (6.5465445e-10 -0.0026839846 -7.9954783e-05)  (1145.4353 -0.0026839214 0.00035611346)       (1.4815712 8.1710552e-11 5.6403548e-07)       (8.4676732e-13 -3.4716184e-06 -1.0341807e-07) (1.4815712 -3.4715367e-06 4.6061742e-07)     
jishen                    (9086.3272 0.4483597 -12510.858)              (1.2310013 -0.17681206 -0.06664965)           (9087.5582 0.27154764 -12510.925)             (11.752773 0.00057993395 -16.182256)          (0.0015922472 -0.00022869878 -8.620845e-05)   (11.754365 0.00035123517 -16.182342)         
jitou                     (-11253.661 -20.345867 6.3919381)             (1.135225 -0.25513752 0.086910706)            (-11252.525 -20.601004 6.4788488)             (-14.556125 -0.026316502 0.0082676965)        (0.0014683647 -0.00033000939 0.00011241525)   (-14.554657 -0.026646511 0.0083801117)       
liangan                   (-81.127711 -2.7861902 -3078.7584)            (1.2078723 -0.19270969 -0.01640965)           (-79.919839 -2.9788999 -3078.7748)            (-0.1049352 -0.003603817 -3.9822413)          (0.0015623308 -0.00024926168 -2.1225175e-05)  (-0.10337287 -0.0038530787 -3.9822625)       
waiyi                     (-141.41627 -1.1744428 1691.6875)             (4.2543416 -0.78167238 0.35417099)            (-137.16193 -1.9561151 1692.0416)             (-0.18291585 -0.0015190911 2.1881248)         (0.0055028075 -0.0010110595 0.00045810491)    (-0.17741304 -0.0025301506 2.1885829)        
weiyi                     (43.158154 -27.269884 528.57288)              (1.4173437 -0.27896852 -0.024373204)          (44.575498 -27.548852 528.5485)               (0.055823213 -0.035272419 0.68368624)         (0.0018332729 -0.00036083375 -3.152569e-05)   (0.057656486 -0.035633253 0.68365471)        
xiaoyi                    (151.86091 -1.2464855 -371.03946)             (0.32122079 -0.061874847 0.0064489659)        (152.18213 -1.3083603 -371.03301)             (0.19642554 -0.0016122752 -0.47992355)        (0.00041548525 -8.0032449e-05 8.3414594e-06)  (0.19684103 -0.0016923077 -0.47991521)       
youfuyi                   (-0.93852531 -0.5243444 14.876797)            (0.16949485 -0.06787359 0.018587107)          (-0.76903046 -0.59221799 14.895384)           (-0.001213942 -0.00067821689 0.019242495)     (0.00021923428 -8.7791564e-05 2.4041621e-05)  (-0.00099470776 -0.00076600845 0.019266537)  
youweiduo                 (-0.95381262 -0.47565995 -0.79718072)         (0.15288281 -0.046950725 0.015781972)         (-0.80092982 -0.52261068 -0.78139874)         (-0.0012337155 -0.00061524565 -0.0010311189)  (0.00019774732 -6.072874e-05 2.0413301e-05)   (-0.0010359682 -0.00067597439 -0.0010107056) 
zhongyangyi               (1051.0358 -0.033913041 14233.344)            (2.4881973 -0.34192896 0.1455392)             (1053.524 -0.375842 14233.489)                (1.3594695 -4.3865057e-05 18.410217)          (0.003218376 -0.00044227038 0.00018824868)    (1.3626878 -0.00048613544 18.410405)         
zuofuyi                   (-1.738754 -0.11031342 -4.2601833)            (0.14855749 -0.055760255 -0.021602125)        (-1.5901965 -0.16607368 -4.2817854)           (-0.0022490034 -0.00014268566 -0.0055103635)  (0.00019215271 -7.2123487e-05 -2.7941418e-05) (-0.0020568507 -0.00021480915 -0.005538305)  
zuoweiduo                 (-0.91372905 -0.5785043 1.0651529)            (0.15054484 -0.035611997 -0.018752722)        (-0.76318421 -0.6141163 1.0464002)            (-0.0011818692 -0.00074827039 0.0013777294)   (0.00019472327 -4.6062584e-05 -2.4255838e-05) (-0.00098714589 -0.00079433297 0.0013534735) 
------------------------- --------------------------------------------- --------------------------------------------- --------------------------------------------- --------------------------------------------- --------------------------------------------- ---------------------------------------------
Net                       (-2.932004 -54.097244 510.22518)              (12.676682 -2.2979845 0.47957163)             (9.7446781 -56.395229 510.70475)              (-0.0037924208 -0.069972454 0.65995429)       (0.016396742 -0.002972344 0.00062030523)      (0.012604321 -0.072944798 0.66057459)        

Forces - Direction Vector (0.97755174 -0.20791169 0.034136859)
                          Forces [N]                                      Coefficients                                   
Zone                      Pressure        Viscous         Total           Pressure        Viscous         Total          
jidi                      1119.7223       0.000555303     1119.7228       1.4483125       7.1826051e-07   1.4483132      
jishen                    8455.1804       1.2378536       8456.4182       10.936411       0.0016011103    10.938013      
jitou                     -10996.587      1.1657541       -10995.421      -14.223612      0.0015078527    -14.222104     
liangan                   -183.82639      1.2202641       -182.60613      -0.23777152     0.0015783591    -0.23619316    
waiyi                     -80.248641      4.3334481       -75.915193      -0.10379816     0.0056051284    -0.09819303    
weiyi                     65.902874       1.4426955       67.34557        0.085242528     0.0018660645    0.087108592    
xiaoyi                    136.04493       0.32709459      136.37203       0.17596826      0.00042308276   0.17639134     
youfuyi                   -0.30059261     0.1804362       -0.12015641     -0.00038880359  0.00023338645   -0.00015541713 
youweiduo                 -0.86071917     0.15975121      -0.70096797     -0.0011133032   0.0002066313    -0.00090667186 
zhongyangyi               1513.3305       2.5084009       1515.8389       1.9574278       0.0032445085    1.9606723      
zuofuyi                   -1.8222158      0.15607841      -1.6661374      -0.0023569577   0.0002018807    -0.002155077   
zuoweiduo                 -0.73657864     0.15392937      -0.58264928     -0.00095273273  0.000199101     -0.00075363173 
------------------------- --------------- --------------- --------------- --------------- --------------- ---------------
Net                       25.798749       12.886262       38.68501        0.03336957      0.016667824     0.050037394    
