                                    "Force Report"

Moments - Moment Center (0 0 0.05)
                          Moments [N m]                                                                                                                             Coefficients                                                                                                                             
Zone                      Pressure                                      Viscous                                       Total                                         Pressure                                      Viscous                                       Total                                        
jidi                      (-2.5681209e-08 -22.922342 0.002602396)       (-6.9428764e-05 0.0002004083 -0.00039861324)  (-6.9454445e-05 -22.922141 0.0022037828)      (-9.1081816e-11 -0.081297126 9.2297427e-06)   (-2.4623832e-07 7.1077462e-07 -1.4137347e-06) (-2.4632941e-07 -0.081296416 7.816008e-06)   
jishen                    (0.055119139 -229.60342 2.5249824)            (-0.034107151 -0.063892406 -0.00069729393)    (0.021011988 -229.66732 2.5242851)            (0.00019548734 -0.81431901 0.0089551851)      (-0.00012096554 -0.00022660289 -2.4730455e-06) (7.4521804e-05 -0.81454561 0.0089527121)     
jitou                     (-1.2654681 547.67923 12.497854)              (-0.014115961 0.058372818 0.16176665)         (-1.279584 547.7376 12.659621)                (-0.0044881505 1.9424171 0.044325298)         (-5.006413e-05 0.00020702694 0.0005737269)    (-0.0045382146 1.9426241 0.044899025)        
liangan                   (2.5036168 650.23666 -1.2509589)              (0.044168926 0.15619547 -0.0010083568)        (2.5477857 650.39286 -1.2519673)              (0.0088794092 2.3061506 -0.0044366917)        (0.00015665096 0.00055396795 -3.5762713e-06)  (0.0090360601 2.3067046 -0.004440268)        
waiyi                     (68.25134 -44.535272 2.5218593)               (0.14538068 0.60678003 -0.084490038)          (68.39672 -43.928492 2.4373693)               (0.24206243 -0.15795025 0.0089441086)         (0.00051561188 0.0021520259 -0.00029965513)   (0.24257804 -0.15579823 0.0086444535)        
weiyi                     (-10.171371 -700.99647 -34.110988)            (0.093445193 0.37119843 -0.37910028)          (-10.077926 -700.62527 -34.490088)            (-0.036074118 -2.486177 -0.12097915)          (0.00033141578 0.0013165045 -0.0013445294)    (-0.035742703 -2.4848605 -0.12232368)        
xiaoyi                    (12.337323 55.983431 -1.0914456)              (0.10891476 0.039057385 -0.033565436)         (12.446238 56.022488 -1.125011)               (0.043755954 0.19855267 -0.0038709567)        (0.00038628064 0.0001385222 -0.00011904427)   (0.044142235 0.19869119 -0.0039900009)       
youfuyi                   (20.92544 -3.0523081 0.92994865)              (0.040626148 0.013025958 -0.19435404)         (20.966066 -3.0392822 0.73559461)             (0.074214849 -0.010825416 0.0032981863)       (0.00014408603 4.6198288e-05 -0.00068930238)  (0.074358935 -0.010779217 0.0026088839)      
youweiduo                 (-0.059153576 -0.16852676 0.23428322)         (0.019763181 0.016689458 -0.11706003)         (-0.039390395 -0.1518373 0.11722319)          (-0.00020979601 -0.00059770251 0.00083091652) (7.0092744e-05 5.9191379e-05 -0.00041516892)  (-0.00013970326 -0.00053851113 0.00041574761)
zhongyangyi               (11.913685 -275.88938 1.9717153)              (0.0432758 0.34740863 0.0077821082)           (11.956961 -275.54197 1.9794974)              (0.042253464 -0.9784783 0.00699295)           (0.00015348337 0.0012321308 2.7600279e-05)    (0.042406948 -0.97724617 0.0070205503)       
zuofuyi                   (-0.92346036 -0.47978009 -2.1489064)          (0.0020129596 0.014686312 0.14523772)         (-0.9214474 -0.46509378 -2.0036687)           (-0.0032751747 -0.0017016038 -0.0076213817)   (7.1392283e-06 5.2086954e-05 0.00051510484)   (-0.0032680355 -0.0016495168 -0.0071062769)  
zuoweiduo                 (-0.32246137 -2.5077782 -1.584031)            (0.014205979 0.058088826 0.0045185969)        (-0.30825539 -2.4496894 -1.5795124)           (-0.001143652 -0.0088941682 -0.0056179761)    (5.0383389e-05 0.00020601973 1.6025804e-05)   (-0.0010932686 -0.0086881485 -0.0056019503)  
------------------------- --------------------------------------------- --------------------------------------------- --------------------------------------------- --------------------------------------------- --------------------------------------------- ---------------------------------------------
Net                       (103.24461 -26.255965 -19.503085)             (0.46350108 1.6178113 -0.491369)              (103.70811 -24.638154 -19.994454)             (0.3661707 -0.093120264 -0.069170278)         (0.0016438681 0.0057377825 -0.0017427054)     (0.36781457 -0.087382481 -0.070912983)       

Moments - Moment Center (0 0 0.05) Moment Axis (0 1 0)
                          Moments [N m]                                   Coefficients                                   
Zone                      Pressure        Viscous         Total           Pressure        Viscous         Total          
jidi                      -22.922342      0.0002004083    -22.922141      -0.081297126    7.1077462e-07   -0.081296416   
jishen                    -229.60342      -0.063892406    -229.66732      -0.81431901     -0.00022660289  -0.81454561    
jitou                     547.67923       0.058372818     547.7376        1.9424171       0.00020702694   1.9426241      
liangan                   650.23666       0.15619547      650.39286       2.3061506       0.00055396795   2.3067046      
waiyi                     -44.535272      0.60678003      -43.928492      -0.15795025     0.0021520259    -0.15579823    
weiyi                     -700.99647      0.37119843      -700.62527      -2.486177       0.0013165045    -2.4848605     
xiaoyi                    55.983431       0.039057385     56.022488       0.19855267      0.0001385222    0.19869119     
youfuyi                   -3.0523081      0.013025958     -3.0392822      -0.010825416    4.6198288e-05   -0.010779217   
youweiduo                 -0.16852676     0.016689458     -0.1518373      -0.00059770251  5.9191379e-05   -0.00053851113 
zhongyangyi               -275.88938      0.34740863      -275.54197      -0.9784783      0.0012321308    -0.97724617    
zuofuyi                   -0.47978009     0.014686312     -0.46509378     -0.0017016038   5.2086954e-05   -0.0016495168  
zuoweiduo                 -2.5077782      0.058088826     -2.4496894      -0.0088941682   0.00020601973   -0.0086881485  
------------------------- --------------- --------------- --------------- --------------- --------------- ---------------
Net                       -26.255965      1.6178113       -24.638154      -0.093120264    0.0057377825    -0.087382481   
