                                    "Force Report"

Moments - Moment Center (0 0 0.05)
                          Moments [N m]                                                                                                                             Coefficients                                                                                                                             
Zone                      Pressure                                      Viscous                                       Total                                         Pressure                                      Viscous                                       Total                                        
jidi                      (-1.4449421e-08 -22.923583 0.0063053805)      (5.9019538e-05 -0.0013950673 0.0013057587)    (5.9005089e-05 -22.924978 0.0076111391)       (-5.1246788e-11 -0.08130153 2.2362868e-05)    (2.0932062e-07 -4.9477914e-06 4.6310464e-06)  (2.0926938e-07 -0.081306478 2.6993915e-05)   
jishen                    (0.0025338056 -229.39744 1.7026412)           (-0.019416185 -0.063433805 0.0072053241)      (-0.01688238 -229.46087 1.7098465)            (8.9864777e-06 -0.81358845 0.0060386429)      (-6.8862078e-05 -0.00022497641 2.5554638e-05) (-5.98756e-05 -0.81381342 0.0060641975)      
jitou                     (-0.85447797 553.18474 8.4292928)             (-0.0092357648 0.12148401 0.10809794)         (-0.86371373 553.30623 8.5373907)             (-0.0030305195 1.9619431 0.029895605)         (-3.2755865e-05 0.00043085916 0.00038338368)  (-0.0030632754 1.962374 0.030278989)         
liangan                   (2.0476442 650.93259 -1.5797604)              (0.02743675 0.14669445 -0.024673065)          (2.075081 651.07929 -1.6044335)               (0.007262242 2.3086188 -0.0056028299)         (9.7308074e-05 0.00052027133 -8.7506299e-05)  (0.0073595501 2.3091391 -0.0056903362)       
waiyi                     (63.026694 -44.336869 6.2951321)              (0.11143387 0.52486669 -0.025527835)          (63.138128 -43.812002 6.2696042)              (0.22353253 -0.15724659 0.022326521)          (0.00039521499 0.0018615093 -9.0537855e-05)   (0.22392775 -0.15538508 0.022235983)         
weiyi                     (-7.8361043 -738.45014 -24.949298)            (0.053021119 0.29766245 -0.2507613)           (-7.7830832 -738.15248 -25.20006)             (-0.027791784 -2.6190114 -0.088485998)        (0.00018804643 0.0010556994 -0.00088935821)   (-0.027603737 -2.6179557 -0.089375356)       
xiaoyi                    (12.132205 55.836081 -0.77539216)             (0.099866628 0.036119364 -0.024618048)        (12.232071 55.872201 -0.80001021)             (0.043028473 0.19803007 -0.0027500312)        (0.00035419025 0.00012810212 -8.7311175e-05)  (0.043382664 0.19815817 -0.0028373424)       
youfuyi                   (28.057718 -3.9917485 -0.21944985)            (0.058537085 0.0077317382 -0.16332101)        (28.116255 -3.9840168 -0.38277086)            (0.099510422 -0.014157266 -0.00077830803)     (0.00020760954 2.7421636e-05 -0.00057923963)  (0.099718031 -0.014129844 -0.0013575477)     
youweiduo                 (0.097691606 -1.5632983 1.0348566)            (0.014061533 0.0190175 -0.093770328)          (0.11175314 -1.5442808 0.94108626)            (0.00034647624 -0.005544445 0.0036702562)     (4.9871091e-05 6.7448088e-05 -0.00033256891)  (0.00039634734 -0.0054769969 0.0033376873)   
zhongyangyi               (10.074444 -274.21764 1.3243489)              (0.016028858 0.31655578 -0.0078870395)        (10.090472 -273.90108 1.3164618)              (0.035730351 -0.97254924 0.0046969789)        (5.684847e-05 0.0011227071 -2.7972432e-05)    (0.035787199 -0.97142653 0.0046690065)       
zuofuyi                   (-12.31442 -2.0593396 -2.7495461)             (-0.030350567 0.0084039142 0.12313199)        (-12.344771 -2.0509357 -2.6264141)            (-0.043674726 -0.0073037213 -0.0097516301)    (-0.00010764231 2.9805597e-05 0.00043670392)  (-0.043782368 -0.0072739157 -0.0093149261)   
zuoweiduo                 (-0.42677987 -3.3040151 -2.0772553)           (0.0058462767 0.040262734 0.024211756)        (-0.4209336 -3.2637524 -2.0530436)            (-0.0015136315 -0.011718128 -0.0073672616)    (2.0734596e-05 0.00014279713 8.5870206e-05)   (-0.0014928969 -0.011575331 -0.0072813914)   
------------------------- --------------------------------------------- --------------------------------------------- --------------------------------------------- --------------------------------------------- --------------------------------------------- ---------------------------------------------
Net                       (94.007147 -60.290653 -13.558125)             (0.32728862 1.4539698 -0.32660586)            (94.334436 -58.836683 -13.884731)             (0.33340882 -0.2138288 -0.048085691)          (0.0011607725 0.0051566967 -0.001158351)      (0.3345696 -0.2086721 -0.049244042)          

Moments - Moment Center (0 0 0.05) Moment Axis (0 1 0)
                          Moments [N m]                                   Coefficients                                   
Zone                      Pressure        Viscous         Total           Pressure        Viscous         Total          
jidi                      -22.923583      -0.0013950673   -22.924978      -0.08130153     -4.9477914e-06  -0.081306478   
jishen                    -229.39744      -0.063433805    -229.46087      -0.81358845     -0.00022497641  -0.81381342    
jitou                     553.18474       0.12148401      553.30623       1.9619431       0.00043085916   1.962374       
liangan                   650.93259       0.14669445      651.07929       2.3086188       0.00052027133   2.3091391      
waiyi                     -44.336869      0.52486669      -43.812002      -0.15724659     0.0018615093    -0.15538508    
weiyi                     -738.45014      0.29766245      -738.15248      -2.6190114      0.0010556994    -2.6179557     
xiaoyi                    55.836081       0.036119364     55.872201       0.19803007      0.00012810212   0.19815817     
youfuyi                   -3.9917485      0.0077317382    -3.9840168      -0.014157266    2.7421636e-05   -0.014129844   
youweiduo                 -1.5632983      0.0190175       -1.5442808      -0.005544445    6.7448088e-05   -0.0054769969  
zhongyangyi               -274.21764      0.31655578      -273.90108      -0.97254924     0.0011227071    -0.97142653    
zuofuyi                   -2.0593396      0.0084039142    -2.0509357      -0.0073037213   2.9805597e-05   -0.0072739157  
zuoweiduo                 -3.3040151      0.040262734     -3.2637524      -0.011718128    0.00014279713   -0.011575331   
------------------------- --------------- --------------- --------------- --------------- --------------- ---------------
Net                       -60.290653      1.4539698       -58.836683      -0.2138288      0.0051566967    -0.2086721     
