                                    "Force Report"

Moments - Moment Center (0 0 0.05)
                          Moments [N m]                                                                                                                             Coefficients                                                                                                                             
Zone                      Pressure                                      Viscous                                       Total                                         Pressure                                      Viscous                                       Total                                        
jidi                      (9.3171113e-10 -22.878315 0.0038822611)       (-1.739213e-05 0.00077650234 0.00058826733)   (-1.7391198e-05 -22.877539 0.0044705284)      (3.3044372e-12 -0.08114098 1.3768954e-05)     (-6.1683495e-08 2.7539686e-06 2.0863681e-06)  (-6.1680191e-08 -0.081138226 1.5855322e-05)  
jishen                    (0.23803126 -233.19346 1.5542988)             (-0.014280507 -0.10026944 -0.0055944451)      (0.22375075 -233.29373 1.5487044)             (0.00084420946 -0.82705154 0.005512527)       (-5.0647714e-05 -0.00035561888 -1.9841442e-05) (0.00079356174 -0.82740716 0.0054926856)     
jitou                     (-0.45729564 528.17583 4.4872677)             (-0.0049221603 -0.14973109 0.054684886)       (-0.4622178 528.0261 4.5419525)               (-0.0016218597 1.8732457 0.01591469)          (-1.7457095e-05 -0.00053104117 0.00019394721) (-0.0016393167 1.8727146 0.016108637)        
liangan                   (1.2513949 645.02917 -0.20248116)             (0.020860825 0.13860954 0.027468291)          (1.2722558 645.16778 -0.17501287)             (0.0044382382 2.2876815 -0.0007181263)        (7.3985683e-05 0.00049159713 9.741994e-05)    (0.0045122239 2.2881731 -0.00062070636)      
waiyi                     (59.076714 -55.664113 -5.6334608)             (0.081545754 0.47309442 -0.35445391)          (59.15826 -55.191019 -5.9879147)              (0.20952341 -0.19742016 -0.019979816)         (0.00028921284 0.0016778921 -0.0012571178)    (0.20981262 -0.19574227 -0.021236934)        
weiyi                     (-2.8961169 -603.1088 -9.2079866)             (0.030825079 0.62617361 -0.080839418)         (-2.8652918 -602.48262 -9.288826)             (-0.010271463 -2.1390054 -0.032657346)        (0.00010932523 0.0022208078 -0.00028670772)   (-0.010162138 -2.1367846 -0.032944054)       
xiaoyi                    (-0.23995873 55.877422 -0.32594438)           (0.0086314557 0.042943921 -0.0090501129)      (-0.23132727 55.920366 -0.33499449)           (-0.00085104548 0.19817669 -0.001156005)      (3.0612603e-05 0.00015230631 -3.2097426e-05)  (-0.00082043287 0.198329 -0.0011881024)      
youfuyi                   (10.373137 -1.5277853 1.0468396)              (-0.0050724231 0.021290148 -0.21212247)       (10.368064 -1.5064952 0.83471711)             (0.036789706 -0.0054184934 0.0037127555)      (-1.7990022e-05 7.5508336e-05 -0.0007523205)  (0.036771716 -0.0053429851 0.002960435)      
youweiduo                 (-0.19033842 1.6691631 -0.82058249)           (0.00065778826 0.054799689 -0.072766516)      (-0.18968063 1.7239628 -0.893349)             (-0.00067506045 0.0059199085 -0.0029103047)   (2.3329333e-06 0.00019435437 -0.0002580761)   (-0.00067272752 0.0061142628 -0.0031683808)  
zhongyangyi               (7.4664595 -294.31825 -0.76005526)            (0.022339138 0.2689966 -0.047436939)          (7.4887987 -294.04925 -0.8074922)             (0.026480789 -1.0438387 -0.0026956368)        (7.9228718e-05 0.00095403215 -0.0001682414)   (0.026560018 -1.0428847 -0.0028638782)       
zuofuyi                   (11.985655 1.4883027 -1.1709221)              (0.057525854 0.023396141 0.15494692)          (12.04318 1.5116989 -1.0159751)               (0.042508714 0.0052784631 -0.0041528305)      (0.00020402307 8.297752e-05 0.00054953981)    (0.042712738 0.0053614406 -0.0036032907)     
zuoweiduo                 (0.039467005 0.85015608 0.37370843)           (0.0103936 0.070012493 0.037883987)           (0.049860604 0.92016857 0.41159242)           (0.00013997497 0.0030151913 0.0013254065)     (3.6862281e-05 0.0002483086 0.00013436059)    (0.00017683725 0.0032634999 0.0014597671)    
------------------------- --------------------------------------------- --------------------------------------------- --------------------------------------------- --------------------------------------------- --------------------------------------------- ---------------------------------------------
Net                       (86.647148 22.399332 -10.655436)              (0.20848701 1.4700925 -0.50669146)            (86.855635 23.869425 -11.162127)              (0.30730561 0.079442204 -0.037790918)         (0.00073942685 0.0052138783 -0.0017970485)    (0.30804504 0.084656082 -0.039587966)        

Moments - Moment Center (0 0 0.05) Moment Axis (0 1 0)
                          Moments [N m]                                   Coefficients                                   
Zone                      Pressure        Viscous         Total           Pressure        Viscous         Total          
jidi                      -22.878315      0.00077650234   -22.877539      -0.08114098     2.7539686e-06   -0.081138226   
jishen                    -233.19346      -0.10026944     -233.29373      -0.82705154     -0.00035561888  -0.82740716    
jitou                     528.17583       -0.14973109     528.0261        1.8732457       -0.00053104117  1.8727146      
liangan                   645.02917       0.13860954      645.16778       2.2876815       0.00049159713   2.2881731      
waiyi                     -55.664113      0.47309442      -55.191019      -0.19742016     0.0016778921    -0.19574227    
weiyi                     -603.1088       0.62617361      -602.48262      -2.1390054      0.0022208078    -2.1367846     
xiaoyi                    55.877422       0.042943921     55.920366       0.19817669      0.00015230631   0.198329       
youfuyi                   -1.5277853      0.021290148     -1.5064952      -0.0054184934   7.5508336e-05   -0.0053429851  
youweiduo                 1.6691631       0.054799689     1.7239628       0.0059199085    0.00019435437   0.0061142628   
zhongyangyi               -294.31825      0.2689966       -294.04925      -1.0438387      0.00095403215   -1.0428847     
zuofuyi                   1.4883027       0.023396141     1.5116989       0.0052784631    8.297752e-05    0.0053614406   
zuoweiduo                 0.85015608      0.070012493     0.92016857      0.0030151913    0.0002483086    0.0032634999   
------------------------- --------------- --------------- --------------- --------------- --------------- ---------------
Net                       22.399332       1.4700925       23.869425       0.079442204     0.0052138783    0.084656082    
