                                    "Force Report"

Moments - Moment Center (0 0 0.05)
                          Moments [N m]                                                                                                                             Coefficients                                                                                                                             
Zone                      Pressure                                      Viscous                                       Total                                         Pressure                                      Viscous                                       Total                                        
jidi                      (-2.3390709e-08 -22.925758 0.0034483436)      (-8.1691394e-06 0.00061600801 -0.00037805729) (-8.1925301e-06 -22.925142 0.0030702863)      (-8.2958254e-11 -0.081309243 1.2230008e-05)   (-2.8972937e-08 2.1847541e-06 -1.3408304e-06) (-2.9055895e-08 -0.081307058 1.0889178e-05)  
jishen                    (0.14089052 -230.15362 2.7613523)             (-0.036824656 -0.067652122 -0.0031608289)     (0.10406586 -230.22127 2.7581915)             (0.00049968691 -0.81627036 0.0097935024)      (-0.00013060353 -0.00023993723 -1.1210299e-05) (0.00036908339 -0.8165103 0.0097822921)      
jitou                     (-1.2781477 544.6051 12.601917)               (-0.014227099 0.025680354 0.16198437)         (-1.2923748 544.63078 12.763902)              (-0.0045331204 1.9315142 0.044694372)         (-5.0458296e-05 9.1078782e-05 0.00057449908)  (-0.0045835787 1.9316053 0.045268871)        
liangan                   (2.3913726 649.53868 -0.88108631)             (0.043941431 0.15482256 0.0057713007)         (2.4353141 649.6935 -0.87531501)              (0.0084813204 2.3036751 -0.0031248895)        (0.00015584412 0.00054909874 2.0468684e-05)   (0.0086371645 2.3042242 -0.0031044208)       
waiyi                     (68.36515 -45.080199 1.5274271)               (0.15697659 0.62530028 -0.10078563)           (68.522126 -44.454899 1.4266414)              (0.24246607 -0.15988291 0.0054172228)         (0.00055673831 0.0022177104 -0.00035744962)   (0.24302281 -0.1576652 0.0050597732)         
weiyi                     (-10.132311 -684.45271 -33.568177)            (0.095189611 0.41131164 -0.36489418)          (-10.037121 -684.04139 -33.933071)            (-0.035935586 -2.4275023 -0.11905399)         (0.00033760259 0.0014587713 -0.0012941456)    (-0.035597983 -2.4260436 -0.12034814)        
xiaoyi                    (10.073691 55.996799 -1.0570015)              (0.093790466 0.039369369 -0.039632811)        (10.167481 56.036168 -1.0966344)              (0.035727682 0.19860008 -0.0037487962)        (0.00033264033 0.00013962869 -0.00014056302)  (0.036060322 0.19873971 -0.0038893593)       
youfuyi                   (19.01698 -2.7588656 0.84604958)              (0.036319448 0.014324254 -0.20208814)         (19.053299 -2.7445413 0.64396144)             (0.067446243 -0.0097846828 0.0030006271)      (0.00012881174 5.0802868e-05 -0.00071673241)  (0.067575055 -0.0097338799 0.0022838947)     
youweiduo                 (-0.11731671 0.31772757 -0.032118829)         (0.019458648 0.019188476 -0.1192423)          (-0.097858066 0.33691605 -0.15136113)         (-0.00041607929 0.001126863 -0.00011391369)   (6.9012678e-05 6.8054477e-05 -0.00042290866)  (-0.00034706662 0.0011949175 -0.00053682235) 
zhongyangyi               (12.77493 -277.80885 1.5463146)               (0.051416538 0.35219419 -0.0035895949)        (12.826347 -277.45665 1.542725)               (0.045307985 -0.98528594 0.00548421)          (0.00018235557 0.0012491034 -1.2730975e-05)   (0.045490341 -0.98403684 0.0054714791)       
zuofuyi                   (2.7409319 0.023602561 -2.03979)              (0.020175461 0.018098638 0.15614762)          (2.7611074 0.0417012 -1.8836423)              (0.0097210787 8.3709616e-05 -0.0072343858)    (7.1554948e-05 6.4189222e-05 0.00055379827)   (0.0097926336 0.00014789884 -0.0066805875)   
zuoweiduo                 (-0.28603583 -2.1286447 -1.3629076)           (0.01550143 0.064059614 0.0066040158)         (-0.2705344 -2.0645851 -1.3563036)            (-0.001014464 -0.0075495209 -0.0048337327)    (5.497788e-05 0.00022719592 2.3422018e-05)    (-0.00095948615 -0.007322325 -0.0048103107)  
------------------------- --------------------------------------------- --------------------------------------------- --------------------------------------------- --------------------------------------------- --------------------------------------------- ---------------------------------------------
Net                       (103.69013 -14.826734 -19.654571)             (0.4817097 1.6573133 -0.50326424)             (104.17184 -13.16942 -20.157836)              (0.36775082 -0.052584979 -0.069707546)        (0.0017084474 0.0058778814 -0.0017848934)     (0.36945927 -0.046707097 -0.071492439)       

Moments - Moment Center (0 0 0.05) Moment Axis (0 1 0)
                          Moments [N m]                                   Coefficients                                   
Zone                      Pressure        Viscous         Total           Pressure        Viscous         Total          
jidi                      -22.925758      0.00061600801   -22.925142      -0.081309243    2.1847541e-06   -0.081307058   
jishen                    -230.15362      -0.067652122    -230.22127      -0.81627036     -0.00023993723  -0.8165103     
jitou                     544.6051        0.025680354     544.63078       1.9315142       9.1078782e-05   1.9316053      
liangan                   649.53868       0.15482256      649.6935        2.3036751       0.00054909874   2.3042242      
waiyi                     -45.080199      0.62530028      -44.454899      -0.15988291     0.0022177104    -0.1576652     
weiyi                     -684.45271      0.41131164      -684.04139      -2.4275023      0.0014587713    -2.4260436     
xiaoyi                    55.996799       0.039369369     56.036168       0.19860008      0.00013962869   0.19873971     
youfuyi                   -2.7588656      0.014324254     -2.7445413      -0.0097846828   5.0802868e-05   -0.0097338799  
youweiduo                 0.31772757      0.019188476     0.33691605      0.001126863     6.8054477e-05   0.0011949175   
zhongyangyi               -277.80885      0.35219419      -277.45665      -0.98528594     0.0012491034    -0.98403684    
zuofuyi                   0.023602561     0.018098638     0.0417012       8.3709616e-05   6.4189222e-05   0.00014789884  
zuoweiduo                 -2.1286447      0.064059614     -2.0645851      -0.0075495209   0.00022719592   -0.007322325   
------------------------- --------------- --------------- --------------- --------------- --------------- ---------------
Net                       -14.826734      1.6573133       -13.16942       -0.052584979    0.0058778814    -0.046707097   
