                                    "Force Report"

Moments - Moment Center (0 0 0.05)
                          Moments [N m]                                                                                                                             Coefficients                                                                                                                             
Zone                      Pressure                                      Viscous                                       Total                                         Pressure                                      Viscous                                       Total                                        
jidi                      (-1.9016525e-08 -22.913284 0.0046240587)      (9.1400947e-05 -0.0021732868 0.00090398186)   (9.138193e-05 -22.915457 0.0055280406)        (-6.7444631e-11 -0.081265003 1.6399838e-05)   (3.2416559e-07 -7.7078502e-06 3.2060916e-06)  (3.2409814e-07 -0.08127271 1.9605929e-05)    
jishen                    (0.0034305952 -228.16712 0.71759803)          (-0.0095013398 -0.056598576 0.0022583587)     (-0.0060707446 -228.22371 0.71985639)         (1.2167061e-05 -0.80922495 0.0025450566)      (-3.3697762e-05 -0.00020073436 8.0095689e-06) (-2.1530701e-05 -0.80942569 0.0025530662)    
jitou                     (-0.42957526 556.07147 4.2382191)             (-0.0045123327 0.15301382 0.054197865)        (-0.43408759 556.22449 4.2924169)             (-0.0015235457 1.9721813 0.015031406)         (-1.6003587e-05 0.00054268381 0.00019221992)  (-0.0015395492 1.972724 0.015223626)         
liangan                   (1.1609463 651.1429 -0.83656846)              (0.012224955 0.14499021 -0.0017519183)        (1.1731712 651.28789 -0.83832037)             (0.0041174501 2.3093647 -0.002967001)         (4.3357426e-05 0.00051422703 -6.2134108e-06)  (0.0041608075 2.3098789 -0.0029732144)       
waiyi                     (55.055304 -44.694897 7.2952446)              (0.079732089 0.48148081 0.018988294)          (55.135036 -44.213416 7.3142329)              (0.19526094 -0.15851638 0.025873553)          (0.00028278043 0.0017076356 6.7344504e-05)    (0.19554372 -0.15680875 0.025940897)         
weiyi                     (-4.3907852 -760.42709 -11.938596)            (0.020536118 0.17117458 -0.11856618)          (-4.3702491 -760.25591 -12.057162)            (-0.015572503 -2.6969556 -0.042341815)        (7.2834069e-05 0.00060709335 -0.0004205107)   (-0.015499668 -2.6963485 -0.042762326)       
xiaoyi                    (7.3292099 55.770248 -0.49302801)             (0.058135775 0.033559294 -0.016747246)        (7.3873457 55.803807 -0.50977526)             (0.025994016 0.19779658 -0.0017485893)        (0.00020618624 0.00011902249 -5.9396331e-05)  (0.026200202 0.19791561 -0.0018079856)       
youfuyi                   (30.661371 -4.3218697 -0.50405483)            (0.057020786 0.008848837 -0.16631498)         (30.718392 -4.3130208 -0.67036981)            (0.10874462 -0.015328084 -0.0017876973)       (0.00020223178 3.1383575e-05 -0.00058985815)  (0.10894685 -0.015296701 -0.0023775555)      
youweiduo                 (0.28545983 -2.6765035 1.677291)              (0.01291749 0.0087333767 -0.078989556)        (0.29837732 -2.6677702 1.5983014)             (0.0010124212 -0.009492575 0.005948735)       (4.5813593e-05 3.097408e-05 -0.00028014694)   (0.0010582348 -0.0094616009 0.005668588)     
zhongyangyi               (4.3540039 -273.05672 0.96766049)             (0.009393573 0.29020989 0.017020391)          (4.3633974 -272.76651 0.98468088)             (0.015442052 -0.96843189 0.0034319363)        (3.3315553e-05 0.0010292679 6.0365077e-05)    (0.015475368 -0.96740262 0.0034923014)       
zuofuyi                   (-16.196199 -2.6514309 -2.703631)             (-0.040556203 0.0063766058 0.12420714)        (-16.236755 -2.6450543 -2.5794239)            (-0.05744197 -0.0094036517 -0.0095887863)     (-0.00014383795 2.2615479e-05 0.00044051709)  (-0.057585808 -0.0093810362 -0.0091482692)   
zuoweiduo                 (-0.46118258 -3.4162155 -2.1318358)           (-0.00361035 0.022546098 0.049474712)         (-0.46479293 -3.3936694 -2.0823611)           (-0.0016356452 -0.012116062 -0.0075608387)    (-1.2804585e-05 7.9962727e-05 0.00017546863)  (-0.0016484498 -0.012036099 -0.0073853701)   
------------------------- --------------------------------------------- --------------------------------------------- --------------------------------------------- --------------------------------------------- --------------------------------------------- ---------------------------------------------
Net                       (77.371983 -79.340501 -3.7070771)             (0.19187196 1.2621617 -0.11531915)            (77.563855 -78.078339 -3.8223963)             (0.27441 -0.28139161 -0.013147641)            (0.00068049938 0.0044764238 -0.00040899465)   (0.2750905 -0.27691519 -0.013556636)         

Moments - Moment Center (0 0 0.05) Moment Axis (0 1 0)
                          Moments [N m]                                   Coefficients                                   
Zone                      Pressure        Viscous         Total           Pressure        Viscous         Total          
jidi                      -22.913284      -0.0021732868   -22.915457      -0.081265003    -7.7078502e-06  -0.08127271    
jishen                    -228.16712      -0.056598576    -228.22371      -0.80922495     -0.00020073436  -0.80942569    
jitou                     556.07147       0.15301382      556.22449       1.9721813       0.00054268381   1.972724       
liangan                   651.1429        0.14499021      651.28789       2.3093647       0.00051422703   2.3098789      
waiyi                     -44.694897      0.48148081      -44.213416      -0.15851638     0.0017076356    -0.15680875    
weiyi                     -760.42709      0.17117458      -760.25591      -2.6969556      0.00060709335   -2.6963485     
xiaoyi                    55.770248       0.033559294     55.803807       0.19779658      0.00011902249   0.19791561     
youfuyi                   -4.3218697      0.008848837     -4.3130208      -0.015328084    3.1383575e-05   -0.015296701   
youweiduo                 -2.6765035      0.0087333767    -2.6677702      -0.009492575    3.097408e-05    -0.0094616009  
zhongyangyi               -273.05672      0.29020989      -272.76651      -0.96843189     0.0010292679    -0.96740262    
zuofuyi                   -2.6514309      0.0063766058    -2.6450543      -0.0094036517   2.2615479e-05   -0.0093810362  
zuoweiduo                 -3.4162155      0.022546098     -3.3936694      -0.012116062    7.9962727e-05   -0.012036099   
------------------------- --------------- --------------- --------------- --------------- --------------- ---------------
Net                       -79.340501      1.2621617       -78.078339      -0.28139161     0.0044764238    -0.27691519    
