                                    "Force Report"

Forces
                          Forces [N]                                                                                                                                Coefficients                                                                                                                             
Zone                      Pressure                                      Viscous                                       Total                                         Pressure                                      Viscous                                       Total                                        
jidi                      (1143.9925 -2.7915757e-07 0.00043569777)      (1.1952456e-08 0.0040464617 -0.0012601621)    (1143.9925 0.0040461826 -0.00082446437)       (1.479705 -3.6107829e-10 5.6355629e-07)       (1.5459987e-11 5.2339239e-06 -1.6299654e-06)  (1.479705 5.2335628e-06 -1.0664091e-06)      
jishen                    (9075.9729 -0.67820751 -12502.577)            (1.2303683 -0.055523248 -0.11369932)          (9077.2032 -0.73373076 -12502.691)            (11.73938 -0.00087723219 -16.171545)          (0.0015914283 -7.1816929e-05 -0.00014706517)  (11.740971 -0.00094904911 -16.171692)        
jitou                     (-11238.478 -7.2721275 -15.107511)            (1.1808126 -0.086008873 -0.13380413)          (-11237.297 -7.3581364 -15.241315)            (-14.536487 -0.0094061835 -0.019540915)       (0.0015273302 -0.00011124877 -0.00017306988)  (-14.53496 -0.0095174323 -0.019713985)       
liangan                   (-81.226006 -0.38218363 -3086.4311)           (1.2570795 -0.033289507 -0.14191769)          (-79.968927 -0.41547314 -3086.5731)           (-0.10506234 -0.00049433805 -3.9921657)       (0.0016259781 -4.3058542e-05 -0.00018356442)  (-0.10343636 -0.0005373966 -3.9923492)       
waiyi                     (-135.83953 -2.2755607 1333.5941)             (3.0336972 -0.32019302 -0.21657163)           (-132.80583 -2.5957537 1333.3775)             (-0.17570257 -0.0029433397 1.7249465)         (0.0039239566 -0.00041415588 -0.00028012607)  (-0.17177862 -0.0033574956 1.7246663)        
weiyi                     (41.437197 -6.2048422 470.89842)              (1.4799456 -0.071766437 -0.15304805)          (42.917143 -6.2766087 470.74537)              (0.053597229 -0.0080256961 0.60908681)        (0.0019142458 -9.2826794e-05 -0.00019796105)  (0.055511475 -0.0081185229 0.60888885)       
xiaoyi                    (150.65243 -0.34316757 -373.38558)            (0.30853719 -0.021051424 -0.037704546)        (150.96097 -0.36421899 -373.42328)            (0.19486243 -0.00044387246 -0.48295815)       (0.00039907956 -2.722911e-05 -4.8769205e-05)  (0.19526151 -0.00047110157 -0.48300692)      
youfuyi                   (-0.89473049 -0.24918081 8.3432384)           (0.17203798 -0.022659397 -0.0063722583)       (-0.72269251 -0.27184021 8.3368661)           (-0.0011572953 -0.00032230465 0.010791619)    (0.00022252371 -2.9308953e-05 -8.2422416e-06) (-0.00093477162 -0.0003516136 0.010783377)   
youweiduo                 (-1.0854918 -0.91537834 -1.5119867)           (0.15484862 -0.010166298 -0.0085557439)       (-0.93064316 -0.92554464 -1.5205424)          (-0.0014040368 -0.0011840024 -0.0019556896)   (0.00020029001 -1.3149668e-05 -1.1066486e-05) (-0.0012037468 -0.0011971521 -0.0019667561)  
zhongyangyi               (1052.2444 0.0020885191 14016.959)            (2.0609934 -0.12387702 -0.14513165)           (1054.3053 -0.1217885 14016.814)              (1.3610327 2.7014095e-06 18.130332)           (0.0026658061 -0.00016022958 -0.00018772153)  (1.3636985 -0.00015752817 18.130145)         
zuofuyi                   (2.5301382 -0.37232416 -22.302229)            (0.13302084 -0.027354004 -0.052383616)        (2.6631591 -0.39967816 -22.354612)            (0.0032726248 -0.00048158526 -0.028846972)    (0.00017205673 -3.5381226e-05 -6.775595e-05)  (0.0034446815 -0.00051696648 -0.028914727)   
zuoweiduo                 (-1.0404104 0.66141439 -1.0783831)            (0.1544506 -0.011090395 -0.018388167)         (-0.88595982 0.65032399 -1.0967712)           (-0.001345726 0.00085551101 -0.001394842)     (0.00019977519 -1.4344948e-05 -2.3784302e-05) (-0.0011459509 0.00084116606 -0.0014186263)  
------------------------- --------------------------------------------- --------------------------------------------- --------------------------------------------- --------------------------------------------- --------------------------------------------- ---------------------------------------------
Net                       (8.2653808 -18.02947 -172.59892)              (11.165792 -0.77893316 -1.028837)             (19.431172 -18.808403 -173.62776)             (0.010690914 -0.023320342 -0.22324927)        (0.01444247 -0.0010075165 -0.0013307563)      (0.025133384 -0.024327859 -0.22458003)       

Forces - Direction Vector (0.99209929 -0.069756474 -0.10427384)
                          Forces [N]                                      Coefficients                                   
Zone                      Pressure        Viscous         Total           Pressure        Viscous         Total          
jidi                      1134.9541       -0.0001508531   1134.9539       1.4680142       -1.9512199e-07  1.468014       
jishen                    10308.005       1.2363765       10309.242       13.332961       0.0015991997    13.33456       
jitou                     -11147.603      1.1914353       -11146.412      -14.418945      0.0015410702    -14.417404     
liangan                   241.27641       1.2642681       242.54068       0.31208064      0.0016352763    0.31371592     
waiyi                     -273.66653      3.0546471       -270.61189      -0.35397587     0.0039510544    -0.35002481    
weiyi                     -7.5597428      1.489218        -6.0705248      -0.0097782016   0.0019262394    -0.0078519622  
xiaoyi                    188.42046       0.3114996       188.73196       0.24371374      0.00040291131   0.24411665     
youfuyi                   -1.740261       0.17292386      -1.5673371      -0.0022509526   0.00022366956   -0.002027283   
youweiduo                 -0.8554014      0.15522651      -0.70017489     -0.0011064249   0.0002007788    -0.00090564605 
zhongyangyi               -417.67137      2.0684847       -415.60288      -0.54023992     0.0026754958    -0.53756442    
zuofuyi                   4.8616593       0.13934024      5.0009995       0.0062883468    0.0001802306    0.0064685774   
zuoweiduo                 -0.96588123     0.15592136      -0.80995988     -0.0012493258   0.00020167756   -0.0010476482  
------------------------- --------------- --------------- --------------- --------------- --------------- ---------------
Net                       27.455303       11.23919        38.694493       0.035512251     0.014537409     0.050049659    
