                                    "Force Report"

Forces
                          Forces [N]                                                                                                                                Coefficients                                                                                                                             
Zone                      Pressure                                      Viscous                                       Total                                         Pressure                                      Viscous                                       Total                                        
jidi                      (1145.5771 1.2700677e-07 0.00043574426)       (1.1786924e-08 4.9940418e-05 0.0014286283)    (1145.5771 5.0067424e-05 0.0018643725)        (1.4817546 1.6427778e-10 5.6361642e-07)       (1.5245878e-11 6.4595778e-08 1.8478691e-06)   (1.4817546 6.4760056e-08 2.4114855e-06)      
jishen                    (9088.4194 -0.39571435 -12501.897)            (1.1915482 -0.11632464 0.0062736023)          (9089.6109 -0.51203899 -12501.89)             (11.755479 -0.00051183946 -16.170664)         (0.0015412163 -0.0001504609 8.1146342e-06)    (11.75702 -0.00066230036 -16.170656)         
jitou                     (-11259.026 -13.523453 20.874751)             (1.1314652 -0.17035142 0.23745008)            (-11257.894 -13.693804 21.112201)             (-14.563064 -0.017492003 0.02700059)          (0.0014635015 -0.00022034222 0.00030713145)   (-14.561601 -0.017712346 0.027307722)        
liangan                   (-81.237526 -1.9383986 -3072.8082)            (1.1937912 -0.13250705 0.074288853)           (-80.043735 -2.0709057 -3072.7339)            (-0.10507724 -0.0025072351 -3.974545)         (0.0015441175 -0.00017139217 9.608943e-05)    (-0.10353312 -0.0026786273 -3.9744489)       
waiyi                     (-184.24765 -0.54436708 1860.2972)            (3.7680142 -0.51001712 0.7487513)             (-180.47963 -1.0543842 1861.0459)             (-0.23831639 -0.00070411535 2.4062142)        (0.004873764 -0.00065968517 0.00096847754)    (-0.23344263 -0.0013638005 2.4071827)        
weiyi                     (43.896384 -17.738811 567.92367)              (1.3994837 -0.17797582 0.057572611)           (45.295868 -17.916787 567.98124)              (0.056778081 -0.022944388 0.73458479)         (0.0018101719 -0.00023020405 7.4467692e-05)   (0.058588253 -0.023174592 0.73465926)        
xiaoyi                    (153.09823 -0.7110493 -368.05043)             (0.34631043 -0.044722612 0.051145098)         (153.44454 -0.75577191 -367.99928)            (0.19802596 -0.00091971162 -0.47605737)       (0.00044793761 -5.7846772e-05 6.615398e-05)   (0.1984739 -0.0009775584 -0.47599122)        
youfuyi                   (-0.30930142 -0.90178021 20.526553)           (0.13908998 -0.046077766 0.039610956)         (-0.17021144 -0.94785798 20.566164)           (-0.00040006806 -0.0011664138 0.026550212)    (0.0001799069 -5.9599605e-05 5.1235065e-05)   (-0.00022016116 -0.0012260135 0.026601447)   
youweiduo                 (-0.8749864 0.30624248 0.57558778)            (0.14877819 -0.031593184 0.015719047)         (-0.72620822 0.2746493 0.59130683)            (-0.0011317572 0.00039611145 0.00074449799)   (0.00019243817 -4.0864423e-05 2.0331909e-05)  (-0.00093931904 0.00035524703 0.0007648299)  
zhongyangyi               (1030.9303 -0.028694435 14343.509)            (2.2263937 -0.16853818 0.34706934)            (1033.1567 -0.19723261 14343.856)             (1.333464 -3.7115015e-05 18.552711)           (0.0028797444 -0.00021799687 0.00044891923)   (1.3363437 -0.00025511188 18.55316)          
zuofuyi                   (0.49396104 0.0038590609 -8.1419507)          (0.0095271313 -0.063831964 -0.019603289)      (0.50348817 -0.059972903 -8.1615539)          (0.00063891732 4.9915289e-06 -0.010531262)    (1.2322934e-05 -8.2563895e-05 -2.5356009e-05) (0.00065124025 -7.7572366e-05 -0.010556618)  
zuoweiduo                 (-0.90911502 -1.0715502 1.8735927)            (0.1415767 -0.02027566 -0.0048467061)         (-0.76753833 -1.0918258 1.868746)             (-0.0011759011 -0.001386004 0.0024234114)     (0.00018312336 -2.6225692e-05 -6.2690055e-06) (-0.00099277775 -0.0014122297 0.0024171424)  
------------------------- --------------------------------------------- --------------------------------------------- --------------------------------------------- --------------------------------------------- --------------------------------------------- ---------------------------------------------
Net                       (-64.188794 -36.543716 864.68399)             (11.695979 -1.4821655 1.5548595)              (-52.492816 -38.025882 866.23885)             (-0.08302544 -0.047267722 1.1184315)          (0.015128245 -0.0019171172 0.0020111438)      (-0.067897195 -0.049184839 1.1204426)        

Forces - Direction Vector (0.98063085 -0.1391731 0.13781868)
                          Forces [N]                                      Coefficients                                   
Zone                      Pressure        Viscous         Total           Pressure        Viscous         Total          
jidi                      1123.3883       0.00018995285   1123.3885       1.4530544       2.4569583e-07   1.4530546      
jishen                    7189.4446       1.1855228       7190.6302       9.2992368       0.0015334227    9.3007702      
jitou                     -11036.189      1.1659831       -11035.023      -14.274835      0.0015081489    -14.273326     
liangan                   -502.88461      1.1993483       -501.68527      -0.65045958     0.0015513054    -0.64890827    
waiyi                     75.78053        3.8692035       79.649734       0.098018851     0.0050046481    0.1030235      
weiyi                     123.7854        1.4050809       125.19048       0.16011108      0.0018174116    0.1619285      
xiaoyi                    99.507581       0.35287562      99.860457       0.12870877      0.00045642941   0.1291652      
youfuyi                   2.6511355       0.14826784      2.7994033       0.0034291295    0.00019177807   0.0036209075   
youweiduo                 -0.82133263     0.15245978      -0.66887285     -0.0010623584   0.00019720015   -0.00086515821 
zhongyangyi               2987.7696       2.254559        2990.0241       3.8645512       0.0029161749    3.8674674      
zuofuyi                   -0.63825652     0.015524592     -0.62273193     -0.00082555731  2.0080391e-05   -0.00080547691 
zuoweiduo                 -0.48415921     0.14098834      -0.34317087     -0.00062623907  0.00018236234   -0.00044387673 
------------------------- --------------- --------------- --------------- --------------- --------------- ---------------
Net                       61.309995       11.890004       73.199999       0.079301836     0.015379208     0.094681044    
