                                    "Force Report"

Moments - Moment Center (0 0 0.05)
                          Moments [N m]                                                                                                                             Coefficients                                                                                                                             
Zone                      Pressure                                      Viscous                                       Total                                         Pressure                                      Viscous                                       Total                                        
jidi                      (1.4131091e-08 -22.92515 0.011412616)         (1.0041198e-06 -0.0029371566 0.0016834222)    (1.0182509e-06 -22.928087 0.013096038)        (5.0117788e-11 -0.081307085 4.0476356e-05)    (3.5612441e-09 -1.0417016e-05 5.9704803e-06)  (3.6113619e-09 -0.081317502 4.6446837e-05)   
jishen                    (-0.18670526 -232.43617 2.9296534)            (-0.017209158 -0.09108421 0.019634123)        (-0.20391441 -232.52726 2.9492876)            (-0.00066217496 -0.82436573 0.010390405)      (-6.1034561e-05 -0.00032304224 6.9635023e-05) (-0.00072320952 -0.82468877 0.01046004)      
jitou                     (-0.93042722 555.49261 9.1578559)             (-0.0098136039 0.16590583 0.11227071)         (-0.94024082 555.65852 9.2701266)             (-0.0032998836 1.9701283 0.032479551)         (-3.4805249e-05 0.00058840703 0.00039818296)  (-0.0033346888 1.9707167 0.032877734)        
liangan                   (3.4078198 651.86629 -2.2696477)              (0.048021469 0.15860285 -0.041655721)         (3.4558413 652.0249 -2.3113035)               (0.012086285 2.3119303 -0.0080496068)         (0.00017031451 0.00056250604 -0.00014773754)  (0.0122566 2.3124928 -0.0081973444)          
waiyi                     (102.22997 -44.968655 15.429056)              (0.14935596 0.4323282 0.019635354)            (102.37933 -44.536327 15.448692)              (0.36257216 -0.1594873 0.054721196)           (0.00052971072 0.0015333093 6.963939e-05)     (0.36310187 -0.15795399 0.054790835)         
weiyi                     (-7.4143077 -758.53891 -17.932642)            (0.052701243 0.067332825 -0.25587753)         (-7.3616064 -758.47158 -18.188519)            (-0.026295826 -2.6902589 -0.063600493)        (0.00018691195 0.0002388048 -0.00090750361)   (-0.026108914 -2.6900201 -0.064507997)       
xiaoyi                    (15.284574 55.62115 -1.1771334)               (0.10790935 0.031918499 -0.011265582)         (15.392484 55.653068 -1.188399)               (0.054208771 0.19726779 -0.0041748598)        (0.00038271484 0.00011320319 -3.9954882e-05)  (0.054591486 0.19738099 -0.0042148147)       
youfuyi                   (31.346729 -4.4129321 -0.59529611)            (0.06183074 0.0083625207 -0.16966088)         (31.408559 -4.4045695 -0.76495699)            (0.11117533 -0.015651049 -0.0021112967)       (0.00021929092 2.9658789e-05 -0.00060172481)  (0.11139462 -0.01562139 -0.0027130215)       
youweiduo                 (0.157852 -3.1429002 1.9485258)               (0.015844075 0.0040807824 -0.091932222)       (0.17369607 -3.1388194 1.8565935)             (0.00055984306 -0.011146713 0.0069107052)     (5.6193113e-05 1.4473036e-05 -0.00032604982)  (0.00061603617 -0.01113224 0.0065846554)     
zhongyangyi               (-2.4956261 -276.2137 -3.4736308)             (-0.0046301284 0.26735977 0.033420032)        (-2.5002563 -275.94634 -3.4402108)            (-0.0088510693 -0.97962855 -0.012319693)      (-1.6421365e-05 0.00094822692 0.00011852858)  (-0.0088674907 -0.97868032 -0.012201164)     
zuofuyi                   (4.7582006 0.51382991 -0.22387783)            (0.0260922 -0.00031452468 -0.035192031)       (4.7842928 0.51351539 -0.25906986)            (0.01687559 0.001822366 -0.00079401242)       (9.2539449e-05 -1.1155035e-06 -0.00012481321) (0.016968129 0.0018212505 -0.00091882563)    
zuoweiduo                 (-0.45509779 -4.3169332 -2.6445113)           (0.0031716719 0.02624746 0.025737187)         (-0.45192611 -4.2906858 -2.6187741)           (-0.0016140647 -0.015310577 -0.0093791104)    (1.1248755e-05 9.3090098e-05 9.128035e-05)    (-0.0016028159 -0.015217486 -0.00928783)     
------------------------- --------------------------------------------- --------------------------------------------- --------------------------------------------- --------------------------------------------- --------------------------------------------- ---------------------------------------------
Net                       (145.70298 -83.461475 1.1597651)              (0.43327482 1.0678028 -0.39320314)            (146.13626 -82.393672 0.76656192)             (0.51675496 -0.2960072 0.0041132607)          (0.0015366667 0.0037871045 -0.0013945471)     (0.51829163 -0.29222009 0.0027187136)        

Moments - Moment Center (0 0 0.05) Moment Axis (0 1 0)
                          Moments [N m]                                   Coefficients                                   
Zone                      Pressure        Viscous         Total           Pressure        Viscous         Total          
jidi                      -22.92515       -0.0029371566   -22.928087      -0.081307085    -1.0417016e-05  -0.081317502   
jishen                    -232.43617      -0.09108421     -232.52726      -0.82436573     -0.00032304224  -0.82468877    
jitou                     555.49261       0.16590583      555.65852       1.9701283       0.00058840703   1.9707167      
liangan                   651.86629       0.15860285      652.0249        2.3119303       0.00056250604   2.3124928      
waiyi                     -44.968655      0.4323282       -44.536327      -0.1594873      0.0015333093    -0.15795399    
weiyi                     -758.53891      0.067332825     -758.47158      -2.6902589      0.0002388048    -2.6900201     
xiaoyi                    55.62115        0.031918499     55.653068       0.19726779      0.00011320319   0.19738099     
youfuyi                   -4.4129321      0.0083625207    -4.4045695      -0.015651049    2.9658789e-05   -0.01562139    
youweiduo                 -3.1429002      0.0040807824    -3.1388194      -0.011146713    1.4473036e-05   -0.01113224    
zhongyangyi               -276.2137       0.26735977      -275.94634      -0.97962855     0.00094822692   -0.97868032    
zuofuyi                   0.51382991      -0.00031452468  0.51351539      0.001822366     -1.1155035e-06  0.0018212505   
zuoweiduo                 -4.3169332      0.02624746      -4.2906858      -0.015310577    9.3090098e-05   -0.015217486   
------------------------- --------------- --------------- --------------- --------------- --------------- ---------------
Net                       -83.461475      1.0678028       -82.393672      -0.2960072      0.0037871045    -0.29222009    
