                                    "Force Report"

Moments - Moment Center (0 0 0.05)
                          Moments [N m]                                                                                                                             Coefficients                                                                                                                             
Zone                      Pressure                                      Viscous                                       Total                                         Pressure                                      Viscous                                       Total                                        
jidi                      (-1.4190101e-08 -22.899065 0.0013214313)      (0.00012264054 -0.001202968 0.001224218)      (0.00012262635 -22.900268 0.0025456493)       (-5.0327074e-11 -0.081214574 4.6866313e-06)   (4.3496096e-07 -4.2664857e-06 4.3418518e-06)  (4.3491064e-07 -0.081218841 9.028483e-06)    
jishen                    (0.088053515 -231.17142 1.2863208)            (-0.015291116 -0.076233612 -0.0048453942)     (0.072762398 -231.24765 1.2814755)            (0.00031229347 -0.8198801 0.0045621076)       (-5.4231973e-05 -0.00027037262 -1.7184833e-05) (0.0002580615 -0.82015048 0.0045449227)      
jitou                     (-0.45528914 541.04673 4.4771923)             (-0.0048018215 -0.011240688 0.055010592)      (-0.46009096 541.03549 4.5322029)             (-0.0016147433 1.918894 0.015878957)          (-1.7030297e-05 -3.9866591e-05 0.00019510236) (-0.0016317736 1.9188541 0.016074059)        
liangan                   (2.4623243 647.51031 -0.48055241)             (0.047811181 0.14413327 0.030757935)          (2.5101354 647.65445 -0.44979447)             (0.0087329597 2.2964812 -0.0017043429)        (0.0001695687 0.00051118775 0.0001090871)     (0.0089025284 2.2969924 -0.0015952558)       
waiyi                     (113.0085 -46.346684 0.91218275)              (0.17290043 0.62293223 -0.21865346)           (113.1814 -45.723752 0.69352929)              (0.40079964 -0.16437467 0.0032351772)         (0.00061321431 0.0022093118 -0.00077548349)   (0.40141286 -0.16216535 0.0024596937)        
weiyi                     (-1.6714551 -661.38038 -7.1662363)            (0.033488478 0.52360369 -0.094500661)         (-1.6379666 -660.85678 -7.260737)             (-0.0059280371 -2.3456733 -0.025416008)       (0.00011877133 0.00185703 -0.00033515913)     (-0.0058092658 -2.3438163 -0.025751167)      
xiaoyi                    (3.1322619 55.885788 -0.40931043)             (0.036181884 0.038721924 -0.020733041)        (3.1684438 55.92451 -0.43004347)              (0.011108982 0.19820636 -0.0014516737)        (0.00012832385 0.00013733244 -7.3532482e-05)  (0.011237306 0.1983437 -0.0015252062)        
youfuyi                   (17.63256 -2.5470631 0.8211218)               (0.026575972 0.016159871 -0.20680206)         (17.659136 -2.5309032 0.61431974)             (0.062536213 -0.0090334972 0.0029122174)      (9.4255212e-05 5.7313126e-05 -0.00073345094)  (0.062630468 -0.0089761841 0.0021787665)     
youweiduo                 (-0.010361391 -0.13070323 0.23027975)         (0.0056711203 0.040206451 -0.079937418)       (-0.0046902704 -0.090496779 0.15034234)       (-3.6748047e-05 -0.00046355635 0.00081671771) (2.0113381e-05 0.00014259751 -0.00028350866)  (-1.6634666e-05 -0.00032095883 0.00053320905)
zhongyangyi               (10.592104 -280.36684 0.58093465)             (0.024126235 0.35541907 -0.012351956)         (10.61623 -280.01142 0.56858269)              (0.037566303 -0.9943582 0.0020603618)         (8.5566895e-05 0.0012605409 -4.3807851e-05)   (0.03765187 -0.99309765 0.002016554)         
zuofuyi                   (25.652236 4.0233478 4.2386616)               (0.064608081 0.015567454 0.07630619)          (25.716844 4.0389152 4.3149677)               (0.090979059 0.014269337 0.015032976)         (0.00022914113 5.521204e-05 0.00027063003)    (0.0912082 0.014324549 0.015303606)          
zuoweiduo                 (-0.098406433 -0.76320234 -0.61113543)        (0.0058383509 0.056826213 0.045838724)        (-0.092568082 -0.70637613 -0.56529671)        (-0.00034901147 -0.0027067984 -0.0021674729)  (2.0706486e-05 0.0002015417 0.00016257312)    (-0.00032830499 -0.0025052567 -0.0020048998) 
------------------------- --------------------------------------------- --------------------------------------------- --------------------------------------------- --------------------------------------------- --------------------------------------------- ---------------------------------------------
Net                       (170.33253 2.8608196 3.8807805)               (0.39723143 1.7248929 -0.42868632)            (170.72976 4.5857125 3.4520942)               (0.60410692 0.010146276 0.013763703)          (0.001408834 0.0061175615 -0.0015203929)      (0.60551575 0.016263838 0.01224331)          

Moments - Moment Center (0 0 0.05) Moment Axis (0 1 0)
                          Moments [N m]                                   Coefficients                                   
Zone                      Pressure        Viscous         Total           Pressure        Viscous         Total          
jidi                      -22.899065      -0.001202968    -22.900268      -0.081214574    -4.2664857e-06  -0.081218841   
jishen                    -231.17142      -0.076233612    -231.24765      -0.8198801      -0.00027037262  -0.82015048    
jitou                     541.04673       -0.011240688    541.03549       1.918894        -3.9866591e-05  1.9188541      
liangan                   647.51031       0.14413327      647.65445       2.2964812       0.00051118775   2.2969924      
waiyi                     -46.346684      0.62293223      -45.723752      -0.16437467     0.0022093118    -0.16216535    
weiyi                     -661.38038      0.52360369      -660.85678      -2.3456733      0.00185703      -2.3438163     
xiaoyi                    55.885788       0.038721924     55.92451        0.19820636      0.00013733244   0.1983437      
youfuyi                   -2.5470631      0.016159871     -2.5309032      -0.0090334972   5.7313126e-05   -0.0089761841  
youweiduo                 -0.13070323     0.040206451     -0.090496779    -0.00046355635  0.00014259751   -0.00032095883 
zhongyangyi               -280.36684      0.35541907      -280.01142      -0.9943582      0.0012605409    -0.99309765    
zuofuyi                   4.0233478       0.015567454     4.0389152       0.014269337     5.521204e-05    0.014324549    
zuoweiduo                 -0.76320234     0.056826213     -0.70637613     -0.0027067984   0.0002015417    -0.0025052567  
------------------------- --------------- --------------- --------------- --------------- --------------- ---------------
Net                       2.8608196       1.7248929       4.5857125       0.010146276     0.0061175615    0.016263838    
