                                    "Force Report"

Moments - Moment Center (0 0 0.05)
                          Moments [N m]                                                                                                                             Coefficients                                                                                                                             
Zone                      Pressure                                      Viscous                                       Total                                         Pressure                                      Viscous                                       Total                                        
jidi                      (-2.3978136e-08 -22.907622 0.0018160334)      (-8.1360908e-05 0.00016285459 -0.000807743)   (-8.1384886e-05 -22.907459 0.0010082904)      (-8.5041642e-11 -0.081244921 6.4408035e-06)   (-2.8855726e-07 5.775854e-07 -2.8647677e-06)  (-2.886423e-07 -0.081244343 3.5760358e-06)   
jishen                    (0.13661022 -230.55622 2.1538567)             (-0.025917835 -0.070655235 -0.0061044343)     (0.11069239 -230.62687 2.1477522)             (0.00048450629 -0.81769822 0.0076389384)      (-9.1921042e-05 -0.00025058817 -2.1650186e-05) (0.00039258524 -0.81794881 0.0076172883)     
jitou                     (-0.87599248 544.36377 8.6277653)             (-0.0094636182 0.023478534 0.10855401)        (-0.8854561 544.38725 8.7363193)              (-0.0031068236 1.9306583 0.030599515)         (-3.3563978e-05 8.3269738e-05 0.0003850012)   (-0.0031403876 1.9307416 0.030984516)        
liangan                   (2.8682866 648.8192 -0.87787382)              (0.050759971 0.15286021 0.030321677)          (2.9190466 648.97206 -0.84755215)             (0.010172759 2.3011234 -0.003113496)          (0.00018002697 0.00054213903 0.00010753985)   (0.010352786 2.3016655 -0.0030059562)        
waiyi                     (113.30697 -45.129629 4.3384794)              (0.19404345 0.62112291 -0.17130747)           (113.50101 -44.508506 4.1671719)              (0.40185819 -0.16005822 0.015386993)          (0.00068820084 0.0022028948 -0.00060756467)   (0.40254639 -0.15785532 0.014779428)         
weiyi                     (-5.9826199 -680.39367 -20.531374)            (0.065020967 0.45832526 -0.22943565)          (-5.9175989 -679.93534 -20.760809)            (-0.021218155 -2.4131064 -0.072817241)        (0.00023060549 0.0016255114 -0.00081372397)   (-0.02098755 -2.4114809 -0.073630965)        
xiaoyi                    (7.2266644 55.92275 -0.67420704)              (0.073379175 0.038769084 -0.031114273)        (7.3000436 55.961519 -0.70532131)             (0.025630324 0.19833745 -0.0023911647)        (0.00026024898 0.0001374997 -0.0001103509)    (0.025890573 0.19847495 -0.0025015156)       
youfuyi                   (19.303402 -2.7837787 0.68925005)             (0.035771831 0.014033231 -0.19901875)         (19.339173 -2.7697455 0.4902313)              (0.068462075 -0.0098730406 0.0024445168)      (0.00012686955 4.9770715e-05 -0.00070584639)  (0.068588945 -0.0098232699 0.0017386704)     
youweiduo                 (-0.035632631 -0.099336519 0.20801085)        (0.013649683 0.027154503 -0.1015443)          (-0.021982947 -0.072182016 0.10646655)        (-0.00012637585 -0.00035231014 0.00073773807) (4.8410413e-05 9.6307047e-05 -0.00036014032)  (-7.796544e-05 -0.0002560031 0.00037759775)  
zhongyangyi               (13.240204 -277.76254 1.3395507)              (0.038188721 0.35867091 -0.0073427291)        (13.278393 -277.40387 1.3322079)              (0.046958141 -0.98512171 0.0047508942)        (0.00013544137 0.001272074 -2.6041963e-05)    (0.047093582 -0.98384963 0.0047248522)       
zuofuyi                   (21.860438 3.4623233 3.4435239)               (0.057039508 0.011921286 0.043853302)         (21.917478 3.4742446 3.4873772)               (0.077530945 0.012279589 0.012212914)         (0.00020229818 4.2280424e-05 0.00015553156)   (0.077733243 0.012321869 0.012368446)        
zuoweiduo                 (-0.23670105 -1.7517907 -1.1662436)           (0.010464556 0.060069272 0.02739121)          (-0.22623649 -1.6917214 -1.1388524)           (-0.00083949167 -0.0062129582 -0.0041362377)  (3.7113938e-05 0.00021304364 9.7146562e-05)   (-0.00080237773 -0.0059999145 -0.0040390912) 
------------------------- --------------------------------------------- --------------------------------------------- --------------------------------------------- --------------------------------------------- --------------------------------------------- ---------------------------------------------
Net                       (170.81163 -8.8165399 -2.4474453)             (0.50285505 1.6959128 -0.53655514)            (171.31448 -7.1206271 -2.9840004)             (0.6058061 -0.031269029 -0.0086801895)        (0.0017834422 0.0060147799 -0.001902964)      (0.60758954 -0.025254249 -0.010583154)       

Moments - Moment Center (0 0 0.05) Moment Axis (0 1 0)
                          Moments [N m]                                   Coefficients                                   
Zone                      Pressure        Viscous         Total           Pressure        Viscous         Total          
jidi                      -22.907622      0.00016285459   -22.907459      -0.081244921    5.775854e-07    -0.081244343   
jishen                    -230.55622      -0.070655235    -230.62687      -0.81769822     -0.00025058817  -0.81794881    
jitou                     544.36377       0.023478534     544.38725       1.9306583       8.3269738e-05   1.9307416      
liangan                   648.8192        0.15286021      648.97206       2.3011234       0.00054213903   2.3016655      
waiyi                     -45.129629      0.62112291      -44.508506      -0.16005822     0.0022028948    -0.15785532    
weiyi                     -680.39367      0.45832526      -679.93534      -2.4131064      0.0016255114    -2.4114809     
xiaoyi                    55.92275        0.038769084     55.961519       0.19833745      0.0001374997    0.19847495     
youfuyi                   -2.7837787      0.014033231     -2.7697455      -0.0098730406   4.9770715e-05   -0.0098232699  
youweiduo                 -0.099336519    0.027154503     -0.072182016    -0.00035231014  9.6307047e-05   -0.0002560031  
zhongyangyi               -277.76254      0.35867091      -277.40387      -0.98512171     0.001272074     -0.98384963    
zuofuyi                   3.4623233       0.011921286     3.4742446       0.012279589     4.2280424e-05   0.012321869    
zuoweiduo                 -1.7517907      0.060069272     -1.6917214      -0.0062129582   0.00021304364   -0.0059999145  
------------------------- --------------- --------------- --------------- --------------- --------------- ---------------
Net                       -8.8165399      1.6959128       -7.1206271      -0.031269029    0.0060147799    -0.025254249   
