                                    "Force Report"

Moments - Moment Center (0 0 0.05)
                          Moments [N m]                                                                                                                             Coefficients                                                                                                                             
Zone                      Pressure                                      Viscous                                       Total                                         Pressure                                      Viscous                                       Total                                        
jidi                      (-1.8952898e-08 -22.90248 0.0014246394)       (9.4980692e-05 -0.0019910644 0.0011696256)    (9.4961739e-05 -22.904471 0.002594265)        (-6.7218968e-11 -0.081226686 5.0526727e-06)   (3.3686163e-07 -7.0615741e-06 4.1482323e-06)  (3.3679441e-07 -0.081233747 9.2009051e-06)   
jishen                    (0.057807986 -230.51579 1.1246539)            (-0.014616758 -0.07131397 -0.0036466247)      (0.043191227 -230.5871 1.1210073)             (0.00020502369 -0.81755483 0.0039887344)      (-5.1840273e-05 -0.00025292446 -1.2933239e-05) (0.00015318342 -0.81780775 0.0039758012)     
jitou                     (-0.44909694 544.35202 4.4221277)             (-0.0047506848 0.02324063 0.054812792)        (-0.45384763 544.37526 4.4769405)             (-0.0015927819 1.9306167 0.015683663)         (-1.6848934e-05 8.2425979e-05 0.00019440084)  (-0.0016096308 1.9306991 0.015878063)        
liangan                   (2.4659775 648.09467 -0.69586512)             (0.046844687 0.14648868 0.028460872)          (2.5128222 648.24116 -0.66740425)             (0.0087459165 2.2985538 -0.002467978)         (0.0001661409 0.00051954154 0.00010094026)    (0.0089120574 2.2990733 -0.0023670377)       
waiyi                     (110.31946 -45.145637 4.408788)               (0.16435728 0.62667791 -0.14574038)           (110.48382 -44.518959 4.2630476)              (0.39126261 -0.16011499 0.015636352)          (0.00058291492 0.0022225964 -0.00051688759)   (0.39184552 -0.1578924 0.015119464)          
weiyi                     (-2.1696367 -679.29514 -7.9818648)            (0.033346593 0.47843572 -0.097245223)         (-2.1362901 -678.8167 -8.07911)               (-0.0076949043 -2.4092103 -0.028308743)       (0.00011826812 0.0016968358 -0.00034489309)   (-0.0075766362 -2.4075135 -0.028653636)      
xiaoyi                    (3.9638074 55.907324 -0.34962062)             (0.043346456 0.038224407 -0.021438824)        (4.0071538 55.945549 -0.37105945)             (0.014058169 0.19828274 -0.0012399759)        (0.00015373396 0.00013556793 -7.6035634e-05)  (0.014211903 0.19841831 -0.0013160116)       
youfuyi                   (19.354374 -2.7925949 0.64910643)             (0.033680334 0.014012101 -0.19541143)         (19.388054 -2.7785828 0.453695)               (0.068642854 -0.0099043084 0.0023021421)      (0.00011945177 4.9695774e-05 -0.00069305255)  (0.068762306 -0.0098546126 0.0016090895)     
youweiduo                 (0.033912336 -0.59235145 0.49708098)          (0.0066872943 0.036780294 -0.080654152)       (0.04059963 -0.55557115 0.41642682)           (0.0001202746 -0.002100853 0.0017629636)      (2.3717377e-05 0.00013044619 -0.00028605065)  (0.00014399198 -0.0019704068 0.001476913)    
zhongyangyi               (9.8284124 -277.51347 0.99843141)             (0.022988686 0.36399757 -0.0021133779)        (9.8514011 -277.14947 0.99631804)             (0.034857769 -0.98423834 0.0035410695)        (8.1532425e-05 0.0012909657 -7.4953752e-06)   (0.034939301 -0.98294738 0.0035335741)       
zuofuyi                   (22.256993 3.4926754 3.5307401)               (0.054330023 0.011539759 0.046759032)         (22.311323 3.5042151 3.5774992)               (0.07893738 0.012387237 0.012522238)          (0.00019268864 4.0927286e-05 0.00016583711)   (0.079130069 0.012428164 0.012688075)        
zuoweiduo                 (-0.15855772 -1.2855057 -0.91805654)          (0.0049426756 0.053395793 0.046505942)        (-0.15361504 -1.2321099 -0.8715506)           (-0.00056234598 -0.0045592165 -0.0032560094)  (1.7529855e-05 0.00018937527 0.0001649395)    (-0.00054481613 -0.0043698412 -0.0030910699) 
------------------------- --------------------------------------------- --------------------------------------------- --------------------------------------------- --------------------------------------------- --------------------------------------------- ---------------------------------------------
Net                       (165.50345 -8.1962683 5.6869461)              (0.39125157 1.7194878 -0.36854174)            (165.89471 -6.4767805 5.3184043)              (0.58697996 -0.029069153 0.020169509)         (0.0013876256 0.0060983917 -0.0013070822)     (0.58836759 -0.022970762 0.018862427)        

Moments - Moment Center (0 0 0.05) Moment Axis (0 1 0)
                          Moments [N m]                                   Coefficients                                   
Zone                      Pressure        Viscous         Total           Pressure        Viscous         Total          
jidi                      -22.90248       -0.0019910644   -22.904471      -0.081226686    -7.0615741e-06  -0.081233747   
jishen                    -230.51579      -0.07131397     -230.5871       -0.81755483     -0.00025292446  -0.81780775    
jitou                     544.35202       0.02324063      544.37526       1.9306167       8.2425979e-05   1.9306991      
liangan                   648.09467       0.14648868      648.24116       2.2985538       0.00051954154   2.2990733      
waiyi                     -45.145637      0.62667791      -44.518959      -0.16011499     0.0022225964    -0.1578924     
weiyi                     -679.29514      0.47843572      -678.8167       -2.4092103      0.0016968358    -2.4075135     
xiaoyi                    55.907324       0.038224407     55.945549       0.19828274      0.00013556793   0.19841831     
youfuyi                   -2.7925949      0.014012101     -2.7785828      -0.0099043084   4.9695774e-05   -0.0098546126  
youweiduo                 -0.59235145     0.036780294     -0.55557115     -0.002100853    0.00013044619   -0.0019704068  
zhongyangyi               -277.51347      0.36399757      -277.14947      -0.98423834     0.0012909657    -0.98294738    
zuofuyi                   3.4926754       0.011539759     3.5042151       0.012387237     4.0927286e-05   0.012428164    
zuoweiduo                 -1.2855057      0.053395793     -1.2321099      -0.0045592165   0.00018937527   -0.0043698412  
------------------------- --------------- --------------- --------------- --------------- --------------- ---------------
Net                       -8.1962683      1.7194878       -6.4767805      -0.029069153    0.0060983917    -0.022970762   
