                                    "Force Report"

Moments - Moment Center (0 0 0.05)
                          Moments [N m]                                                                                                                             Coefficients                                                                                                                             
Zone                      Pressure                                      Viscous                                       Total                                         Pressure                                      Viscous                                       Total                                        
jidi                      (-5.3309032e-09 -22.926384 0.0079383282)      (7.8098519e-05 -0.0034029893 0.0028548237)    (7.8093188e-05 -22.929787 0.010793152)        (-1.8906756e-11 -0.081311464 2.8154334e-05)   (2.7698676e-07 -1.2069153e-05 1.0125011e-05)  (2.7696786e-07 -0.081323533 3.8279346e-05)   
jishen                    (-0.12196672 -229.69321 2.8272401)            (-0.029333834 -0.068720834 0.0096242748)      (-0.15130055 -229.76193 2.8368643)            (-0.00043257114 -0.81463745 0.010027182)      (-0.00010403633 -0.00024372756 3.4133768e-05) (-0.00053660748 -0.81488118 0.010061316)     
jitou                     (-1.2712447 552.50681 12.569748)              (-0.01412526 0.11655376 0.16293316)           (-1.2853699 552.62336 12.732681)              (-0.0045086378 1.9595387 0.044580279)         (-5.0097109e-05 0.00041337336 0.00057786409)  (-0.004558735 1.9599521 0.045158144)         
liangan                   (3.8804268 651.91355 -2.4727419)              (0.063814771 0.15743523 -0.019155665)         (3.9442416 652.07099 -2.4918975)              (0.013762449 2.3120979 -0.0087699071)         (0.00022632755 0.00055836494 -6.7938107e-05)  (0.013988776 2.3126563 -0.0088378452)        
waiyi                     (105.14132 -44.103396 11.477189)              (0.17947066 0.51296764 -0.041226082)          (105.32079 -43.590428 11.435963)              (0.37289764 -0.15641854 0.040705375)          (0.00063651651 0.0018193078 -0.00014621377)   (0.37353416 -0.15459924 0.040559162)         
weiyi                     (-9.6552082 -731.06199 -34.157338)            (0.091365331 0.30773465 -0.37006315)          (-9.5638429 -730.75425 -34.527401)            (-0.034243477 -2.5928083 -0.12114353)         (0.00032403927 0.0010914218 -0.0013124781)    (-0.033919438 -2.5917169 -0.12245601)        
xiaoyi                    (16.745545 55.84415 -1.5480853)               (0.13390894 0.036029626 -0.041745176)         (16.879454 55.88018 -1.5898305)               (0.059390296 0.19805869 -0.00549049)          (0.00047492581 0.00012778385 -0.00014805481)  (0.059865222 0.19818647 -0.0056385449)       
youfuyi                   (27.297863 -3.8709516 -0.26779391)            (0.059862452 0.0080162091 -0.16933767)        (27.357725 -3.8629354 -0.43713157)            (0.096815493 -0.013728843 -0.00094976662)     (0.00021231013 2.8430549e-05 -0.00060057851)  (0.097027803 -0.013700413 -0.0015503451)     
youweiduo                 (0.014233523 -0.98302254 0.68871787)          (0.020321734 0.011305963 -0.11163278)         (0.034555257 -0.97171657 0.57708509)          (5.0481078e-05 -0.0034864199 0.0024426293)    (7.2073727e-05 4.0098096e-05 -0.00039592046)  (0.0001225548 -0.0034463218 0.0020467089)    
zhongyangyi               (12.545668 -274.82158 1.836103)               (0.023882632 0.31337724 0.0034436553)         (12.56955 -274.5082 1.8395467)                (0.044494875 -0.97469119 0.006511983)         (8.4702923e-05 0.001111434 1.221338e-05)      (0.044579578 -0.97357975 0.0065241963)       
zuofuyi                   (7.4612103 1.1827418 0.10605301)              (0.0337985 0.00069575191 -0.048431988)        (7.4950088 1.1834375 0.057621023)             (0.026462173 0.0041947507 0.00037613108)      (0.00011987086 2.4675765e-06 -0.00017177047)  (0.026582043 0.0041972182 0.00020436061)     
zuoweiduo                 (-0.45838147 -3.5421176 -2.2056367)           (0.011956415 0.048853969 0.0059617092)        (-0.44642505 -3.4932636 -2.199675)            (-0.0016257107 -0.01256259 -0.0078225831)     (4.2405014e-05 0.00017326708 2.1143993e-05)   (-0.0015833057 -0.012389323 -0.0078014391)   
------------------------- --------------------------------------------- --------------------------------------------- --------------------------------------------- --------------------------------------------- --------------------------------------------- ---------------------------------------------
Net                       (161.57946 -49.555392 -11.138605)             (0.57500044 1.4408462 -0.61677488)            (162.15446 -48.114546 -11.75538)              (0.57306301 -0.17575477 -0.039504542)         (0.0020393153 0.0051101523 -0.0021874739)     (0.57510233 -0.17064462 -0.041692016)        

Moments - Moment Center (0 0 0.05) Moment Axis (0 1 0)
                          Moments [N m]                                   Coefficients                                   
Zone                      Pressure        Viscous         Total           Pressure        Viscous         Total          
jidi                      -22.926384      -0.0034029893   -22.929787      -0.081311464    -1.2069153e-05  -0.081323533   
jishen                    -229.69321      -0.068720834    -229.76193      -0.81463745     -0.00024372756  -0.81488118    
jitou                     552.50681       0.11655376      552.62336       1.9595387       0.00041337336   1.9599521      
liangan                   651.91355       0.15743523      652.07099       2.3120979       0.00055836494   2.3126563      
waiyi                     -44.103396      0.51296764      -43.590428      -0.15641854     0.0018193078    -0.15459924    
weiyi                     -731.06199      0.30773465      -730.75425      -2.5928083      0.0010914218    -2.5917169     
xiaoyi                    55.84415        0.036029626     55.88018        0.19805869      0.00012778385   0.19818647     
youfuyi                   -3.8709516      0.0080162091    -3.8629354      -0.013728843    2.8430549e-05   -0.013700413   
youweiduo                 -0.98302254     0.011305963     -0.97171657     -0.0034864199   4.0098096e-05   -0.0034463218  
zhongyangyi               -274.82158      0.31337724      -274.5082       -0.97469119     0.001111434     -0.97357975    
zuofuyi                   1.1827418       0.00069575191   1.1834375       0.0041947507    2.4675765e-06   0.0041972182   
zuoweiduo                 -3.5421176      0.048853969     -3.4932636      -0.01256259     0.00017326708   -0.012389323   
------------------------- --------------- --------------- --------------- --------------- --------------- ---------------
Net                       -49.555392      1.4408462       -48.114546      -0.17575477     0.0051101523    -0.17064462    
