                                    "Force Report"

Forces
                          Forces [N]                                                                                                                                Coefficients                                                                                                                             
Zone                      Pressure                                      Viscous                                       Total                                         Pressure                                      Viscous                                       Total                                        
interior-372:002-shadow   (-0.30940506 -0.16766376 0.21090663)          (5.7648955e-06 -7.6389784e-06 2.3698118e-06)  (-0.30939929 -0.1676714 0.210909)             (-0.00040020211 -0.00021686585 0.00027279864) (7.456644e-09 -9.8806894e-09 3.0652494e-09)   (-0.00040019465 -0.00021687573 0.00027280171)
interior-372:003-shadow   (0.30941349 0.16766783 -0.21091264)           (1.1920687e-05 -1.7641229e-05 3.357008e-06)   (0.30942542 0.16765019 -0.21090928)           (0.00040021302 0.00021687111 -0.00027280641)  (1.5418895e-08 -2.2818169e-08 4.3421452e-09)  (0.00040022844 0.00021684829 -0.00027280207) 
jidi                      (1145.5667 -2.706986e-07 0.00043638582)       (-4.768038e-09 0.0010358736 0.00061851989)    (1145.5667 0.0010356029 0.0010549057)         (1.4817411 -3.5013697e-10 5.6444625e-07)      (-6.1672516e-12 1.3398579e-06 8.0002882e-07)  (1.4817411 1.3395077e-06 1.3644751e-06)      
jishen                    (9087.4236 0.94391348 -12507.819)             (1.1790939 -0.18753673 -0.044311614)          (9088.6026 0.75637675 -12507.863)             (11.754191 0.0012209114 -16.178324)           (0.0015251072 -0.00024257068 -5.7315163e-05)  (11.755716 0.00097834073 -16.178382)         
jitou                     (-11256.887 -19.890308 12.207617)             (1.1256699 -0.25359403 0.1431179)             (-11255.761 -20.143902 12.350735)             (-14.560298 -0.025727256 0.015790027)         (0.0014560055 -0.00032801294 0.00018511684)   (-14.558842 -0.026055269 0.015975144)        
liangan                   (-80.989955 -3.5955775 -3075.2946)            (1.157094 -0.21105378 0.053174658)            (-79.832861 -3.8066313 -3075.2414)            (-0.10475702 -0.0046507246 -3.9777611)        (0.0014966512 -0.00027298896 6.8779129e-05)   (-0.10326037 -0.0049237136 -3.9776923)       
waiyi                     (-156.34728 -0.32103418 1815.438)             (4.250148 -0.79765835 0.56528826)             (-152.09713 -1.1186925 1816.0033)             (-0.20222847 -0.00041524388 2.3481909)        (0.0054973833 -0.0010317367 0.000731176)      (-0.19673108 -0.0014469806 2.348922)         
weiyi                     (41.842195 -38.810963 572.3372)               (1.322386 -0.29624615 0.031385936)            (43.164581 -39.107209 572.36858)              (0.054121076 -0.050200308 0.7402935)          (0.0017104493 -0.00038318162 4.0596356e-05)   (0.055831525 -0.050583489 0.7403341)         
xiaoyi                    (152.2878 -1.5993593 -370.25227)              (0.33089112 -0.064945538 0.020047959)         (152.61869 -1.6643048 -370.23223)             (0.19697771 -0.0020687023 -0.47890536)        (0.00042799341 -8.4004255e-05 2.5931172e-05)  (0.1974057 -0.0021527066 -0.47887943)        
youfuyi                   (-0.74574635 -0.65194683 16.141331)           (0.15578657 -0.069901553 0.027102346)         (-0.58995978 -0.72184838 16.168433)           (-0.00096459077 -0.00084326513 0.020878116)   (0.00020150322 -9.0414646e-05 3.5055717e-05)  (-0.00076308755 -0.00093367977 0.020913172)  
youweiduo                 (-0.89258621 -0.054415908 -0.027471549)       (0.15282365 -0.045659621 0.019601017)         (-0.73976256 -0.10007553 -0.0078705321)       (-0.0011545218 -7.0384632e-05 -3.5533265e-05) (0.00019767081 -5.9058753e-05 2.5353071e-05)  (-0.000956851 -0.00012944338 -1.0180194e-05) 
zhongyangyi               (1043.7081 -0.021500956 14290.967)            (2.4556525 -0.31801472 0.23458611)            (1046.1637 -0.33951568 14291.201)             (1.3499914 -2.781056e-05 18.484749)           (0.0031762807 -0.00041133834 0.00030342703)   (1.3531677 -0.0004391489 18.485053)          
zuofuyi                   (-0.6612607 0.63072647 15.837421)             (0.16425114 -0.068783285 0.027075218)         (-0.49700956 0.56194318 15.864496)            (-0.00085531222 0.00081581751 0.020485021)    (0.00021245177 -8.8968215e-05 3.5020628e-05)  (-0.00064286045 0.00072684929 0.020520042)   
zuoweiduo                 (4.8121139 -8.057026 13.826266)               (0.1107688 -0.038168097 -0.01261405)          (4.9228827 -8.0951941 13.813652)              (0.006224262 -0.010421416 0.017883679)        (0.00014327466 -4.9368789e-05 -1.6315731e-05) (0.0063675367 -0.010470785 0.017867363)      
------------------------- --------------------------------------------- --------------------------------------------- --------------------------------------------- --------------------------------------------- --------------------------------------------- ---------------------------------------------
Net                       (-20.883432 -71.427488 783.36191)             (12.404583 -2.3505513 1.065078)               (-8.478849 -73.778039 784.42699)              (-0.02701182 -0.092388377 1.0132449)          (0.016044794 -0.0030403368 0.0013776325)      (-0.010967026 -0.095428714 1.0146225)        

Forces - Direction Vector (0.97576488 -0.20791169 0.068232127)
                          Forces [N]                                      Coefficients                                   
Zone                      Pressure        Viscous         Total           Pressure        Viscous         Total          
interior-372:002-shadow   -0.25265672     7.3751128e-06   -0.25264935     -0.00032680059  9.5393906e-09   -0.00032679105 
interior-372:003-shadow   0.2526637       1.5528662e-05   0.25267923      0.00032680961   2.0085655e-08   0.0003268297   
jidi                      1117.8038       -0.00017317196  1117.8036       1.445831        -2.2399046e-07  1.4458308      
jishen                    8013.5575       1.1864861       8014.7439       10.365191       0.0015346686    10.366726      
jitou                     -10979.107      1.1608795       -10977.946      -14.201001      0.0015015476    -14.1995       
liangan                   -288.11348      1.1765605       -286.93692      -0.37266238     0.0015218303    -0.37114055    
waiyi                     -28.620239      4.3515585       -24.26868       -0.037019045    0.0056285534    -0.031390492   
weiyi                     87.949181       1.3540724       89.303254       0.11375848      0.0017514343    0.11550991     
xiaoyi                    123.66651       0.33774279      124.00426       0.15995731      0.00043685574   0.16039416     
youfuyi                   0.50923162      0.16839367      0.67762529      0.00065866916   0.00021780995   0.00087647911  
youweiduo                 -0.86151502     0.15995054      -0.70156448     -0.0011143326   0.00020688913   -0.00090744342 
zhongyangyi               1993.5212       2.4782648       1995.9995       2.5785338       0.0032055287    2.5817393      
zuofuyi                   0.30425052      0.17641874      0.48066926      0.00039353493   0.00022819004   0.00062172498  
zuoweiduo                 7.3140372       0.11515921      7.4291964       0.009460392     0.00014895348   0.0096093454   
------------------------- --------------- --------------- --------------- --------------- --------------- ---------------
Net                       47.92374        12.665336       60.589076       0.061987292     0.016382067     0.078369359    
