                                    "Force Report"

Forces
                          Forces [N]                                                                                                                                Coefficients                                                                                                                             
Zone                      Pressure                                      Viscous                                       Total                                         Pressure                                      Viscous                                       Total                                        
interior-372:002-shadow   (-0.309389 -0.16765506 0.21089568)            (5.2560699e-06 -6.6501578e-06 2.4124074e-06)  (-0.30938374 -0.16766171 0.21089809)          (-0.00040018134 -0.0002168546 0.00027278447)  (6.7985e-09 -8.6016926e-09 3.120345e-09)      (-0.00040017454 -0.0002168632 0.00027278759) 
interior-372:003-shadow   (0.30939948 0.16766032 -0.21090304)           (1.0384051e-05 -1.4836859e-05 3.3515481e-06)  (0.30940987 0.16764548 -0.21089969)           (0.0004001949 0.0002168614 -0.00027279399)    (1.3431323e-08 -1.9190837e-08 4.3350831e-09)  (0.00040020833 0.00021684221 -0.00027278966) 
jidi                      (1145.0896 -1.3394895e-07 0.00043539115)      (4.820355e-09 -0.0027291766 0.00073105957)    (1145.0896 -0.0027293105 0.0011664507)        (1.481124 -1.7325719e-10 5.631597e-07)        (6.2349215e-12 -3.5300723e-06 9.4559405e-07)  (1.481124 -3.5302456e-06 1.5087537e-06)      
jishen                    (9085.5633 1.5654196 -12502.984)              (1.1584475 -0.12683807 -0.019650033)          (9086.7217 1.4385816 -12503.004)              (11.751785 0.0020248028 -16.172071)           (0.001498402 -0.00016405958 -2.5416472e-05)   (11.753283 0.0018607433 -16.172097)          
jitou                     (-11254.489 -13.427974 12.606988)             (1.1430188 -0.16889676 0.1448275)             (-11253.346 -13.59687 12.751815)              (-14.557196 -0.017368505 0.016306596)         (0.0014784456 -0.00021846068 0.00018732813)   (-14.555718 -0.017586966 0.016493924)        
liangan                   (-80.975634 -2.1950349 -3073.7648)            (1.1074901 -0.13690379 0.065353197)           (-79.868144 -2.3319387 -3073.6994)            (-0.10473849 -0.002839183 -3.9757823)         (0.0014324907 -0.00017707915 8.4531543e-05)   (-0.103306 -0.0030162622 -3.9756977)         
waiyi                     (-156.91844 -0.22681953 1824.7005)            (4.3227666 -0.53889938 0.57803746)            (-152.59568 -0.7657189 1825.2785)             (-0.20296724 -0.00029338128 2.3601714)        (0.0055913123 -0.00069704312 0.00074766654)   (-0.19737593 -0.0009904244 2.3609191)        
weiyi                     (44.273346 -29.656234 573.92677)              (1.3806093 -0.20504353 0.034348016)           (45.653955 -29.861278 573.96112)              (0.057265665 -0.038359061 0.74234955)         (0.0017857587 -0.00026521498 4.4427679e-05)   (0.059051424 -0.038624276 0.74239398)        
xiaoyi                    (152.47999 -0.90352481 -369.66184)            (0.334307 -0.043362649 0.025406029)           (152.81429 -0.94688746 -369.63643)            (0.19722629 -0.0011686704 -0.47814166)        (0.0004324117 -5.6087717e-05 3.2861604e-05)   (0.1976587 -0.0012247581 -0.4781088)         
youfuyi                   (-0.67959343 -0.65031929 16.438867)           (0.15697605 -0.04698723 0.027674485)          (-0.52261738 -0.69730652 16.466542)           (-0.00087902481 -0.00084115998 0.021262966)   (0.00020304175 -6.0775957e-05 3.5795754e-05)  (-0.00067598306 -0.00090193593 0.021298762)  
youweiduo                 (-0.89288859 0.18481657 0.39006591)           (0.15305921 -0.031254144 0.014052646)         (-0.73982938 0.15356243 0.40411855)           (-0.0011549129 0.00023905227 0.00050453344)   (0.00019797549 -4.0425889e-05 1.8176492e-05)  (-0.00095693743 0.00019862639 0.00052270993) 
zhongyangyi               (1043.8812 -0.00090218564 14294.735)          (2.4992528 -0.21902813 0.24539974)            (1046.3805 -0.21993032 14294.98)              (1.3502154 -1.1669382e-06 18.489623)          (0.0032326758 -0.00028330345 0.00031741399)   (1.3534481 -0.00028447039 18.489941)         
zuofuyi                   (-0.60544467 0.67281052 16.276921)            (0.16560708 -0.047372926 0.027114066)         (-0.43983759 0.6254376 16.304035)             (-0.00078311659 0.00087025142 0.021053496)    (0.00021420562 -6.1274839e-05 3.5070876e-05)  (-0.00056891097 0.00080897658 0.021088566)   
zuoweiduo                 (4.8965379 -7.9041633 13.505655)              (0.11301653 -0.027864969 -0.0072572177)       (5.0095544 -7.9320283 13.498397)              (0.0063334607 -0.010223695 0.017468982)       (0.00014618201 -3.6042137e-05 -9.3868984e-06) (0.0064796428 -0.010259737 0.017459595)      
------------------------- --------------------------------------------- --------------------------------------------- --------------------------------------------- --------------------------------------------- --------------------------------------------- ---------------------------------------------
Net                       (-18.376688 -52.54192 806.17021)              (12.534567 -1.5952022 1.1360427)              (-5.8421213 -54.137122 807.30625)             (-0.023769454 -0.06796071 1.0427464)          (0.016212922 -0.0020633254 0.0014694223)      (-0.0075565322 -0.070024035 1.0442158)       

Forces - Direction Vector (0.98785583 -0.1391731 0.069077609)
                          Forces [N]                                      Coefficients                                   
Zone                      Pressure        Viscous         Total           Pressure        Viscous         Total          
interior-372:002-shadow   -0.26773048     6.2844057e-06   -0.2677242      -0.00034629784  8.128608e-09    -0.00034628971 
interior-372:003-shadow   0.2677396       1.2554354e-05   0.26775215      0.00034630963   1.6238516e-08   0.00034632587  
jidi                      1131.1835       0.00043033258   1131.1839       1.4631371       5.5661664e-07   1.4631376      
jishen                    8111.3325       1.1606742       8112.4932       10.491659       0.0015012821    10.49316       
jitou                     -11115.073      1.162648        -11113.91       -14.376867      0.0015038351    -14.375363     
liangan                   -292.01508      1.1176083       -290.89747      -0.37770893     0.0014455781    -0.37626335    
waiyi                     -28.935285      4.3851999       -24.550085      -0.037426544    0.0056720671    -0.031754477   
weiyi                     87.508522       1.3947522       88.903274       0.1131885       0.0018040519    0.11499255     
xiaoyi                    125.21863       0.33803702      125.55667       0.16196491      0.00043723632   0.16240214     
youfuyi                   0.55472427      0.16352075      0.71824502      0.00071751193   0.00021150704   0.00092901898  
youweiduo                 -0.88082187     0.15652089      -0.72430098     -0.0011393051   0.00020245303   -0.00093685211 
zhongyangyi               2018.6504       2.5163359       2021.1667       2.6110373       0.0032547721    2.6142921      
zuofuyi                   0.4326416       0.17206193      0.60470352      0.00055960326   0.00022255469   0.00078215795  
zuoweiduo                 6.8700587       0.11502078      6.9850795       0.0088861249    0.00014877442   0.0090348993   
------------------------- --------------- --------------- --------------- --------------- --------------- ---------------
Net                       44.847214       12.682829       57.530043       0.058007939     0.016404693     0.074412632    
