                                    "Force Report"

Forces
                          Forces [N]                                                                                                                                Coefficients                                                                                                                             
Zone                      Pressure                                      Viscous                                       Total                                         Pressure                                      Viscous                                       Total                                        
interior-372:002-shadow   (-0.30953357 -0.16773337 0.21099422)          (6.3638211e-06 -7.8101114e-06 3.1132353e-06)  (-0.30952721 -0.16774118 0.21099734)          (-0.00040036834 -0.00021695589 0.00027291193) (8.2313284e-09 -1.0102043e-08 4.0268358e-09)  (-0.00040036011 -0.00021696599 0.00027291596)
interior-372:003-shadow   (0.30954269 0.16773782 -0.21100073)           (1.2674714e-05 -1.6792717e-05 5.1538901e-06)  (0.30955536 0.16772102 -0.21099558)           (0.00040038013 0.00021696164 -0.00027292036)  (1.6394196e-08 -2.1720656e-08 6.6663347e-09)  (0.00040039652 0.00021693992 -0.00027291369) 
jidi                      (1145.8582 1.3139434e-08 0.00043639796)       (2.8263771e-08 0.0034789635 0.003063539)      (1145.8582 0.0034789766 0.003499937)          (1.4821182 1.6995292e-11 5.6446196e-07)       (3.6557969e-11 4.4998893e-06 3.9625557e-06)   (1.4821182 4.4999063e-06 4.5270177e-06)      
jishen                    (9090.122 0.47810778 -12498.104)              (1.1858421 -0.10332364 0.038518218)           (9091.3078 0.37478414 -12498.065)             (11.757681 0.00061841181 -16.165758)          (0.0015338357 -0.00013364468 4.9821655e-05)   (11.759215 0.00048476713 -16.165709)         
jitou                     (-11261.124 -13.289066 25.607594)             (1.1191934 -0.16927415 0.28983519)            (-11260.005 -13.45834 25.89743)               (-14.565779 -0.017188834 0.03312232)          (0.0014476284 -0.00021894881 0.00037488932)   (-14.564331 -0.017407783 0.033497209)        
liangan                   (-81.00251 -1.5669812 -3066.037)              (1.2707966 -0.10517924 0.17831544)            (-79.731714 -1.6721604 -3065.8587)            (-0.10477326 -0.0020268226 -3.9657867)        (0.0016437207 -0.00013604482 0.00023064334)   (-0.10312954 -0.0021628675 -3.9655561)       
waiyi                     (-210.51078 -0.12837111 1963.8554)            (3.3725025 -0.5044327 0.8970977)              (-207.13828 -0.63280381 1964.7525)            (-0.27228663 -0.0001660425 2.5401623)         (0.0043621867 -0.00065246195 0.0011603572)    (-0.26792444 -0.00081850446 2.5413227)       
weiyi                     (38.50935 -29.074465 612.19998)               (1.3349529 -0.19862486 0.13869145)            (39.844303 -29.27309 612.33867)               (0.049810185 -0.037606568 0.7918543)          (0.001726704 -0.0002569127 0.00017939141)     (0.051536889 -0.037863481 0.79203369)        
xiaoyi                    (153.52753 -1.1716145 -367.02613)             (0.35597153 -0.048718416 0.068658337)         (153.88351 -1.2203329 -366.95747)             (0.19858125 -0.0015154329 -0.47473248)        (0.00046043383 -6.3015171e-05 8.88066e-05)    (0.19904168 -0.0015784481 -0.47464367)       
youfuyi                   (0.07392663 -0.96674502 24.003339)            (0.12896316 -0.038832504 0.047498654)         (0.20288979 -1.0055775 24.050838)             (9.562091e-05 -0.001250443 0.031047285)       (0.00016680829 -5.022817e-05 6.1437462e-05)   (0.0002624292 -0.0013006712 0.031108723)     
youweiduo                 (-0.85469004 0.75323208 1.3798215)            (0.14625605 -0.026217959 0.017749185)         (-0.70843399 0.72701412 1.3975707)            (-0.0011055047 0.00097427324 0.0017847396)    (0.0001891759 -3.39118e-05 2.2957805e-05)     (-0.00091632884 0.00094036144 0.0018076974)  
zhongyangyi               (1021.6999 0.02694585 14371.529)              (2.0034445 -0.1623576 0.39543486)             (1023.7033 -0.13541175 14371.924)             (1.3215248 3.4853296e-05 18.588953)           (0.0025913691 -0.00021000256 0.00051147795)   (1.3241161 -0.00017514926 18.589465)         
zuofuyi                   (0.12128622 0.80653831 22.213544)             (0.14302195 -0.064207125 0.043125431)         (0.26430817 0.74233119 22.256669)             (0.00015687849 0.0010432225 0.028732262)      (0.00018499273 -8.304915e-05 5.5780887e-05)   (0.00034187122 0.0009601734 0.028788042)     
zuoweiduo                 (4.5120401 -7.9545418 13.522047)              (0.11494009 -0.027055811 -0.0042970108)       (4.6269802 -7.9815976 13.51775)               (0.0058361295 -0.010288857 0.017490185)       (0.00014867005 -3.4995525e-05 -5.5579983e-06) (0.0059847995 -0.010323853 0.017484627)      
------------------------- --------------------------------------------- --------------------------------------------- --------------------------------------------- --------------------------------------------- --------------------------------------------- ---------------------------------------------
Net                       (-99.067759 -52.086957 1103.1441)             (11.175904 -1.4447696 2.1136993)              (-87.891855 -53.531726 1105.2578)             (-0.12813988 -0.067372234 1.4268694)          (0.01445555 -0.0018687473 0.0027339789)       (-0.11368433 -0.069240981 1.4296034)         

Forces - Direction Vector (0.97522367 -0.1391731 0.17195825)
                          Forces [N]                                      Coefficients                                   
Zone                      Pressure        Viscous         Total           Pressure        Viscous         Total          
interior-372:002-shadow   -0.2422383      7.8284529e-06   -0.24223047     -0.0003133248   1.0125766e-08   -0.00031331468 
interior-372:003-shadow   0.24224545      1.5584029e-05   0.24226103      0.00031333405   2.0157271e-08   0.0003133542   
jidi                      1117.4681       4.2650232e-05   1117.4682       1.4453969       5.5166237e-08   1.4453969      
jishen                    6715.6836       1.1774647       6716.8611       8.6864473       0.0015229998    8.6879703      
jitou                     -10975.862      1.1648618       -10974.697      -14.196804      0.0015066986    -14.195298     
liangan                   -606.00782      1.2846119       -604.72321      -0.78384501     0.0016615901    -0.78218342    
waiyi                     132.42389       3.5134111       135.93731       0.1712846       0.0045444459    0.17582905     
weiyi                     146.87445       1.35337         148.22782       0.18997577      0.0017505258    0.1917263      
xiaoyi                    86.773574       0.36573852      87.139312       0.11223788      0.00047306702   0.11271095     
youfuyi                   4.334212        0.13934015      4.4735522       0.0056061165    0.00018023048   0.005786347    
youweiduo                 -0.70107192     0.14933331      -0.55173861     -0.00090680632  0.00019315621   -0.00071365011 
zhongyangyi               3467.685        2.0444006       3469.7294       4.4853011       0.0026443441    4.4879455      
zuofuyi                   3.8258348       0.15583007      3.9816648       0.0049485524    0.00020155948   0.0051501119   
zuoweiduo                 7.8325341       0.11511883      7.9476529       0.010131045     0.00014890125   0.010279947    
------------------------- --------------- --------------- --------------- --------------- --------------- ---------------
Net                       100.33061       11.463547       111.79416       0.12977332      0.014827604     0.14460092     
