                                    "Force Report"

Forces
                          Forces [N]                                                                                                                                Coefficients                                                                                                                             
Zone                      Pressure                                      Viscous                                       Total                                         Pressure                                      Viscous                                       Total                                        
interior-372:002-shadow   (-0.30903191 -0.16746156 0.21065223)          (5.0854483e-06 -5.9600477e-06 2.7136313e-06)  (-0.30902682 -0.16746752 0.21065494)          (-0.00039971946 -0.00021660432 0.00027246958) (6.5778083e-09 -7.7090649e-09 3.5099652e-09)  (-0.00039971288 -0.00021661203 0.00027247309)
interior-372:003-shadow   (0.30903588 0.16746333 -0.21065518)           (9.6711975e-06 -1.2645632e-05 4.0670867e-06)  (0.30904555 0.16745069 -0.21065111)           (0.00039972459 0.00021660661 -0.0002724734)   (1.2509277e-08 -1.635658e-08 5.2606014e-09)   (0.0003997371 0.00021659025 -0.00027246813)  
jidi                      (1143.664 -5.7659387e-08 0.000434975)         (-5.4963199e-10 -0.0010974133 -0.0012581581)  (1143.664 -0.001097471 -0.00082318312)        (1.4792801 -7.4579933e-11 5.6262142e-07)      (-7.1092529e-13 -1.4194568e-06 -1.6273733e-06) (1.4792801 -1.4195314e-06 -1.0647519e-06)    
jishen                    (9077.5817 1.490821 -12500.732)               (1.2032301 -0.055602872 -0.077216528)         (9078.7849 1.4352182 -12500.809)              (11.741461 0.0019283128 -16.169158)           (0.0015563263 -7.1919919e-05 -9.9876251e-05)  (11.743017 0.0018563928 -16.169258)          
jitou                     (-11241.529 -7.0654243 -8.4838595)            (1.1748771 -0.085276071 -0.068772144)         (-11240.354 -7.1507004 -8.5526317)            (-14.540433 -0.0091388219 -0.010973507)       (0.0015196529 -0.00011030092 -8.8953805e-05)  (-14.538913 -0.0092491228 -0.011062461)      
liangan                   (-81.114895 -0.63498173 -3080.645)            (1.1295143 -0.050352903 -0.055381779)         (-79.985381 -0.68533464 -3080.7004)           (-0.10491862 -0.00082132151 -3.9846816)       (0.0014609781 -6.512931e-05 -7.1633944e-05)   (-0.10345764 -0.00088645082 -3.9847532)      
waiyi                     (-127.00139 -0.18513327 1503.0949)            (3.8883647 -0.27452756 -0.025471272)          (-123.11303 -0.45966083 1503.0694)            (-0.16427083 -0.00023946191 1.9441885)        (0.0050294322 -0.00035508957 -3.2945993e-05)  (-0.1592414 -0.00059455148 1.9441555)        
weiyi                     (45.831451 -21.028567 522.92385)              (1.5197558 -0.11433724 -0.083988857)          (47.351207 -21.142904 522.83986)              (0.059281007 -0.027199545 0.67637947)         (0.0019657387 -0.00014789029 -0.00010863597)  (0.061246746 -0.027347435 0.67627083)        
xiaoyi                    (150.97951 -0.30642405 -372.46154)            (0.30694022 -0.020138603 -0.023249936)        (151.28645 -0.32656265 -372.48479)            (0.19528549 -0.0003963463 -0.48176296)        (0.00039701394 -2.6048415e-05 -3.007279e-05)  (0.1956825 -0.00042239471 -0.48179303)       
youfuyi                   (-0.85602644 -0.34087059 10.42468)            (0.18657017 -0.024043865 0.00069469724)       (-0.66945628 -0.36491446 10.425375)           (-0.0011072333 -0.00044090142 0.013483875)    (0.00024132047 -3.1099703e-05 8.9856094e-07)  (-0.00086591285 -0.00047200112 0.013484773)  
youweiduo                 (-0.97306094 -0.39509344 -0.641337)           (0.15488456 -0.011102773 -0.0032714544)       (-0.81817638 -0.40619621 -0.64460845)         (-0.0012586124 -0.00051103634 -0.00082954177) (0.0002003365 -1.4360958e-05 -4.2314853e-06)  (-0.0010582759 -0.0005253973 -0.00083377326) 
zhongyangyi               (1056.5571 -0.018132634 14094.362)            (2.3269129 -0.13430313 -0.059801405)          (1058.884 -0.15243576 14094.302)              (1.3666111 -2.3453781e-05 18.23045)           (0.0030097616 -0.00017371531 -7.7350541e-05)  (1.3696208 -0.00019716909 18.230372)         
zuofuyi                   (-0.83091531 0.36868183 10.285708)            (0.18735867 -0.025615502 0.0010923836)        (-0.64355664 0.34306632 10.2868)              (-0.0010747531 0.00047687405 0.01330412)      (0.00024234037 -3.3132548e-05 1.4129512e-06)  (-0.00083241278 0.00044374151 0.013305533)   
zuoweiduo                 (4.9793808 -7.3948906 12.68003)               (0.11432145 -0.022924731 -0.0020934921)       (5.0937022 -7.4178154 12.677937)              (0.0064406144 -0.0095649724 0.016401072)      (0.00014786987 -2.9652152e-05 -2.7078418e-06) (0.0065884843 -0.0095946245 0.016398365)     
------------------------- --------------------------------------------- --------------------------------------------- --------------------------------------------- --------------------------------------------- --------------------------------------------- ---------------------------------------------
Net                       (27.288226 -35.510013 190.80793)              (12.192745 -0.81934127 -0.39871116)           (39.480971 -36.329354 190.40922)              (0.035296144 -0.045930671 0.24680184)         (0.01577079 -0.0010597826 -0.00051571571)     (0.051066934 -0.046990454 0.24628612)        

Forces - Direction Vector (0.99513403 -0.069756474 -0.06958655)
                          Forces [N]                                      Coefficients                                   
Zone                      Pressure        Viscous         Total           Pressure        Viscous         Total          
interior-372:002-shadow   -0.3105052      5.2876224e-06   -0.31049992     -0.0004016251   6.8393117e-09   -0.00040161826 
interior-372:003-shadow   0.31050923      1.0223238e-05   0.31051946      0.00040163031   1.3223318e-08   0.00040164354  
jidi                      1138.0989       0.00016410202   1138.0991       1.4720819       2.1225889e-07   1.4720821      
jishen                    9903.1893       1.2066271       9904.3959       12.809349       0.0015607201    12.810909      
jitou                     -11185.744      1.1798944       -11184.565      -14.468278      0.0015261425    -14.466752     
liangan                   133.69556       1.1313844       134.82695       0.17292945      0.0014633969    0.17439284     
waiyi                     -230.96568      3.8903666       -227.07532      -0.29874416     0.0050320215    -0.29371214    
weiyi                     10.686849       1.526181        12.21303        0.013822978     0.0019740494    0.015797028    
xiaoyi                    176.18454       0.30846934      176.49301       0.22788711      0.00039899179   0.2282861      
youfuyi                   -1.5535007      0.1872912       -1.3662095      -0.0020093862   0.00024225309   -0.0017671331  
youweiduo                 -0.8961373      0.15513304      -0.74100427     -0.001159115    0.0002006579    -0.00095845709 
zhongyangyi               70.639172       2.3291201       72.968293       0.091368726     0.0030126165    0.094381342    
zuofuyi                   -1.568337       0.18815782      -1.3801791      -0.0020285763   0.00024337404   -0.0017852023  
zuoweiduo                 4.5886332       0.11550999      4.7041432       0.0059351993    0.0001494072    0.0060846065   
------------------------- --------------- --------------- --------------- --------------- --------------- ---------------
Net                       16.35483        12.218315       28.573145       0.021154268     0.015803863     0.036958131    
