                                    "Force Report"

Moments - Moment Center (0 0 0.05)
                          Moments [N m]                                                                                                                             Coefficients                                                                                                                             
Zone                      Pressure                                      Viscous                                       Total                                         Pressure                                      Viscous                                       Total                                        
interior-372:002-shadow   (-0.1312351 -0.3114245 -0.4400983)            (-1.4156359e-06 -3.3311203e-06 -4.5499313e-06) (-0.13123651 -0.31142783 -0.44010285)         (-0.00046544268 -0.0011045083 -0.001560867)   (-5.0207406e-09 -1.181426e-08 -1.6136935e-08) (-0.0004654477 -0.0011045201 -0.0015608832)  
interior-372:003-shadow   (0.13123829 0.31143012 0.44010399)            (-1.8047971e-06 -4.9159733e-06 -1.0472238e-05) (0.13123648 0.31142521 0.44009352)            (0.000465454 0.0011045283 0.0015608872)       (-6.4009524e-09 -1.7435152e-08 -3.7141181e-08) (0.0004654476 0.0011045108 0.0015608501)     
jidi                      (-8.0885332e-09 -22.896281 0.00067773095)     (3.9906037e-05 0.00023838521 0.0008892527)    (3.9897948e-05 -22.896043 0.0015669837)       (-2.8687056e-11 -0.081204699 2.4036628e-06)   (1.4153206e-07 8.4546477e-07 3.1538527e-06)   (1.4150337e-07 -0.081203853 5.5575154e-06)   
jishen                    (0.14563698 -231.5989 1.1533927)              (-0.0130361 -0.078743374 -0.0076922306)       (0.13260088 -231.67764 1.1457004)             (0.00051652089 -0.82139623 0.0040906602)      (-4.623426e-05 -0.00027927383 -2.7281517e-05) (0.00047028663 -0.8216755 0.0040633786)      
jitou                     (-0.43971174 538.54988 4.3175904)             (-0.0047210311 -0.038894373 0.05375656)       (-0.44443277 538.51099 4.371347)              (-0.001559496 1.9100386 0.015312907)          (-1.6743763e-05 -0.00013794405 0.00019065477) (-0.0015762398 1.9099007 0.015503562)        
liangan                   (0.2963133 646.3205 -0.39611668)              (0.005764842 0.10594581 0.0044363681)         (0.30207814 646.42645 -0.39168031)            (0.0010509144 2.2922614 -0.0014048804)        (2.0445777e-05 0.00037575088 1.5734168e-05)   (0.0010713602 2.2926372 -0.0013891462)       
waiyi                     (3.0851109 -47.595287 -0.075651434)           (0.031939677 0.6372255 -0.023271285)          (3.1170505 -46.958061 -0.098922719)           (0.010941755 -0.168803 -0.00026830785)        (0.0001132783 0.0022600048 -8.2534702e-05)    (0.011055033 -0.166543 -0.00035084255)       
weiyi                     (-7.7301179 -693.25705 -25.491068)            (0.030535248 0.48209053 -0.15220568)          (-7.6995827 -692.77496 -25.643274)            (-0.027415889 -2.4587281 -0.090407456)        (0.00010829731 0.001709798 -0.00053981763)    (-0.027307592 -2.4570183 -0.090947274)       
xiaoyi                    (2.0907458 55.886412 -0.2187743)              (0.024312895 0.039313048 -0.015760185)        (2.1150587 55.925725 -0.23453449)             (0.0074151074 0.19820858 -0.00077591209)      (8.6228907e-05 0.00013942894 -5.5895586e-05)  (0.0075013363 0.198348 -0.00083180768)       
youfuyi                   (16.185432 -2.3418286 0.91634979)             (0.01935201 0.018271675 -0.21802232)          (16.204784 -2.3235569 0.69832747)             (0.057403783 -0.0083056059 0.0032499561)      (6.863447e-05 6.4802919e-05 -0.00077324511)   (0.057472417 -0.008240803 0.002476711)       
youweiduo                 (-0.028576596 -0.37631289 0.36080374)         (0.0048306629 0.040609035 -0.077042618)       (-0.023745933 -0.33570386 0.28376112)         (-0.00010135069 -0.0013346436 0.0012796383)   (1.7132587e-05 0.00014402533 -0.00027324187)  (-8.4218104e-05 -0.0011906183 0.0010063965)  
zhongyangyi               (3.3073556 -282.42888 0.1215298)              (0.01793539 0.34762473 -0.012186174)          (3.325291 -282.08125 0.10934363)              (0.011729975 -1.0016715 0.00043102157)        (6.3610241e-05 0.0012328972 -4.3219883e-05)   (0.011793586 -1.0004386 0.00038780169)       
zuofuyi                   (-15.971338 -2.3170483 -0.92049457)           (-0.014483676 0.018678786 0.21223075)         (-15.985822 -2.2983695 -0.70826383)           (-0.05664447 -0.0082177193 -0.0032646561)     (-5.1368277e-05 6.6246792e-05 0.00075270451)  (-0.056695838 -0.0081514725 -0.0025119516)   
zuoweiduo                 (-2.5377271 -16.505486 -8.6838692)            (0.006077742 0.033191616 0.01581964)          (-2.5316494 -16.472294 -8.6680496)            (-0.009000386 -0.058538895 -0.030798494)      (2.1555519e-05 0.00011771847 5.6106452e-05)   (-0.0089788305 -0.058421176 -0.030742388)    
------------------------- --------------------------------------------- --------------------------------------------- --------------------------------------------- --------------------------------------------- --------------------------------------------- ---------------------------------------------
Net                       (-1.5968736 -58.560266 -28.915625)            (0.10854435 1.6055431 -0.21906295)            (-1.4883293 -56.954723 -29.134688)            (-0.0056635242 -0.20769175 -0.1025531)        (0.00038496692 0.0056942717 -0.00077693582)   (-0.0052785572 -0.20199748 -0.10333004)      

Moments - Moment Center (0 0 0.05) Moment Axis (0 1 0)
                          Moments [N m]                                   Coefficients                                   
Zone                      Pressure        Viscous         Total           Pressure        Viscous         Total          
interior-372:002-shadow   -0.3114245      -3.3311203e-06  -0.31142783     -0.0011045083   -1.181426e-08   -0.0011045201  
interior-372:003-shadow   0.31143012      -4.9159733e-06  0.31142521      0.0011045283    -1.7435152e-08  0.0011045108   
jidi                      -22.896281      0.00023838521   -22.896043      -0.081204699    8.4546477e-07   -0.081203853   
jishen                    -231.5989       -0.078743374    -231.67764      -0.82139623     -0.00027927383  -0.8216755     
jitou                     538.54988       -0.038894373    538.51099       1.9100386       -0.00013794405  1.9099007      
liangan                   646.3205        0.10594581      646.42645       2.2922614       0.00037575088   2.2926372      
waiyi                     -47.595287      0.6372255       -46.958061      -0.168803       0.0022600048    -0.166543      
weiyi                     -693.25705      0.48209053      -692.77496      -2.4587281      0.001709798     -2.4570183     
xiaoyi                    55.886412       0.039313048     55.925725       0.19820858      0.00013942894   0.198348       
youfuyi                   -2.3418286      0.018271675     -2.3235569      -0.0083056059   6.4802919e-05   -0.008240803   
youweiduo                 -0.37631289     0.040609035     -0.33570386     -0.0013346436   0.00014402533   -0.0011906183  
zhongyangyi               -282.42888      0.34762473      -282.08125      -1.0016715      0.0012328972    -1.0004386     
zuofuyi                   -2.3170483      0.018678786     -2.2983695      -0.0082177193   6.6246792e-05   -0.0081514725  
zuoweiduo                 -16.505486      0.033191616     -16.472294      -0.058538895    0.00011771847   -0.058421176   
------------------------- --------------- --------------- --------------- --------------- --------------- ---------------
Net                       -58.560266      1.6055431       -56.954723      -0.20769175     0.0056942717    -0.20199748    
