                                    "Force Report"

Forces
                          Forces [N]                                                                                                                                Coefficients                                                                                                                             
Zone                      Pressure                                      Viscous                                       Total                                         Pressure                                      Viscous                                       Total                                        
jidi                      (1145.6182 1.6010319e-07 0.00043605573)       (1.7679382e-08 0.0011280386 0.0016399704)     (1145.6182 0.0011281987 0.0020760262)         (1.4818078 2.0708657e-10 5.640193e-07)        (2.2867519e-11 1.4590693e-06 2.1212311e-06)   (1.4818078 1.4592763e-06 2.6852504e-06)      
jishen                    (9088.8858 0.51022487 -12500.131)             (1.1859627 -0.10781199 0.013625176)           (9090.0718 0.40241288 -12500.118)             (11.756082 0.00065995388 -16.168381)          (0.0015339916 -0.00013945016 1.7623578e-05)   (11.757616 0.00052050372 -16.168364)         
jitou                     (-11259.668 -13.362277 22.090305)             (1.128016 -0.16951758 0.24609077)             (-11258.54 -13.531795 22.336396)              (-14.563896 -0.01728353 0.028572857)          (0.0014590401 -0.00021926369 0.00031830781)   (-14.562436 -0.017502794 0.028891165)        
liangan                   (-81.087691 -1.3232237 -3069.0635)            (1.1804589 -0.11586256 0.12599605)            (-79.907232 -1.4390862 -3068.9375)            (-0.10488343 -0.0017115328 -3.9697014)        (0.0015268727 -0.00014986323 0.00016297046)   (-0.10335656 -0.001861396 -3.9695384)        
waiyi                     (-197.43054 -0.40500429 1969.555)             (3.7457157 -0.51949915 0.84297704)            (-193.68482 -0.92450344 1970.3979)            (-0.2553679 -0.0005238556 2.5475345)          (0.0048449218 -0.00067194977 0.0010903545)    (-0.25052297 -0.0011958054 2.5486248)        
weiyi                     (42.68832 -19.094434 576.05058)               (1.3961381 -0.17281663 0.069294596)           (44.084458 -19.267251 576.11987)              (0.055215502 -0.024697828 0.7450966)          (0.0018058445 -0.00022353086 8.9629573e-05)   (0.057021347 -0.024921359 0.74518623)        
xiaoyi                    (153.27109 -0.96654615 -367.80573)            (0.35055917 -0.04663086 0.054877318)          (153.62164 -1.013177 -367.75085)              (0.19824954 -0.0012501858 -0.47574086)        (0.00045343318 -6.0315007e-05 7.0981446e-05)  (0.19870298 -0.0013105008 -0.47566988)       
youfuyi                   (5.1554955 -1.1718121 29.110772)              (0.13236629 -0.040144273 0.038661109)         (5.2878618 -1.2119564 29.149433)              (0.0066684112 -0.0015156885 0.037653529)      (0.0001712101 -5.1924888e-05 5.0006479e-05)   (0.0068396213 -0.0015676134 0.037703536)     
youweiduo                 (-0.89371088 0.39578789 0.74039759)           (0.15039465 -0.030265478 0.015900354)         (-0.74331623 0.36552241 0.75629794)           (-0.0011559765 0.00051193458 0.00095767237)   (0.000194529 -3.9147091e-05 2.0566423e-05)    (-0.00096144752 0.00047278748 0.0009782388)  
zhongyangyi               (1027.9196 0.012440562 14363.009)             (2.1567654 -0.17089035 0.37501509)            (1030.0764 -0.15844978 14363.384)             (1.3295697 1.6091331e-05 18.577933)           (0.002789683 -0.0002210393 0.00048506586)     (1.3323594 -0.00020494797 18.578418)         
zuofuyi                   (-0.069140771 0.7616451 19.402009)            (0.15116137 -0.054043061 0.035847276)         (0.082020594 0.70760203 19.437856)            (-8.9430608e-05 0.00098515511 0.025095662)    (0.00019552071 -6.9902371e-05 4.6366907e-05)  (0.0001060901 0.00091525274 0.025142029)     
zuoweiduo                 (-0.91987201 -1.1530245 2.0168492)            (0.14096825 -0.019429689 -0.0027645782)       (-0.77890376 -1.1724542 2.0140847)            (-0.0011898148 -0.0014913875 0.0026087076)    (0.00018233636 -2.5131466e-05 -3.5758628e-06) (-0.0010074784 -0.001516519 0.0026051317)    
------------------------- --------------------------------------------- --------------------------------------------- --------------------------------------------- --------------------------------------------- --------------------------------------------- ---------------------------------------------
Net                       (-76.530491 -35.796224 1044.9741)             (11.718506 -1.4457836 1.8171602)              (-64.811985 -37.242008 1046.7913)             (-0.098988892 -0.046300873 1.351629)          (0.015157383 -0.0018700588 0.0023504184)      (-0.083831509 -0.048170932 1.3539794)        

Forces - Direction Vector (0.98063085 -0.1391731 0.13781868)
                          Forces [N]                                      Coefficients                                   
Zone                      Pressure        Viscous         Total           Pressure        Viscous         Total          
jidi                      1123.4286       6.9043272e-05   1123.4287       1.4531065       8.9304497e-08   1.4531066      
jishen                    7190.0192       1.1798739       7191.1991       9.29998         0.001526116     9.3015061      
jitou                     -11036.674      1.1636755       -11035.51       -14.275462      0.0015051641    -14.273957     
liangan                   -502.30721      1.1910839       -501.11612      -0.64971272     0.0015406158    -0.64817211    
waiyi                     77.891348       3.8616427       81.75299        0.1007491       0.0049948684    0.10574397     
weiyi                     123.90944       1.4026977       125.31214       0.16027153      0.001814329     0.16208586     
xiaoyi                    99.746373       0.35782202      100.10419       0.12901763      0.00046282736   0.12948046     
youfuyi                   9.2307308       0.1407177       9.3714484       0.011939552     0.00018201228   0.012121565    
youweiduo                 -0.82944287     0.15388514      -0.67555773     -0.0010728486   0.0001990438    -0.00087380482 
zhongyangyi               2987.4988       2.1904581       2989.6893       3.864201        0.0028332631    3.8670342      
zuofuyi                   2.5001571       0.16069526      2.6608524       0.0032338455    0.0002078524    0.0034416979   
zuoweiduo                 -0.46362538     0.1405609       -0.32306448     -0.00059967944  0.00018180947   -0.00041786998 
------------------------- --------------- --------------- --------------- --------------- --------------- ---------------
Net                       73.950664       11.943182       85.893846       0.095651998     0.015447991     0.11109999     
