                                    "Force Report"

Forces
                          Forces [N]                                                                                                                                Coefficients                                                                                                                             
Zone                      Pressure                                      Viscous                                       Total                                         Pressure                                      Viscous                                       Total                                        
jidi                      (1145.0828 -1.8155301e-08 0.00043533611)      (2.971359e-08 5.9766221e-05 0.0045181158)     (1145.0828 5.9748066e-05 0.0049534519)        (1.4811153 -2.34831e-11 5.630885e-07)         (3.8433249e-11 7.7305032e-08 5.843988e-06)    (1.4811153 7.7281548e-08 6.4070765e-06)      
jishen                    (9084.9941 -0.48221227 -12498.05)             (1.1317647 -0.0036306477 0.022439968)         (9086.1258 -0.48584292 -12498.027)            (11.751048 -0.00062372079 -16.165689)         (0.0014638888 -4.6960864e-06 2.9025131e-05)   (11.752512 -0.00062841688 -16.16566)         
jitou                     (-11254.928 -0.090698374 18.010636)           (1.1456682 -0.0010323489 0.19761516)          (-11253.782 -0.091730723 18.208251)           (-14.557764 -0.00011731444 0.023295981)       (0.0014818725 -1.3352988e-06 0.00025560669)   (-14.556282 -0.00011864974 0.023551588)      
liangan                   (-81.106782 0.43499197 -3071.7338)            (1.1828954 0.0042267239 0.072344762)          (-79.923887 0.43921869 -3071.6615)            (-0.10490813 0.00056264337 -3.9731553)        (0.0015300242 5.4670852e-06 9.3574832e-05)    (-0.1033781 0.00056811045 -3.9730618)        
waiyi                     (-177.67957 -0.24778858 1922.8959)            (4.1125959 0.0011824548 0.74527604)           (-173.56697 -0.24660612 1923.6411)            (-0.22982087 -0.00032050385 2.4871829)        (0.0053194656 1.5294543e-06 0.00096398244)    (-0.2245014 -0.00031897439 2.4881469)        
weiyi                     (45.504191 1.4419213 568.3122)                (1.4876742 0.0055215249 0.055386084)          (46.991865 1.4474429 568.36759)               (0.05885771 0.0018650631 0.73508734)          (0.0019242424 7.1418545e-06 7.1639513e-05)    (0.060781953 0.001872205 0.73515898)         
xiaoyi                    (153.19875 0.14515766 -368.3306)              (0.34786211 0.00059901582 0.047138276)        (153.54661 0.14575668 -368.28346)             (0.19815598 0.00018775518 -0.47641976)        (0.00044994465 7.7480115e-07 6.0971329e-05)   (0.19860592 0.00018852998 -0.47635879)       
youfuyi                   (5.7254833 -1.1458476 29.14732)               (0.14308096 0.0062211224 0.037976799)         (5.8685642 -1.1396265 29.185297)              (0.0074056659 -0.0014821045 0.037700802)      (0.00018506906 8.0467537e-06 4.9121353e-05)   (0.007590735 -0.0014740578 0.037749923)      
youweiduo                 (-0.89868515 0.71528 1.2792957)               (0.14579228 -0.0060102062 0.0058667098)       (-0.75289287 0.70926979 1.2851625)            (-0.0011624105 0.00092518386 0.0016547139)    (0.00018857603 -7.7739428e-06 7.5883363e-06)  (-0.00097383448 0.00091740992 0.0016623022)  
zhongyangyi               (1034.2913 -0.019054174 14332.005)            (2.3549018 0.0068532568 0.34002037)           (1036.6462 -0.012200917 14332.345)            (1.3378113 -2.4645753e-05 18.53783)           (0.003045964 8.8643924e-06 0.0004398017)      (1.3408572 -1.5781361e-05 18.53827)          
zuofuyi                   (-0.22202248 0.61528137 17.856557)            (0.15613248 -0.0051862365 0.03057108)         (-0.065889999 0.61009514 17.887128)           (-0.00028717651 0.00079583994 0.023096687)    (0.00020195064 -6.7081735e-06 3.9542374e-05)  (-8.5225874e-05 0.00078913177 0.023136229)   
zuoweiduo                 (-0.91668692 -0.67713217 1.2106507)           (0.14915356 0.0072268923 0.005778057)         (-0.76753336 -0.66990528 1.2164287)           (-0.001185695 -0.00087584129 0.0015659245)    (0.0001929237 9.3476738e-06 7.4736677e-06)    (-0.00099277133 -0.00086649361 0.0015733981) 
------------------------- --------------------------------------------- --------------------------------------------- --------------------------------------------- --------------------------------------------- --------------------------------------------- ---------------------------------------------
Net                       (-46.954878 0.68989916 952.60331)             (12.357522 0.016031318 1.5649314)             (-34.597356 0.70593048 954.16824)             (-0.060734111 0.00089235483 1.2321513)        (0.015983922 2.0735819e-05 0.0020241714)      (-0.044750189 0.00091309065 1.2341755)       

Forces - Direction Vector (0.99452222 0 0.10452846)
                          Forces [N]                                      Coefficients                                   
Zone                      Pressure        Viscous         Total           Pressure        Viscous         Total          
jidi                      1138.81         0.0004723011    1138.8104       1.4730016       6.1090112e-07   1.4730022      
jishen                    7728.824        1.1279104       7729.952        9.9969008       0.0014589034    9.9983597      
jitou                     -11191.389      1.1600485       -11190.229      -14.47558       0.0015004728    -14.47408      
liangan                   -401.74598      1.1839774       -400.56201      -0.51964112     0.0015314238    -0.51810969    
waiyi                     24.291061       4.1679692       28.45903        0.031419441     0.0053910886    0.03681053     
weiyi                     104.6597        1.485314        106.14501       0.13537281      0.0019211896    0.137294       
xiaoyi                    113.85849       0.35088378      114.20938       0.14727105      0.00045385304   0.14772491     
youfuyi                   8.7408421       0.1462668       8.8871089       0.011305903     0.00018918981   0.011495092    
youweiduo                 -0.76003928     0.14560685      -0.61443243     -0.00098307806  0.00018833619   -0.00079474187 
zhongyangyi               2526.7273       2.3775432       2529.1048       3.2682129       0.0030752497    3.2712881      
zuofuyi                   1.6457116       0.15847272      1.8041844       0.0021286571    0.00020497764   0.0023336347   
zuoweiduo                 -0.78511781     0.14894045      -0.63617736     -0.0010155161   0.00019264806   -0.000822868   
------------------------- --------------- --------------- --------------- --------------- --------------- ---------------
Net                       52.876474       12.453406       65.32988        0.068393441     0.016107944     0.084501384    
