                                    "Force Report"

Forces
                          Forces [N]                                                                                                                                Coefficients                                                                                                                             
Zone                      Pressure                                      Viscous                                       Total                                         Pressure                                      Viscous                                       Total                                        
jidi                      (1145.0421 -2.9933003e-08 0.00043562128)      (7.674675e-10 -0.0011245787 -0.0010455831)    (1145.0421 -0.0011246086 -0.00060996187)      (1.4810626 -3.8717049e-11 5.6345735e-07)      (9.9268613e-13 -1.4545941e-06 -1.3524167e-06) (1.4810626 -1.4546328e-06 -7.8895939e-07)    
jishen                    (9084.6397 1.3337571 -12503.846)              (1.1669995 -0.12109849 -0.034982271)          (9085.8067 1.2126586 -12503.881)              (11.75059 0.0017251573 -16.173186)            (0.0015094636 -0.00015663567 -4.524806e-05)   (11.752099 0.0015685216 -16.173232)          
jitou                     (-11252.044 -13.711554 7.7923225)             (1.1493176 -0.16989977 0.095041563)           (-11250.895 -13.881454 7.8873641)             (-14.554034 -0.017735304 0.010079033)         (0.0014865928 -0.00021975803 0.00012293217)   (-14.552548 -0.017955062 0.010201966)        
liangan                   (-81.078216 -0.85632752 -3076.6548)           (1.1545851 -0.10528245 0.0063594758)          (-79.923631 -0.96160997 -3076.6485)           (-0.10487118 -0.0011076227 -3.9795204)        (0.001493406 -0.00013617831 8.2257079e-06)    (-0.10337777 -0.0012438011 -3.9795122)       
waiyi                     (-143.82908 -0.72113754 1781.7527)            (4.3888182 -0.53530113 0.46287761)            (-139.44026 -1.2564387 1782.2156)             (-0.18603672 -0.00093276033 2.3046203)        (0.0056767472 -0.00069238894 0.00059871225)   (-0.18035997 -0.0016251493 2.305219)         
weiyi                     (45.274287 -18.955466 533.52814)              (1.5111541 -0.18230821 -0.024224004)          (46.785441 -19.137774 533.50392)              (0.058560339 -0.024518079 0.69009566)         (0.0019546127 -0.00023580782 -3.1332705e-05)  (0.060514952 -0.024753886 0.69006433)        
xiaoyi                    (152.10152 -0.7006241 -370.34045)             (0.32619817 -0.04139056 0.013003581)          (152.42772 -0.74201466 -370.32744)            (0.19673676 -0.00090622708 -0.47901941)       (0.00042192327 -5.3536905e-05 1.6819572e-05)  (0.19715868 -0.00095976399 -0.47900259)      
youfuyi                   (6.0208694 -1.1195648 27.783893)              (0.14591031 -0.050282493 0.032786964)         (6.1667797 -1.1698473 27.81668)               (0.0077877351 -0.0014481089 0.035937269)      (0.00018872869 -6.5038238e-05 4.2408525e-05)  (0.0079764638 -0.0015131471 0.035979677)     
youweiduo                 (-0.96495128 -0.23437784 -0.36515117)         (0.1547991 -0.028495486 0.0081578442)         (-0.81015218 -0.26287333 -0.35699332)         (-0.0012481229 -0.00030315764 -0.0004723073)  (0.00020022597 -3.6857683e-05 1.055182e-05)   (-0.0010478969 -0.00034001532 -0.00046175548)
zhongyangyi               (1050.1622 -0.017244459 14257.469)            (2.5642414 -0.22895535 0.17556068)            (1052.7264 -0.24619981 14257.644)             (1.3583395 -2.2304964e-05 18.441422)          (0.0033167358 -0.00029614388 0.00022708017)   (1.3616562 -0.00031844884 18.441649)         
zuofuyi                   (-0.78189315 0.55202574 14.692704)            (0.17568375 -0.044758715 0.020644743)         (-0.6062094 0.50726702 14.713349)             (-0.0010113451 0.0007140215 0.01900438)       (0.00022723936 -5.7893469e-05 2.6703086e-05)  (-0.00078410574 0.00065612803 0.019031083)   
zuoweiduo                 (-0.94052462 -0.51250665 0.94173496)          (0.15193375 -0.021999182 -0.012544926)        (-0.78859087 -0.53450584 0.92919003)          (-0.0012165281 -0.00066290527 0.0012180936)   (0.00019651976 -2.8454994e-05 -1.6226321e-05) (-0.0010200083 -0.00069136027 0.0012018673)  
------------------------- --------------------------------------------- --------------------------------------------- --------------------------------------------- --------------------------------------------- --------------------------------------------- ---------------------------------------------
Net                       (3.601749 -34.94302 672.75411)                (12.889641 -1.5308964 0.74163568)             (16.49139 -36.473917 673.49574)               (0.0046587071 -0.045197291 0.87017844)        (0.016672195 -0.0019801485 0.00095927379)     (0.021330902 -0.04717744 0.87113772)         

Forces - Direction Vector (0.98966482 -0.1391731 0.034559857)
                          Forces [N]                                      Coefficients                                   
Zone                      Pressure        Viscous         Total           Pressure        Viscous         Total          
jidi                      1133.2079       0.00012037666   1133.208        1.4657556       1.5570202e-07   1.4657557      
jishen                    8558.4316       1.170583        8559.6022       11.069963       0.0015140987    11.071477      
jitou                     -11133.575      1.1643693       -11132.41       -14.400799      0.0015060615    -14.399293     
liangan                   -186.44983      1.1575245       -185.29231      -0.24116482     0.0014972081    -0.23966761    
waiyi                     -80.665101      4.4339555       -76.231145      -0.10433683     0.0057351303    -0.098601701   
weiyi                     65.883116       1.5200713       67.403188       0.085216972     0.0019661467    0.087183119    
xiaoyi                    137.82812       0.32903671      138.15716       0.17827473      0.0004255948    0.17870033     
youfuyi                   7.0746634       0.15253338      7.2271967       0.0091507722    0.00019729536   0.0093480675   
youweiduo                 -0.93497882     0.15744697      -0.77753185     -0.0012093548   0.00020365087   -0.0010057039  
zhongyangyi               1532.047        2.5756713       1534.6227       1.9816368       0.0033315199    1.9849683      
zuofuyi                   -0.34286153     0.18081072      -0.16205081     -0.00044347661  0.00023387087   -0.00020960574 
zuoweiduo                 -0.82693077     0.15299163      -0.67393913     -0.0010695993   0.00019788809   -0.00087171123 
------------------------- --------------- --------------- --------------- --------------- --------------- ---------------
Net                       31.677938       12.995115       44.673053       0.040974048     0.016808621     0.057782669    
