                                    "Force Report"

Forces
                          Forces [N]                                                                                                                                Coefficients                                                                                                                             
Zone                      Pressure                                      Viscous                                       Total                                         Pressure                                      Viscous                                       Total                                        
jidi                      (1144.9384 -1.7129463e-07 0.00043546631)      (2.1266703e-08 0.0019292456 0.0031811748)     (1144.9384 0.0019290743 0.0036166411)         (1.4809284 -2.2156222e-10 5.632569e-07)       (2.7507563e-11 2.4953961e-06 4.1147125e-06)   (1.4809284 2.4951745e-06 4.6779694e-06)      
jishen                    (9083.218 0.40910781 -12500.975)              (1.1444974 -0.062924717 -0.017905983)         (9084.3625 0.34618309 -12500.993)             (11.748751 0.00052916332 -16.169472)          (0.0014803581 -8.139041e-05 -2.3160618e-05)   (11.750231 0.00044777291 -16.169495)         
jitou                     (-11250.418 -6.9713654 7.9261546)             (1.1583696 -0.085627038 0.094987202)          (-11249.26 -7.0569924 8.0211418)              (-14.551931 -0.0090171607 0.010252139)        (0.0014983011 -0.00011075488 0.00012286185)   (-14.550433 -0.0091279156 0.010375001)       
liangan                   (-81.078464 0.069763662 -3075.5606)           (1.1104597 -0.035712304 0.019020617)          (-79.968004 0.034051358 -3075.5416)           (-0.1048715 9.0236291e-05 -3.9781051)         (0.0014363317 -4.6192326e-05 2.4602348e-05)   (-0.10343517 4.4043965e-05 -3.9780805)       
waiyi                     (-143.98515 -0.59628793 1785.7265)            (4.4294695 -0.27154454 0.46833056)            (-139.55568 -0.86783247 1786.1949)            (-0.18623859 -0.00077127274 2.3097603)        (0.005729328 -0.00035123116 0.0006057654)     (-0.18050926 -0.0011225039 2.3103661)        
weiyi                     (46.718427 -8.8947548 535.44483)              (1.5684841 -0.08458327 -0.023884065)          (48.286911 -8.9793381 535.42095)              (0.060428272 -0.011504982 0.69257482)         (0.0020287666 -0.00010940481 -3.0893009e-05)  (0.062457039 -0.011614387 0.69254392)        
xiaoyi                    (152.22403 -0.21364203 -369.98341)            (0.32765496 -0.020317616 0.016389266)         (152.55168 -0.23395964 -369.96702)            (0.19689522 -0.00027633676 -0.4785576)        (0.00042380757 -2.627996e-05 2.1198809e-05)   (0.19731903 -0.00030261672 -0.4785364)       
youfuyi                   (6.0986573 -1.1203492 28.006042)              (0.1484015 -0.024901065 0.032889522)          (6.2470588 -1.1452503 28.038931)              (0.0078883504 -0.0014491234 0.036224608)      (0.00019195095 -3.2208454e-05 4.2541179e-05)  (0.0080803013 -0.0014813318 0.036267149)     
youweiduo                 (-0.96472793 0.014691059 0.069119069)         (0.15632937 -0.013812565 0.0023244463)        (-0.80839856 0.00087849459 0.071443515)       (-0.001247834 1.9002252e-05 8.9402537e-05)    (0.00020220531 -1.7865957e-05 3.0065711e-06)  (-0.0010456287 1.1362949e-06 9.2409108e-05)  
zhongyangyi               (1050.406 -0.0046504357 14257.873)            (2.5933018 -0.11626077 0.1800883)             (1052.9993 -0.1209112 14258.053)              (1.3586549 -6.0151382e-06 18.441944)          (0.0033543242 -0.00015037829 0.00023293645)   (1.3620092 -0.00015639343 18.442177)         
zuofuyi                   (-0.70598566 0.51403406 14.74871)             (0.17327568 -0.025386102 0.02134368)          (-0.53270998 0.48864796 14.770053)            (-0.00091316203 0.00066488091 0.019076821)    (0.00022412463 -3.2835829e-05 2.7607131e-05)  (-0.0006890374 0.00063204508 0.019104428)    
zuoweiduo                 (-0.95092115 -0.35898821 0.67084417)          (0.1539398 -0.0091723604 -0.0071093147)       (-0.79698135 -0.36816057 0.66373486)          (-0.0012299755 -0.00046433578 0.00086770803)  (0.0001991145 -1.1864053e-05 -9.1955922e-06)  (-0.001030861 -0.00047619983 0.00085851244)  
------------------------- --------------------------------------------- --------------------------------------------- --------------------------------------------- --------------------------------------------- --------------------------------------------- ---------------------------------------------
Net                       (5.500108 -17.152442 683.94655)               (12.964183 -0.7483131 0.78965541)             (18.464291 -17.900755 684.7362)               (0.0071141527 -0.022185944 0.88465539)        (0.016768613 -0.00096791075 0.0010213852)     (0.023882765 -0.023153855 0.88567677)        

Forces - Direction Vector (0.99695636 -0.06971398 0.034814483)
                          Forces [N]                                      Coefficients                                   
Zone                      Pressure        Viscous         Total           Pressure        Viscous         Total          
jidi                      1141.457        -2.3723302e-05  1141.4569       1.4764254       -3.0685069e-08  1.4764254      
jishen                    8620.354        1.1447807       8621.4988       11.150056       0.0014807245    11.151537      
jitou                     -11215.447      1.1641237       -11214.283      -14.506698      0.0015057438    -14.505192     
liangan                   -187.91116      1.110235        -186.80093      -0.24305499     0.0014360411    -0.24161895    
waiyi                     -81.33644       4.4512362       -76.885204      -0.10520518     0.0057574822    -0.099447698   
weiyi                     65.837752       1.56878         67.406532       0.085158295     0.0020291493    0.087187444    
xiaoyi                    138.89524       0.32864568      139.22388       0.179655        0.00042508902   0.18008009     
youfuyi                   7.1332362       0.15083125      7.2840674       0.0092265336    0.00019509373   0.0094216273   
youweiduo                 -0.96041232     0.15689788      -0.80351444     -0.0012422519   0.00020294065   -0.0010393113  
zhongyangyi               1543.5943       2.5997911       1546.1941       1.9965728       0.0033627178    1.9999355      
zuofuyi                   -0.22620422     0.17526165      -0.050942568    -0.00029258541  0.00022669339   -6.5892017e-05 
zuoweiduo                 -0.89964796     0.15386366      -0.74578431     -0.0011636559   0.00019901601   -0.00096463986 
------------------------- --------------- --------------- --------------- --------------- --------------- ---------------
Net                       30.490468       13.004423       43.494891       0.039438107     0.016820661     0.056258768    
