                                    "Force Report"

Moments - Moment Center (0 0 0.05)
                          Moments [N m]                                                                                                                             Coefficients                                                                                                                             
Zone                      Pressure                                      Viscous                                       Total                                         Pressure                                      Viscous                                       Total                                        
jidi                      (-6.1731098e-09 -22.906969 0.00050561144)     (1.8396546e-05 -0.0022086787 0.00015184377)   (1.8390373e-05 -22.909178 0.00065745521)      (-2.1893753e-11 -0.081242606 1.7932181e-06)   (6.5245791e-08 -7.8333722e-06 5.3853408e-07)  (6.5223898e-08 -0.08125044 2.3317521e-06)    
jishen                    (-0.037116104 -228.01344 -0.098206551)        (-0.00075164753 -0.056351048 -0.00099877848)  (-0.037867751 -228.06979 -0.09920533)         (-0.00013163719 -0.80867991 -0.00034830257)   (-2.6658177e-06 -0.00019985647 -3.5423004e-06) (-0.000134303 -0.80887976 -0.00035184487)    
jitou                     (-0.0055871902 556.49034 0.065013771)         (-4.4985963e-05 0.15724227 0.00071865612)     (-0.0056321762 556.64758 0.065732428)         (-1.9815712e-05 1.9736668 0.00023057997)      (-1.5954869e-07 0.00055768057 2.5488093e-06)  (-1.997526e-05 1.9742245 0.00023312878)      
liangan                   (0.31030423 650.80454 -0.28300147)            (0.0013219342 0.14480708 -0.02288698)         (0.31162617 650.94935 -0.30588845)            (0.0011005351 2.3081647 -0.0010037023)        (4.688415e-06 0.00051357753 -8.1171711e-05)   (0.0011052235 2.3086782 -0.001084874)        
waiyi                     (39.09292 -46.534066 6.8851654)               (0.026046335 0.47619863 0.06556157)           (39.118966 -46.057868 6.950727)               (0.13864823 -0.16503924 0.024419153)          (9.2376783e-05 0.0016889016 0.00023252281)    (0.13874061 -0.16335034 0.024651676)         
weiyi                     (1.0031639 -767.76775 1.7429905)              (0.00070097173 0.13309985 0.010147398)        (1.0038649 -767.63465 1.7531379)              (0.003557854 -2.7229902 0.0061817471)         (2.4860893e-06 0.00047205629 3.5989094e-05)   (0.0035603401 -2.7225181 0.0062177362)       
xiaoyi                    (0.24027021 55.765827 -0.055677463)           (0.0035380038 0.032998821 -0.0002988597)      (0.24380822 55.798826 -0.055976323)           (0.0008521502 0.19778091 -0.00019746751)      (1.2548e-05 0.0001170347 -1.0599456e-06)      (0.0008646982 0.19789794 -0.00019852746)     
youfuyi                   (39.324771 -4.94312 -6.8761949)               (0.053442833 0.0082019655 -0.14722983)        (39.378214 -4.934918 -7.0234248)              (0.13947052 -0.017531431 -0.024387338)        (0.0001895421 2.9089359e-05 -0.00052217013)   (0.13966006 -0.017502341 -0.024909508)       
youweiduo                 (0.3902174 -3.2577358 2.0286747)              (0.011190565 0.011636747 -0.071146742)        (0.40140796 -3.2460991 1.9575279)             (0.0013839578 -0.011553992 0.0071949639)      (3.9688823e-05 4.1271266e-05 -0.00025233136)  (0.0014236466 -0.011512721 0.0069426326)     
zhongyangyi               (0.42463495 -273.73518 -0.11221269)           (0.0012765145 0.28016598 0.027821289)         (0.42591146 -273.45502 -0.084391398)          (0.0015060242 -0.97083816 -0.00039797718)     (4.5273279e-06 0.00099364584 9.8671892e-05)   (0.0015105515 -0.96984451 -0.00029930529)    
zuofuyi                   (-30.768499 -4.3618157 0.53939433)            (-0.056368882 0.0082244572 0.15958702)        (-30.824868 -4.3535913 0.69898136)            (-0.10912456 -0.015469758 0.0019130336)       (-0.00019991972 2.9169129e-05 0.00056599654)  (-0.10932448 -0.015440589 0.0024790301)      
zuoweiduo                 (-0.40727753 -3.2877921 -2.0452875)           (-0.011001505 0.011541886 0.071741305)        (-0.41827903 -3.2762502 -1.9735462)           (-0.0014444638 -0.011660591 -0.0072538835)    (-3.9018296e-05 4.0934829e-05 0.00025444006)  (-0.0014834821 -0.011619656 -0.0069994434)   
------------------------- --------------------------------------------- --------------------------------------------- --------------------------------------------- --------------------------------------------- --------------------------------------------- ---------------------------------------------
Net                       (49.567802 -91.747157 1.7911637)              (0.029368534 1.205558 0.093167893)            (49.597171 -90.541599 1.8843316)              (0.17579879 -0.32539347 0.0063525998)         (0.0001041594 0.0042756713 0.0003304323)      (0.17590295 -0.3211178 0.0066830321)         

Moments - Moment Center (0 0 0.05) Moment Axis (0 1 0)
                          Moments [N m]                                   Coefficients                                   
Zone                      Pressure        Viscous         Total           Pressure        Viscous         Total          
jidi                      -22.906969      -0.0022086787   -22.909178      -0.081242606    -7.8333722e-06  -0.08125044    
jishen                    -228.01344      -0.056351048    -228.06979      -0.80867991     -0.00019985647  -0.80887976    
jitou                     556.49034       0.15724227      556.64758       1.9736668       0.00055768057   1.9742245      
liangan                   650.80454       0.14480708      650.94935       2.3081647       0.00051357753   2.3086782      
waiyi                     -46.534066      0.47619863      -46.057868      -0.16503924     0.0016889016    -0.16335034    
weiyi                     -767.76775      0.13309985      -767.63465      -2.7229902      0.00047205629   -2.7225181     
xiaoyi                    55.765827       0.032998821     55.798826       0.19778091      0.0001170347    0.19789794     
youfuyi                   -4.94312        0.0082019655    -4.934918       -0.017531431    2.9089359e-05   -0.017502341   
youweiduo                 -3.2577358      0.011636747     -3.2460991      -0.011553992    4.1271266e-05   -0.011512721   
zhongyangyi               -273.73518      0.28016598      -273.45502      -0.97083816     0.00099364584   -0.96984451    
zuofuyi                   -4.3618157      0.0082244572    -4.3535913      -0.015469758    2.9169129e-05   -0.015440589   
zuoweiduo                 -3.2877921      0.011541886     -3.2762502      -0.011660591    4.0934829e-05   -0.011619656   
------------------------- --------------- --------------- --------------- --------------- --------------- ---------------
Net                       -91.747157      1.205558        -90.541599      -0.32539347     0.0042756713    -0.3211178     
