                                    "Force Report"

Moments - Moment Center (0 0 0.05)
                          Moments [N m]                                                                                                                             Coefficients                                                                                                                             
Zone                      Pressure                                      Viscous                                       Total                                         Pressure                                      Viscous                                       Total                                        
jidi                      (4.5309239e-09 -22.90861 0.0047684693)        (-0.00010320289 -7.2875072e-05 -0.0014897448) (-0.00010319836 -22.908683 0.0032787245)      (1.6069523e-11 -0.081248427 1.6912009e-05)    (-3.6602276e-07 -2.5846111e-07 -5.2835777e-06) (-3.6600669e-07 -0.081248685 1.1628431e-05)  
jishen                    (0.33700109 -231.09188 3.3620995)             (-0.03916984 -0.078933547 -0.0045044873)      (0.29783125 -231.17081 3.3575951)             (0.0011952191 -0.81959802 0.011924132)        (-0.00013892103 -0.0002799483 -1.5975762e-05) (0.0010562981 -0.81987796 0.011908156)       
jitou                     (-1.2987747 538.94373 12.752467)              (-0.014287974 -0.0354086 0.16201028)          (-1.3130627 538.90832 12.914477)              (-0.0046062769 1.9114354 0.045228317)         (-5.0674196e-05 -0.0001255813 0.00057459096)  (-0.0046569511 1.9113099 0.045802908)        
liangan                   (-0.012430569 648.69509 -0.085143039)         (-0.0029734704 0.16220521 -0.018675209)       (-0.01540404 648.8573 -0.10381825)            (-4.4086663e-05 2.3006832 -0.00030197109)     (-1.0545807e-05 0.00057528229 -6.6234108e-05) (-5.4632471e-05 2.3012585 -0.0003682052)     
waiyi                     (52.337082 -47.508983 0.29420402)             (0.1445313 0.62673603 -0.10395389)            (52.481613 -46.882247 0.19025013)             (0.18562041 -0.16849691 0.0010434336)         (0.00051259943 0.0022228025 -0.00036868625)   (0.18613301 -0.16627411 0.00067474734)       
weiyi                     (-11.398612 -655.87978 -34.735388)            (0.089794216 0.49211209 -0.32607065)          (-11.308818 -655.38767 -35.061458)            (-0.04042669 -2.3261647 -0.12319366)          (0.0003184671 0.0017453408 -0.0011564528)     (-0.040108223 -2.3244193 -0.12435011)        
xiaoyi                    (5.9799468 55.995258 -1.0127426)              (0.065936591 0.040565976 -0.044314925)        (6.0458834 56.035824 -1.0570575)              (0.021208675 0.19859461 -0.0035918259)        (0.00023385287 0.00014387262 -0.00015716876)  (0.021442528 0.19873849 -0.0037489947)       
youfuyi                   (32.62415 -3.9021164 -7.2317946)              (0.049467015 0.011104952 -0.17957826)         (32.673617 -3.8910114 -7.4113728)             (0.11570588 -0.013839373 -0.025648519)        (0.00017544133 3.9385187e-05 -0.00063689812)  (0.11588132 -0.013799988 -0.026285417)       
youweiduo                 (-0.27498482 1.3738533 -0.59291049)           (0.0154276 0.029052542 -0.11413602)           (-0.25955722 1.4029058 -0.7070465)            (-0.00097527016 0.004872553 -0.0021028357)    (5.471603e-05 0.0001030387 -0.00040479852)    (-0.00092055413 0.0049755917 -0.0025076342)  
zhongyangyi               (13.345323 -282.22704 0.46364219)             (0.057818288 0.34210918 -0.03496343)          (13.403141 -281.88493 0.42867876)             (0.047330958 -1.0009557 0.0016443686)         (0.00020506023 0.0012133356 -0.00012400245)   (0.047536018 -0.99974232 0.0015203661)       
zuofuyi                   (-15.736196 -2.2996668 -0.90983896)           (-0.0083488119 0.019817496 0.21207987)        (-15.744545 -2.2798493 -0.6977591)            (-0.055810507 -0.0081560733 -0.0032268646)    (-2.9610169e-05 7.0285379e-05 0.00075216939)  (-0.055840117 -0.0080857879 -0.0024746952)   
zuoweiduo                 (-0.23640602 -1.5192305 -0.9940129)           (0.019097812 0.074051981 0.0011014047)        (-0.21730821 -1.4451785 -0.9929115)           (-0.00083844532 -0.0053881525 -0.0035253987)  (6.7732924e-05 0.00026263518 3.9062778e-06)   (-0.0007707124 -0.0051255174 -0.0035214924)  
------------------------- --------------------------------------------- --------------------------------------------- --------------------------------------------- --------------------------------------------- --------------------------------------------- ---------------------------------------------
Net                       (75.666099 -2.3293813 -28.684649)             (0.37718952 1.6833404 -0.45249505)            (76.043288 -0.64604091 -29.137144)            (0.26835986 -0.00826146 -0.10173391)          (0.0013377527 0.0059701902 -0.0016048338)     (0.26969761 -0.0022912698 -0.10333875)       

Moments - Moment Center (0 0 0.05) Moment Axis (0 1 0)
                          Moments [N m]                                   Coefficients                                   
Zone                      Pressure        Viscous         Total           Pressure        Viscous         Total          
jidi                      -22.90861       -7.2875072e-05  -22.908683      -0.081248427    -2.5846111e-07  -0.081248685   
jishen                    -231.09188      -0.078933547    -231.17081      -0.81959802     -0.0002799483   -0.81987796    
jitou                     538.94373       -0.0354086      538.90832       1.9114354       -0.0001255813   1.9113099      
liangan                   648.69509       0.16220521      648.8573        2.3006832       0.00057528229   2.3012585      
waiyi                     -47.508983      0.62673603      -46.882247      -0.16849691     0.0022228025    -0.16627411    
weiyi                     -655.87978      0.49211209      -655.38767      -2.3261647      0.0017453408    -2.3244193     
xiaoyi                    55.995258       0.040565976     56.035824       0.19859461      0.00014387262   0.19873849     
youfuyi                   -3.9021164      0.011104952     -3.8910114      -0.013839373    3.9385187e-05   -0.013799988   
youweiduo                 1.3738533       0.029052542     1.4029058       0.004872553     0.0001030387    0.0049755917   
zhongyangyi               -282.22704      0.34210918      -281.88493      -1.0009557      0.0012133356    -0.99974232    
zuofuyi                   -2.2996668      0.019817496     -2.2798493      -0.0081560733   7.0285379e-05   -0.0080857879  
zuoweiduo                 -1.5192305      0.074051981     -1.4451785      -0.0053881525   0.00026263518   -0.0051255174  
------------------------- --------------- --------------- --------------- --------------- --------------- ---------------
Net                       -2.3293813      1.6833404       -0.64604091     -0.00826146     0.0059701902    -0.0022912698  
