                                    "Force Report"

Moments - Moment Center (0 0 0.05)
                          Moments [N m]                                                                                                                             Coefficients                                                                                                                             
Zone                      Pressure                                      Viscous                                       Total                                         Pressure                                      Viscous                                       Total                                        
jidi                      (-1.7507384e-08 -22.900173 0.0035552408)      (-0.00010350887 0.00074779174 -0.0011745554)  (-0.00010352638 -22.899425 0.0023806854)      (-6.209226e-11 -0.081218503 1.2609133e-05)    (-3.6710795e-07 2.6521426e-06 -4.1657166e-06) (-3.6717004e-07 -0.081215851 8.4434166e-06)  
jishen                    (0.33717707 -232.02943 2.7001789)             (-0.027595832 -0.08369085 -0.011750561)       (0.30958124 -232.11312 2.6884283)             (0.0011958432 -0.82292317 0.0095765426)       (-9.7872281e-05 -0.00029682071 -4.1674924e-05) (0.0010979709 -0.82321999 0.0095348677)      
jitou                     (-0.88969705 535.55369 8.7245535)             (-0.0095843811 -0.071209211 0.10826603)       (-0.89928143 535.48248 8.8328195)             (-0.0031554286 1.8994122 0.030942787)         (-3.3992279e-05 -0.00025255292 0.00038397983) (-0.0031894209 1.8991597 0.031326766)        
liangan                   (-0.15988999 646.77349 0.2860057)             (-0.005349625 0.13686562 -0.006750136)        (-0.16523961 646.91035 0.27925556)            (-0.00056707106 2.293868 0.0010143572)        (-1.8973155e-05 0.0004854121 -2.3940253e-05)  (-0.00058604422 2.2943534 0.00099041692)     
waiyi                     (50.674775 -49.431519 -0.98651205)            (0.11594362 0.58812215 -0.22148937)           (50.790718 -48.843397 -1.2080014)             (0.17972481 -0.17531544 -0.0034987959)        (0.00041120944 0.0020858533 -0.00078554143)   (0.18013602 -0.17322959 -0.0042843373)       
weiyi                     (-7.4710874 -640.4547 -22.647383)             (0.060040623 0.55908689 -0.2038643)           (-7.4110467 -639.89561 -22.851247)            (-0.026497203 -2.2714576 -0.080321949)        (0.00021294204 0.0019828758 -0.00072303178)   (-0.026284261 -2.2694747 -0.081044981)       
xiaoyi                    (2.6940547 55.912384 -0.63766847)             (0.036398974 0.040657461 -0.029881343)        (2.7304537 55.953041 -0.66754982)             (0.0095548226 0.19830069 -0.0022615759)       (0.00012909379 0.00014419708 -0.00010597815)  (0.0096839164 0.19844489 -0.002367554)       
youfuyi                   (31.304113 -3.6977524 -7.3240207)             (0.044125117 0.011653689 -0.17874435)         (31.348238 -3.6860987 -7.502765)              (0.11102419 -0.013114569 -0.025975611)        (0.00015649558 4.1331356e-05 -0.00063394057)  (0.11118069 -0.013073238 -0.026609552)       
youweiduo                 (-0.20078907 1.2369667 -0.5464112)            (0.0081407738 0.040866541 -0.092772697)       (-0.19264829 1.2778332 -0.6391839)            (-0.00071212507 0.0043870664 -0.0019379198)   (2.8872334e-05 0.00014493861 -0.00032903068)  (-0.00068325274 0.004532005 -0.0022669505)   
zhongyangyi               (10.007319 -285.51817 -0.2200929)             (0.039640512 0.32828185 -0.034270368)         (10.046959 -285.18989 -0.25436327)            (0.035492283 -1.0126281 -0.00078058869)       (0.00014059034 0.0011642952 -0.00012154441)   (0.035632874 -1.0114638 -0.00090213309)      
zuofuyi                   (-14.161337 -2.06902 -0.94644364)             (-0.0038417882 0.020841774 0.22015206)        (-14.165179 -2.0481783 -0.72629158)           (-0.050225062 -0.0073380541 -0.0033566879)    (-1.3625412e-05 7.3918116e-05 0.00078079849)  (-0.050238687 -0.007264136 -0.0025758895)    
zuoweiduo                 (-0.13719861 -0.72202138 -0.5327142)          (0.014135406 0.070199019 0.021153985)         (-0.1230632 -0.65182236 -0.51156021)          (-0.00048659308 -0.0025607446 -0.0018893416)  (5.0133094e-05 0.00024897014 7.5025414e-05)   (-0.00043645999 -0.0023117745 -0.0018143162) 
------------------------- --------------------------------------------- --------------------------------------------- --------------------------------------------- --------------------------------------------- --------------------------------------------- ---------------------------------------------
Net                       (71.997439 2.6537435 -22.126953)              (0.27194989 1.6424227 -0.43112561)            (72.269388 4.2961663 -22.558078)              (0.25534847 0.0094118535 -0.078476174)        (0.00096450638 0.0058250702 -0.0015290442)    (0.25631298 0.015236924 -0.080005219)        

Moments - Moment Center (0 0 0.05) Moment Axis (0 1 0)
                          Moments [N m]                                   Coefficients                                   
Zone                      Pressure        Viscous         Total           Pressure        Viscous         Total          
jidi                      -22.900173      0.00074779174   -22.899425      -0.081218503    2.6521426e-06   -0.081215851   
jishen                    -232.02943      -0.08369085     -232.11312      -0.82292317     -0.00029682071  -0.82321999    
jitou                     535.55369       -0.071209211    535.48248       1.8994122       -0.00025255292  1.8991597      
liangan                   646.77349       0.13686562      646.91035       2.293868        0.0004854121    2.2943534      
waiyi                     -49.431519      0.58812215      -48.843397      -0.17531544     0.0020858533    -0.17322959    
weiyi                     -640.4547       0.55908689      -639.89561      -2.2714576      0.0019828758    -2.2694747     
xiaoyi                    55.912384       0.040657461     55.953041       0.19830069      0.00014419708   0.19844489     
youfuyi                   -3.6977524      0.011653689     -3.6860987      -0.013114569    4.1331356e-05   -0.013073238   
youweiduo                 1.2369667       0.040866541     1.2778332       0.0043870664    0.00014493861   0.004532005    
zhongyangyi               -285.51817      0.32828185      -285.18989      -1.0126281      0.0011642952    -1.0114638     
zuofuyi                   -2.06902        0.020841774     -2.0481783      -0.0073380541   7.3918116e-05   -0.007264136   
zuoweiduo                 -0.72202138     0.070199019     -0.65182236     -0.0025607446   0.00024897014   -0.0023117745  
------------------------- --------------- --------------- --------------- --------------- --------------- ---------------
Net                       2.6537435       1.6424227       4.2961663       0.0094118535    0.0058250702    0.015236924    
