                                    "Force Report"

Moments - Moment Center (0 0 0.05)
                          Moments [N m]                                                                                                                             Coefficients                                                                                                                             
Zone                      Pressure                                      Viscous                                       Total                                         Pressure                                      Viscous                                       Total                                        
jidi                      (-3.2264812e-09 -22.902759 0.00050007585)     (-6.6215035e-06 -0.0025301454 3.3469063e-05)  (-6.62473e-06 -22.90529 0.00053354491)        (-1.1443144e-11 -0.081227676 1.7735853e-06)   (-2.3484041e-08 -8.9734963e-06 1.1870247e-07) (-2.3495484e-08 -0.081236649 1.8922878e-06)  
jishen                    (-0.014839469 -229.4467 0.050955886)          (-0.00072822225 -0.064294813 -0.00086189171)  (-0.015567691 -229.51099 0.050093994)         (-5.2630147e-05 -0.81376316 0.00018072181)    (-2.5827368e-06 -0.00022803009 -3.0568133e-06) (-5.5212884e-05 -0.81399119 0.000177665)     
jitou                     (-0.0048293065 548.4044 0.051074616)          (-4.0568165e-05 0.064099546 0.00056127547)    (-0.0048698746 548.4685 0.051635891)          (-1.7127776e-05 1.944989 0.0001811429)        (-1.4388038e-07 0.00022733755 1.9906379e-06)  (-1.7271657e-05 1.9452163 0.00018313354)     
liangan                   (0.22241724 648.36223 0.096407751)            (-0.0042455618 0.13387099 0.0023290422)       (0.21817168 648.4961 0.098736794)             (0.00078883225 2.2995027 0.00034192288)       (-1.5057448e-05 0.00047479122 8.2602573e-06)  (0.0007737748 2.2999775 0.00035018314)       
waiyi                     (40.16133 -45.589935 3.5207788)               (0.039579756 0.62831403 0.047605387)          (40.20091 -44.96162 3.5683842)                (0.14243749 -0.16169075 0.012486909)          (0.00014037486 0.0022283991 0.00016883882)    (0.14257786 -0.15946235 0.012655748)         
weiyi                     (0.82444025 -716.76041 1.8856249)             (0.0010939934 0.37406367 0.019878175)         (0.82553424 -716.38635 1.9055031)             (0.0029239867 -2.5420859 0.0066876189)        (3.8799928e-06 0.0013266664 7.0500586e-05)    (0.0029278667 -2.5407592 0.0067581194)       
xiaoyi                    (0.20899564 55.922878 -0.081757227)           (0.0027110043 0.037026492 -0.001594957)       (0.21170664 55.959905 -0.083352184)           (0.00074123075 0.19833791 -0.00028996285)     (9.6149365e-06 0.00013131937 -5.6567266e-06)  (0.00075084569 0.19846923 -0.00029561958)    
youfuyi                   (34.87377 -4.3028512 -6.9003532)              (0.045401742 0.010918484 -0.17021121)         (34.919171 -4.2919327 -7.0705644)             (0.12368445 -0.015260633 -0.024473018)        (0.0001610233 3.8723852e-05 -0.00060367666)   (0.12384547 -0.015221909 -0.025076695)       
youweiduo                 (0.21966988 -2.0041201 1.2923523)             (0.0038375624 0.034333567 -0.060657325)       (0.22350744 -1.9697866 1.231695)              (0.00077908836 -0.007107878 0.004583499)      (1.3610424e-05 0.00012176855 -0.00021512925)  (0.00079269879 -0.0069861095 0.0043683698)   
zhongyangyi               (2.2213223 -274.58986 0.22983505)             (0.0030674792 0.34946096 0.009088732)         (2.2243898 -274.2404 0.23892378)              (0.0078782142 -0.97386938 0.00081514051)      (1.0879222e-05 0.0012394097 3.2234394e-05)    (0.0078890934 -0.97262997 0.0008473749)      
zuofuyi                   (-21.283323 -3.0536743 -0.24438318)           (-0.035528213 0.013114555 0.18625605)         (-21.318851 -3.0405598 -0.05812713)           (-0.075484127 -0.010830261 -0.00086673737)    (-0.00012600552 4.6512508e-05 0.00066058179)  (-0.075610133 -0.010783749 -0.00020615558)   
zuoweiduo                 (-0.20622067 -1.9137957 -1.2510608)           (-0.0040651311 0.034842973 0.064573473)       (-0.2102858 -1.8789527 -1.1864873)            (-0.00073138898 -0.0067875304 -0.004437053)   (-1.4417527e-05 0.00012357523 0.00022901839)  (-0.00074580651 -0.0066639551 -0.0042080346) 
------------------------- --------------------------------------------- --------------------------------------------- --------------------------------------------- --------------------------------------------- --------------------------------------------- ---------------------------------------------
Net                       (57.222733 -47.874592 -1.350025)              (0.051077219 1.6132203 0.097000212)           (57.27381 -46.261372 -1.2530248)              (0.20294802 -0.16979359 -0.0047880429)        (0.00018115214 0.0057214999 0.00034402412)    (0.20312917 -0.16407209 -0.0044440187)       

Moments - Moment Center (0 0 0.05) Moment Axis (0 1 0)
                          Moments [N m]                                   Coefficients                                   
Zone                      Pressure        Viscous         Total           Pressure        Viscous         Total          
jidi                      -22.902759      -0.0025301454   -22.90529       -0.081227676    -8.9734963e-06  -0.081236649   
jishen                    -229.4467       -0.064294813    -229.51099      -0.81376316     -0.00022803009  -0.81399119    
jitou                     548.4044        0.064099546     548.4685        1.944989        0.00022733755   1.9452163      
liangan                   648.36223       0.13387099      648.4961        2.2995027       0.00047479122   2.2999775      
waiyi                     -45.589935      0.62831403      -44.96162       -0.16169075     0.0022283991    -0.15946235    
weiyi                     -716.76041      0.37406367      -716.38635      -2.5420859      0.0013266664    -2.5407592     
xiaoyi                    55.922878       0.037026492     55.959905       0.19833791      0.00013131937   0.19846923     
youfuyi                   -4.3028512      0.010918484     -4.2919327      -0.015260633    3.8723852e-05   -0.015221909   
youweiduo                 -2.0041201      0.034333567     -1.9697866      -0.007107878    0.00012176855   -0.0069861095  
zhongyangyi               -274.58986      0.34946096      -274.2404       -0.97386938     0.0012394097    -0.97262997    
zuofuyi                   -3.0536743      0.013114555     -3.0405598      -0.010830261    4.6512508e-05   -0.010783749   
zuoweiduo                 -1.9137957      0.034842973     -1.8789527      -0.0067875304   0.00012357523   -0.0066639551  
------------------------- --------------- --------------- --------------- --------------- --------------- ---------------
Net                       -47.874592      1.6132203       -46.261372      -0.16979359     0.0057214999    -0.16407209    
