                                    "Force Report"

Moments - Moment Center (0 0 0.05)
                          Moments [N m]                                                                                                                             Coefficients                                                                                                                             
Zone                      Pressure                                      Viscous                                       Total                                         Pressure                                      Viscous                                       Total                                        
jidi                      (-1.575873e-08 -22.925643 0.0056248659)       (8.1069757e-05 -0.0015246606 0.0016099765)    (8.1053998e-05 -22.927167 0.0072348423)       (-5.5890426e-11 -0.081308834 1.9949333e-05)   (2.8752465e-07 -5.4074112e-06 5.7099951e-06)  (2.8746876e-07 -0.081314242 2.5659328e-05)   
jishen                    (0.012439031 -229.25126 1.7006631)            (-0.018597331 -0.062875576 0.0070943866)      (-0.0061583 -229.31413 1.7077575)             (4.4116676e-05 -0.81307 0.0060316272)         (-6.5957904e-05 -0.00022299658 2.5161183e-05) (-2.1841228e-05 -0.813293 0.0060567884)      
jitou                     (-0.85188592 553.6536 8.4064163)              (-0.0091930042 0.12514568 0.10801185)         (-0.86107893 553.77874 8.5144281)             (-0.0030213265 1.9636059 0.029814471)         (-3.2604209e-05 0.00044384576 0.00038307836)  (-0.0030539307 1.9640498 0.030197549)        
liangan                   (0.21746616 650.40535 -1.7091938)             (-0.0076872979 0.13693136 0.043844794)        (0.20977886 650.54228 -1.665349)              (0.00077127258 2.3067489 -0.0060618828)       (-2.7264022e-05 0.00048564524 0.00015550138)  (0.00074400856 2.3072345 -0.0059063814)      
waiyi                     (55.295591 -45.920587 5.6592782)              (0.10838042 0.52580962 -0.0212325)            (55.403971 -45.394777 5.6380457)              (0.19611315 -0.16286345 0.020071381)          (0.00038438556 0.0018648536 -7.5303877e-05)   (0.19649754 -0.1609986 0.019996077)          
weiyi                     (-8.4393786 -744.30663 -25.510353)            (0.052374161 0.28778154 -0.25945581)          (-8.3870045 -744.01885 -25.769809)            (-0.029931376 -2.6397822 -0.090475853)        (0.00018575191 0.0010206554 -0.00092019447)   (-0.029745624 -2.6387616 -0.091396047)       
xiaoyi                    (12.432085 55.828395 -0.74211991)             (0.10080712 0.035994876 -0.02264129)          (12.532892 55.86439 -0.7647612)               (0.044092039 0.19800281 -0.0026320267)        (0.00035752583 0.0001276606 -8.0300339e-05)   (0.044449565 0.19813047 -0.0027123271)       
youfuyi                   (36.616557 -4.5598461 -6.3074439)             (0.054567991 0.0082809723 -0.15362558)        (36.671125 -4.5515652 -6.4610694)             (0.12986548 -0.016172099 -0.022370187)        (0.00019353262 2.9369567e-05 -0.00054485352)  (0.13005901 -0.01614273 -0.02291504)         
youweiduo                 (0.11286679 -1.7325636 1.1320232)             (0.013431273 0.018414456 -0.091767484)        (0.12629806 -1.7141492 1.0402557)             (0.00040029705 -0.0061447667 0.0040148704)    (4.763579e-05 6.5309313e-05 -0.00032546556)   (0.00044793284 -0.0060794574 0.0036894048)   
zhongyangyi               (9.2125546 -273.96916 1.3234355)              (0.015134696 0.31158003 -0.016010914)         (9.2276893 -273.65758 1.3074246)              (0.032673547 -0.97166799 0.0046937396)        (5.3677207e-05 0.0011050599 -5.6784833e-05)   (0.032727224 -0.97056293 0.0046369547)       
zuofuyi                   (-26.526295 -3.7517173 0.27867477)            (-0.044912918 0.0097327287 0.15689591)        (-26.571208 -3.7419846 0.43557068)            (-0.094079025 -0.013305963 0.00098835705)     (-0.00015928962 3.4518414e-05 0.00055645215)  (-0.094238315 -0.013271445 0.0015448092)     
zuoweiduo                 (-0.40854239 -3.353231 -2.103331)             (0.0060748242 0.039414983 0.022620657)        (-0.40246756 -3.313816 -2.0807103)            (-0.0014489498 -0.011892679 -0.0074597424)    (2.154517e-05 0.00013979047 8.022716e-05)     (-0.0014274046 -0.011752888 -0.0073795152)   
------------------------- --------------------------------------------- --------------------------------------------- --------------------------------------------- --------------------------------------------- --------------------------------------------- ---------------------------------------------
Net                       (77.673457 -69.883296 -17.866326)             (0.27046101 1.434686 -0.22465602)             (77.943918 -68.44861 -18.090982)              (0.27547922 -0.24785038 -0.063365296)         (0.00095922585 0.0050883043 -0.00079677238)   (0.27643845 -0.24276208 -0.064162068)        

Moments - Moment Center (0 0 0.05) Moment Axis (0 1 0)
                          Moments [N m]                                   Coefficients                                   
Zone                      Pressure        Viscous         Total           Pressure        Viscous         Total          
jidi                      -22.925643      -0.0015246606   -22.927167      -0.081308834    -5.4074112e-06  -0.081314242   
jishen                    -229.25126      -0.062875576    -229.31413      -0.81307        -0.00022299658  -0.813293      
jitou                     553.6536        0.12514568      553.77874       1.9636059       0.00044384576   1.9640498      
liangan                   650.40535       0.13693136      650.54228       2.3067489       0.00048564524   2.3072345      
waiyi                     -45.920587      0.52580962      -45.394777      -0.16286345     0.0018648536    -0.1609986     
weiyi                     -744.30663      0.28778154      -744.01885      -2.6397822      0.0010206554    -2.6387616     
xiaoyi                    55.828395       0.035994876     55.86439        0.19800281      0.0001276606    0.19813047     
youfuyi                   -4.5598461      0.0082809723    -4.5515652      -0.016172099    2.9369567e-05   -0.01614273    
youweiduo                 -1.7325636      0.018414456     -1.7141492      -0.0061447667   6.5309313e-05   -0.0060794574  
zhongyangyi               -273.96916      0.31158003      -273.65758      -0.97166799     0.0011050599    -0.97056293    
zuofuyi                   -3.7517173      0.0097327287    -3.7419846      -0.013305963    3.4518414e-05   -0.013271445   
zuoweiduo                 -3.353231       0.039414983     -3.313816       -0.011892679    0.00013979047   -0.011752888   
------------------------- --------------- --------------- --------------- --------------- --------------- ---------------
Net                       -69.883296      1.434686        -68.44861       -0.24785038     0.0050883043    -0.24276208    
