                                    "Force Report"

Moments - Moment Center (0 0 0.05)
                          Moments [N m]                                                                                                                             Coefficients                                                                                                                             
Zone                      Pressure                                      Viscous                                       Total                                         Pressure                                      Viscous                                       Total                                        
jidi                      (1.8110678e-08 -22.929145 0.012544735)        (-2.2040658e-05 -0.0029821289 0.0013826222)   (-2.2022547e-05 -22.932127 0.013927358)       (6.4231924e-11 -0.081321255 4.4491569e-05)    (-7.8170117e-08 -1.0576516e-05 4.9036532e-06) (-7.8105885e-08 -0.081331831 4.9395222e-05)  
jishen                    (-0.18478603 -232.58856 2.9332698)            (-0.015397776 -0.092412737 0.021122648)       (-0.20018381 -232.68097 2.9543924)            (-0.00065536818 -0.82490619 0.010403231)      (-5.4610257e-05 -0.00032775404 7.4914273e-05) (-0.00070997844 -0.82523395 0.010478145)     
jitou                     (-0.92238824 555.98924 9.0888726)             (-0.0097268144 0.16991956 0.11165965)         (-0.93211506 556.15916 9.2005323)             (-0.0032713723 1.9718896 0.032234893)         (-3.4497438e-05 0.00060264228 0.00039601577)  (-0.0033058697 1.9724923 0.032630909)        
liangan                   (-0.48307541 650.83957 -1.85091)              (-0.013401931 0.1374887 0.021082365)          (-0.49647734 650.97706 -1.8298276)            (-0.001713291 2.3082889 -0.0065644978)        (-4.7531727e-05 0.00048762191 7.4771404e-05)  (-0.0017608228 2.3087765 -0.0064897264)      
waiyi                     (50.542243 -47.335404 5.6928824)              (0.11024615 0.42681184 0.0126513)             (50.652489 -46.908592 5.7055337)              (0.17925477 -0.16788129 0.020190563)          (0.00039100259 0.0015137448 4.4869516e-05)    (0.17964577 -0.16636755 0.020235432)         
weiyi                     (-8.3281757 -762.88304 -16.966372)            (0.063856307 0.052995043 -0.27865821)         (-8.2643194 -762.83005 -17.24503)             (-0.02953698 -2.7056659 -0.060173488)         (0.00022647487 0.00018795395 -0.00098829834)  (-0.029310505 -2.705478 -0.061161786)        
xiaoyi                    (15.431792 55.608847 -1.0917478)              (0.10417533 0.031704112 -0.0076868463)        (15.535968 55.640551 -1.0994347)              (0.054730899 0.19722416 -0.0038720285)        (0.00036947162 0.00011244284 -2.726242e-05)   (0.055100371 0.1973366 -0.0038992909)        
youfuyi                   (39.642297 -4.9360494 -6.7897737)             (0.056259261 0.0083410245 -0.1566062)         (39.698556 -4.9277084 -6.9463799)             (0.14059667 -0.017506354 -0.024080833)        (0.00019953094 2.958255e-05 -0.00055542468)   (0.1407962 -0.017476772 -0.024636258)        
youweiduo                 (0.1498796 -3.2645454 2.0010752)              (0.016816661 -1.8474613e-05 -0.092259615)     (0.16669626 -3.2645639 1.9088156)             (0.00053156789 -0.011578144 0.0070970788)     (5.9642521e-05 -6.5522667e-08 -0.00032721097) (0.00059121041 -0.011578209 0.0067698679)    
zhongyangyi               (-4.2941118 -276.59607 -3.8007073)            (-0.0070690975 0.25972955 -0.0014773319)      (-4.3011809 -276.33634 -3.8021847)            (-0.015229637 -0.98098466 -0.013479713)       (-2.5071492e-05 0.00092116533 -5.2395535e-06) (-0.015254709 -0.98006349 -0.013484952)      
zuofuyi                   (-30.909243 -4.3980385 0.63975096)            (-0.050884972 0.0088888818 0.15334934)        (-30.960128 -4.3891496 0.7931003)             (-0.10962373 -0.015598227 0.0022689617)       (-0.00018047031 3.1525599e-05 0.0005438738)   (-0.1098042 -0.015566701 0.0028128355)       
zuoweiduo                 (-0.68844508 -5.3907019 -3.3999869)           (0.0028668575 0.02165125 0.02000399)          (-0.68557822 -5.3690506 -3.3799829)           (-0.0024416618 -0.019118839 -0.012058505)     (1.0167691e-05 7.678903e-05 7.0946806e-05)    (-0.0024314941 -0.01904205 -0.011987558)     
------------------------- --------------------------------------------- --------------------------------------------- --------------------------------------------- --------------------------------------------- --------------------------------------------- ---------------------------------------------
Net                       (59.955987 -97.883898 -13.531101)             (0.25771793 1.0221166 -0.19543629)            (60.213704 -96.861782 -13.726538)             (0.21264186 -0.34715823 -0.047989847)         (0.00091403083 0.0036250722 -0.00069314073)   (0.21355589 -0.34353316 -0.048682988)        

Moments - Moment Center (0 0 0.05) Moment Axis (0 1 0)
                          Moments [N m]                                   Coefficients                                   
Zone                      Pressure        Viscous         Total           Pressure        Viscous         Total          
jidi                      -22.929145      -0.0029821289   -22.932127      -0.081321255    -1.0576516e-05  -0.081331831   
jishen                    -232.58856      -0.092412737    -232.68097      -0.82490619     -0.00032775404  -0.82523395    
jitou                     555.98924       0.16991956      556.15916       1.9718896       0.00060264228   1.9724923      
liangan                   650.83957       0.1374887       650.97706       2.3082889       0.00048762191   2.3087765      
waiyi                     -47.335404      0.42681184      -46.908592      -0.16788129     0.0015137448    -0.16636755    
weiyi                     -762.88304      0.052995043     -762.83005      -2.7056659      0.00018795395   -2.705478      
xiaoyi                    55.608847       0.031704112     55.640551       0.19722416      0.00011244284   0.1973366      
youfuyi                   -4.9360494      0.0083410245    -4.9277084      -0.017506354    2.958255e-05    -0.017476772   
youweiduo                 -3.2645454      -1.8474613e-05  -3.2645639      -0.011578144    -6.5522667e-08  -0.011578209   
zhongyangyi               -276.59607      0.25972955      -276.33634      -0.98098466     0.00092116533   -0.98006349    
zuofuyi                   -4.3980385      0.0088888818    -4.3891496      -0.015598227    3.1525599e-05   -0.015566701   
zuoweiduo                 -5.3907019      0.02165125      -5.3690506      -0.019118839    7.678903e-05    -0.01904205    
------------------------- --------------- --------------- --------------- --------------- --------------- ---------------
Net                       -97.883898      1.0221166       -96.861782      -0.34715823     0.0036250722    -0.34353316    
