                                    "Force Report"

Moments - Moment Center (0 0 0.05)
                          Moments [N m]                                                                                                                             Coefficients                                                                                                                             
Zone                      Pressure                                      Viscous                                       Total                                         Pressure                                      Viscous                                       Total                                        
jidi                      (-6.4175793e-09 -22.925508 0.0073305746)      (9.2602366e-05 -0.0029414036 0.0024661609)    (9.2595949e-05 -22.928449 0.0097967355)       (-2.2760796e-11 -0.081308355 2.5998856e-05)   (3.2842658e-07 -1.0432078e-05 8.7465668e-06)  (3.2840382e-07 -0.081318787 3.4745422e-05)   
jishen                    (-0.055541293 -229.7441 2.3216436)            (-0.016754713 -0.06957606 0.01114783)         (-0.072296007 -229.81368 2.3327915)           (-0.00019698457 -0.81481795 0.0082340173)     (-5.9422814e-05 -0.00024676073 3.953726e-05)  (-0.00025640738 -0.81506471 0.0082735545)    
jitou                     (-0.87630153 555.5927 8.643809)               (-0.0092912216 0.15247316 0.10921588)         (-0.88559275 555.74517 8.7530249)             (-0.0031079197 1.9704832 0.030656416)         (-3.295255e-05 0.0005407663 0.00038734861)    (-0.0031408722 1.971024 0.031043764)         
liangan                   (0.25400689 650.64547 -1.6401382)             (-0.0063765885 0.13595116 0.033113255)        (0.2476303 650.78142 -1.6070249)              (0.00090086913 2.3076005 -0.0058169676)       (-2.2615417e-05 0.00048216882 0.00011744055)  (0.00087825371 2.3080827 -0.0056995271)      
waiyi                     (52.238927 -46.633536 5.8509365)              (0.11126148 0.47194847 -0.00080906711)        (52.350188 -46.161587 5.8501274)              (0.18527228 -0.16539202 0.020751123)          (0.00039460359 0.0016738279 -2.8694639e-06)   (0.18566689 -0.16371819 0.020748253)         
weiyi                     (-8.3952148 -757.82415 -24.160118)            (0.052324296 0.20593646 -0.2590459)           (-8.3428905 -757.61821 -24.419164)            (-0.029774743 -2.6877239 -0.085687065)        (0.00018557506 0.000730381 -0.00091874066)    (-0.029589168 -2.6869935 -0.086605806)       
xiaoyi                    (13.998681 55.735971 -0.95187847)             (0.10795818 0.033759298 -0.027648022)         (14.106639 55.76973 -0.97952649)              (0.04964818 0.19767502 -0.0033759633)         (0.00038288801 0.00011973183 -9.805738e-05)   (0.050031068 0.19779475 -0.0034740207)       
youfuyi                   (38.556492 -4.8020648 -6.6235047)             (0.057442856 0.0075630783 -0.15058778)        (38.613934 -4.7945018 -6.7740925)             (0.13674571 -0.01703116 -0.023491138)         (0.00020372871 2.6823461e-05 -0.00053407954)  (0.13694944 -0.017004337 -0.024025218)       
youweiduo                 (0.16792956 -2.2838475 1.4400508)             (0.013693873 0.012812072 -0.087347183)        (0.18162343 -2.2710354 1.3527037)             (0.00059558446 -0.0080999683 0.0051073314)    (4.8567136e-05 4.5439715e-05 -0.00030978838)  (0.0006441516 -0.0080545286 0.004797543)     
zhongyangyi               (6.6059842 -274.77147 -0.62473571)            (0.0081454287 0.28068771 -0.010298501)        (6.6141296 -274.49078 -0.63503421)            (0.023429 -0.97451347 -0.0022157081)          (2.8888844e-05 0.0009954962 -3.6524999e-05)   (0.023457888 -0.97351797 -0.0022522331)      
zuofuyi                   (-29.216174 -4.1370243 0.47880225)            (-0.049995766 0.0084858657 0.15044926)        (-29.26617 -4.1285384 0.62925151)             (-0.10361904 -0.014672506 0.0016981357)       (-0.00017731662 3.0096249e-05 0.00053358825)  (-0.10379635 -0.014642409 0.002231724)       
zuoweiduo                 (-0.45500447 -3.5942977 -2.2430868)           (0.0055989265 0.035505545 0.021106226)        (-0.44940554 -3.5587921 -2.2219805)           (-0.0016137337 -0.012747654 -0.0079554048)    (1.9857336e-05 0.00012592513 7.4856033e-05)   (-0.0015938764 -0.012621728 -0.0078805488)   
------------------------- --------------------------------------------- --------------------------------------------- --------------------------------------------- --------------------------------------------- --------------------------------------------- ---------------------------------------------
Net                       (72.823784 -84.741863 -17.500889)             (0.27409935 1.2726054 -0.20823784)            (73.097883 -83.469258 -17.709127)             (0.25827921 -0.30054826 -0.062069226)         (0.00097212971 0.0045134638 -0.00073854314)   (0.25925134 -0.2960348 -0.062807769)         

Moments - Moment Center (0 0 0.05) Moment Axis (0 1 0)
                          Moments [N m]                                   Coefficients                                   
Zone                      Pressure        Viscous         Total           Pressure        Viscous         Total          
jidi                      -22.925508      -0.0029414036   -22.928449      -0.081308355    -1.0432078e-05  -0.081318787   
jishen                    -229.7441       -0.06957606     -229.81368      -0.81481795     -0.00024676073  -0.81506471    
jitou                     555.5927        0.15247316      555.74517       1.9704832       0.0005407663    1.971024       
liangan                   650.64547       0.13595116      650.78142       2.3076005       0.00048216882   2.3080827      
waiyi                     -46.633536      0.47194847      -46.161587      -0.16539202     0.0016738279    -0.16371819    
weiyi                     -757.82415      0.20593646      -757.61821      -2.6877239      0.000730381     -2.6869935     
xiaoyi                    55.735971       0.033759298     55.76973        0.19767502      0.00011973183   0.19779475     
youfuyi                   -4.8020648      0.0075630783    -4.7945018      -0.01703116     2.6823461e-05   -0.017004337   
youweiduo                 -2.2838475      0.012812072     -2.2710354      -0.0080999683   4.5439715e-05   -0.0080545286  
zhongyangyi               -274.77147      0.28068771      -274.49078      -0.97451347     0.0009954962    -0.97351797    
zuofuyi                   -4.1370243      0.0084858657    -4.1285384      -0.014672506    3.0096249e-05   -0.014642409   
zuoweiduo                 -3.5942977      0.035505545     -3.5587921      -0.012747654    0.00012592513   -0.012621728   
------------------------- --------------- --------------- --------------- --------------- --------------- ---------------
Net                       -84.741863      1.2726054       -83.469258      -0.30054826     0.0045134638    -0.2960348     
