                                    "Force Report"

Moments - Moment Center (0 0 0.05)
                          Moments [N m]                                                                                                                             Coefficients                                                                                                                             
Zone                      Pressure                                      Viscous                                       Total                                         Pressure                                      Viscous                                       Total                                        
jidi                      (-8.5688461e-09 -22.883814 0.0026428558)      (-5.9716129e-05 0.00087529843 0.00033828368)  (-5.9724698e-05 -22.882938 0.0029811394)      (-3.039055e-11 -0.081160481 9.3732386e-06)    (-2.1179118e-07 3.104362e-06 1.1997679e-06)   (-2.1182157e-07 -0.081157377 1.0573007e-05)  
jishen                    (0.23080593 -233.07661 1.5416744)             (-0.014722021 -0.095545752 -0.006817118)      (0.21608391 -233.17216 1.5348572)             (0.00081858387 -0.82663714 0.0054677527)      (-5.2213602e-05 -0.00033886569 -2.4177814e-05) (0.00076637027 -0.826976 0.0054435749)       
jitou                     (-0.45981098 528.91703 4.513822)              (-0.0049081512 -0.14332969 0.054813831)       (-0.46471913 528.7737 4.5686358)              (-0.0016307806 1.8758744 0.016008869)         (-1.7407409e-05 -0.00050833777 0.00019440453) (-0.0016481881 1.8753661 0.016203273)        
liangan                   (-0.17063998 645.39711 0.34420511)            (-0.01080329 0.13639198 0.0041880851)         (-0.18144327 645.5335 0.3483932)              (-0.00060519734 2.2889865 0.0012207691)       (-3.8315302e-05 0.00048373226 1.48536e-05)    (-0.00064351264 2.2894702 0.0012356227)      
waiyi                     (52.942693 -54.71473 -4.5765057)              (0.086843587 0.51967136 -0.13347274)          (53.029537 -54.195058 -4.7099784)             (0.18776829 -0.19405305 -0.016231185)         (0.00030800231 0.0018430834 -0.00047337878)   (0.18807629 -0.19220997 -0.016704563)        
weiyi                     (-3.5581872 -607.83772 -10.344996)            (0.027124191 0.63435212 -0.078442822)         (-3.531063 -607.20337 -10.423438)             (-0.012619583 -2.1557771 -0.0366899)          (9.6199543e-05 0.002249814 -0.00027820788)    (-0.012523384 -2.1535273 -0.036968108)       
xiaoyi                    (-0.083428342 55.874746 -0.32295841)          (0.0088957174 0.042487829 -0.011349905)       (-0.074532625 55.917234 -0.33430832)          (-0.00029588969 0.1981672 -0.0011454149)      (3.1549842e-05 0.00015068872 -4.0253943e-05)  (-0.00026433984 0.19831789 -0.0011856688)    
youfuyi                   (29.141168 -3.4321754 -6.9385795)             (0.045964138 0.0084169579 -0.14666578)        (29.187132 -3.4237584 -7.0852453)             (0.10335302 -0.012172665 -0.024608593)        (0.00016301791 2.9851858e-05 -0.00052016966)  (0.10351604 -0.012142814 -0.025128763)       
youweiduo                 (-0.19466042 1.6412952 -0.80217448)           (-0.001165956 0.0575796 -0.067576086)         (-0.19582637 1.6988748 -0.86975057)           (-0.000690389 0.0058210711 -0.0028450183)     (-4.1352178e-06 0.00020421369 -0.00023966756) (-0.00069452422 0.0060252848 -0.0030846858)  
zhongyangyi               (7.4749068 -293.1355 -0.79986973)             (0.02309529 0.28362387 -0.036725541)          (7.4980021 -292.85188 -0.83659527)            (0.026510749 -1.039644 -0.0028368441)         (8.1910511e-05 0.0010059097 -0.00013025201)   (0.026592659 -1.038638 -0.0029670961)        
zuofuyi                   (-10.263375 -1.5225802 -0.98303943)           (0.0087062822 0.021163088 0.20411322)         (-10.254669 -1.5014171 -0.77892621)           (-0.036400422 -0.0054000327 -0.0034864798)    (3.0877985e-05 7.5057701e-05 0.00072391462)   (-0.036369544 -0.005324975 -0.0027625652)    
zuoweiduo                 (0.023696778 0.69260849 0.28832278)           (0.01100054 0.070472323 0.035746011)          (0.034697318 0.76308082 0.32406879)           (8.4043768e-05 0.0024564279 0.001022575)      (3.9014876e-05 0.00024993945 0.00012677797)   (0.00012305864 0.0027063674 0.001149353)     
------------------------- --------------------------------------------- --------------------------------------------- --------------------------------------------- --------------------------------------------- --------------------------------------------- ---------------------------------------------
Net                       (75.083169 15.919657 -18.077456)              (0.17997061 1.536159 -0.18185056)             (75.26314 17.455816 -18.259306)               (0.26629242 0.056461177 -0.064114096)         (0.00063828966 0.0054481917 -0.00064495715)   (0.26693071 0.061909369 -0.064759053)        

Moments - Moment Center (0 0 0.05) Moment Axis (0 1 0)
                          Moments [N m]                                   Coefficients                                   
Zone                      Pressure        Viscous         Total           Pressure        Viscous         Total          
jidi                      -22.883814      0.00087529843   -22.882938      -0.081160481    3.104362e-06    -0.081157377   
jishen                    -233.07661      -0.095545752    -233.17216      -0.82663714     -0.00033886569  -0.826976      
jitou                     528.91703       -0.14332969     528.7737        1.8758744       -0.00050833777  1.8753661      
liangan                   645.39711       0.13639198      645.5335        2.2889865       0.00048373226   2.2894702      
waiyi                     -54.71473       0.51967136      -54.195058      -0.19405305     0.0018430834    -0.19220997    
weiyi                     -607.83772      0.63435212      -607.20337      -2.1557771      0.002249814     -2.1535273     
xiaoyi                    55.874746       0.042487829     55.917234       0.1981672       0.00015068872   0.19831789     
youfuyi                   -3.4321754      0.0084169579    -3.4237584      -0.012172665    2.9851858e-05   -0.012142814   
youweiduo                 1.6412952       0.0575796       1.6988748       0.0058210711    0.00020421369   0.0060252848   
zhongyangyi               -293.1355       0.28362387      -292.85188      -1.039644       0.0010059097    -1.038638      
zuofuyi                   -1.5225802      0.021163088     -1.5014171      -0.0054000327   7.5057701e-05   -0.005324975   
zuoweiduo                 0.69260849      0.070472323     0.76308082      0.0024564279    0.00024993945   0.0027063674   
------------------------- --------------- --------------- --------------- --------------- --------------- ---------------
Net                       15.919657       1.536159        17.455816       0.056461177     0.0054481917    0.061909369    
