                                    "Force Report"

Moments - Moment Center (0 0 0.05)
                          Moments [N m]                                                                                                                             Coefficients                                                                                                                             
Zone                      Pressure                                      Viscous                                       Total                                         Pressure                                      Viscous                                       Total                                        
jidi                      (-3.7354451e-08 -22.929193 0.0035304648)      (-4.6317962e-05 0.00040061038 0.00023141079)  (-4.6355317e-05 -22.928792 0.0037618756)      (-1.3248252e-10 -0.081321425 1.2521262e-05)   (-1.642728e-07 1.4208179e-06 8.2072908e-07)   (-1.6440528e-07 -0.081320005 1.3341991e-05)  
jishen                    (0.13718643 -229.99511 2.6573176)             (-0.035601286 -0.06757253 -0.0040825608)      (0.10158514 -230.06269 2.6532351)             (0.00048654988 -0.81570819 0.0094245296)      (-0.00012626468 -0.00023965494 -1.4479344e-05) (0.00036028519 -0.81594784 0.0094100503)     
jitou                     (-1.2718276 545.24789 12.543697)              (-0.014138067 0.030621433 0.16161693)         (-1.2859656 545.27852 12.705314)              (-0.0045107052 1.933794 0.044487885)          (-5.0142532e-05 0.00010860298 0.00057319587)  (-0.0045608477 1.9339026 0.045061081)        
liangan                   (0.89820619 649.87319 -0.84777929)            (0.010643637 0.15754322 -0.056173608)         (0.90884983 650.03073 -0.9039529)             (0.0031856074 2.3048615 -0.0030067618)        (3.7749071e-05 0.00055874795 -0.00019922715)  (0.0032233565 2.3054202 -0.0032059889)       
waiyi                     (46.822411 -45.755415 1.8643355)              (0.13164022 0.63687919 -0.032586723)          (46.954051 -45.118535 1.8317488)              (0.16606189 -0.16227765 0.0066121134)         (0.00046687951 0.0022587765 -0.00011557314)   (0.16652877 -0.16001887 0.0064965403)        
weiyi                     (-11.12392 -688.96533 -35.521344)             (0.089559929 0.40636879 -0.37586114)          (-11.03436 -688.55896 -35.897205)             (-0.039452457 -2.443507 -0.12598116)          (0.00031763617 0.0014412408 -0.0013330414)    (-0.039134821 -2.4420657 -0.1273142)         
xiaoyi                    (10.558865 56.004867 -1.0106541)              (0.096793738 0.039573544 -0.036482149)        (10.655659 56.04444 -1.0471363)               (0.037448417 0.19862869 -0.003584419)         (0.00034329184 0.00014035282 -0.00012938878)  (0.037791709 0.19876905 -0.0037138078)       
youfuyi                   (33.621201 -4.0678296 -7.0197788)             (0.047678609 0.011776825 -0.18490817)         (33.66888 -4.0560528 -7.2046869)              (0.11924205 -0.014427097 -0.024896577)        (0.00016909851 4.1768074e-05 -0.00065580135)  (0.11941115 -0.014385329 -0.025552378)       
youweiduo                 (-0.12775774 0.31611412 -0.014490522)         (0.018762004 0.020368125 -0.11912636)         (-0.10899574 0.33648224 -0.13361688)          (-0.00045310978 0.0011211407 -5.1392558e-05)  (6.6541938e-05 7.2238258e-05 -0.00042249744)  (-0.00038656784 0.0011933789 -0.00047389)    
zhongyangyi               (11.324189 -277.22384 1.6839756)              (0.048268692 0.35505113 -0.0048316465)        (11.372457 -276.86878 1.6791439)              (0.040162738 -0.98321112 0.0059724428)        (0.00017119132 0.0012592359 -1.7136075e-05)   (0.040333929 -0.98195188 0.0059553067)       
zuofuyi                   (-18.737954 -2.730798 -0.69435137)            (-0.024176215 0.014978117 0.18420259)         (-18.762131 -2.7158199 -0.51014878)           (-0.066456642 -0.0096851374 -0.0024626093)    (-8.5744155e-05 5.3121879e-05 0.00065329893)  (-0.066542386 -0.0096320155 -0.0018093104)   
zuoweiduo                 (-0.31047511 -2.3313157 -1.4773389)           (0.014674217 0.061804285 0.006138139)         (-0.29580089 -2.2695114 -1.4712007)           (-0.0011011412 -0.0082683204 -0.0052395784)   (5.2044058e-05 0.0002191971 2.1769724e-05)    (-0.0010490971 -0.0080491233 -0.0052178086)  
------------------------- --------------------------------------------- --------------------------------------------- --------------------------------------------- --------------------------------------------- --------------------------------------------- ---------------------------------------------
Net                       (71.790124 -22.556764 -27.832881)             (0.38405916 1.6677927 -0.46186329)            (72.174183 -20.888971 -28.294744)             (0.2546132 -0.080000555 -0.098713005)         (0.0013621168 0.0059150483 -0.0016380594)     (0.25597532 -0.074085507 -0.10035106)        

Moments - Moment Center (0 0 0.05) Moment Axis (0 1 0)
                          Moments [N m]                                   Coefficients                                   
Zone                      Pressure        Viscous         Total           Pressure        Viscous         Total          
jidi                      -22.929193      0.00040061038   -22.928792      -0.081321425    1.4208179e-06   -0.081320005   
jishen                    -229.99511      -0.06757253     -230.06269      -0.81570819     -0.00023965494  -0.81594784    
jitou                     545.24789       0.030621433     545.27852       1.933794        0.00010860298   1.9339026      
liangan                   649.87319       0.15754322      650.03073       2.3048615       0.00055874795   2.3054202      
waiyi                     -45.755415      0.63687919      -45.118535      -0.16227765     0.0022587765    -0.16001887    
weiyi                     -688.96533      0.40636879      -688.55896      -2.443507       0.0014412408    -2.4420657     
xiaoyi                    56.004867       0.039573544     56.04444        0.19862869      0.00014035282   0.19876905     
youfuyi                   -4.0678296      0.011776825     -4.0560528      -0.014427097    4.1768074e-05   -0.014385329   
youweiduo                 0.31611412      0.020368125     0.33648224      0.0011211407    7.2238258e-05   0.0011933789   
zhongyangyi               -277.22384      0.35505113      -276.86878      -0.98321112     0.0012592359    -0.98195188    
zuofuyi                   -2.730798       0.014978117     -2.7158199      -0.0096851374   5.3121879e-05   -0.0096320155  
zuoweiduo                 -2.3313157      0.061804285     -2.2695114      -0.0082683204   0.0002191971    -0.0080491233  
------------------------- --------------- --------------- --------------- --------------- --------------- ---------------
Net                       -22.556764      1.6677927       -20.888971      -0.080000555    0.0059150483    -0.074085507   
