                                    "Force Report"

Moments - Moment Center (0 0 0.05)
                          Moments [N m]                                                                                                                             Coefficients                                                                                                                             
Zone                      Pressure                                      Viscous                                       Total                                         Pressure                                      Viscous                                       Total                                        
jidi                      (8.4113209e-09 -22.926543 0.0092758154)       (-9.7525767e-06 -0.0031224025 0.0021005769)   (-9.7441653e-06 -22.929665 0.011376392)       (2.9831866e-11 -0.081312027 3.289791e-05)     (-3.4588807e-08 -1.1074015e-05 7.4499748e-06) (-3.4558975e-08 -0.081323101 4.0347885e-05)  
jishen                    (-0.29944433 -232.58711 3.4177102)            (-0.026995974 -0.090061486 0.020565874)       (-0.3264403 -232.67717 3.438276)              (-0.001062019 -0.82490106 0.012121363)        (-9.5744805e-05 -0.00031941501 7.2939601e-05) (-0.0011577638 -0.82522047 0.012194302)      
jitou                     (-1.3127135 553.68446 12.965958)              (-0.01450307 0.14082916 0.16482084)           (-1.3272165 553.82529 13.130779)              (-0.0046557125 1.9637154 0.045985492)         (-5.1437061e-05 0.00049946929 0.00058455899)  (-0.0047071496 1.9642149 0.046570051)        
liangan                   (0.084597411 650.75045 -2.7127194)            (0.0078217881 0.12735369 0.020951132)         (0.092419199 650.8778 -2.6917683)             (0.00030003594 2.3079728 -0.0096210193)       (2.7741009e-05 0.00045167678 7.4305971e-05)   (0.00032777695 2.3084245 -0.0095467134)      
waiyi                     (58.447316 -46.798789 4.7792006)              (0.14741686 0.4725194 -0.032870444)           (58.594733 -46.32627 4.7463302)               (0.20729116 -0.16597812 0.016950069)          (0.00052283347 0.0016758527 -0.00011657939)   (0.207814 -0.16430226 0.01683349)            
weiyi                     (-9.3708722 -738.95606 -28.13334)             (0.080857756 0.1620055 -0.35688581)           (-9.2900144 -738.79405 -28.490226)            (-0.033235042 -2.6208057 -0.099778623)        (0.00028677276 0.00057457402 -0.0012657429)   (-0.032948269 -2.6202311 -0.10104437)        
xiaoyi                    (19.228885 55.744354 -1.6334292)              (0.14386848 0.034416149 -0.033890497)         (19.372753 55.77877 -1.6673197)               (0.068197791 0.19770475 -0.0057931735)        (0.00051024867 0.00012206144 -0.00012019714)  (0.068708039 0.19782681 -0.0059133706)       
youfuyi                   (37.457781 -4.6388545 -6.4484663)             (0.057167548 0.0080138253 -0.15615986)        (37.514948 -4.6308407 -6.6046261)             (0.13284899 -0.016452313 -0.022870341)        (0.00020275229 2.8422095e-05 -0.00055384166)  (0.13305174 -0.016423891 -0.023424183)       
youweiduo                 (-0.023103078 -1.6540815 1.0793003)           (0.019021866 0.011962103 -0.10547555)         (-0.0040812118 -1.6421194 0.97382479)         (-8.1938131e-05 -0.0058664197 0.0038278819)   (6.7463572e-05 4.2425185e-05 -0.00037408304)  (-1.4474559e-05 -0.0058239945 0.0034537989)  
zhongyangyi               (-1.2612914 -277.18265 -2.4652471)            (-0.0019107592 0.28400795 -0.0054036293)      (-1.2632021 -276.89864 -2.4706507)            (-0.0044733372 -0.98306505 -0.0087433259)     (-6.7767611e-06 0.0010072719 -1.9164688e-05)  (-0.004480114 -0.98205778 -0.0087624906)     
zuofuyi                   (-27.91317 -3.9586172 0.4188989)              (-0.045072756 0.0091295205 0.14937151)        (-27.958243 -3.9494877 0.56827041)            (-0.098997761 -0.014039761 0.0014856805)      (-0.00015985651 3.2379056e-05 0.0005297659)   (-0.099157618 -0.014007382 0.0020154464)     
zuoweiduo                 (-0.35997465 -4.2687078 -2.6529764)           (0.011234824 0.037033551 0.0037218814)        (-0.34873983 -4.2316743 -2.6492545)           (-0.0012766979 -0.015139539 -0.0094091328)    (3.9845792e-05 0.0001313444 1.3200146e-05)    (-0.0012368521 -0.015008194 -0.0093959327)   
------------------------- --------------------------------------------- --------------------------------------------- --------------------------------------------- --------------------------------------------- --------------------------------------------- ---------------------------------------------
Net                       (74.678009 -72.792146 -21.375834)             (0.37889682 1.194087 -0.32915396)             (75.056906 -71.598059 -21.704988)             (0.26485547 -0.258167 -0.075812232)           (0.0013438078 0.0042349879 -0.0011673882)     (0.26619928 -0.25393202 -0.07697962)         

Moments - Moment Center (0 0 0.05) Moment Axis (0 1 0)
                          Moments [N m]                                   Coefficients                                   
Zone                      Pressure        Viscous         Total           Pressure        Viscous         Total          
jidi                      -22.926543      -0.0031224025   -22.929665      -0.081312027    -1.1074015e-05  -0.081323101   
jishen                    -232.58711      -0.090061486    -232.67717      -0.82490106     -0.00031941501  -0.82522047    
jitou                     553.68446       0.14082916      553.82529       1.9637154       0.00049946929   1.9642149      
liangan                   650.75045       0.12735369      650.8778        2.3079728       0.00045167678   2.3084245      
waiyi                     -46.798789      0.4725194       -46.32627       -0.16597812     0.0016758527    -0.16430226    
weiyi                     -738.95606      0.1620055       -738.79405      -2.6208057      0.00057457402   -2.6202311     
xiaoyi                    55.744354       0.034416149     55.77877        0.19770475      0.00012206144   0.19782681     
youfuyi                   -4.6388545      0.0080138253    -4.6308407      -0.016452313    2.8422095e-05   -0.016423891   
youweiduo                 -1.6540815      0.011962103     -1.6421194      -0.0058664197   4.2425185e-05   -0.0058239945  
zhongyangyi               -277.18265      0.28400795      -276.89864      -0.98306505     0.0010072719    -0.98205778    
zuofuyi                   -3.9586172      0.0091295205    -3.9494877      -0.014039761    3.2379056e-05   -0.014007382   
zuoweiduo                 -4.2687078      0.037033551     -4.2316743      -0.015139539    0.0001313444    -0.015008194   
------------------------- --------------- --------------- --------------- --------------- --------------- ---------------
Net                       -72.792146      1.194087        -71.598059      -0.258167       0.0042349879    -0.25393202    
