                                    "Force Report"

Forces
                          Forces [N]                                                                                                                                Coefficients                                                                                                                             
Zone                      Pressure                                      Viscous                                       Total                                         Pressure                                      Viscous                                       Total                                        
jidi                      (1143.8387 4.3741227e-07 0.00043523017)       (-1.7644744e-09 -0.0016659992 -0.00081876998) (1143.8387 -0.0016655618 -0.00038353981)      (1.479506 5.6577392e-10 5.6295147e-07)        (-2.2822716e-12 -2.1548982e-06 -1.0590437e-06) (1.479506 -2.1543324e-06 -4.9609221e-07)     
jishen                    (9077.4769 2.113809 -12505.468)               (1.2542851 -0.09868178 -0.11309935)           (9078.7312 2.0151272 -12505.581)              (11.741325 0.0027341209 -16.175284)           (0.0016223637 -0.00012764063 -0.00014628914)  (11.742948 0.0026064803 -16.175431)          
jitou                     (-11240.62 -13.862784 -13.823838)             (1.167282 -0.1689711 -0.12299781)             (-11239.453 -14.031755 -13.946836)            (-14.539258 -0.017930913 -0.017880539)        (0.001509829 -0.00021855684 -0.00015909237)   (-14.537748 -0.01814947 -0.018039632)        
liangan                   (-81.160912 -1.0865533 -3084.1424)            (1.2214852 -0.11139625 -0.10340392)           (-79.939427 -1.1979496 -3084.2458)            (-0.10497814 -0.0014054099 -3.9892053)        (0.0015799385 -0.00014408625 -0.00013374852)  (-0.1033982 -0.0015494962 -3.989339)         
waiyi                     (-131.6838 -0.43453383 1417.3381)             (3.5697322 -0.55757566 -0.15885423)           (-128.11407 -0.99210949 1417.1792)            (-0.17032732 -0.00056205078 1.8332657)        (0.0046172947 -0.00072120009 -0.0002054711)   (-0.16571003 -0.0012832509 1.8330603)        
weiyi                     (42.533667 -26.366946 498.06575)              (1.4363137 -0.1999381 -0.12098778)            (43.969981 -26.566884 497.94477)              (0.055015465 -0.034104509 0.64422659)         (0.0018578099 -0.00025861132 -0.00015649248)  (0.056873275 -0.03436312 0.6440701)          
xiaoyi                    (150.72646 -0.73352981 -373.50489)            (0.31113072 -0.041372488 -0.037384522)        (151.03759 -0.7749023 -373.54228)             (0.19495818 -0.0009487892 -0.48311248)        (0.00040243418 -5.3513531e-05 -4.8355268e-05) (0.19536061 -0.0010023027 -0.48316084)       
youfuyi                   (-0.86597074 -0.2552611 8.7648824)            (0.17505238 -0.045539679 -0.0063142608)       (-0.69091835 -0.30080078 8.7585681)           (-0.0011200958 -0.00033016923 0.011336998)    (0.00022642272 -5.8903612e-05 -8.1672242e-06) (-0.00089367312 -0.00038907284 0.01132883)   
youweiduo                 (-1.0595492 -0.92472007 -1.5769456)           (0.15250884 -0.02409589 -0.001229422)         (-0.90704038 -0.94881596 -1.578175)           (-0.0013704813 -0.0011960856 -0.0020397112)   (0.00019726362 -3.1166996e-05 -1.5902044e-06) (-0.0011732176 -0.0012272526 -0.0020413014)  
zhongyangyi               (1054.0926 -0.026701804 14042.051)            (2.1375732 -0.26533821 -0.12166912)           (1056.2302 -0.29204002 14041.929)             (1.3634234 -3.4537633e-05 18.162788)          (0.0027648588 -0.00034320355 -0.00015737376)  (1.3661883 -0.00037774118 18.162631)         
zuofuyi                   (-0.82650484 0.31569416 8.4292947)            (0.17433755 -0.049784082 -0.0046913162)       (-0.65216729 0.26591008 8.4246034)            (-0.0010690484 0.00040833679 0.010902929)     (0.0002254981 -6.4393565e-05 -6.0680153e-06)  (-0.00084355028 0.00034394322 0.010896861)   
zuoweiduo                 (0.67243697 -4.314148 7.5282048)              (0.10640266 -0.0403115 -0.0017158996)         (0.77883963 -4.3544595 7.5264889)             (0.00086976825 -0.0055801645 0.0097374085)    (0.00013762725 -5.2141188e-05 -2.2194422e-06) (0.0010073955 -0.0056323057 0.0097351891)    
------------------------- --------------------------------------------- --------------------------------------------- --------------------------------------------- --------------------------------------------- --------------------------------------------- ---------------------------------------------
Net                       (13.124054 -45.575674 3.6614107)              (11.706104 -1.6046707 -0.79316641)            (24.830157 -47.180345 2.8682443)              (0.016975398 -0.058950171 0.0047358769)       (0.01514134 -0.0020755725 -0.0010259266)      (0.032116739 -0.061025743 0.0037099504)      

Forces - Direction Vector (0.98484328 -0.1391731 -0.1035112)
                          Forces [N]                                      Coefficients                                   
Zone                      Pressure        Viscous         Total           Pressure        Viscous         Total          
jidi                      1126.5018       0.0003166124    1126.5021       1.4570815       4.095245e-07    1.4570819      
jishen                    10234.054       1.2607151       10235.315       13.237308       0.0016306807    13.238938      
jitou                     -11066.889      1.1858377       -11065.703      -14.314544      0.00153383      -14.31301      
liangan                   239.46372       1.2291783       240.6929        0.309736        0.0015898892    0.31132589     
waiyi                     -276.3378       3.6096694       -272.72813      -0.35743103     0.0046689519    -0.35276208    
weiyi                     -5.9968178      1.4548935       -4.5419243      -0.0077566255   0.0018818421    -0.0058747834  
xiaoyi                    187.20596       0.31604265      187.52201       0.24214285      0.00040878755   0.24255163     
youfuyi                   -1.7245835      0.17939066      -1.5451928      -0.0022306744   0.00023203409   -0.0019986403  
youweiduo                 -0.75156224     0.15367807      -0.59788417     -0.00097211337  0.00019877596   -0.00077333741 
zhongyangyi               -415.38979      2.1546966       -413.2351       -0.5372888      0.0027870073    -0.53450179    
zuofuyi                   -1.7304403      0.17910937      -1.5513309      -0.0022382499   0.00023167025   -0.0020065797  
zuoweiduo                 0.48340488      0.11057783      0.59398271      0.00062526338   0.00014302766   0.00076829105  
------------------------- --------------- --------------- --------------- --------------- --------------- ---------------
Net                       18.889047       11.834106       30.723153       0.024432168     0.015306906     0.039739075    
