                                    "Force Report"

Forces
                          Forces [N]                                                                                                                                Coefficients                                                                                                                             
Zone                      Pressure                                      Viscous                                       Total                                         Pressure                                      Viscous                                       Total                                        
jidi                      (1143.4019 5.5762819e-08 0.00043478355)       (4.6025529e-09 0.00011353783 -0.001068571)    (1143.4019 0.00011359359 -0.00063378741)      (1.4789411 7.2126804e-11 5.6237379e-07)       (5.9532038e-12 1.4685629e-07 -1.3821505e-06)  (1.4789411 1.4692841e-07 -8.1977671e-07)     
jishen                    (9076.0461 1.5086334 -12500.715)              (1.2335233 -0.048433389 -0.098613718)         (9077.2796 1.4602 -12500.814)                 (11.739475 0.0019513523 -16.169137)           (0.0015955093 -6.2646502e-05 -0.00012755259)  (11.74107 0.0018887058 -16.169264)           
jitou                     (-11239.066 -7.0925404 -13.789524)            (1.1774148 -0.085125003 -0.12436797)          (-11237.889 -7.1776654 -13.913892)            (-14.537248 -0.0091738954 -0.017836155)       (0.0015229353 -0.00011010552 -0.00016086461)  (-14.535725 -0.0092840009 -0.01799702)       
liangan                   (-81.180869 -0.27956553 -3082.9179)           (1.2047508 -0.045955995 -0.088521144)         (-79.976118 -0.32552152 -3083.0064)           (-0.10500396 -0.00036160596 -3.9876214)       (0.0015582933 -5.94421e-05 -0.00011449828)    (-0.10344566 -0.00042104806 -3.9877359)      
waiyi                     (-131.50613 -0.19909372 1417.627)             (3.6111041 -0.28348915 -0.15967425)           (-127.89503 -0.48258287 1417.4674)            (-0.17009751 -0.00025751914 1.8336395)        (0.0046708075 -0.000366681 -0.00020653177)    (-0.16542671 -0.00062420014 1.833433)        
weiyi                     (44.094294 -17.005066 497.78115)              (1.5098815 -0.10739004 -0.12859848)           (45.604176 -17.112456 497.65256)              (0.05703407 -0.02199532 0.64385847)           (0.0019529666 -0.00013890439 -0.00016633659)  (0.058987036 -0.022134225 0.64369214)        
xiaoyi                    (150.70633 -0.33521705 -373.25132)            (0.3077693 -0.020465372 -0.035361772)         (151.0141 -0.35568242 -373.28669)             (0.19493215 -0.00043358881 -0.4827845)        (0.00039808633 -2.6471076e-05 -4.5738928e-05) (0.19533024 -0.00046005989 -0.48283024)      
youfuyi                   (-0.87976107 -0.2749345 8.6754555)            (0.17427643 -0.018843008 -0.005400728)        (-0.70548464 -0.29377751 8.6700547)           (-0.001137933 -0.00035561593 0.011221328)     (0.00022541905 -2.4372619e-05 -6.9856089e-06) (-0.00091251398 -0.00037998854 0.011214342)  
youweiduo                 (-1.0340422 -0.70792109 -1.1788387)           (0.15452957 -0.010616173 -0.006498383)        (-0.87951268 -0.71853726 -1.1853371)          (-0.0013374891 -0.00091566542 -0.0015247771)  (0.00019987734 -1.3731562e-05 -8.4053784e-06) (-0.0011376117 -0.00092939699 -0.0015331825) 
zhongyangyi               (1053.2451 -0.011959551 14041.229)            (2.1882619 -0.13844817 -0.13279412)           (1055.4334 -0.15040772 14041.096)             (1.3623272 -1.5469164e-05 18.161724)          (0.0028304224 -0.00017907674 -0.00017176348)  (1.3651576 -0.00019454591 18.161553)         
zuofuyi                   (-0.83516669 0.32244857 8.6607604)            (0.17565245 -0.027688577 -0.0047616364)       (-0.65951424 0.29475999 8.6559988)            (-0.0010802521 0.00041707333 0.01120232)      (0.00022719888 -3.5813981e-05 -6.1589715e-06) (-0.00085305324 0.00038125934 0.011196161)   
zuoweiduo                 (0.59209961 -4.1941834 7.3142589)             (0.10589088 -0.02803438 0.0052515796)         (0.69799049 -4.2222178 7.3195105)             (0.00076585533 -0.0054249956 0.0094606787)    (0.00013696529 -3.6261262e-05 6.7926919e-06)  (0.00090282062 -0.0054612568 0.0094674714)   
------------------------- --------------------------------------------- --------------------------------------------- --------------------------------------------- --------------------------------------------- --------------------------------------------- ---------------------------------------------
Net                       (13.583377 -28.269399 9.4348842)              (11.843055 -0.81437572 -0.7804092)            (25.426432 -29.083775 8.654475)               (0.017569513 -0.03656525 0.012203616)         (0.015318481 -0.0010533599 -0.0010094257)     (0.032887995 -0.03761861 0.01119419)         

Forces - Direction Vector (0.99209929 -0.069756474 -0.10427384)
                          Forces [N]                                      Coefficients                                   
Zone                      Pressure        Viscous         Total           Pressure        Viscous         Total          
jidi                      1134.3682       0.00010350856   1134.3683       1.4672563       1.3388387e-07   1.4672565      
jishen                    10307.731       1.237439        10308.969       13.332606       0.001600574     13.334207      
jitou                     -11148.337      1.1870187       -11147.15       -14.419894      0.0015353576    -14.418358     
liangan                   240.9477        1.2076686       242.15537       0.31165546      0.0015620673    0.31321753     
waiyi                     -278.27466      3.6189988       -274.65566      -0.35993628     0.004681019     -0.35525526    
weiyi                     -6.9734194      1.518853        -5.4545664      -0.0090198175   0.0019645708    -0.0070552466  
xiaoyi                    188.45938       0.3104526       188.76983       0.24376409      0.00040155706   0.24416564     
youfuyi                   -1.7582549      0.1747771       -1.5834778      -0.002274227    0.00022606665   -0.0020481603  
youweiduo                 -0.85356846     0.15472683      -0.69884163     -0.001104054    0.00020013249   -0.00090392153 
zhongyangyi               -419.20826      2.1944776       -417.01378      -0.54222781     0.0028384623    -0.53938935    
zuofuyi                   -1.7541519      0.17669265      -1.5774592      -0.0022689199   0.00022854432   -0.0020403755  
zuoweiduo                 0.11730722      0.10646225      0.22376946      0.00015173183   0.00013770433   0.00028943615  
------------------------- --------------- --------------- --------------- --------------- --------------- ---------------
Net                       14.464221       11.887671       26.351892       0.018708847     0.01537619      0.034085037    
