                                    "Force Report"

Forces
                          Forces [N]                                                                                                                                Coefficients                                                                                                                             
Zone                      Pressure                                      Viscous                                       Total                                         Pressure                                      Viscous                                       Total                                        
jidi                      (1146.9772 8.6029634e-07 0.00043661387)       (3.5646761e-08 0.0046228137 0.0075440499)     (1146.9772 0.004623674 0.0079806638)          (1.4835656 1.1127562e-09 5.6474123e-07)       (4.6107549e-11 5.9794103e-06 9.7579035e-06)   (1.4835656 5.9805231e-06 1.0322645e-05)      
jishen                    (9098.1871 -5.479792 -12501.221)              (1.2626766 -0.17132579 0.047728689)           (9099.4498 -5.6511178 -12501.173)             (11.768113 -0.0070878748 -16.169791)          (0.0016332178 -0.00022160253 6.1735003e-05)   (11.769746 -0.0073094774 -16.169729)         
jitou                     (-11262.991 -20.798103 27.705667)             (1.0536426 -0.25748357 0.35041861)            (-11261.938 -21.055586 28.056086)             (-14.568194 -0.02690145 0.035836087)          (0.0013628412 -0.00033304391 0.00045325138)   (-14.566831 -0.027234494 0.036289338)        
liangan                   (-81.341132 -3.0098931 -3059.5102)            (1.3730457 -0.1735291 0.25116825)             (-79.968086 -3.1834221 -3059.259)             (-0.10521125 -0.003893167 -3.9573446)         (0.0017759754 -0.00022445241 0.0003248753)    (-0.10343527 -0.0041176194 -3.9570197)       
waiyi                     (-243.74421 -0.40440121 1997.8562)            (2.6549127 -0.7218223 0.93981384)             (-241.0893 -1.1262235 1998.796)               (-0.31527263 -0.00052307554 2.5841409)        (0.0034340152 -0.00093364604 0.0012156087)    (-0.31183862 -0.0014567216 2.5853565)        
weiyi                     (45.453846 -16.575934 591.39136)              (0.99769735 -0.18033791 0.13055815)           (46.451543 -16.756272 591.52192)              (0.058792591 -0.021440256 0.76493924)         (0.0012904785 -0.00023325932 0.00016887134)   (0.060083069 -0.021673515 0.76510811)        
xiaoyi                    (153.61931 -1.9621765 -365.57874)             (0.3260117 -0.07234126 0.082927094)           (153.94532 -2.0345178 -365.49581)             (0.19869996 -0.0025379908 -0.47286034)        (0.00042168208 -9.3570302e-05 0.00010726262)  (0.19912164 -0.0026315611 -0.47275308)       
youfuyi                   (0.41652414 -0.922796 25.328024)              (0.13432476 -0.064294164 0.046750178)         (0.5508489 -0.98709016 25.374774)             (0.00053875602 -0.0011935969 0.032760707)     (0.00017374329 -8.3161731e-05 6.0469341e-05)  (0.00071249931 -0.0012767586 0.032821176)    
youweiduo                 (-0.78944463 1.0359216 1.9312148)             (0.1429573 -0.037664151 0.026389889)          (-0.64648733 0.99825746 1.9576047)            (-0.0010211126 0.00133992 0.0024979432)       (0.00018490911 -4.8716956e-05 3.4134184e-05)  (-0.00083620351 0.001291203 0.0025320773)    
zhongyangyi               (1028.688 0.062631464 14333.515)              (1.6868359 -0.18272052 0.3250927)             (1030.3749 -0.12008906 14333.84)              (1.3305637 8.10111e-05 18.539783)             (0.0021818495 -0.00023634112 0.0004204934)    (1.3327455 -0.00015533002 18.540204)         
zuofuyi                   (0.26366412 0.98363698 24.981867)             (0.14103677 -0.10142275 0.048059234)          (0.4047009 0.88221422 25.029927)              (0.00034103818 0.001272292 0.032312969)       (0.00018242499 -0.00013118596 6.2162548e-05)  (0.00052346317 0.0011411061 0.032375132)     
zuoweiduo                 (0.82601529 -5.891866 10.071059)              (0.10534222 -0.027905147 0.012004896)         (0.93135751 -5.9197711 10.083064)             (0.0010684152 -0.0076208747 0.013026481)      (0.00013625562 -3.6094105e-05 1.5527816e-05)  (0.0012046708 -0.0076569688 0.013042009)     
------------------------- --------------------------------------------- --------------------------------------------- --------------------------------------------- --------------------------------------------- --------------------------------------------- ---------------------------------------------
Net                       (-114.43416 -52.96277 1086.4705)              (9.8784836 -1.9862239 2.2684556)              (-104.55568 -54.948994 1088.7389)             (-0.14801566 -0.068505061 1.4053027)          (0.012777393 -0.002569095 0.0029341495)       (-0.13523827 -0.071074156 1.4082369)         

Forces - Direction Vector (0.94909244 -0.20791169 0.23663532)
                          Forces [N]                                      Coefficients                                   
Zone                      Pressure        Viscous         Total           Pressure        Viscous         Total          
jidi                      1088.5875       0.0008240855    1088.5884       1.4080411       1.0659191e-06   1.4080421      
jishen                    5677.9294       1.2453118       5679.1748       7.3441571       0.0016107571    7.3457678      
jitou                     -10678.739      1.1364595       -10677.603      -13.812489      0.0014699613    -13.811019     
liangan                   -800.56264      1.3986613       -799.16398      -1.0354933      0.0018091081    -1.0336842     
waiyi                     241.51165       2.892226        244.40387       0.31238491      0.0037409697    0.31612588     
weiyi                     186.53032       1.015296        187.54561       0.24126893      0.0013132417    0.24258217     
xiaoyi                    59.698046       0.34407931      60.042125       0.07721685      0.00044505176   0.077661901    
youfuyi                   6.580685        0.15191687      6.7326019       0.0085118325    0.00019649792   0.0087083304   
youweiduo                 -0.5076425      0.14975529      -0.35788721     -0.0006566137   0.00019370201   -0.00046291169 
zhongyangyi               4368.1228       1.7158813       4369.8387       5.6499787       0.0022194185    5.6521981      
zuofuyi                   5.9573242       0.16631642      6.1236407       0.0077055422    0.00021512313   0.0079206653   
zuoweiduo                 4.392121        0.10862209      4.5007431       0.0056810193    0.000140498     0.0058215173   
------------------------- --------------- --------------- --------------- --------------- --------------- ---------------
Net                       159.50027       10.32535        169.82562       0.20630673      0.013355395     0.21966212     
