                                    "Force Report"

Forces
                          Forces [N]                                                                                                                                Coefficients                                                                                                                             
Zone                      Pressure                                      Viscous                                       Total                                         Pressure                                      Viscous                                       Total                                        
jidi                      (1145.8029 8.7259739e-07 0.00043572124)       (3.0844065e-08 0.0021229501 0.0044835735)     (1145.8029 0.0021238227 0.0049192947)         (1.4820467 1.1286671e-09 5.6358665e-07)       (3.9895468e-11 2.7459444e-06 5.7993091e-06)   (1.4820467 2.7470731e-06 6.3628958e-06)      
jishen                    (9090.9794 -0.077424747 -12494.567)           (1.2088471 -0.050078385 0.097126084)          (9092.1883 -0.12750313 -12494.47)             (11.75879 -0.00010014557 -16.161184)          (0.0015635916 -6.4774233e-05 0.0001256284)    (11.760354 -0.00016491981 -16.161059)        
jitou                     (-11262.213 -7.5010832 32.202747)             (1.1016662 -0.087321684 0.37735213)           (-11261.111 -7.5884049 32.5801)               (-14.567187 -0.0097023278 0.041652866)        (0.0014249578 -0.00011294683 0.00048808872)   (-14.565762 -0.0098152747 0.042140955)       
liangan                   (-81.346339 -0.43170937 -3061.283)            (1.3217098 -0.035936314 0.22672665)           (-80.02463 -0.46764569 -3061.0563)            (-0.10521798 -0.00055839747 -3.9596377)       (0.0017095747 -4.6482073e-05 0.00029326115)   (-0.10350841 -0.00060487954 -3.9593444)      
waiyi                     (-251.28767 -0.081490662 2022.9923)           (2.6494738 -0.24556012 0.96943328)            (-248.6382 -0.32705079 2023.9618)             (-0.32502977 -0.00010540466 2.6166534)        (0.0034269801 -0.00031762144 0.0012539202)    (-0.32160279 -0.0004230261 2.6179073)        
weiyi                     (42.123939 -10.492774 609.79126)              (1.0314351 -0.095509507 0.19124178)           (43.155374 -10.588283 609.9825)               (0.0544855 -0.013571951 0.78873871)           (0.0013341169 -0.00012353743 0.000247363)     (0.055819617 -0.013695488 0.78898608)        
xiaoyi                    (154.18574 -0.3833792 -364.92635)             (0.35668053 -0.026568733 0.10325256)          (154.54242 -0.40994793 -364.82309)            (0.1994326 -0.00049588448 -0.4720165)         (0.00046135089 -3.4365511e-05 0.00013355274)  (0.19989396 -0.00053024999 -0.47188295)      
youfuyi                   (0.61113154 -0.90119911 27.224713)            (0.14252874 -0.0089701972 0.048525701)        (0.75366028 -0.9101693 27.273238)             (0.00079047231 -0.0011656622 0.035213993)     (0.00018435478 -1.1602564e-05 6.2765903e-05)  (0.00097482709 -0.0011772648 0.035276759)    
youweiduo                 (-0.78578938 1.8336848 3.2398838)             (0.11568783 -0.03256515 0.034638512)          (-0.67010155 1.8011196 3.2745223)             (-0.0010163847 0.0023717922 0.00419065)       (0.00014963723 -4.2121618e-05 4.4803423e-05)  (-0.00086674748 0.0023296706 0.0042354535)   
zhongyangyi               (1013.994 -0.0047858119 14383.741)            (1.566875 -0.067728314 0.41259766)            (1015.5609 -0.072514126 14384.153)            (1.3115576 -6.1902415e-06 18.604749)          (0.0020266853 -8.7603655e-05 0.0005336773)    (1.3135843 -9.3793897e-05 18.605282)         
zuofuyi                   (0.43318603 0.87685471 26.523774)             (0.14210151 -0.052582297 0.049352747)         (0.57528753 0.82427241 26.573127)             (0.00056030746 0.0011341738 0.034307359)      (0.00018380218 -6.8012935e-05 6.3835652e-05)  (0.00074410964 0.0010661608 0.034371195)     
zuoweiduo                 (0.98801584 -6.3361839 10.729653)             (0.11016259 -0.012186043 0.025322687)         (1.0981784 -6.34837 10.754975)                (0.0012779559 -0.0081955809 0.013878343)      (0.00014249057 -1.5762122e-05 3.2753804e-05)  (0.0014204465 -0.008211343 0.013911097)      
------------------------- --------------------------------------------- --------------------------------------------- --------------------------------------------- --------------------------------------------- --------------------------------------------- ---------------------------------------------
Net                       (-146.51431 -23.499489 1195.6688)             (9.7471683 -0.7128838 2.5400534)              (-136.76715 -24.212373 1198.2088)             (-0.18950995 -0.030395577 1.546546)           (0.012607542 -0.00092208447 0.0032854496)     (-0.17690241 -0.031317661 1.5498315)         

Forces - Direction Vector (0.96793213 -0.069756474 0.24133259)
                          Forces [N]                                      Coefficients                                   
Zone                      Pressure        Viscous         Total           Pressure        Viscous         Total          
jidi                      1109.0596       0.00093397273   1109.0605       1.4345207       1.2080535e-06   1.434522       
jishen                    5784.1103       1.1970149       5785.3073       7.4814974       0.0015482872    7.4830457      
jitou                     -10892.763      1.1634968       -10891.599      -14.089319      0.0015049329    -14.087815     
liangan                   -817.49498      1.3365487       -816.15843      -1.0573945      0.0017287681    -1.0556658     
waiyi                     244.99024       2.8155961       247.80584       0.31688432      0.0036418522    0.32052617     
weiyi                     188.66755       1.0511745       189.71873       0.24403335      0.0013596489    0.245393       
xiaoyi                    61.199452       0.37201409      61.571466       0.079158854     0.0004811842    0.079640038    
youfuyi                   7.2246087       0.15029471      7.3749034       0.00934472      0.00019439973   0.0095391197   
youweiduo                 -0.10661265     0.122609        0.015996352     -0.00013789887  0.00015858946   2.0690592e-05  
zhongyangyi               4452.7431       1.6209264       4454.364        5.7594313       0.0020965985    5.7615279      
zuofuyi                   6.7591794       0.153123        6.9123024       0.0087427073    0.000198058     0.0089407653   
zuoweiduo                 3.987737        0.11359116      4.1013281       0.0051579659    0.00014692527   0.0053048912   
------------------------- --------------- --------------- --------------- --------------- --------------- ---------------
Net                       148.37716       10.097323       158.47449       0.19191947      0.013060453     0.20497992     
