                                    "Force Report"

Moments - Moment Center (0 0 0.05)
                          Moments [N m]                                                                                                                             Coefficients                                                                                                                             
Zone                      Pressure                                      Viscous                                       Total                                         Pressure                                      Viscous                                       Total                                        
jidi                      (-3.2429258e-09 -22.872543 0.0019859541)      (-4.8061313e-05 0.00059839948 6.3581186e-05)  (-4.8064556e-05 -22.871944 0.0020495353)      (-1.1501467e-11 -0.081120508 7.0434496e-06)   (-1.7045582e-07 2.1223032e-06 2.2549911e-07)  (-1.7046732e-07 -0.081118386 7.2689487e-06)  
jishen                    (0.24972837 -233.15534 1.5076466)             (-0.013305117 -0.097864316 -0.0060298796)     (0.23642326 -233.2532 1.5016168)              (0.00088569481 -0.82691635 0.0053470688)      (-4.7188361e-05 -0.00034708878 -2.1385768e-05) (0.00083850645 -0.82726344 0.0053256831)     
jitou                     (-0.44825031 528.59299 4.3943626)             (-0.0048683242 -0.1460066 0.05409923)         (-0.45311863 528.44698 4.4484618)             (-0.0015897792 1.8747252 0.01558519)          (-1.7266158e-05 -0.00051783177 0.0001918701)  (-0.0016070453 1.8742074 0.01577706)         
liangan                   (0.13605278 644.47097 -0.15729896)            (0.0016563503 0.11869133 0.0030519978)        (0.13770913 644.58966 -0.15424697)            (0.00048252922 2.2857018 -0.00055788165)      (5.8744663e-06 0.00042095457 1.0824315e-05)   (0.00048840369 2.2861228 -0.00054705733)     
waiyi                     (3.1132804 -55.122604 -0.59817994)            (0.031816206 0.505942 -0.042286734)           (3.1450966 -54.616662 -0.64046667)            (0.011041662 -0.19549963 -0.0021215245)       (0.0001128404 0.0017943905 -0.00014997551)    (0.011154503 -0.19370524 -0.0022715)         
weiyi                     (-6.2903112 -630.65191 -19.908502)            (0.033904225 0.6091153 -0.10892341)           (-6.2564069 -630.0428 -20.017426)             (-0.022309423 -2.2366907 -0.070608145)        (0.00012024583 0.0021603082 -0.00038631132)   (-0.022189177 -2.2345304 -0.070994457)       
xiaoyi                    (-0.37742846 55.880725 -0.2706347)            (0.0062668479 0.042716909 -0.0095967898)      (-0.37116161 55.923442 -0.28023149)           (-0.0013386001 0.19818841 -0.00095984186)     (2.2226208e-05 0.00015150119 -3.4036288e-05)  (-0.0013163739 0.19833991 -0.00099387815)    
youfuyi                   (10.44378 -1.5349719 1.0166351)               (-0.0047815986 0.02120408 -0.21260163)        (10.438999 -1.5137679 0.80403344)             (0.037040252 -0.0054439817 0.0036056312)      (-1.6958574e-05 7.5203083e-05 -0.00075401991) (0.037023294 -0.0053687786 0.0028516113)     
youweiduo                 (-0.1885661 1.3022798 -0.58996646)            (0.00071803778 0.05286916 -0.071915587)       (-0.18784806 1.355149 -0.66188205)            (-0.00066877471 0.0046187082 -0.0020923943)   (2.5466163e-06 0.00018750749 -0.00025505817)  (-0.00066622809 0.0048062157 -0.0023474525)  
zhongyangyi               (3.7148521 -293.69159 -0.48921559)            (0.021000194 0.27709978 -0.030304282)         (3.7358523 -293.41449 -0.51951988)            (0.013175216 -1.0416162 -0.001735068)         (7.4479975e-05 0.00098277114 -0.00010747816)  (0.013249696 -1.0406334 -0.0018425462)       
zuofuyi                   (-10.345544 -1.5306463 -0.96986827)           (0.0088929615 0.021171077 0.20323533)         (-10.336651 -1.5094752 -0.76663293)           (-0.036691845 -0.0054286402 -0.0034397665)    (3.1540068e-05 7.5086035e-05 0.00072080108)   (-0.036660305 -0.0053535542 -0.0027189654)   
zuoweiduo                 (-1.5252723 -9.79759 -5.4744701)              (0.0057230858 0.023006319 0.00028465225)      (-1.5195492 -9.7745837 -5.4741854)            (-0.0054095807 -0.034748453 -0.019415935)     (2.0297683e-05 8.1594964e-05 1.009557e-06)    (-0.005389283 -0.034666858 -0.019414925)     
------------------------- --------------------------------------------- --------------------------------------------- --------------------------------------------- --------------------------------------------- --------------------------------------------- ---------------------------------------------
Net                       (-1.5176786 -18.110231 -21.537506)            (0.086974808 1.4285435 -0.22092352)           (-1.4307038 -16.681688 -21.75843)             (-0.0053826487 -0.064230338 -0.076385623)     (0.0003084677 0.0050665189 -0.00078353458)    (-0.005074181 -0.059163819 -0.077169158)     

Moments - Moment Center (0 0 0.05) Moment Axis (0 1 0)
                          Moments [N m]                                   Coefficients                                   
Zone                      Pressure        Viscous         Total           Pressure        Viscous         Total          
jidi                      -22.872543      0.00059839948   -22.871944      -0.081120508    2.1223032e-06   -0.081118386   
jishen                    -233.15534      -0.097864316    -233.2532       -0.82691635     -0.00034708878  -0.82726344    
jitou                     528.59299       -0.1460066      528.44698       1.8747252       -0.00051783177  1.8742074      
liangan                   644.47097       0.11869133      644.58966       2.2857018       0.00042095457   2.2861228      
waiyi                     -55.122604      0.505942        -54.616662      -0.19549963     0.0017943905    -0.19370524    
weiyi                     -630.65191      0.6091153       -630.0428       -2.2366907      0.0021603082    -2.2345304     
xiaoyi                    55.880725       0.042716909     55.923442       0.19818841      0.00015150119   0.19833991     
youfuyi                   -1.5349719      0.02120408      -1.5137679      -0.0054439817   7.5203083e-05   -0.0053687786  
youweiduo                 1.3022798       0.05286916      1.355149        0.0046187082    0.00018750749   0.0048062157   
zhongyangyi               -293.69159      0.27709978      -293.41449      -1.0416162      0.00098277114   -1.0406334     
zuofuyi                   -1.5306463      0.021171077     -1.5094752      -0.0054286402   7.5086035e-05   -0.0053535542  
zuoweiduo                 -9.79759        0.023006319     -9.7745837      -0.034748453    8.1594964e-05   -0.034666858   
------------------------- --------------- --------------- --------------- --------------- --------------- ---------------
Net                       -18.110231      1.4285435       -16.681688      -0.064230338    0.0050665189    -0.059163819   
