                                    "Force Report"

Moments - Moment Center (0 0 0.05)
                          Moments [N m]                                                                                                                             Coefficients                                                                                                                             
Zone                      Pressure                                      Viscous                                       Total                                         Pressure                                      Viscous                                       Total                                        
jidi                      (-1.466721e-08 -22.903918 0.0026662831)       (5.8079398e-05 -0.0026886164 0.00068020253)   (5.8064731e-05 -22.906606 0.0033464856)       (-5.2019206e-11 -0.081231783 9.4563267e-06)   (2.0598629e-07 -9.5355348e-06 2.4124285e-06)  (2.0593427e-07 -0.081241318 1.1868755e-05)   
jishen                    (0.069834271 -229.53884 0.83347262)           (-0.011582137 -0.064792141 -0.001974711)      (0.058252134 -229.60363 0.83149791)           (0.00024767651 -0.81408995 0.0029560212)      (-4.1077586e-05 -0.00022979392 -7.0035746e-06) (0.00020659892 -0.81431974 0.0029490177)     
jitou                     (-0.42714883 548.1786 4.2165845)              (-0.0045946645 0.062397501 0.053559129)       (-0.43174349 548.241 4.2701436)               (-0.00151494 1.9441881 0.014954676)           (-1.6295587e-05 0.00022130102 0.00018995456)  (-0.0015312356 1.9444094 0.015144631)        
liangan                   (0.39809266 648.27214 -0.75634474)            (0.0050047751 0.12096693 0.0044132449)        (0.40309743 648.39311 -0.75193149)            (0.0014118884 2.2991832 -0.002682477)         (1.7750099e-05 0.00042902527 1.5652159e-05)   (0.0014296385 2.2996122 -0.0026668248)       
waiyi                     (3.4063432 -45.116827 -0.37330685)            (0.0329639 0.62817996 -0.013817897)           (3.4393071 -44.488647 -0.38712475)            (0.012081048 -0.16001281 -0.0013239823)       (0.00011691085 0.0022279236 -4.9007005e-05)   (0.012197959 -0.15778489 -0.0013729893)      
weiyi                     (-6.4161492 -729.84155 -20.197781)            (0.026124092 0.34732735 -0.15618263)          (-6.3900251 -729.49422 -20.353964)            (-0.022755724 -2.5884799 -0.071634111)        (9.2652559e-05 0.0012318425 -0.00055392241)   (-0.022663072 -2.5872481 -0.072188034)       
xiaoyi                    (4.6157044 55.927602 -0.075377948)            (0.043633127 0.03771715 -0.013384496)         (4.6593375 55.965319 -0.088762444)            (0.016370208 0.19835466 -0.00026733789)       (0.00015475068 0.00013376888 -4.7469892e-05)  (0.016524959 0.19848843 -0.00031480779)      
youfuyi                   (21.453233 -3.0844383 0.35701427)             (0.039272487 0.012474865 -0.18692698)         (21.492506 -3.0719634 0.1700873)              (0.076086738 -0.01093937 0.0012661985)        (0.00013928509 4.4243764e-05 -0.00066296133)  (0.076226023 -0.010895126 0.00060323717)     
youweiduo                 (0.10908403 -1.6457802 1.0829411)             (0.0077734262 0.030659396 -0.07920393)        (0.11685746 -1.6151208 1.0037372)             (0.000386881 -0.0058369777 0.0038407943)      (2.7569488e-05 0.00010873762 -0.00028090725)  (0.00041445048 -0.0057282401 0.003559887)    
zhongyangyi               (2.6094869 -274.89346 0.62295731)             (0.010717445 0.35084092 -0.0071455017)        (2.6202043 -274.54262 0.61581181)             (0.0092548914 -0.97494612 0.0022094008)       (3.801084e-05 0.0012443039 -2.534247e-05)     (0.0092929023 -0.97370182 0.0021840583)      
zuofuyi                   (-20.912956 -3.0060316 -0.29828045)           (-0.033266783 0.013370582 0.18347294)         (-20.946223 -2.992661 -0.11480752)            (-0.074170573 -0.01066129 -0.0010578912)      (-0.00011798506 4.7420543e-05 0.00065071112)  (-0.074288558 -0.010613869 -0.00040718009)   
zuoweiduo                 (-1.5495672 -10.97815 -6.2346949)             (0.00015163813 0.012205366 0.0154211)         (-1.5494156 -10.965945 -6.2192738)            (-0.0054957458 -0.038935467 -0.022112173)     (5.3780476e-07 4.3287951e-05 5.4692978e-05)   (-0.005495208 -0.038892179 -0.02205748)      
------------------------- --------------------------------------------- --------------------------------------------- --------------------------------------------- --------------------------------------------- --------------------------------------------- ---------------------------------------------
Net                       (3.3559575 -68.630648 -20.82015)              (0.11625539 1.5486593 -0.20108953)            (3.4722129 -67.081989 -21.021239)             (0.011902349 -0.2434077 -0.073841425)         (0.00041231515 0.0054925256 -0.00071319069)   (0.012314664 -0.23791518 -0.074554615)       

Moments - Moment Center (0 0 0.05) Moment Axis (0 1 0)
                          Moments [N m]                                   Coefficients                                   
Zone                      Pressure        Viscous         Total           Pressure        Viscous         Total          
jidi                      -22.903918      -0.0026886164   -22.906606      -0.081231783    -9.5355348e-06  -0.081241318   
jishen                    -229.53884      -0.064792141    -229.60363      -0.81408995     -0.00022979392  -0.81431974    
jitou                     548.1786        0.062397501     548.241         1.9441881       0.00022130102   1.9444094      
liangan                   648.27214       0.12096693      648.39311       2.2991832       0.00042902527   2.2996122      
waiyi                     -45.116827      0.62817996      -44.488647      -0.16001281     0.0022279236    -0.15778489    
weiyi                     -729.84155      0.34732735      -729.49422      -2.5884799      0.0012318425    -2.5872481     
xiaoyi                    55.927602       0.03771715      55.965319       0.19835466      0.00013376888   0.19848843     
youfuyi                   -3.0844383      0.012474865     -3.0719634      -0.01093937     4.4243764e-05   -0.010895126   
youweiduo                 -1.6457802      0.030659396     -1.6151208      -0.0058369777   0.00010873762   -0.0057282401  
zhongyangyi               -274.89346      0.35084092      -274.54262      -0.97494612     0.0012443039    -0.97370182    
zuofuyi                   -3.0060316      0.013370582     -2.992661       -0.01066129     4.7420543e-05   -0.010613869   
zuoweiduo                 -10.97815       0.012205366     -10.965945      -0.038935467    4.3287951e-05   -0.038892179   
------------------------- --------------- --------------- --------------- --------------- --------------- ---------------
Net                       -68.630648      1.5486593       -67.081989      -0.2434077      0.0054925256    -0.23791518    
