                                    "Force Report"

Moments - Moment Center (0 0 0.05)
                          Moments [N m]                                                                                                                             Coefficients                                                                                                                             
Zone                      Pressure                                      Viscous                                       Total                                         Pressure                                      Viscous                                       Total                                        
jidi                      (-1.7616234e-10 -22.890598 0.0043811442)      (-0.00011227798 0.00049085189 -0.0012037061)  (-0.00011227815 -22.890107 0.0031774381)      (-6.2478311e-13 -0.081184542 1.5538309e-05)   (-3.9820874e-07 1.7408714e-06 -4.2691033e-06) (-3.9820937e-07 -0.081182801 1.1269206e-05)  
jishen                    (0.35252821 -232.12842 2.6442344)             (-0.026564842 -0.08468815 -0.01082023)        (0.32596337 -232.21311 2.6334141)             (0.0012502881 -0.82327425 0.0093781281)       (-9.4215739e-05 -0.00030035776 -3.8375381e-05) (0.0011560723 -0.8235746 0.0093397527)       
jitou                     (-0.88123159 535.26338 8.6387542)             (-0.0095548101 -0.073522407 0.10766656)       (-0.8907864 535.18986 8.7464208)              (-0.0031254048 1.8983826 0.030638488)         (-3.3887402e-05 -0.00026075697 0.00038185373) (-0.0031592922 1.8981218 0.031020342)        
liangan                   (0.39354588 646.16197 -0.15413625)            (0.01094145 0.12298037 0.0012407768)          (0.40448733 646.28495 -0.15289548)            (0.0013957627 2.2916992 -0.00054666468)       (3.8805304e-05 0.00043616621 4.4005795e-06)   (0.001434568 2.2921353 -0.0005422641)        
waiyi                     (7.5657391 -49.468131 -0.34927603)            (0.063888775 0.57588221 -0.124107)            (7.6296279 -48.892249 -0.47338303)            (0.026832898 -0.17544529 -0.0012387538)       (0.00022659002 0.0020424427 -0.00044016194)   (0.027059488 -0.17340285 -0.0016789157)      
weiyi                     (-9.6594731 -662.11147 -31.153614)            (0.066569485 0.52795737 -0.2401576)           (-9.5929036 -661.58351 -31.393772)            (-0.034258603 -2.3482662 -0.11049043)         (0.00023609751 0.0018724709 -0.0008517508)    (-0.034022506 -2.3463937 -0.11134218)        
xiaoyi                    (2.3706831 55.921153 -0.57978616)             (0.03326703 0.04070038 -0.031273602)          (2.4039501 55.961853 -0.61105976)             (0.008407942 0.19833179 -0.0020562886)        (0.00011798594 0.0001443493 -0.00011091598)   (0.008525928 0.19847614 -0.0021672045)       
youfuyi                   (14.570223 -2.1123612 0.95298086)             (0.013054452 0.020504663 -0.23302269)         (14.583277 -2.0918566 0.71995817)             (0.051675228 -0.0074917694 0.0033798731)      (4.6299348e-05 7.2722508e-05 -0.00082644588)  (0.051721527 -0.0074190469 0.0025534272)     
youweiduo                 (-0.18372647 0.90547456 -0.3502509)           (0.01008033 0.036260707 -0.097009111)         (-0.17364614 0.94173526 -0.44726001)          (-0.00065161032 0.0032113857 -0.0012422113)   (3.5751227e-05 0.00012860341 -0.00034405568)  (-0.00061585909 0.0033399891 -0.001586267)   
zhongyangyi               (6.7863611 -285.95417 -0.19676608)            (0.038297031 0.32301952 -0.027721975)         (6.8246581 -285.63115 -0.22448806)            (0.02406873 -1.0141744 -0.00069785703)        (0.0001358255 0.0011456316 -9.8319663e-05)    (0.024204556 -1.0130288 -0.00079617669)      
zuofuyi                   (-14.168533 -2.0702406 -0.95321612)           (-0.003226707 0.02111197 0.22187734)          (-14.17176 -2.0491286 -0.73133878)            (-0.050250583 -0.0073423829 -0.0033807075)    (-1.1443944e-05 7.4876402e-05 0.00078691742)  (-0.050262027 -0.0072675065 -0.00259379)     
zuoweiduo                 (-1.5585493 -10.522866 -5.8873883)            (0.010283901 0.029701729 -0.011500818)        (-1.5482654 -10.493164 -5.8988891)            (-0.0055276018 -0.037320741 -0.020880404)     (3.647322e-05 0.00010534112 -4.0789177e-05)   (-0.0054911286 -0.0372154 -0.020921193)      
------------------------- --------------------------------------------- --------------------------------------------- --------------------------------------------- --------------------------------------------- --------------------------------------------- ---------------------------------------------
Net                       (5.5875662 -29.006281 -27.384084)             (0.20692382 1.5403992 -0.44603205)            (5.7944901 -27.465882 -27.830116)             (0.019817045 -0.10287463 -0.097121286)        (0.00073388277 0.0054632302 -0.0015819119)    (0.020550928 -0.097411395 -0.098703198)      

Moments - Moment Center (0 0 0.05) Moment Axis (0 1 0)
                          Moments [N m]                                   Coefficients                                   
Zone                      Pressure        Viscous         Total           Pressure        Viscous         Total          
jidi                      -22.890598      0.00049085189   -22.890107      -0.081184542    1.7408714e-06   -0.081182801   
jishen                    -232.12842      -0.08468815     -232.21311      -0.82327425     -0.00030035776  -0.8235746     
jitou                     535.26338       -0.073522407    535.18986       1.8983826       -0.00026075697  1.8981218      
liangan                   646.16197       0.12298037      646.28495       2.2916992       0.00043616621   2.2921353      
waiyi                     -49.468131      0.57588221      -48.892249      -0.17544529     0.0020424427    -0.17340285    
weiyi                     -662.11147      0.52795737      -661.58351      -2.3482662      0.0018724709    -2.3463937     
xiaoyi                    55.921153       0.04070038      55.961853       0.19833179      0.0001443493    0.19847614     
youfuyi                   -2.1123612      0.020504663     -2.0918566      -0.0074917694   7.2722508e-05   -0.0074190469  
youweiduo                 0.90547456      0.036260707     0.94173526      0.0032113857    0.00012860341   0.0033399891   
zhongyangyi               -285.95417      0.32301952      -285.63115      -1.0141744      0.0011456316    -1.0130288     
zuofuyi                   -2.0702406      0.02111197      -2.0491286      -0.0073423829   7.4876402e-05   -0.0072675065  
zuoweiduo                 -10.522866      0.029701729     -10.493164      -0.037320741    0.00010534112   -0.0372154     
------------------------- --------------- --------------- --------------- --------------- --------------- ---------------
Net                       -29.006281      1.5403992       -27.465882      -0.10287463     0.0054632302    -0.097411395   
