                                    "Force Report"

Moments - Moment Center (0 0 0.05)
                          Moments [N m]                                                                                                                             Coefficients                                                                                                                             
Zone                      Pressure                                      Viscous                                       Total                                         Pressure                                      Viscous                                       Total                                        
jidi                      (-1.2876076e-08 -22.901054 0.0009767914)      (6.0349213e-05 -0.0015227464 0.0011071813)    (6.0336337e-05 -22.902577 0.0020839726)       (-4.5666711e-11 -0.081221629 3.4643203e-06)   (2.1403649e-07 -5.4006222e-06 3.9267652e-06)  (2.1399083e-07 -0.081227029 7.3910855e-06)   
jishen                    (0.11135897 -230.89236 1.0175519)             (-0.012566622 -0.074162937 -0.005901185)      (0.098792346 -230.96652 1.0116507)            (0.00039494936 -0.8188904 0.0036088829)       (-4.4569192e-05 -0.0002630287 -2.0929336e-05) (0.00035038017 -0.81915343 0.0035879536)     
jitou                     (-0.43506613 541.85337 4.2810261)             (-0.0046664429 -0.0045113481 0.053650993)     (-0.43973258 541.84885 4.3346771)             (-0.0015430198 1.9217549 0.015183227)         (-1.6550159e-05 -1.6000095e-05 0.00019028037) (-0.0015595699 1.9217389 0.015373508)        
liangan                   (0.32507067 646.91062 -0.4241728)             (0.0075929309 0.11210714 0.0072844446)        (0.3326636 647.02273 -0.41688836)             (0.0011529063 2.2943544 -0.0015043851)        (2.6929337e-05 0.00039760286 2.5835249e-05)   (0.0011798356 2.294752 -0.0014785499)        
waiyi                     (3.3503658 -46.252412 -0.10748496)            (0.032959036 0.65573971 -0.020182398)         (3.3833249 -45.596673 -0.12766736)            (0.011882517 -0.16404032 -0.00038120968)      (0.0001168936 0.0023256679 -7.1579553e-05)    (0.011999411 -0.16171465 -0.00045278924)     
weiyi                     (-6.1003981 -694.04089 -19.944246)            (0.032011188 0.46724152 -0.13698937)          (-6.0683869 -693.57365 -20.081235)            (-0.021635871 -2.4615081 -0.070734914)        (0.00011353193 0.0016571341 -0.00048585098)   (-0.021522339 -2.459851 -0.071220765)        
xiaoyi                    (2.9639633 55.906494 -0.16471045)             (0.031819465 0.038891352 -0.015069644)        (2.9957828 55.945385 -0.1797801)              (0.010512089 0.1982798 -0.00058416747)        (0.00011285195 0.00013793334 -5.3446492e-05)  (0.010624941 0.19841773 -0.00063761396)      
youfuyi                   (17.900719 -2.5856682 0.82571754)             (0.027422226 0.01607905 -0.20698247)          (17.928141 -2.5695892 0.61873508)             (0.063487275 -0.0091704154 0.0029285168)      (9.7256564e-05 5.7026486e-05 -0.00073409078)  (0.063584531 -0.0091133889 0.0021944261)     
youweiduo                 (0.0053895548 -0.58568379 0.48632116)         (0.0063485512 0.037264656 -0.08006862)        (0.011738106 -0.54841914 0.40625254)          (1.9114771e-05 -0.0020772053 0.0017248025)    (2.2515979e-05 0.00013216405 -0.00028397399)  (4.1630751e-05 -0.0019450412 0.0014408285)   
zhongyangyi               (3.2396422 -279.34391 0.31945283)             (0.017741609 0.36207436 -0.0091782144)        (3.2573838 -278.98184 0.31027461)             (0.011489821 -0.99073026 0.0011329818)        (6.292297e-05 0.0012841448 -3.2551755e-05)    (0.011552744 -0.98944612 0.0011004301)       
zuofuyi                   (-17.624937 -2.5512485 -0.80842038)           (-0.022703666 0.016528812 0.2015772)          (-17.647641 -2.5347196 -0.60684318)           (-0.062509179 -0.0090483412 -0.0028671702)    (-8.0521564e-05 5.8621626e-05 0.00071492027)  (-0.0625897 -0.0089897196 -0.0021522499)     
zuoweiduo                 (-1.6018918 -10.742906 -6.0460208)            (0.0024284733 0.016423329 0.010484863)        (-1.5994634 -10.726483 -6.035536)             (-0.005681322 -0.038101142 -0.021443015)      (8.6129027e-06 5.8247516e-05 3.7185958e-05)   (-0.0056727091 -0.038042894 -0.021405829)    
------------------------- --------------------------------------------- --------------------------------------------- --------------------------------------------- --------------------------------------------- --------------------------------------------- ---------------------------------------------
Net                       (2.1342161 -45.225659 -20.564009)             (0.1184471 1.6421529 -0.20026722)             (2.2526632 -43.583506 -20.764276)             (0.0075692805 -0.1603988 -0.072932986)        (0.00042008835 0.0058241132 -0.00071027427)   (0.0079893688 -0.15457469 -0.07364326)       

Moments - Moment Center (0 0 0.05) Moment Axis (0 1 0)
                          Moments [N m]                                   Coefficients                                   
Zone                      Pressure        Viscous         Total           Pressure        Viscous         Total          
jidi                      -22.901054      -0.0015227464   -22.902577      -0.081221629    -5.4006222e-06  -0.081227029   
jishen                    -230.89236      -0.074162937    -230.96652      -0.8188904      -0.0002630287   -0.81915343    
jitou                     541.85337       -0.0045113481   541.84885       1.9217549       -1.6000095e-05  1.9217389      
liangan                   646.91062       0.11210714      647.02273       2.2943544       0.00039760286   2.294752       
waiyi                     -46.252412      0.65573971      -45.596673      -0.16404032     0.0023256679    -0.16171465    
weiyi                     -694.04089      0.46724152      -693.57365      -2.4615081      0.0016571341    -2.459851      
xiaoyi                    55.906494       0.038891352     55.945385       0.1982798       0.00013793334   0.19841773     
youfuyi                   -2.5856682      0.01607905      -2.5695892      -0.0091704154   5.7026486e-05   -0.0091133889  
youweiduo                 -0.58568379     0.037264656     -0.54841914     -0.0020772053   0.00013216405   -0.0019450412  
zhongyangyi               -279.34391      0.36207436      -278.98184      -0.99073026     0.0012841448    -0.98944612    
zuofuyi                   -2.5512485      0.016528812     -2.5347196      -0.0090483412   5.8621626e-05   -0.0089897196  
zuoweiduo                 -10.742906      0.016423329     -10.726483      -0.038101142    5.8247516e-05   -0.038042894   
------------------------- --------------- --------------- --------------- --------------- --------------- ---------------
Net                       -45.225659      1.6421529       -43.583506      -0.1603988      0.0058241132    -0.15457469    
