                                    "Force Report"

Forces
                          Forces [N]                                                                                                                                Coefficients                                                                                                                             
Zone                      Pressure                                      Viscous                                       Total                                         Pressure                                      Viscous                                       Total                                        
jidi                      (1146.113 4.5139244e-07 0.00043612353)        (2.7619751e-08 0.0049991313 0.0062286146)     (1146.113 0.0049995827 0.0066647381)          (1.4824477 5.8385668e-10 5.6410699e-07)       (3.5724957e-11 6.4661609e-06 8.0564446e-06)   (1.4824477 6.4667448e-06 8.6205516e-06)      
jishen                    (9092.2887 -2.8328386 -12503.087)             (1.1989899 -0.16672048 0.0047031117)          (9093.4876 -2.9995591 -12503.083)             (11.760484 -0.0036641547 -16.172205)          (0.0015508417 -0.00021564576 6.0832724e-06)   (11.762034 -0.0038798004 -16.172199)         
jitou                     (-11263.853 -19.801437 24.806154)             (1.097581 -0.25408695 0.28410523)             (-11262.756 -20.055524 25.090259)             (-14.569309 -0.025612306 0.032085691)         (0.0014196737 -0.00032865052 0.00036747788)   (-14.567889 -0.025940957 0.032453169)        
liangan                   (-81.102672 -2.6040438 -3065.5321)            (1.2750379 -0.18607016 0.19303793)            (-79.827635 -2.790114 -3065.3391)             (-0.10490281 -0.0033682184 -3.9651337)        (0.0016492065 -0.00024067374 0.00024968625)   (-0.10325361 -0.0036088922 -3.964884)        
waiyi                     (-209.6788 -0.30036769 1956.5147)             (3.3365897 -0.75047784 0.88363944)            (-206.34221 -1.0508455 1957.3984)             (-0.2712105 -0.00038851266 2.5306675)         (0.004315735 -0.00097071074 0.0011429495)     (-0.26689476 -0.0013592234 2.5318104)        
weiyi                     (38.796488 -15.533564 607.13719)              (1.2978271 -0.26218642 0.13316712)            (40.094315 -15.79575 607.27035)               (0.050181585 -0.020091996 0.78530579)         (0.0016786834 -0.00033912684 0.00017224593)   (0.051860268 -0.020431122 0.78547803)        
xiaoyi                    (153.18866 -1.9189392 -367.58371)             (0.34498548 -0.07047402 0.061339033)          (153.53364 -1.9894132 -367.52238)             (0.19814292 -0.0024820652 -0.47545369)        (0.00044622385 -9.1155108e-05 7.9339396e-05)  (0.19858915 -0.0025732203 -0.47537436)       
youfuyi                   (0.043448499 -0.97033288 23.223802)           (0.12746171 -0.06752446 0.045841415)          (0.17091021 -1.0378573 23.269643)             (5.6198762e-05 -0.0012550838 0.030038987)     (0.00016486623 -8.7339979e-05 5.9293895e-05)  (0.000221065 -0.0013424237 0.03009828)       
youweiduo                 (4.4232554 6.7195751 11.507096)               (0.10360389 -0.034304424 0.031780464)         (4.5268593 6.6852706 11.538877)               (0.0057212903 0.0086914808 0.014883933)       (0.00013400717 -4.4371294e-05 4.1106661e-05)  (0.0058552974 0.0086471095 0.01492504)       
zhongyangyi               (1025.9897 0.028026505 14375.132)             (1.9702987 -0.22060863 0.36934336)            (1027.96 -0.19258212 14375.502)               (1.3270735 3.6251076e-05 18.593614)           (0.0025484964 -0.00028534776 0.00047772972)   (1.329622 -0.00024909668 18.594092)          
zuofuyi                   (0.11450931 0.87631367 21.670732)             (0.14645855 -0.085809294 0.041964408)         (0.26096786 0.79050438 21.712697)             (0.00014811286 0.001133474 0.028030158)       (0.00018943782 -0.00011099062 5.4279153e-05)  (0.00033755067 0.0010224833 0.028084438)     
zuoweiduo                 (-0.82863422 -1.4901257 2.5880894)            (0.13354433 -0.037050309 -0.0055876985)       (-0.6950899 -1.527176 2.5825017)              (-0.0010718027 -0.0019274134 0.0033475821)    (0.00017273383 -4.7922978e-05 -7.2274472e-06) (-0.00089906883 -0.0019753364 0.0033403546)  
------------------------- --------------------------------------------- --------------------------------------------- --------------------------------------------- --------------------------------------------- --------------------------------------------- ---------------------------------------------
Net                       (-94.505716 -37.827734 1086.3775)             (11.032378 -2.1303139 2.0495624)              (-83.473338 -39.958048 1088.427)              (-0.12223907 -0.048928543 1.4051824)          (0.014269906 -0.0027554692 0.0026510207)      (-0.10796917 -0.051684013 1.4078335)         

Forces - Direction Vector (0.96328734 -0.20791169 0.16985355)
                          Forces [N]                                      Coefficients                                   
Zone                      Pressure        Viscous         Total           Pressure        Viscous         Total          
jidi                      1104.0362       1.8601048e-05   1104.0362       1.4280232       2.4059654e-08   1.4280232      
jishen                    6635.3818       1.1904337       6636.5722       8.5825804       0.0015397747    8.5841202      
jitou                     -10841.997      1.1583698       -10840.839      -14.023656      0.0014983014    -14.022157     
liangan                   -598.27528      1.2997022       -596.97557      -0.77384329     0.0016811088    -0.77216218    
waiyi                     130.40248       3.5202171       133.9227        0.16866999      0.0045532491    0.17322324     
weiyi                     143.72618       1.327311        145.05349       0.18590362      0.0017168195    0.18762044     
xiaoyi                    85.528264       0.35739117      85.885656       0.11062712      0.00046227007   0.11108939     
youfuyi                   4.188242        0.14460771      4.3328497       0.0054173106    0.00018704384   0.0056043544   
youweiduo                 4.8183088       0.11233063      4.9306394       0.0062322748    0.00014529483   0.0063775696   
zhongyangyi               3429.9843       2.0065651       3431.9909       4.4365369       0.0025954056    4.4391323      
zuofuyi                   3.6089603       0.16605022      3.7750105       0.0046680346    0.00021477881   0.0048828134   
zuoweiduo                 -0.048802138    0.13539566      0.086593523     -6.3123463e-05  0.00017512845   0.00011200499  
------------------------- --------------- --------------- --------------- --------------- --------------- ---------------
Net                       101.35374       11.418393       112.77213       0.13109669      0.014769199     0.14586589     
