                                    "Force Report"

Forces
                          Forces [N]                                                                                                                                Coefficients                                                                                                                             
Zone                      Pressure                                      Viscous                                       Total                                         Pressure                                      Viscous                                       Total                                        
jidi                      (1145.2227 1.3311343e-07 0.00043524009)       (3.1470855e-08 -0.00032271593 0.0038860334)   (1145.2227 -0.00032258282 0.0043212735)       (1.4812962 1.7217649e-10 5.629643e-07)        (4.0706195e-11 -4.1741915e-07 5.0264167e-06)  (1.4812962 -4.1724697e-07 5.589381e-06)      
jishen                    (9086.5721 -0.11319545 -12495.63)             (1.1441645 -0.00072953209 0.060899186)        (9087.7163 -0.11392498 -12495.569)            (11.753089 -0.00014641344 -16.162559)         (0.0014799275 -9.4361831e-07 7.8770473e-05)   (11.754569 -0.00014735706 -16.16248)         
jitou                     (-11258.919 0.054764956 26.489394)            (1.1326655 -0.00011271904 0.29348443)         (-11257.787 0.054652237 26.782878)            (-14.562927 7.083611e-05 0.034262889)         (0.001465054 -1.4579722e-07 0.00037960946)    (-14.561462 7.0690313e-05 0.034642499)       
liangan                   (-81.136234 0.48370105 -3067.7725)            (1.2441717 0.003915426 0.13403474)            (-79.892062 0.48761647 -3067.6385)            (-0.10494622 0.00062564646 -3.9680316)        (0.0016092825 5.0644348e-06 0.00017336816)    (-0.10333694 0.00063071089 -3.9678582)       
waiyi                     (-210.72866 0.010833085 1967.2405)            (3.4074177 0.00058059226 0.92095864)          (-207.32124 0.011413677 1968.1614)            (-0.27256844 1.4012128e-05 2.5445408)         (0.004407348 7.5097107e-07 0.0011912203)      (-0.26816109 1.4763099e-05 2.545732)         
weiyi                     (39.858724 9.3152255 616.62667)               (1.2423366 0.012503198 0.16500177)            (41.101061 9.3277287 616.79167)               (0.051555542 0.012048843 0.79758002)          (0.0016069089 1.6172348e-05 0.00021342267)    (0.053162451 0.012065015 0.79779344)         
xiaoyi                    (153.98407 0.017770151 -366.58659)            (0.36623176 -0.00021874294 0.078642963)       (154.35031 0.017551408 -366.50795)            (0.19917176 2.2984924e-05 -0.47416396)        (0.000473705 -2.8293457e-07 0.00010172128)    (0.19964547 2.270199e-05 -0.47406224)        
youfuyi                   (0.10244146 -0.88833327 23.71278)             (0.1370239 0.01019536 0.046527864)            (0.23946536 -0.87813791 23.759307)            (0.00013250362 -0.0011490208 0.030671458)     (0.00017723451 1.3187258e-05 6.0181787e-05)   (0.00030973813 -0.0011358335 0.03073164)     
youweiduo                 (4.4620585 7.3692273 12.536577)               (0.10743317 -0.0056972796 0.013329432)        (4.5694916 7.36353 12.549907)                 (0.0057714803 0.0095317779 0.016215522)       (0.00013896018 -7.3691857e-06 1.7241046e-05)  (0.0059104405 0.0095244087 0.016232763)      
zhongyangyi               (1018.7787 0.0028299654 14369.751)            (1.9501665 0.0013006612 0.43331269)           (1020.7288 0.0041306266 14370.184)            (1.3177463 3.6604383e-06 18.586654)           (0.0025224564 1.6823492e-06 0.0005604713)     (1.3202687 5.3427876e-06 18.587214)          
zuofuyi                   (0.1413402 0.88344144 23.743702)              (0.13788903 -0.010657836 0.046885161)         (0.27922923 0.8727836 23.790587)              (0.00018281746 0.0011426934 0.030711455)      (0.00017835352 -1.3785452e-05 6.0643935e-05)  (0.00036117098 0.001128908 0.030772099)      
zuoweiduo                 (-0.85385295 -1.2904145 2.2890957)            (0.13661432 0.0078569746 0.014181903)         (-0.71723863 -1.2825575 2.3032776)            (-0.001104422 -0.0016690955 0.0029608466)     (0.00017670474 1.0162658e-05 1.8343681e-05)   (-0.00092771726 -0.0016589329 0.0029791903)  
------------------------- --------------------------------------------- --------------------------------------------- --------------------------------------------- --------------------------------------------- --------------------------------------------- ---------------------------------------------
Net                       (-102.5161 15.84585 1112.401)                 (11.006115 0.018613386 2.2111448)             (-91.509988 15.864464 1114.6121)              (-0.13260016 0.020495925 1.4388427)           (0.014235935 2.4075612e-05 0.0028600205)      (-0.11836423 0.02052 1.4417027)              

Forces - Direction Vector (0.98480775 0 0.17364818)
                          Forces [N]                                      Coefficients                                   
Zone                      Pressure        Viscous         Total           Pressure        Viscous         Total          
jidi                      1127.8242       0.00067483361   1127.8249       1.4587921       8.7286819e-07   1.4587929      
jishen                    6778.6833       1.1373571       6779.8207       8.7679347       0.0014711224    8.7694059      
jitou                     -11083.271      1.1664208       -11082.105      -14.335734      0.001508715     -14.334225     
liangan                   -612.6167       1.2485449       -611.36816      -0.79239331     0.001614939     -0.79077837    
waiyi                     134.08051       3.5155742       137.59608       0.17342736      0.0045472437    0.17797461     
weiyi                     146.32928       1.252115        147.58139       0.18927062      0.0016195568    0.19089017     
xiaoyi                    87.987616       0.37432409      88.36194        0.11380819      0.00048417208   0.11429236     
youfuyi                   4.2185661       0.14302168      4.3615878       0.0054565335    0.00018499238   0.0056415258   
youweiduo                 6.5712236       0.10811565      6.6793392       0.0084995945    0.00013984294   0.0086394374   
zhongyangyi               3498.5822       1.9957831       3500.578        4.5252653       0.0025814594    4.5278467      
zuofuyi                   4.2622434       0.14393571      4.4061792       0.0055130282    0.00018617464   0.0056992029   
zuoweiduo                 -0.44338371     0.1370015       -0.30638221     -0.00057349772  0.00017720554   -0.00039629218 
------------------------- --------------- --------------- --------------- --------------- --------------- ---------------
Net                       92.207749       11.222868       103.43062       0.11926675      0.014516297     0.13378305     
