                                    "Force Report"

Forces
                          Forces [N]                                                                                                                                Coefficients                                                                                                                             
Zone                      Pressure                                      Viscous                                       Total                                         Pressure                                      Viscous                                       Total                                        
jidi                      (1145.8311 4.4485608e-09 0.0004363736)        (2.7115579e-08 0.0031904209 0.0028677437)     (1145.8311 0.0031904253 0.0033041172)         (1.4820832 5.7540217e-12 5.6443044e-07)       (3.5072832e-11 4.1266719e-06 3.7093028e-06)   (1.4820832 4.1266777e-06 4.2737333e-06)      
jishen                    (9090.0535 0.41521673 -12498.161)             (1.1850994 -0.1034593 0.037960844)            (9091.2386 0.31175743 -12498.123)             (11.757592 0.00053706495 -16.165833)          (0.001532875 -0.00013382015 4.9100716e-05)    (11.759125 0.0004032448 -16.165784)          
jitou                     (-11261.161 -13.240119 25.640193)             (1.1193212 -0.16887126 0.28996974)            (-11260.042 -13.40899 25.930163)              (-14.565827 -0.017125523 0.033164485)         (0.0014477937 -0.0002184277 0.00037506337)    (-14.564379 -0.017343951 0.033539549)        
liangan                   (-81.044204 -0.24089635 -3065.717)            (1.2630037 -0.096352942 0.1786979)            (-79.781201 -0.33724929 -3065.5383)           (-0.10482719 -0.00031158904 -3.9653729)       (0.0016336408 -0.00012462838 0.00023113804)   (-0.10319354 -0.00043621742 -3.9651417)      
waiyi                     (-210.78071 -0.13337705 1964.9397)            (3.375068 -0.50385368 0.8978547)              (-207.40564 -0.63723073 1965.8376)            (-0.27263577 -0.00017251747 2.5415648)        (0.004365505 -0.00065171302 0.0011613364)     (-0.26827026 -0.00082423049 2.5427262)       
weiyi                     (39.495262 -9.3079645 613.20614)              (1.3296696 -0.16510355 0.13904282)            (40.824932 -9.4730681 613.34518)              (0.05108542 -0.012039451 0.79315572)          (0.0017198703 -0.00021355433 0.00017984589)   (0.05280529 -0.012253005 0.79333556)         
xiaoyi                    (153.52738 -1.152448 -367.02019)              (0.35505957 -0.048472681 0.068522052)         (153.88244 -1.2009206 -366.95167)             (0.19858105 -0.0014906418 -0.4747248)         (0.00045925426 -6.2697324e-05 8.8630322e-05)  (0.19904031 -0.0015533391 -0.47463617)       
youfuyi                   (0.040851073 -0.93469286 23.879724)           (0.13020089 -0.038709 0.046979991)            (0.17105196 -0.97340186 23.926704)            (5.2839102e-05 -0.0012089849 0.030887394)     (0.00016840924 -5.0068423e-05 6.0766594e-05)  (0.00022124834 -0.0012590534 0.030948161)    
youweiduo                 (4.6409955 7.2576181 12.359599)               (0.10911285 -0.020624293 0.022812476)         (4.7501084 7.2369938 12.382411)               (0.0060029277 0.0093874163 0.015986608)       (0.00014113277 -2.6676635e-05 2.9506954e-05)  (0.0061440605 0.0093607396 0.016016115)      
zhongyangyi               (1021.3768 0.024859652 14371.718)             (2.0065212 -0.16037316 0.39622956)            (1023.3833 -0.13551351 14372.115)             (1.3211068 3.2154888e-05 18.589198)           (0.0025953487 -0.00020743577 0.00051250587)   (1.3237022 -0.00017528088 18.589711)         
zuofuyi                   (0.13476526 0.78905263 22.157725)             (0.14476767 -0.064675604 0.043083033)         (0.27953293 0.72437702 22.200808)             (0.00017431305 0.0010206056 0.028660062)      (0.00018725075 -8.3655106e-05 5.5726047e-05)  (0.0003615638 0.00093695046 0.028715788)     
zuoweiduo                 (-0.86673657 -1.4755573 2.566802)             (0.13593191 -0.023473882 0.00072303024)       (-0.73080466 -1.4990312 2.567525)             (-0.0011210864 -0.0019085698 0.0033200477)    (0.00017582207 -3.0362455e-05 9.3520845e-07)  (-0.00094526433 -0.0019389322 0.003320983)   
------------------------- --------------------------------------------- --------------------------------------------- --------------------------------------------- --------------------------------------------- --------------------------------------------- ---------------------------------------------
Net                       (-98.752113 -17.998308 1105.57)               (11.153756 -1.3907789 2.1247439)              (-87.598357 -19.389087 1107.6948)             (-0.1277316 -0.023280035 1.4300072)           (0.014426903 -0.0017989126 0.0027482647)      (-0.1133047 -0.025078948 1.4327554)          

Forces - Direction Vector (0.97522367 -0.1391731 0.17195825)
                          Forces [N]                                      Coefficients                                   
Zone                      Pressure        Viscous         Total           Pressure        Viscous         Total          
jidi                      1117.4417       4.9137844e-05   1117.4417       1.4453627       6.3557684e-08   1.4453627      
jishen                    6715.6156       1.1766634       6716.7923       8.6863594       0.0015219634    8.6878814      
jitou                     -10975.899      1.1649535       -10974.734      -14.196853      0.0015068172    -14.195346     
liangan                   -606.17802      1.2758494       -604.90217      -0.78406515     0.0016502562    -0.7824149     
waiyi                     132.34781       3.5159626       135.86377       0.17118619      0.0045477461    0.17573393     
weiyi                     145.25799       1.3436128       146.6016        0.18788494      0.0017379053    0.18962285     
xiaoyi                    86.77178        0.36479153      87.136571       0.11223556      0.00047184212   0.1127074      
youfuyi                   4.2762385       0.14044084      4.4166794       0.0055311303    0.00018165417   0.0057127844   
youweiduo                 5.6412784       0.11320258      5.7544809       0.0072967505    0.00014642266   0.0074431731   
zhongyangyi               3467.4028       2.0472615       3469.4501       4.4849361       0.0026480446    4.4875842      
zuofuyi                   3.8318148       0.15759045      3.9894053       0.0049562874    0.00020383646   0.0051601238   
zuoweiduo                 -0.19852137     0.13595528      -0.062566089    -0.00025677883  0.00017585229   -8.092654e-05  
------------------------- --------------- --------------- --------------- --------------- --------------- ---------------
Net                       96.311364       11.436333       107.7477        0.1245746       0.014792404     0.139367       
