                                    "Force Report"

Moments - Moment Center (0 0 0.05)
                          Moments [N m]                                                                                                                             Coefficients                                                                                                                             
Zone                      Pressure                                      Viscous                                       Total                                         Pressure                                      Viscous                                       Total                                        
jidi                      (4.1602418e-09 -22.904133 -0.00010222866)     (2.601988e-05 -0.00089373587 9.1366411e-05)   (2.602404e-05 -22.905027 -1.0862245e-05)      (1.475485e-11 -0.081232547 -3.625675e-07)     (9.2282955e-08 -3.1697528e-06 3.240431e-07)   (9.229771e-08 -0.081235717 -3.8524395e-08)   
jishen                    (-0.0049078537 -227.79407 -0.073705525)       (0.00018649119 -0.055205193 -0.00014260324)   (-0.0047213625 -227.84928 -0.073848128)       (-1.7406354e-05 -0.80790191 -0.00026140642)   (6.6141576e-07 -0.00019579254 -5.0576131e-07) (-1.6744938e-05 -0.8080977 -0.00026191219)   
jitou                     (0.0027203751 558.62363 -0.010199681)         (8.781805e-06 0.1841568 0.00011848795)        (0.0027291569 558.80778 -0.010081193)         (9.6481713e-06 1.9812328 -3.6174521e-05)      (3.1145837e-08 0.00065313653 4.2023325e-07)   (9.6793171e-06 1.981886 -3.5754287e-05)      
liangan                   (0.027545796 651.36735 0.686907)              (0.0035122479 0.12999627 -0.005616855)        (0.031058044 651.49735 0.68129015)            (9.769482e-05 2.3101607 0.0024362068)         (1.2456653e-05 0.000461049 -1.9920922e-05)    (0.00011015147 2.3106218 0.0024162859)       
waiyi                     (-0.19687183 -46.457397 -0.019827949)         (-0.0014840421 0.43051335 -0.00057865363)     (-0.19835587 -46.026883 -0.020406602)         (-0.00069823206 -0.16476732 -7.0322452e-05)   (-5.2633522e-06 0.0015268727 -2.0522719e-06)  (-0.00070349542 -0.16324045 -7.2374723e-05)  
weiyi                     (3.3745636 -781.67909 7.8699097)              (-0.0038999703 0.040143787 0.048600546)       (3.3706636 -781.63894 7.9185102)              (0.011968338 -2.7723286 0.027911679)          (-1.3831762e-05 0.00014237527 0.00017236828)  (0.011954506 -2.7721862 0.028084047)         
xiaoyi                    (0.0025123095 55.675537 0.012736824)          (0.00056165023 0.031333398 0.0013323899)      (0.0030739597 55.70687 0.014069214)           (8.910239e-06 0.19746068 4.5172837e-05)       (1.9919671e-06 0.00011112805 4.7254974e-06)   (1.0902206e-05 0.19757181 4.9898334e-05)     
youfuyi                   (32.189382 -4.5539609 -0.57102093)            (0.055596174 0.0093235821 -0.16512129)        (32.244978 -4.5446374 -0.73614222)            (0.11416392 -0.016151227 -0.0020252015)       (0.00019717921 3.3067321e-05 -0.00058562458)  (0.11436109 -0.016118159 -0.0026108261)      
youweiduo                 (3.0936913 -17.599284 9.386517)               (0.013505488 0.00083399529 -0.062193002)      (3.1071968 -17.59845 9.324324)                (0.010972187 -0.062418197 0.033290528)        (4.7899007e-05 2.957875e-06 -0.00022057574)   (0.011020086 -0.062415239 0.033069952)       
zhongyangyi               (-0.67064632 -273.29367 -0.046274017)         (-0.00043208381 0.261675 0.0028276784)        (-0.6710784 -273.032 -0.043446339)            (-0.0023785362 -0.96927228 -0.00016411694)    (-1.5324426e-06 0.00092806512 1.0028737e-05)  (-0.0023800686 -0.96834422 -0.00015408821)   
zuofuyi                   (-32.110566 -4.5457918 0.60297983)            (-0.056587174 0.0087864844 0.16239596)        (-32.167153 -4.5370053 0.76537579)            (-0.11388438 -0.016122254 0.002138548)        (-0.00020069392 3.1162433e-05 0.00057595882)  (-0.11408508 -0.016091091 0.0027145068)      
zuoweiduo                 (-0.80031557 -7.0675199 -4.2634446)           (-0.015666589 -0.0085089878 0.072634069)      (-0.81598216 -7.0760289 -4.1908105)           (-0.0028384254 -0.025065897 -0.015120872)     (-5.5563637e-05 -3.0178254e-05 0.00025760637) (-0.002893989 -0.025096075 -0.014863266)     
------------------------- --------------------------------------------- --------------------------------------------- --------------------------------------------- --------------------------------------------- --------------------------------------------- ---------------------------------------------
Net                       (4.9071077 -120.22841 13.574475)              (-0.0046730058 1.0321548 0.054348089)         (4.9024347 -119.19625 13.628823)              (0.017403709 -0.426406 0.048143678)           (-1.6573435e-05 0.0036606738 0.00019275271)   (0.017387135 -0.42274533 0.048336431)        

Moments - Moment Center (0 0 0.05) Moment Axis (0 1 0)
                          Moments [N m]                                   Coefficients                                   
Zone                      Pressure        Viscous         Total           Pressure        Viscous         Total          
jidi                      -22.904133      -0.00089373587  -22.905027      -0.081232547    -3.1697528e-06  -0.081235717   
jishen                    -227.79407      -0.055205193    -227.84928      -0.80790191     -0.00019579254  -0.8080977     
jitou                     558.62363       0.1841568       558.80778       1.9812328       0.00065313653   1.981886       
liangan                   651.36735       0.12999627      651.49735       2.3101607       0.000461049     2.3106218      
waiyi                     -46.457397      0.43051335      -46.026883      -0.16476732     0.0015268727    -0.16324045    
weiyi                     -781.67909      0.040143787     -781.63894      -2.7723286      0.00014237527   -2.7721862     
xiaoyi                    55.675537       0.031333398     55.70687        0.19746068      0.00011112805   0.19757181     
youfuyi                   -4.5539609      0.0093235821    -4.5446374      -0.016151227    3.3067321e-05   -0.016118159   
youweiduo                 -17.599284      0.00083399529   -17.59845       -0.062418197    2.957875e-06    -0.062415239   
zhongyangyi               -273.29367      0.261675        -273.032        -0.96927228     0.00092806512   -0.96834422    
zuofuyi                   -4.5457918      0.0087864844    -4.5370053      -0.016122254    3.1162433e-05   -0.016091091   
zuoweiduo                 -7.0675199      -0.0085089878   -7.0760289      -0.025065897    -3.0178254e-05  -0.025096075   
------------------------- --------------- --------------- --------------- --------------- --------------- ---------------
Net                       -120.22841      1.0321548       -119.19625      -0.426406       0.0036606738    -0.42274533    
