                                    "Force Report"

Moments - Moment Center (0 0 0.05)
                          Moments [N m]                                                                                                                             Coefficients                                                                                                                             
Zone                      Pressure                                      Viscous                                       Total                                         Pressure                                      Viscous                                       Total                                        
jidi                      (-2.0137887e-08 -22.924344 0.0049721199)      (0.00011337143 0.00033467405 0.0022096907)    (0.00011335129 -22.92401 0.0071818106)        (-7.1421688e-11 -0.081304229 1.7634283e-05)   (4.0208681e-07 1.1869659e-06 7.8369612e-06)   (4.0201539e-07 -0.081303042 2.5471244e-05)   
jishen                    (0.25628547 -230.63433 2.9569099)             (-0.03661525 -0.073505076 -0.011650651)       (0.21967022 -230.70784 2.9452593)             (0.00090895042 -0.81797527 0.010487073)       (-0.00012986084 -0.00026069551 -4.132058e-05) (0.00077908958 -0.81823596 0.010445753)      
jitou                     (-1.2764523 541.88431 12.563378)              (-0.014153539 -0.0039125023 0.16098333)       (-1.2906058 541.8804 12.724362)               (-0.0045271074 1.9218646 0.044557689)         (-5.0197404e-05 -1.3876209e-05 0.00057094876) (-0.0045773048 1.9218507 0.045128638)        
liangan                   (1.4836349 648.03458 -0.53540833)             (0.027971306 0.13351418 -0.014693319)         (1.5116062 648.16809 -0.55010165)             (0.0052619079 2.2983406 -0.0018988967)        (9.9203949e-05 0.00047352577 -5.2111807e-05)  (0.0053611118 2.2988142 -0.0019510085)       
waiyi                     (10.368234 -46.182309 -0.23629942)            (0.09197847 0.63718729 -0.068680019)          (10.460213 -45.545122 -0.30497944)            (0.036772319 -0.16379169 -0.00083806726)      (0.00032621385 0.0022598693 -0.0002435828)    (0.037098532 -0.16153182 -0.0010816501)      
weiyi                     (-6.365581 -710.13554 -21.967733)             (0.10141931 0.38694067 -0.36070693)           (-6.2641617 -709.7486 -22.32844)              (-0.022576378 -2.5185899 -0.077911482)        (0.00035969703 0.0013723364 -0.001279295)     (-0.022216681 -2.5172176 -0.079190777)       
xiaoyi                    (8.0240044 56.010879 -0.96430362)             (0.079045103 0.040016904 -0.042403251)        (8.1030495 56.050896 -1.0067069)              (0.028458196 0.19865002 -0.0034200308)        (0.00028034395 0.00014192526 -0.00015038876)  (0.02873854 0.19879194 -0.0035704195)        
youfuyi                   (17.727437 -2.5578102 0.83934221)             (0.031091506 0.01598163 -0.21190847)          (17.758529 -2.5418286 0.62743374)             (0.062872709 -0.0090716134 0.0029768385)      (0.00011027015 5.6680973e-05 -0.0007515615)   (0.06298298 -0.0090149324 0.002225277)       
youweiduo                 (2.527962 -14.717 7.5918224)                  (0.023499529 -0.016870356 -0.088862573)       (2.5514616 -14.73387 7.5029598)               (0.0089657528 -0.052195793 0.026925406)       (8.3344197e-05 -5.9832955e-05 -0.00031516291) (0.009049097 -0.052255626 0.026610243)       
zhongyangyi               (9.8949709 -279.70505 0.93885476)             (0.053269766 0.34971973 -0.02072849)          (9.9482406 -279.35533 0.91812627)             (0.035093827 -0.99201108 0.003329773)         (0.00018892829 0.0012403274 -7.351634e-05)    (0.035282756 -0.99077075 0.0032562566)       
zuofuyi                   (-17.105292 -2.4920078 -0.82734756)           (-0.017239516 0.016862459 0.1943772)          (-17.122531 -2.4751454 -0.63297036)           (-0.060666188 -0.0088382364 -0.0029342979)    (-6.1142231e-05 5.9804949e-05 0.00068938452)  (-0.06072733 -0.0087784315 -0.0022449134)    
zuoweiduo                 (-0.28734963 -2.6835808 -1.6781767)           (0.017894324 0.066538831 -0.0011926262)       (-0.2694553 -2.617042 -1.6793693)             (-0.0010191236 -0.0095176756 -0.0059518763)   (6.3464595e-05 0.00023598879 -4.2298069e-06)  (-0.00095565899 -0.0092816868 -0.0059561061) 
------------------------- --------------------------------------------- --------------------------------------------- --------------------------------------------- --------------------------------------------- --------------------------------------------- ---------------------------------------------
Net                       (25.247854 -66.102206 -1.3139891)             (0.35827438 1.5528084 -0.4632561)             (25.606129 -64.549398 -1.7772452)             (0.089544866 -0.23444025 -0.0046602367)       (0.0012706676 0.0055072412 -0.0016429992)     (0.090815534 -0.22893301 -0.006303236)       

Moments - Moment Center (0 0 0.05) Moment Axis (0 1 0)
                          Moments [N m]                                   Coefficients                                   
Zone                      Pressure        Viscous         Total           Pressure        Viscous         Total          
jidi                      -22.924344      0.00033467405   -22.92401       -0.081304229    1.1869659e-06   -0.081303042   
jishen                    -230.63433      -0.073505076    -230.70784      -0.81797527     -0.00026069551  -0.81823596    
jitou                     541.88431       -0.0039125023   541.8804        1.9218646       -1.3876209e-05  1.9218507      
liangan                   648.03458       0.13351418      648.16809       2.2983406       0.00047352577   2.2988142      
waiyi                     -46.182309      0.63718729      -45.545122      -0.16379169     0.0022598693    -0.16153182    
weiyi                     -710.13554      0.38694067      -709.7486       -2.5185899      0.0013723364    -2.5172176     
xiaoyi                    56.010879       0.040016904     56.050896       0.19865002      0.00014192526   0.19879194     
youfuyi                   -2.5578102      0.01598163      -2.5418286      -0.0090716134   5.6680973e-05   -0.0090149324  
youweiduo                 -14.717         -0.016870356    -14.73387       -0.052195793    -5.9832955e-05  -0.052255626   
zhongyangyi               -279.70505      0.34971973      -279.35533      -0.99201108     0.0012403274    -0.99077075    
zuofuyi                   -2.4920078      0.016862459     -2.4751454      -0.0088382364   5.9804949e-05   -0.0087784315  
zuoweiduo                 -2.6835808      0.066538831     -2.617042       -0.0095176756   0.00023598879   -0.0092816868  
------------------------- --------------- --------------- --------------- --------------- --------------- ---------------
Net                       -66.102206      1.5528084       -64.549398      -0.23444025     0.0055072412    -0.22893301    
