                                    "Force Report"

Moments - Moment Center (0 0 0.05)
                          Moments [N m]                                                                                                                             Coefficients                                                                                                                             
Zone                      Pressure                                      Viscous                                       Total                                         Pressure                                      Viscous                                       Total                                        
jidi                      (8.9181332e-09 -22.901953 0.010826359)        (3.6354865e-05 0.0021984666 -0.00020812442)   (3.6363784e-05 -22.899755 0.010618234)        (3.1629343e-11 -0.081224816 3.8397118e-05)    (1.2893735e-07 7.7971535e-06 -7.3814089e-07)  (1.2896898e-07 -0.081217019 3.7658978e-05)   
jishen                    (0.52601186 -232.12785 2.2688829)             (-0.039976044 -0.1042886 -0.019068422)        (0.48603581 -232.23213 2.2498145)             (0.0018655708 -0.82327221 0.0080468944)       (-0.00014178034 -0.00036987337 -6.7628689e-05) (0.0017237905 -0.82364208 0.0079792657)      
jitou                     (-1.2562992 528.78493 12.234945)              (-0.014441626 -0.14332707 0.15844347)         (-1.2707408 528.6416 12.393389)               (-0.0044556317 1.8754059 0.043392857)         (-5.1219144e-05 -0.00050832847 0.00056194079) (-0.0045068508 1.8748976 0.043954798)        
liangan                   (1.0470531 644.95248 -0.28609585)             (0.019191904 0.13065087 -0.0047485763)        (1.066245 645.08313 -0.29084443)              (0.0037135126 2.2874095 -0.0010146769)        (6.8066635e-05 0.00046337065 -1.6841456e-05)  (0.0037815792 2.2878729 -0.0010315184)       
waiyi                     (14.611573 -54.825882 -2.3083812)             (0.10125222 0.48740112 -0.16844298)           (14.712825 -54.338481 -2.4768242)             (0.051821883 -0.19444727 -0.0081869802)       (0.00035910443 0.0017286327 -0.00059740536)   (0.052180987 -0.19271863 -0.0087843856)      
weiyi                     (-6.6179956 -651.59377 -19.636068)            (0.10377963 0.5187901 -0.28582032)            (-6.514216 -651.07498 -19.921888)             (-0.0234716 -2.3109638 -0.06964192)           (0.00036806823 0.0018399579 -0.0010136997)    (-0.023103531 -2.3091238 -0.070655619)       
xiaoyi                    (-1.1787561 55.985703 -0.86544797)            (0.018838107 0.044659386 -0.025096625)        (-1.159918 56.030362 -0.8905446)              (-0.0041806151 0.19856072 -0.0030694261)      (6.6811845e-05 0.00015839044 -8.9008511e-05)  (-0.0041138032 0.19871911 -0.0031584346)     
youfuyi                   (10.173608 -1.4959607 1.000318)               (-0.0010333663 0.021332779 -0.22166979)       (10.172574 -1.4746279 0.77864824)             (0.03608205 -0.0053056232 0.0035477607)       (-3.6649706e-06 7.5659531e-05 -0.00078618133) (0.036078385 -0.0052299637 0.0027615793)     
youweiduo                 (2.4050108 -13.65052 6.9772955)               (0.020913753 -0.01542322 -0.07870399)         (2.4259245 -13.665943 6.8985915)              (0.0085296899 -0.048413381 0.024745904)       (7.41734e-05 -5.4700495e-05 -0.00027913415)   (0.0086038633 -0.048468082 0.02446677)       
zhongyangyi               (13.067171 -290.51236 -0.43209569)            (0.05022486 0.26292199 -0.084552567)          (13.117395 -290.24944 -0.51664826)            (0.046344454 -1.0303407 -0.0015324847)        (0.00017812913 0.00093248773 -0.0002998769)   (0.046522583 -1.0294082 -0.0018323616)       
zuofuyi                   (-9.2107318 -1.378356 -0.94325808)            (0.014781406 0.021105464 0.1933188)           (-9.1959504 -1.3572506 -0.74993928)           (-0.032667083 -0.0048885225 -0.00334539)      (5.2424219e-05 7.4853327e-05 0.00068563077)   (-0.032614658 -0.0048136692 -0.0026597592)   
zuoweiduo                 (-0.13622246 -0.95355303 -0.66368675)         (0.023553165 0.082608812 -0.0071214413)       (-0.11266929 -0.87094422 -0.67080819)         (-0.00048313102 -0.0033819024 -0.0023538531)  (8.3534427e-05 0.00029298311 -2.5257136e-05)  (-0.00039959659 -0.0030889192 -0.0023791103) 
------------------------- --------------------------------------------- --------------------------------------------- --------------------------------------------- --------------------------------------------- --------------------------------------------- ---------------------------------------------
Net                       (23.430422 -39.717098 -2.642765)              (0.29712036 1.3086301 -0.54367056)            (23.727542 -38.408468 -3.1864356)             (0.083099101 -0.14086196 -0.0093729168)       (0.0010537768 0.0046412303 -0.0019281998)     (0.084152877 -0.13622073 -0.011301117)       

Moments - Moment Center (0 0 0.05) Moment Axis (0 1 0)
                          Moments [N m]                                   Coefficients                                   
Zone                      Pressure        Viscous         Total           Pressure        Viscous         Total          
jidi                      -22.901953      0.0021984666    -22.899755      -0.081224816    7.7971535e-06   -0.081217019   
jishen                    -232.12785      -0.1042886      -232.23213      -0.82327221     -0.00036987337  -0.82364208    
jitou                     528.78493       -0.14332707     528.6416        1.8754059       -0.00050832847  1.8748976      
liangan                   644.95248       0.13065087      645.08313       2.2874095       0.00046337065   2.2878729      
waiyi                     -54.825882      0.48740112      -54.338481      -0.19444727     0.0017286327    -0.19271863    
weiyi                     -651.59377      0.5187901       -651.07498      -2.3109638      0.0018399579    -2.3091238     
xiaoyi                    55.985703       0.044659386     56.030362       0.19856072      0.00015839044   0.19871911     
youfuyi                   -1.4959607      0.021332779     -1.4746279      -0.0053056232   7.5659531e-05   -0.0052299637  
youweiduo                 -13.65052       -0.01542322     -13.665943      -0.048413381    -5.4700495e-05  -0.048468082   
zhongyangyi               -290.51236      0.26292199      -290.24944      -1.0303407      0.00093248773   -1.0294082     
zuofuyi                   -1.378356       0.021105464     -1.3572506      -0.0048885225   7.4853327e-05   -0.0048136692  
zuoweiduo                 -0.95355303     0.082608812     -0.87094422     -0.0033819024   0.00029298311   -0.0030889192  
------------------------- --------------- --------------- --------------- --------------- --------------- ---------------
Net                       -39.717098      1.3086301       -38.408468      -0.14086196     0.0046412303    -0.13622073    
