                                    "Force Report"

Moments - Moment Center (0 0 0.05)
                          Moments [N m]                                                                                                                             Coefficients                                                                                                                             
Zone                      Pressure                                      Viscous                                       Total                                         Pressure                                      Viscous                                       Total                                        
jidi                      (-2.1619057e-08 -22.911091 -0.00089175607)    (6.0765908e-05 0.0006304346 0.0015215492)     (6.0744288e-05 -22.910461 0.00062979313)      (-7.6674854e-11 -0.081257226 -3.1627313e-06)  (2.1551435e-07 2.23592e-06 5.3963762e-06)     (2.1543768e-07 -0.08125499 2.2336449e-06)    
jishen                    (0.27513965 -231.44419 2.2499147)             (-0.025754351 -0.078486912 -0.014080131)      (0.2493853 -231.52268 2.2358346)              (0.0009758193 -0.82084753 0.0079796211)       (-9.1341223e-05 -0.00027836425 -4.9937052e-05) (0.00088447807 -0.8211259 0.007929684)       
jitou                     (-0.87115202 538.60044 8.5546109)             (-0.0094365858 -0.038336686 0.10723685)       (-0.8805886 538.5621 8.6618478)               (-0.0030896562 1.9102179 0.030340063)         (-3.3468104e-05 -0.00013596614 0.00038032972) (-0.0031231243 1.910082 0.030720392)         
liangan                   (0.81278719 646.29306 -0.055095929)           (0.015130932 0.11598996 -0.0048827143)        (0.82791812 646.40905 -0.059978643)           (0.0028826576 2.2921641 -0.00019540502)       (5.3663857e-05 0.00041137377 -1.7317194e-05)  (0.0029363215 2.2925755 -0.00021272222)      
waiyi                     (7.7653536 -47.536487 -0.11554479)            (0.063801245 0.62968212 -0.061058998)         (7.8291549 -46.906805 -0.17660378)            (0.027540857 -0.16859446 -0.00040979492)      (0.00022627958 0.0022332512 -0.00021655384)   (0.027767137 -0.16636121 -0.00062634876)     
weiyi                     (-2.7257763 -694.5751 -9.6537067)             (0.07120418 0.46426663 -0.22548816)           (-2.6545722 -694.11083 -9.8791949)            (-0.0096673275 -2.4634027 -0.034238152)       (0.00025253507 0.0016465832 -0.00079972369)   (-0.0094147924 -2.4617562 -0.035037876)      
xiaoyi                    (4.0358381 55.93128 -0.54067459)              (0.046095373 0.039906377 -0.031889456)        (4.0819335 55.971186 -0.57256405)             (0.014313635 0.1983677 -0.0019175742)         (0.00016348336 0.00014153326 -0.00011310019)  (0.014477119 0.19850924 -0.0020306744)       
youfuyi                   (16.194077 -2.3413942 0.92608258)             (0.0216435 0.018080749 -0.2199226)            (16.215721 -2.3233135 0.70615998)             (0.057434445 -0.0083040652 0.0032844748)      (7.6761543e-05 6.4125775e-05 -0.00077998468)  (0.057511206 -0.0082399394 0.0025044901)     
youweiduo                 (2.5942249 -15.250741 7.8613341)              (0.015713948 -0.0022091452 -0.072214987)      (2.6099389 -15.25295 7.7891191)               (0.0092007629 -0.054088776 0.027881265)       (5.5731602e-05 -7.8350265e-06 -0.00025612004) (0.0092564945 -0.054096611 0.027625145)      
zhongyangyi               (6.8028314 -282.49264 0.22896136)             (0.036794548 0.34389485 -0.019031928)         (6.8396259 -282.14875 0.20992943)             (0.024127144 -1.0018976 0.00081204184)        (0.00013049675 0.0012196687 -6.7499259e-05)   (0.024257641 -1.000678 0.00074454258)        
zuofuyi                   (-15.787864 -2.2991031 -0.91499896)           (-0.012155993 0.018879295 0.20935703)         (-15.80002 -2.2802238 -0.70564193)            (-0.055993753 -0.0081540741 -0.0032451652)    (-4.3112844e-05 6.6957925e-05 0.0007425125)   (-0.056036866 -0.0080871162 -0.0025026527)   
zuoweiduo                 (-0.18422729 -1.8354372 -1.1874759)           (0.014036117 0.065101525 0.016890334)         (-0.17019117 -1.7703357 -1.1705856)           (-0.00065338653 -0.0065096217 -0.004211541)   (4.978095e-05 0.0002308912 5.990381e-05)      (-0.00060360558 -0.0062787305 -0.0041516372) 
------------------------- --------------------------------------------- --------------------------------------------- --------------------------------------------- --------------------------------------------- --------------------------------------------- ---------------------------------------------
Net                       (18.911233 -59.861404 7.352515)               (0.23713368 1.5773992 -0.31356321)            (19.148367 -58.284005 7.0389518)              (0.067071197 -0.21230641 0.02607667)          (0.00084102606 0.0055944556 -0.0011120935)    (0.067912223 -0.20671196 0.024964577)        

Moments - Moment Center (0 0 0.05) Moment Axis (0 1 0)
                          Moments [N m]                                   Coefficients                                   
Zone                      Pressure        Viscous         Total           Pressure        Viscous         Total          
jidi                      -22.911091      0.0006304346    -22.910461      -0.081257226    2.23592e-06     -0.08125499    
jishen                    -231.44419      -0.078486912    -231.52268      -0.82084753     -0.00027836425  -0.8211259     
jitou                     538.60044       -0.038336686    538.5621        1.9102179       -0.00013596614  1.910082       
liangan                   646.29306       0.11598996      646.40905       2.2921641       0.00041137377   2.2925755      
waiyi                     -47.536487      0.62968212      -46.906805      -0.16859446     0.0022332512    -0.16636121    
weiyi                     -694.5751       0.46426663      -694.11083      -2.4634027      0.0016465832    -2.4617562     
xiaoyi                    55.93128        0.039906377     55.971186       0.1983677       0.00014153326   0.19850924     
youfuyi                   -2.3413942      0.018080749     -2.3233135      -0.0083040652   6.4125775e-05   -0.0082399394  
youweiduo                 -15.250741      -0.0022091452   -15.25295       -0.054088776    -7.8350265e-06  -0.054096611   
zhongyangyi               -282.49264      0.34389485      -282.14875      -1.0018976      0.0012196687    -1.000678      
zuofuyi                   -2.2991031      0.018879295     -2.2802238      -0.0081540741   6.6957925e-05   -0.0080871162  
zuoweiduo                 -1.8354372      0.065101525     -1.7703357      -0.0065096217   0.0002308912    -0.0062787305  
------------------------- --------------- --------------- --------------- --------------- --------------- ---------------
Net                       -59.861404      1.5773992       -58.284005      -0.21230641     0.0055944556    -0.20671196    
