                                    "Force Report"

Moments - Moment Center (0 0 0.05)
                          Moments [N m]                                                                                                                             Coefficients                                                                                                                             
Zone                      Pressure                                      Viscous                                       Total                                         Pressure                                      Viscous                                       Total                                        
jidi                      (-9.8636501e-09 -22.887955 0.00032729614)     (-8.096711e-05 0.00075304394 -0.000809415)    (-8.0976973e-05 -22.887202 -0.00048211885)    (-3.4982744e-11 -0.081175169 1.1607992e-06)   (-2.871606e-07 2.6707702e-06 -2.8706977e-06)  (-2.8719558e-07 -0.081172499 -1.7098985e-06) 
jishen                    (0.18177079 -232.25634 1.2905573)             (-0.013275398 -0.083421155 -0.0084677021)     (0.16849539 -232.33976 1.2820896)             (0.00064467424 -0.82372792 0.0045771328)      (-4.7082961e-05 -0.0002958642 -3.0031829e-05) (0.00059759128 -0.82402378 0.0045471009)     
jitou                     (-0.44140642 535.20436 4.3274904)             (-0.0047553414 -0.073944505 0.05366746)       (-0.44616176 535.13042 4.3811579)             (-0.0015655064 1.8981733 0.015348019)         (-1.6865449e-05 -0.000262254 0.00019033877)   (-0.0015823719 1.897911 0.015538358)         
liangan                   (0.42238144 645.37956 0.1451372)              (0.0094523064 0.10058081 0.012520928)         (0.43183375 645.48015 0.15765813)             (0.0014980318 2.2889243 0.00051474833)        (3.3523859e-05 0.00035672318 4.4407133e-05)   (0.0015315557 2.289281 0.00055915547)        
waiyi                     (4.6327661 -49.551912 -0.21681435)            (0.033141463 0.58388176 -0.078752463)         (4.6659075 -48.968031 -0.29556681)            (0.01643072 -0.17574243 -0.00076896085)       (0.0001175406 0.0020708141 -0.00027930606)    (0.01654826 -0.17367162 -0.0010482669)       
weiyi                     (0.88199226 -677.99306 2.5730465)             (0.037574355 0.52373619 -0.091614546)         (0.91956662 -677.46933 2.481432)              (0.0031281026 -2.4045924 0.009125651)         (0.00013326244 0.0018574999 -0.00032492314)   (0.003261365 -2.4027349 0.0088007279)        
xiaoyi                    (1.2386279 55.874838 -0.27514506)             (0.017542383 0.039970209 -0.017108508)        (1.2561703 55.914808 -0.29225357)             (0.0043929581 0.19816753 -0.00097583848)      (6.221639e-05 0.00014175965 -6.0677594e-05)   (0.0044551745 0.19830929 -0.0010365161)      
youfuyi                   (14.554072 -2.1121777 0.9634612)              (0.010946058 0.020435417 -0.22895093)         (14.565018 -2.0917422 0.73451027)             (0.051617948 -0.0074911184 0.003417043)       (3.8821646e-05 7.2476919e-05 -0.00081200484)  (0.051656769 -0.0074186414 0.0026050381)     
youweiduo                 (2.5505078 -15.467499 7.9767303)              (0.0075421122 0.01046941 -0.050146489)        (2.5580499 -15.45703 7.9265838)               (0.0090457145 -0.054857538 0.028290532)       (2.6749102e-05 3.7131154e-05 -0.00017785118)  (0.0090724636 -0.054820407 0.028112681)      
zhongyangyi               (3.4673638 -285.92928 -0.091827228)           (0.019263269 0.32717254 -0.011093292)         (3.4866271 -285.60211 -0.10292052)            (0.012297466 -1.0140861 -0.00032567745)       (6.8319741e-05 0.0011603608 -3.9343833e-05)   (0.012365786 -1.0129258 -0.00036502128)      
zuofuyi                   (-14.320437 -2.0839988 -0.93833217)           (-0.0063528859 0.020704997 0.22353907)        (-14.32679 -2.0632938 -0.7147931)             (-0.05078933 -0.0073911784 -0.0033279196)     (-2.2531353e-05 7.3433019e-05 0.00079281098)  (-0.050811861 -0.0073177454 -0.0025351086)   
zuoweiduo                 (-0.067107698 -0.87834778 -0.6464687)         (0.009448936 0.061565191 0.035113563)         (-0.057658762 -0.81678259 -0.61135513)        (-0.00023800636 -0.003115177 -0.002292787)    (3.3511906e-05 0.00021834912 0.00012453491)   (-0.00020449445 -0.0028968279 -0.0021682521) 
------------------------- --------------------------------------------- --------------------------------------------- --------------------------------------------- --------------------------------------------- --------------------------------------------- ---------------------------------------------
Net                       (13.100531 -52.701803 15.108163)              (0.12044629 1.5319039 -0.16210232)            (13.220977 -51.169899 14.94606)               (0.046462772 -0.18691394 0.053583104)         (0.00042717875 0.0054331005 -0.00057491738)   (0.04688995 -0.18148084 0.053008187)         

Moments - Moment Center (0 0 0.05) Moment Axis (0 1 0)
                          Moments [N m]                                   Coefficients                                   
Zone                      Pressure        Viscous         Total           Pressure        Viscous         Total          
jidi                      -22.887955      0.00075304394   -22.887202      -0.081175169    2.6707702e-06   -0.081172499   
jishen                    -232.25634      -0.083421155    -232.33976      -0.82372792     -0.0002958642   -0.82402378    
jitou                     535.20436       -0.073944505    535.13042       1.8981733       -0.000262254    1.897911       
liangan                   645.37956       0.10058081      645.48015       2.2889243       0.00035672318   2.289281       
waiyi                     -49.551912      0.58388176      -48.968031      -0.17574243     0.0020708141    -0.17367162    
weiyi                     -677.99306      0.52373619      -677.46933      -2.4045924      0.0018574999    -2.4027349     
xiaoyi                    55.874838       0.039970209     55.914808       0.19816753      0.00014175965   0.19830929     
youfuyi                   -2.1121777      0.020435417     -2.0917422      -0.0074911184   7.2476919e-05   -0.0074186414  
youweiduo                 -15.467499      0.01046941      -15.45703       -0.054857538    3.7131154e-05   -0.054820407   
zhongyangyi               -285.92928      0.32717254      -285.60211      -1.0140861      0.0011603608    -1.0129258     
zuofuyi                   -2.0839988      0.020704997     -2.0632938      -0.0073911784   7.3433019e-05   -0.0073177454  
zuoweiduo                 -0.87834778     0.061565191     -0.81678259     -0.003115177    0.00021834912   -0.0028968279  
------------------------- --------------- --------------- --------------- --------------- --------------- ---------------
Net                       -52.701803      1.5319039       -51.169899      -0.18691394     0.0054331005    -0.18148084    
