                                    "Force Report"

Moments - Moment Center (0 0 0.05)
                          Moments [N m]                                                                                                                             Coefficients                                                                                                                             
Zone                      Pressure                                      Viscous                                       Total                                         Pressure                                      Viscous                                       Total                                        
jidi                      (-3.1158394e-08 -22.888869 0.0043944019)      (5.8082878e-06 0.00083639977 -3.3488902e-05)  (5.7771294e-06 -22.888032 0.004360913)        (-1.1050738e-10 -0.08117841 1.558533e-05)     (2.0599863e-08 2.9664028e-06 -1.1877283e-07)  (2.0489356e-08 -0.081175443 1.5466557e-05)   
jishen                    (0.3684833 -232.82689 2.2005744)              (-0.02690704 -0.10248636 -0.017690359)        (0.34157626 -232.92938 2.1828841)             (0.0013068749 -0.82575146 0.0078046292)       (-9.5429386e-05 -0.00036348146 -6.2741206e-05) (0.0012114455 -0.82611495 0.007741888)       
jitou                     (-0.86076631 528.55328 8.4056032)             (-0.0096381684 -0.14551838 0.10628972)        (-0.87040448 528.40777 8.5118929)             (-0.0030528219 1.8745844 0.029811587)         (-3.4183043e-05 -0.00051610026 0.00037697058) (-0.003087005 1.8740683 0.030188558)         
liangan                   (0.63230215 644.22494 -0.27887416)            (0.012191483 0.1206827 0.014718205)           (0.64449363 644.34563 -0.26415595)            (0.0022425435 2.2848293 -0.00098906421)       (4.3238712e-05 0.00042801721 5.2200066e-05)   (0.0022857822 2.2852573 -0.00093686414)      
waiyi                     (9.6100428 -55.055167 -1.5054553)             (0.066784896 0.49847279 -0.10489759)          (9.6768277 -54.556694 -1.6103529)             (0.034083292 -0.19526046 -0.005339297)        (0.0002368615 0.0017678999 -0.00037203324)    (0.034320153 -0.19349256 -0.0057113302)      
weiyi                     (-2.8538707 -649.99148 -8.357906)             (0.071535622 0.56284008 -0.1876447)           (-2.7823351 -649.42864 -8.5455507)            (-0.010121631 -2.305281 -0.029642423)         (0.00025371058 0.001996187 -0.00066550684)    (-0.0098679205 -2.3032849 -0.03030793)       
xiaoyi                    (-0.74411038 55.921406 -0.55407352)           (0.012522457 0.043512279 -0.019794172)        (-0.73158792 55.964918 -0.57386769)           (-0.0026390862 0.19833269 -0.0019650953)      (4.4412554e-05 0.00015432207 -7.0202657e-05)  (-0.0025946736 0.19848701 -0.0020352979)     
youfuyi                   (10.254709 -1.5077873 1.0305259)              (-0.0031075124 0.021374112 -0.21860169)       (10.251602 -1.4864131 0.81192417)             (0.036369688 -0.0053475676 0.0036548967)      (-1.1021205e-05 7.5806123e-05 -0.0007752999)  (0.036358666 -0.0052717615 0.0028795968)     
youweiduo                 (2.4663068 -14.409593 7.3675669)              (0.013334336 -9.9602326e-05 -0.063428629)     (2.4796412 -14.409692 7.3041383)              (0.0087470845 -0.051105532 0.026130054)       (4.7291994e-05 -3.5325287e-07 -0.00022495805) (0.0087943765 -0.051105886 0.025905096)      
zhongyangyi               (9.1106871 -292.41893 -0.55093147)            (0.036582419 0.27082826 -0.056834262)         (9.1472695 -292.14811 -0.60776573)            (0.032312261 -1.0371026 -0.0019539516)        (0.0001297444 0.00096052836 -0.00020157025)   (0.032442005 -1.036142 -0.0021555218)        
zuofuyi                   (-9.6764983 -1.444715 -0.9797207)             (0.01234176 0.021439847 0.2009525)            (-9.6641565 -1.4232751 -0.77876821)           (-0.034318985 -0.0051238733 -0.0034747095)    (4.377169e-05 7.6039262e-05 0.00071270469)    (-0.034275214 -0.005047834 -0.0027620048)    
zuoweiduo                 (-0.070929392 -0.53240259 -0.43692293)        (0.01815298 0.076282754 0.010770733)          (-0.052776412 -0.45611983 -0.4261522)         (-0.0002515605 -0.0018882364 -0.0015496052)   (6.4381953e-05 0.00027054691 3.8199833e-05)   (-0.00018717855 -0.0016176895 -0.0015114053) 
------------------------- --------------------------------------------- --------------------------------------------- --------------------------------------------- --------------------------------------------- --------------------------------------------- ---------------------------------------------
Net                       (18.236356 -42.376207 6.3447807)              (0.20379904 1.3681649 -0.33619375)            (18.440156 -41.008042 6.0085869)              (0.064677658 -0.15029284 0.022502607)         (0.00072280034 0.0048523783 -0.0011923558)    (0.065400458 -0.14544046 0.021310251)        

Moments - Moment Center (0 0 0.05) Moment Axis (0 1 0)
                          Moments [N m]                                   Coefficients                                   
Zone                      Pressure        Viscous         Total           Pressure        Viscous         Total          
jidi                      -22.888869      0.00083639977   -22.888032      -0.08117841     2.9664028e-06   -0.081175443   
jishen                    -232.82689      -0.10248636     -232.92938      -0.82575146     -0.00036348146  -0.82611495    
jitou                     528.55328       -0.14551838     528.40777       1.8745844       -0.00051610026  1.8740683      
liangan                   644.22494       0.1206827       644.34563       2.2848293       0.00042801721   2.2852573      
waiyi                     -55.055167      0.49847279      -54.556694      -0.19526046     0.0017678999    -0.19349256    
weiyi                     -649.99148      0.56284008      -649.42864      -2.305281       0.001996187     -2.3032849     
xiaoyi                    55.921406       0.043512279     55.964918       0.19833269      0.00015432207   0.19848701     
youfuyi                   -1.5077873      0.021374112     -1.4864131      -0.0053475676   7.5806123e-05   -0.0052717615  
youweiduo                 -14.409593      -9.9602326e-05  -14.409692      -0.051105532    -3.5325287e-07  -0.051105886   
zhongyangyi               -292.41893      0.27082826      -292.14811      -1.0371026      0.00096052836   -1.036142      
zuofuyi                   -1.444715       0.021439847     -1.4232751      -0.0051238733   7.6039262e-05   -0.005047834   
zuoweiduo                 -0.53240259     0.076282754     -0.45611983     -0.0018882364   0.00027054691   -0.0016176895  
------------------------- --------------- --------------- --------------- --------------- --------------- ---------------
Net                       -42.376207      1.3681649       -41.008042      -0.15029284     0.0048523783    -0.14544046    
