                                    "Force Report"

Moments - Moment Center (0 0 0.05)
                          Moments [N m]                                                                                                                             Coefficients                                                                                                                             
Zone                      Pressure                                      Viscous                                       Total                                         Pressure                                      Viscous                                       Total                                        
jidi                      (-1.2336324e-08 -22.907792 0.0017771818)      (2.1643706e-05 -0.00070499597 0.00049071329)  (2.1631369e-05 -22.908497 0.0022678951)       (-4.3752409e-11 -0.081245525 6.3030111e-06)   (7.6762274e-08 -2.5003618e-06 1.7403798e-06)  (7.6718522e-08 -0.081248025 8.0433909e-06)   
jishen                    (0.052937512 -229.03819 0.7571823)            (-0.010380442 -0.062673234 0.0011143556)      (0.04255707 -229.10086 0.75829666)            (0.00018774991 -0.81231433 0.0026854475)      (-3.6815616e-05 -0.00022227894 3.95221e-06)   (0.0001509343 -0.81253661 0.0026893997)      
jitou                     (-0.42270084 551.16622 4.1745371)             (-0.0045281841 0.095260994 0.053300504)       (-0.42722902 551.26148 4.2278376)             (-0.0014991646 1.9547841 0.01480555)          (-1.6059806e-05 0.00033785576 0.00018903731)  (-0.0015152244 1.955122 0.014994587)         
liangan                   (0.28229114 648.74927 0.094257692)            (0.0037091345 0.11770407 0.011471859)         (0.28600027 648.86697 0.10572955)             (0.001001183 2.3008754 0.00033429741)         (1.3154938e-05 0.00041745309 4.0686469e-05)   (0.0010143379 2.3012928 0.00037498388)       
waiyi                     (5.5878222 -45.140059 -0.69739491)            (0.036840459 0.5853823 -0.022417604)          (5.6246626 -44.554677 -0.71981252)            (0.019817953 -0.16009521 -0.0024734036)       (0.00013065958 0.002076136 -7.9507007e-05)    (0.019948612 -0.15801907 -0.0025529106)      
weiyi                     (-0.42783789 -762.1046 -0.56378425)           (0.024020487 0.26012852 -0.11379481)          (-0.4038174 -761.84448 -0.67757906)           (-0.0015173838 -2.7029051 -0.0019995356)      (8.5191844e-05 0.00092258033 -0.0004035884)   (-0.001432192 -2.7019825 -0.002403124)       
xiaoyi                    (5.551659 55.900842 -0.15499619)              (0.04902742 0.036613066 -0.01475498)          (5.6006864 55.937455 -0.16975117)             (0.019689695 0.19825976 -0.00054971454)       (0.00017388225 0.0001298531 -5.2330493e-05)   (0.019863577 0.19838961 -0.00060204503)      
youfuyi                   (24.56182 -3.5468381 0.15704376)              (0.048578579 0.0096853467 -0.17248808)        (24.610399 -3.5371527 -0.015444318)           (0.087111754 -0.012579332 0.00055697654)      (0.00017229038 3.4350367e-05 -0.00061175186)  (0.087284044 -0.012544982 -5.4775322e-05)    
youweiduo                 (2.6154963 -16.349057 8.6121339)              (0.0088770677 0.011128256 -0.05557582)        (2.6243733 -16.337929 8.556558)               (0.0092762046 -0.057984101 0.030544076)       (3.1483699e-05 3.9467838e-05 -0.00019710702)  (0.0093076883 -0.057944633 0.030346969)      
zhongyangyi               (4.1234764 -274.02552 0.78883957)             (0.0058869271 0.33039851 -0.021227481)        (4.1293634 -273.69512 0.76761209)             (0.014624456 -0.97186786 0.0027977242)        (2.0878768e-05 0.0011718022 -7.5286076e-05)   (0.014645335 -0.97069606 0.0027224381)       
zuofuyi                   (-23.289543 -3.3296645 0.083204888)           (-0.039429735 0.011618141 0.17355719)         (-23.328973 -3.3180463 0.25676207)            (-0.082599454 -0.011809097 0.00029509718)     (-0.00013984279 4.120528e-05 0.00061554359)   (-0.082739297 -0.011767892 0.00091064077)    
zuoweiduo                 (-0.32552717 -3.2451699 -2.0062141)           (0.0012909125 0.034557284 0.03953383)         (-0.32423626 -3.2106126 -1.9666803)           (-0.0011545253 -0.011509426 -0.0071153045)    (4.5783924e-06 0.00012256199 0.00014021197)   (-0.0011499469 -0.011386864 -0.0069750925)   
------------------------- --------------------------------------------- --------------------------------------------- --------------------------------------------- --------------------------------------------- --------------------------------------------- ---------------------------------------------
Net                       (18.309894 -103.87056 11.246587)              (0.12391427 1.4290983 -0.12079033)            (18.433808 -102.44147 11.125797)              (0.064938468 -0.36839074 0.039887513)         (0.0004394784 0.0050684866 -0.00042839892)    (0.065377946 -0.36332225 0.039459114)        

Moments - Moment Center (0 0 0.05) Moment Axis (0 1 0)
                          Moments [N m]                                   Coefficients                                   
Zone                      Pressure        Viscous         Total           Pressure        Viscous         Total          
jidi                      -22.907792      -0.00070499597  -22.908497      -0.081245525    -2.5003618e-06  -0.081248025   
jishen                    -229.03819      -0.062673234    -229.10086      -0.81231433     -0.00022227894  -0.81253661    
jitou                     551.16622       0.095260994     551.26148       1.9547841       0.00033785576   1.955122       
liangan                   648.74927       0.11770407      648.86697       2.3008754       0.00041745309   2.3012928      
waiyi                     -45.140059      0.5853823       -44.554677      -0.16009521     0.002076136     -0.15801907    
weiyi                     -762.1046       0.26012852      -761.84448      -2.7029051      0.00092258033   -2.7019825     
xiaoyi                    55.900842       0.036613066     55.937455       0.19825976      0.0001298531    0.19838961     
youfuyi                   -3.5468381      0.0096853467    -3.5371527      -0.012579332    3.4350367e-05   -0.012544982   
youweiduo                 -16.349057      0.011128256     -16.337929      -0.057984101    3.9467838e-05   -0.057944633   
zhongyangyi               -274.02552      0.33039851      -273.69512      -0.97186786     0.0011718022    -0.97069606    
zuofuyi                   -3.3296645      0.011618141     -3.3180463      -0.011809097    4.120528e-05    -0.011767892   
zuoweiduo                 -3.2451699      0.034557284     -3.2106126      -0.011509426    0.00012256199   -0.011386864   
------------------------- --------------- --------------- --------------- --------------- --------------- ---------------
Net                       -103.87056      1.4290983       -102.44147      -0.36839074     0.0050684866    -0.36332225    
