                                    "Force Report"

Forces
                          Forces [N]                                                                                                                                Coefficients                                                                                                                             
Zone                      Pressure                                      Viscous                                       Total                                         Pressure                                      Viscous                                       Total                                        
jidi                      (1144.7102 6.796806e-08 0.00043538641)        (2.593073e-08 -0.00022305135 0.0037619497)    (1144.7102 -0.00022298338 0.0041973361)       (1.4806333 8.7913757e-11 5.6315355e-07)       (3.3540282e-11 -2.8850731e-07 4.8659198e-06)  (1.4806333 -2.884194e-07 5.4290734e-06)      
jishen                    (9082.092 -0.0017541398 -12499.757)           (1.1458716 -0.00048038102 -0.014584701)       (9083.2379 -0.0022345208 -12499.771)          (11.747295 -2.2689043e-06 -16.167897)         (0.0014821356 -6.2135215e-07 -1.8864682e-05)  (11.748777 -2.8902564e-06 -16.167916)        
jitou                     (-11248.857 0.031734233 7.3495249)            (1.1603386 -0.00037716606 0.090582782)        (-11247.697 0.031357066 7.4401077)            (-14.549912 4.1046862e-05 0.0095062938)       (0.001500848 -4.8784805e-07 0.00011716492)    (-14.548411 4.0559014e-05 0.0096234587)      
liangan                   (-81.062265 -0.097354769 -3075.6797)          (1.1060216 -0.0024413991 0.025116691)         (-79.956243 -0.099796168 -3075.6546)          (-0.10485055 -0.0001259242 -3.9782592)        (0.0014305912 -3.1578445e-06 3.2487358e-05)   (-0.10341995 -0.00012908204 -3.9782267)      
waiyi                     (-142.17371 0.0049175798 1751.1729)           (4.4512242 7.0697639e-05 0.42632002)          (-137.72249 0.0049882775 1751.5992)           (-0.18389557 6.3606776e-06 2.2650667)         (0.0057574667 9.1444349e-08 0.00055142658)    (-0.1781381 6.452122e-06 2.2656181)          
weiyi                     (46.592018 -9.512134 509.6464)                (1.5811288 -0.012008404 -0.048797185)         (48.173147 -9.5241424 509.5976)               (0.060264768 -0.012303535 0.65920566)         (0.002045122 -1.5532354e-05 -6.3117055e-05)   (0.06230989 -0.012319068 0.65914254)         
xiaoyi                    (152.19553 0.0011358369 -369.96503)           (0.32589864 -0.00022311984 0.01674677)        (152.52143 0.0009127171 -369.94828)           (0.19685836 1.4691561e-06 -0.47853382)        (0.00042153584 -2.885959e-07 2.1661226e-05)   (0.1972799 1.1805602e-06 -0.47851216)        
youfuyi                   (-0.68243293 -0.53547081 14.73083)            (0.17049224 0.00099887867 0.021359682)        (-0.51194069 -0.53447193 14.75219)            (-0.00088269759 -0.00069260842 0.019053694)   (0.00022052437 1.2920065e-06 2.7627828e-05)   (-0.00066217322 -0.00069131641 0.019081322)  
youweiduo                 (2.0457463 -6.0879563 -10.605393)             (0.11061883 -0.01758326 -0.018370397)         (2.1563652 -6.1055396 -10.623763)             (0.0026460847 -0.0078745091 -0.013717619)     (0.00014308069 -2.2743189e-05 -2.3761317e-05) (0.0027891654 -0.0078972523 -0.01374138)     
zhongyangyi               (1051.2347 6.3573811e-05 14245.543)           (2.5912247 -0.00085592605 0.16955202)         (1053.826 -0.00079235224 14245.712)           (1.3597268 8.2229984e-08 18.425995)           (0.0033516375 -1.1071035e-06 0.00021930823)   (1.3630785 -1.0248735e-06 18.426215)         
zuofuyi                   (-0.67697783 0.53089741 14.76426)             (0.17100902 -0.0010925125 0.021246869)        (-0.50596881 0.5298049 14.785507)             (-0.00087564165 0.00068669292 0.019096935)    (0.0002211928 -1.4131178e-06 2.7481909e-05)   (-0.00065444885 0.0006852798 0.019124417)    
zuoweiduo                 (-0.97780661 0.055443145 -0.0055885081)       (0.15718583 0.005497356 -0.002637506)         (-0.82062078 0.060940501 -0.008226014)        (-0.0012647507 7.1713319e-05 -7.2284944e-06)  (0.0002033131 7.1105931e-06 -3.4115003e-06)   (-0.0010614376 7.8823912e-05 -1.0639995e-05) 
------------------------- --------------------------------------------- --------------------------------------------- --------------------------------------------- --------------------------------------------- --------------------------------------------- ---------------------------------------------
Net                       (4.4400072 -15.610478 587.19436)              (12.971014 -0.028718288 0.69029699)           (17.411021 -15.639196 587.88465)              (0.0057429579 -0.020191481 0.7595106)         (0.016777448 -3.7145868e-05 0.00089286942)    (0.022520406 -0.020228627 0.76040347)        

Forces - Direction Vector (0.99939086 0 0.034899497)
                          Forces [N]                                      Coefficients                                   
Zone                      Pressure        Viscous         Total           Pressure        Viscous         Total          
jidi                      1144.0128       0.00013131606   1144.013        1.4797313       1.6985167e-07   1.4797315      
jishen                    8640.3243       1.1446646       8641.4689       11.175887       0.0014805743    11.177368      
jitou                     -11241.748      1.1627931       -11240.585      -14.540717      0.0015040227    -14.539213     
liangan                   -188.35256      1.1062244       -187.24633      -0.24362591     0.0014308536    -0.24219506    
waiyi                     -80.972052      4.463391        -76.508661      -0.10473386     0.0057732039    -0.098960656   
weiyi                     64.350038       1.5784626       65.928501       0.083234001     0.0020416734    0.085275675    
xiaoyi                    139.19123       0.32628456      139.51751       0.18003785      0.00042203502   0.18045989     
youfuyi                   -0.16791867     0.17113382      0.003215155     -0.00021719556  0.00022135423   4.1586645e-06  
youweiduo                 1.6743773       0.10991033      1.7842876       0.0021657348    0.00014216427   0.0023078991   
zhongyangyi               1547.7566       2.5955635       1550.3522       2.0019565       0.0033572495    2.0053137      
zuofuyi                   -0.16130019     0.17164635      0.01034616      -0.00020863485  0.00022201716   1.3382312e-05  
zuoweiduo                 -0.977406       0.15699803      -0.82040796     -0.0012642325   0.00020307019   -0.0010611623  
------------------------- --------------- --------------- --------------- --------------- --------------- ---------------
Net                       24.930089       12.987204       37.917293       0.032245996     0.016798388     0.049044384    
