                                    "Force Report"

Forces
                          Forces [N]                                                                                                                                Coefficients                                                                                                                             
Zone                      Pressure                                      Viscous                                       Total                                         Pressure                                      Viscous                                       Total                                        
jidi                      (1145.046 9.5114255e-08 0.00043533038)        (2.9914111e-08 -0.00033125975 0.0046011015)   (1145.046 -0.00033116464 0.0050364319)        (1.4810677 1.2302619e-10 5.6308109e-07)       (3.8692613e-11 -4.2847022e-07 5.9513265e-06)  (1.4810677 -4.2834719e-07 6.5144076e-06)     
jishen                    (9084.6885 0.0077771117 -12498.252)           (1.1368531 -0.00051576396 0.019990007)        (9085.8253 0.0072613478 -12498.232)           (11.750653 1.0059359e-05 -16.165951)          (0.0014704705 -6.6711845e-07 2.5856212e-05)   (11.752124 9.3922404e-06 -16.165925)         
jitou                     (-11254.306 0.026097217 17.498113)            (1.1471418 -0.00038668653 0.19414336)         (-11253.159 0.025710531 17.692256)            (-14.55696 3.3755626e-05 0.022633055)         (0.0014837785 -5.0016237e-07 0.00025111607)   (-14.555477 3.3255463e-05 0.022884171)       
liangan                   (-81.12576 -0.17461621 -3072.2847)            (1.1782142 -0.0028874862 0.072618038)         (-79.947546 -0.17750369 -3072.2121)           (-0.10493267 -0.00022585854 -3.9738679)       (0.0015239693 -3.734839e-06 9.3928303e-05)    (-0.10340871 -0.00022959338 -3.9737739)      
waiyi                     (-174.39661 0.0084710534 1888.7975)           (4.1557229 9.1547856e-06 0.7101273)           (-170.24089 0.0084802082 1889.5076)           (-0.2255745 1.0956943e-05 2.4430781)          (0.0053752485 1.1841321e-08 0.00091851906)    (-0.22019925 1.0968784e-05 2.4439967)        
weiyi                     (46.359863 -9.8309085 539.67162)              (1.5383622 -0.013680042 0.018151313)          (47.898226 -9.8445885 539.68977)              (0.059964486 -0.012715856 0.69804199)         (0.0019898053 -1.7694544e-05 2.3477941e-05)   (0.061954291 -0.012733551 0.69806546)        
xiaoyi                    (153.1363 0.001115327 -368.42161)             (0.34669241 -0.00025152994 0.045686523)       (153.48299 0.00086379704 -368.37592)          (0.1980752 1.4426274e-06 -0.47653748)         (0.0004484317 -3.2534314e-07 5.9093549e-05)   (0.19852364 1.1172843e-06 -0.47647838)       
youfuyi                   (-0.25417916 -0.61226339 17.589223)           (0.15555309 0.0055664913 0.030706137)         (-0.098626077 -0.6066969 17.619929)           (-0.0003287698 -0.00079193631 0.022750902)    (0.00020120121 7.2000166e-06 3.9717065e-05)   (-0.00012756858 -0.00078473629 0.022790619)  
youweiduo                 (1.8815517 -5.594557 -9.7268783)              (0.10465962 -0.024581083 -0.013416171)        (1.9862113 -5.6191381 -9.7402945)             (0.0024337061 -0.0072363184 -0.012581298)     (0.00013537271 -3.1794571e-05 -1.735324e-05)  (0.0025690788 -0.0072681129 -0.012598651)    
zhongyangyi               (1035.3772 0.0002778495 14323.761)            (2.3851617 -0.00066005622 0.32697075)         (1037.7623 -0.00038220672 14324.088)          (1.3392157 3.5938636e-07 18.527167)           (0.0030851039 -8.5375428e-07 0.00042292257)   (1.3423008 -4.9436792e-07 18.52759)          
zuofuyi                   (-0.24543625 0.60540358 17.66359)             (0.1564003 -0.006460729 0.030459673)          (-0.089035955 0.59894285 17.694049)           (-0.00031746121 0.00078306344 0.022847092)    (0.00020229704 -8.3566745e-06 3.9398275e-05)  (-0.00011516417 0.00077470677 0.02288649)    
zuoweiduo                 (-0.92214349 -0.44289472 0.82295179)          (0.15245538 0.0078194971 0.0037595546)        (-0.76968811 -0.43507523 0.82671135)          (-0.0011927529 -0.00057286524 0.0010644527)   (0.00019719446 1.0114183e-05 4.8628218e-06)   (-0.0009955584 -0.00056275106 0.0010693155)  
------------------------- --------------------------------------------- --------------------------------------------- --------------------------------------------- --------------------------------------------- --------------------------------------------- ---------------------------------------------
Net                       (-44.761133 -16.006098 857.11868)             (12.457217 -0.036359493 1.4437976)            (-32.303916 -16.042457 858.56247)             (-0.057896597 -0.020703197 1.1086461)         (0.016112873 -4.7029437e-05 0.00186749)       (-0.041783723 -0.020750227 1.1105136)        

Forces - Direction Vector (0.99452222 0 0.10452846)
                          Forces [N]                                      Coefficients                                   
Zone                      Pressure        Viscous         Total           Pressure        Viscous         Total          
jidi                      1138.7734       0.00048097566   1138.7739       1.4729543       6.221213e-07    1.4729549      
jishen                    7728.4989       1.1327148       7729.6317       9.9964803       0.0014651178    9.9979455      
jitou                     -11190.825      1.1611512       -11189.664      -14.47485       0.001501899     -14.473348     
liangan                   -401.82244      1.1793504       -400.64309      -0.51974001     0.001525439     -0.51821457    
waiyi                     23.991784       4.2071859       28.19897        0.031032339     0.0054418137    0.036474153    
weiyi                     102.51693       1.5318323       104.04876       0.13260123      0.001981359     0.13458259     
xiaoyi                    113.78687       0.34956874      114.13644       0.14717841      0.0004521521    0.14763057     
youfuyi                   1.5857871       0.15791062      1.7436978       0.0020511473    0.00020425058   0.0022553979   
youweiduo                 0.85450906      0.10268392      0.95719298      0.0011052706    0.00013281722   0.0012380879   
zhongyangyi               2526.9455       2.4062733       2529.3517       3.2684951       0.0031124109    3.2716075      
zuofuyi                   1.6022556       0.15872742      1.760983        0.0020724485    0.00020530708   0.0022777556   
zuoweiduo                 -0.83107004     0.15201319      -0.67905684     -0.0010749533   0.00019662252   -0.00087833077 
------------------------- --------------- --------------- --------------- --------------- --------------- ---------------
Net                       45.077342       12.539893       57.617235       0.0583056       0.016219811     0.074525411    
