                                    "Force Report"

Forces
                          Forces [N]                                                                                                                                Coefficients                                                                                                                             
Zone                      Pressure                                      Viscous                                       Total                                         Pressure                                      Viscous                                       Total                                        
jidi                      (1144.9102 7.9484919e-08 0.00043536684)       (2.9014294e-08 -0.00025853772 0.0045916272)   (1144.9102 -0.00025845823 0.005026994)        (1.480892 1.0281032e-10 5.6312824e-07)        (3.7528739e-11 -3.3440739e-07 5.9390719e-06)  (1.480892 -3.3430458e-07 6.5022001e-06)      
jishen                    (9083.4864 0.0048612839 -12499.192)           (1.133249 -0.0004805405 0.0033275703)         (9084.6197 0.0043807434 -12499.189)           (11.749098 6.2878613e-06 -16.167166)          (0.0014658087 -6.2155843e-07 4.3040688e-06)   (11.750564 5.6663029e-06 -16.167162)         
jitou                     (-11251.676 0.030941059 12.538441)            (1.1540836 -0.00035228415 0.14299468)         (-11250.522 0.030588775 12.681435)            (-14.553558 4.0020927e-05 0.016217932)        (0.0014927574 -4.5566437e-07 0.00018495745)   (-14.552065 3.9565263e-05 0.01640289)        
liangan                   (-81.086769 -0.14158965 -3074.1086)           (1.1398817 -0.0027214534 0.048297067)         (-79.946887 -0.1443111 -3074.0603)            (-0.10488224 -0.0001831401 -3.976227)         (0.0014743878 -3.5200826e-06 6.2470175e-05)   (-0.10340785 -0.00018666019 -3.9761645)      
waiyi                     (-156.70415 0.011578954 1824.2375)            (4.3742344 4.5849428e-06 0.57710112)          (-152.32992 0.011583539 1824.8146)            (-0.20269007 1.4976878e-05 2.3595726)         (0.0056578837 5.9304259e-09 0.00074645542)    (-0.19703219 1.4982808e-05 2.3603191)        
weiyi                     (46.804007 -9.682682 524.1916)                (1.5683737 -0.013010772 -0.016339878)         (48.372381 -9.6956928 524.17526)              (0.060538967 -0.012524132 0.67801925)         (0.0020286238 -1.6828873e-05 -2.1134929e-05)  (0.062567591 -0.012540961 0.67799811)        
xiaoyi                    (152.67727 0.00079942007 -369.21361)          (0.33594973 -0.00023888279 0.03078133)        (153.01322 0.00056053728 -369.18283)          (0.19748148 1.0340154e-06 -0.4775619)         (0.00043453649 -3.0898459e-07 3.9814324e-05)  (0.19791601 7.2503081e-07 -0.47752208)       
youfuyi                   (-0.5002044 -0.57820803 16.077541)            (0.16096792 0.002598025 0.026684322)          (-0.33923648 -0.57561 16.104225)              (-0.00064699284 -0.00074788717 0.020795607)   (0.00020820507 3.3604334e-06 3.451502e-05)    (-0.00043878777 -0.00074452674 0.020830122)  
youweiduo                 (1.9904682 -5.8787136 -10.227823)             (0.10867948 -0.021174637 -0.015872527)        (2.0991477 -5.8998883 -10.243696)             (0.0025745848 -0.0076038628 -0.013229249)     (0.00014057222 -2.738848e-05 -2.0530429e-05)  (0.002715157 -0.0076312512 -0.013249779)     
zhongyangyi               (1043.9218 0.00020072693 14288.373)           (2.540295 -0.00092123152 0.24859855)          (1046.4621 -0.00072050459 14288.622)          (1.3502679 2.5963164e-07 18.481395)           (0.0032857621 -1.1915733e-06 0.00032155151)   (1.3535537 -9.3194163e-07 18.481716)         
zuofuyi                   (-0.49304327 0.56828741 16.13233)             (0.16174953 -0.0030088477 0.026583294)        (-0.33129374 0.56527856 16.158914)            (-0.00063773022 0.00073505527 0.020866474)    (0.00020921605 -3.8918149e-06 3.4384346e-05)  (-0.00042851418 0.00073116346 0.020900859)   
zuoweiduo                 (-0.95355877 -0.18368047 0.39197088)          (0.15621212 0.0066986236 0.00038040365)       (-0.79734665 -0.17698185 0.39235129)          (-0.0012333872 -0.00023758278 0.00050699745)  (0.00020205365 8.6643809e-06 4.9203572e-07)   (-0.0010313335 -0.0002289184 0.00050748948)  
------------------------- --------------------------------------------- --------------------------------------------- --------------------------------------------- --------------------------------------------- --------------------------------------------- ---------------------------------------------
Net                       (-17.623585 -15.848205 729.20093)             (12.833676 -0.032865953 1.0771276)            (-4.789909 -15.881071 730.27806)              (-0.022795348 -0.02049897 0.94318998)         (0.016599807 -4.2510694e-05 0.0013932181)     (-0.0061955409 -0.020541481 0.9445832)       

Forces - Direction Vector (0.99756419 0 0.069756474)
                          Forces [N]                                      Coefficients                                   
Zone                      Pressure        Viscous         Total           Pressure        Viscous         Total          
jidi                      1142.1213       0.00032032462   1142.1216       1.4772846       4.1432609e-07   1.4772851      
jishen                    8189.4601       1.1307206       8190.5908       10.592714       0.0014625383    10.594176      
jitou                     -11223.393      1.1612471       -11222.232      -14.516975      0.0015020231    -14.515473     
liangan                   -295.32819      1.140474        -294.18771      -0.38199429     0.001475154     -0.38051913    
waiyi                     -29.070072      4.4038356       -24.666237      -0.037600886    0.0056961715    -0.031904714   
weiyi                     83.255748       1.5634134       84.819161       0.10768772      0.0020222079    0.10970993     
xiaoyi                    126.55032       0.33727857      126.8876        0.16368739      0.00043625529   0.16412365     
youfuyi                   0.62252649      0.16243722      0.78496371      0.00080521119   0.00021010554   0.0010153167   
youweiduo                 1.2721627       0.10730753      1.3794702       0.0016454876    0.00013879767   0.0017842853   
zhongyangyi               2038.0853       2.5514483       2040.6367       2.6361755       0.0033001884    2.6394757      
zuofuyi                   0.63349208      0.16320987      0.79670195      0.00081939471   0.00021110494   0.0010304996   
zuoweiduo                 -0.92389345     0.15585814      -0.76803531     -0.0011950164   0.00020159578   -0.00099342058 
------------------------- --------------- --------------- --------------- --------------- --------------- ---------------
Net                       33.285824       12.877551       46.163374       0.043053778     0.016656557     0.059710335    
