                                    "Force Report"

Forces
                          Forces [N]                                                                                                                                Coefficients                                                                                                                             
Zone                      Pressure                                      Viscous                                       Total                                         Pressure                                      Viscous                                       Total                                        
jidi                      (1143.8794 1.7329109e-07 0.00043472347)       (9.1336709e-09 -0.0017585395 0.00019357949)   (1143.8794 -0.0017583662 0.00062830296)       (1.4795588 2.2414455e-10 5.6229607e-07)       (1.181401e-11 -2.2745951e-06 2.5038673e-07)   (1.4795588 -2.2743709e-06 8.126828e-07)      
jishen                    (9079.2907 2.2971868 -12505.281)              (1.2557361 -0.099607447 -0.083836629)         (9080.5465 2.1975794 -12505.365)              (11.743671 0.0029713121 -16.175042)           (0.0016242405 -0.00012883794 -0.00010843907)  (11.745296 0.0028424742 -16.17515)           
jitou                     (-11242.914 -14.042067 -8.6487283)            (1.1681703 -0.16997367 -0.069073857)          (-11241.745 -14.212041 -8.7178021)            (-14.542224 -0.018162809 -0.011186757)        (0.001510978 -0.00021985362 -8.9344058e-05)   (-14.540713 -0.018382662 -0.011276101)       
liangan                   (-81.055807 -1.0457405 -3082.4394)            (1.1924204 -0.11795468 -0.076801255)          (-79.863386 -1.1636951 -3082.5162)            (-0.10484219 -0.0013526202 -3.9870025)        (0.0015423444 -0.0001525693 -9.9339114e-05)   (-0.10329985 -0.0015051895 -3.9871019)       
waiyi                     (-127.14136 -0.35157917 1500.364)             (3.8537722 -0.53851631 -0.028573423)          (-123.28759 -0.89009547 1500.3355)            (-0.16445187 -0.0004547525 1.9406562)         (0.0049846882 -0.00069654764 -3.6958492e-05)  (-0.15946719 -0.0011513001 1.9406193)        
weiyi                     (40.705741 -28.09866 469.38078)               (1.4261205 -0.19696556 -0.1252984)            (42.131862 -28.295626 469.25548)              (0.052651122 -0.036344406 0.60712381)         (0.0018446254 -0.00025476646 -0.00016206808)  (0.054495747 -0.036599172 0.60696174)        
xiaoyi                    (150.97732 -0.68946438 -372.75511)            (0.31047928 -0.040667529 -0.02573183)         (151.2878 -0.73013191 -372.78084)             (0.19528266 -0.00089179246 -0.48214267)       (0.00040159157 -5.2601696e-05 -3.3283014e-05) (0.19568425 -0.00094439416 -0.48217596)      
youfuyi                   (-0.84719205 -0.36353599 10.54803)            (0.18678346 -0.041250591 0.00019528839)       (-0.66040859 -0.40478658 10.548225)           (-0.0010958064 -0.00047021814 0.013643422)    (0.00024159636 -5.3355862e-05 2.5259712e-07)  (-0.00085421005 -0.000523574 0.013643675)    
youweiduo                 (2.0675037 -6.972937 -12.21112)               (0.11302613 -0.035671858 -0.010151283)        (2.1805298 -7.0086089 -12.221271)             (0.0026742269 -0.0090191936 -0.015794557)     (0.00014619443 -4.6140011e-05 -1.3130247e-05) (0.0028204213 -0.0090653336 -0.015807688)    
zhongyangyi               (1056.2544 -0.031636483 14093.741)            (2.2916937 -0.26674751 -0.062963558)          (1058.5461 -0.29838399 14093.678)             (1.3662195 -4.0920428e-05 18.229646)          (0.0029642071 -0.00034502641 -8.1440649e-05)  (1.3691837 -0.00038594684 18.229565)         
zuofuyi                   (-0.83565567 0.38435275 10.335704)            (0.19055222 -0.04241457 -0.00014993065)       (-0.64510346 0.34193818 10.335554)            (-0.0010808846 0.00049714372 0.013368788)     (0.00024647108 -5.4861418e-05 -1.9392883e-07) (-0.00083441352 0.00044228231 0.013368594)   
zuoweiduo                 (-1.0247385 0.3630178 -0.46870233)            (0.15761313 -0.025294626 -0.022757527)        (-0.86712541 0.33772317 -0.49145986)          (-0.0013254551 0.00046954788 -0.00060624627)  (0.0002038658 -3.2717508e-05 -2.943588e-05)   (-0.0011215893 0.00043683037 -0.00063568215) 
------------------------- --------------------------------------------- --------------------------------------------- --------------------------------------------- --------------------------------------------- --------------------------------------------- ---------------------------------------------
Net                       (19.356717 -48.551063 102.56603)              (12.146367 -1.5768229 -0.50494882)            (31.503084 -50.127886 102.06108)              (0.025037079 -0.062798708 0.13266474)         (0.015710803 -0.0020395525 -0.00065312954)    (0.040747882 -0.06483826 0.13201161)         

Forces - Direction Vector (0.98785583 -0.1391731 -0.069077609)
                          Forces [N]                                      Coefficients                                   
Zone                      Pressure        Viscous         Total           Pressure        Viscous         Total          
jidi                      1129.9879       0.00023137841   1129.9882       1.4615907       2.99278e-07     1.461591       
jishen                    9832.5454       1.2601401       9833.8056       12.717974       0.001629937     12.719604      
jitou                     -11103.826      1.1824111       -11102.644      -14.36232       0.0015293978    -14.360791     
liangan                   133.00163       1.1996608       134.20129       0.17203188      0.0015517096    0.17358359     
waiyi                     -229.18997      3.883892        -225.30607      -0.29644735     0.005023647     -0.2914237     
weiyi                     11.698279       1.444869        13.143148       0.01513122      0.0018688758    0.017000096    
xiaoyi                    174.98881       0.31414609      175.30296       0.22634049      0.00040633442   0.22674682     
youfuyi                   -1.5149419      0.19024262      -1.3246993      -0.001959512    0.00024607063   -0.0017134414  
youweiduo                 3.8563558       0.11731931      3.9736751       0.00498803      0.00015174748   0.0051397775   
zhongyangyi               69.869529       2.3053364       72.174866       0.090373225     0.0029818533    0.093355079    
zuofuyi                   -1.5929646      0.19415144      -1.3988132      -0.0020604311   0.00025112652   -0.0018093046  
zuoweiduo                 -1.0304394      0.16079142      -0.869648       -0.001332829    0.00020797677   -0.0011248522  
------------------------- --------------- --------------- --------------- --------------- --------------- ---------------
Net                       18.793631       12.253192       31.046823       0.024308752     0.015848976     0.040157727    
