                                    "Force Report"

Moments - Moment Center (0 0 0.05)
                          Moments [N m]                                                                                                                             Coefficients                                                                                                                             
Zone                      Pressure                                      Viscous                                       Total                                         Pressure                                      Viscous                                       Total                                        
jidi                      (5.4816145e-09 -22.926719 0.0094964561)       (7.128783e-07 -0.0034715481 0.0022159999)     (7.1835992e-07 -22.93019 0.011712456)         (1.9441273e-11 -0.081312649 3.3680442e-05)    (2.5283175e-09 -1.2312306e-05 7.8593376e-06)  (2.5477588e-09 -0.081324962 4.1539779e-05)   
jishen                    (-0.24525242 -232.44036 3.5458187)            (-0.026143798 -0.08468385 0.019745898)        (-0.27139622 -232.52504 3.5655646)            (-0.00086982026 -0.82438056 0.012575716)      (-9.2722447e-05 -0.00030034251 7.0031449e-05) (-0.0009625427 -0.82468091 0.012645748)      
jitou                     (-1.3038343 553.72587 12.887814)              (-0.014365077 0.14188663 0.16408849)          (-1.3181994 553.86775 13.051903)              (-0.0046242215 1.9638623 0.045708344)         (-5.0947653e-05 0.00050321975 0.00058196162)  (-0.0046751691 1.9643655 0.046290305)        
liangan                   (0.12011542 650.73504 -2.8205103)             (0.0078427733 0.1317468 1.5829774e-05)        (0.12795819 650.86679 -2.8204944)             (0.00042600527 2.3079182 -0.010003314)        (2.7815436e-05 0.00046725749 5.6142393e-08)   (0.0004538207 2.3083854 -0.010003258)        
waiyi                     (19.495136 -45.909799 -1.3417119)             (0.11406422 0.47535458 -0.10263272)           (19.6092 -45.434444 -1.4443446)               (0.069142087 -0.16282519 -0.0047585592)       (0.00040454389 0.0016859081 -0.00036400054)   (0.069546631 -0.16113929 -0.0051225597)      
weiyi                     (-12.274514 -717.01539 -39.930913)            (0.0887289 0.23158651 -0.39791749)            (-12.185785 -716.78381 -40.328831)            (-0.043533193 -2.5429902 -0.14162028)         (0.00031468882 0.00082135229 -0.0014112672)   (-0.043218504 -2.5421689 -0.14303155)        
xiaoyi                    (18.840558 55.763183 -1.5798043)              (0.14059921 0.034640687 -0.031398818)         (18.981157 55.797823 -1.6112031)              (0.066820538 0.19777153 -0.0056029854)        (0.00049865377 0.00012285779 -0.00011136008)  (0.067319191 0.19789439 -0.0057143455)       
youfuyi                   (29.520487 -4.1491885 -0.52273393)            (0.063510379 0.0076757453 -0.16798373)        (29.583998 -4.1415128 -0.69071766)            (0.10469833 -0.014715648 -0.0018539452)       (0.00022524799 2.7223049e-05 -0.00059577659)  (0.10492357 -0.014688425 -0.0024497218)      
youweiduo                 (-1.855797 11.506517 -6.9839449)              (0.021775482 0.01169836 -0.1192642)           (-1.8340216 11.518216 -7.1032091)             (-0.0065818305 0.04080939 -0.024769487)       (7.7229636e-05 4.1489787e-05 -0.00042298632)  (-0.0065046008 0.04085088 -0.025192474)      
zhongyangyi               (-0.39236305 -276.47729 -1.9477166)           (0.004110405 0.28797072 -0.016628859)         (-0.38825264 -276.18932 -1.9643455)           (-0.0013915676 -0.98056339 -0.0069078355)     (1.4578097e-05 0.0010213264 -5.8976455e-05)   (-0.0013769895 -0.97954206 -0.006966812)     
zuofuyi                   (-28.11555 -3.9910228 0.39016975)             (-0.04580359 0.0090018023 0.14874382)         (-28.161354 -3.982021 0.53891357)             (-0.09971553 -0.014154692 0.0013837888)       (-0.00016244851 3.1926086e-05 0.0005275397)   (-0.099877979 -0.014122766 0.0019113285)     
zuoweiduo                 (-0.40729221 -3.8844901 -2.4240287)           (0.010370823 0.040328536 0.0083683107)        (-0.39692138 -3.8441615 -2.4156604)           (-0.0014445159 -0.013776859 -0.0085971395)    (3.6781499e-05 0.0001430305 2.9679324e-05)    (-0.0014077344 -0.013633829 -0.0085674601)   
------------------------- --------------------------------------------- --------------------------------------------- --------------------------------------------- --------------------------------------------- --------------------------------------------- ---------------------------------------------
Net                       (23.381693 -35.063649 -40.718065)             (0.36469044 1.283735 -0.49264746)             (23.746383 -33.779914 -41.210712)             (0.082926276 -0.12435789 -0.14441202)         (0.0012934231 0.0045529364 -0.0017472396)     (0.0842197 -0.11980495 -0.14615926)          

Moments - Moment Center (0 0 0.05) Moment Axis (0 1 0)
                          Moments [N m]                                   Coefficients                                   
Zone                      Pressure        Viscous         Total           Pressure        Viscous         Total          
jidi                      -22.926719      -0.0034715481   -22.93019       -0.081312649    -1.2312306e-05  -0.081324962   
jishen                    -232.44036      -0.08468385     -232.52504      -0.82438056     -0.00030034251  -0.82468091    
jitou                     553.72587       0.14188663      553.86775       1.9638623       0.00050321975   1.9643655      
liangan                   650.73504       0.1317468       650.86679       2.3079182       0.00046725749   2.3083854      
waiyi                     -45.909799      0.47535458      -45.434444      -0.16282519     0.0016859081    -0.16113929    
weiyi                     -717.01539      0.23158651      -716.78381      -2.5429902      0.00082135229   -2.5421689     
xiaoyi                    55.763183       0.034640687     55.797823       0.19777153      0.00012285779   0.19789439     
youfuyi                   -4.1491885      0.0076757453    -4.1415128      -0.014715648    2.7223049e-05   -0.014688425   
youweiduo                 11.506517       0.01169836      11.518216       0.04080939      4.1489787e-05   0.04085088     
zhongyangyi               -276.47729      0.28797072      -276.18932      -0.98056339     0.0010213264    -0.97954206    
zuofuyi                   -3.9910228      0.0090018023    -3.982021       -0.014154692    3.1926086e-05   -0.014122766   
zuoweiduo                 -3.8844901      0.040328536     -3.8441615      -0.013776859    0.0001430305    -0.013633829   
------------------------- --------------- --------------- --------------- --------------- --------------- ---------------
Net                       -35.063649      1.283735        -33.779914      -0.12435789     0.0045529364    -0.11980495    
