                                    "Force Report"

Moments - Moment Center (0 0 0.05)
                          Moments [N m]                                                                                                                             Coefficients                                                                                                                             
Zone                      Pressure                                      Viscous                                       Total                                         Pressure                                      Viscous                                       Total                                        
jidi                      (-1.297981e-08 -22.90623 0.0026203593)        (-3.1972527e-05 0.00052803556 -0.00060029737) (-3.1985506e-05 -22.905702 0.0020200619)      (-4.6034618e-11 -0.081239983 9.293452e-06)    (-1.1339481e-07 1.8727482e-06 -2.1290343e-06) (-1.1344084e-07 -0.08123811 7.1644178e-06)   
jishen                    (0.17075614 -230.43131 1.9114)                (-0.024071927 -0.068162881 -0.0041674241)     (0.14668421 -230.49947 1.9072326)             (0.00060560929 -0.81725522 0.0067790337)      (-8.5374285e-05 -0.0002417487 -1.4780322e-05) (0.00052023501 -0.81749697 0.0067642534)     
jitou                     (-0.8571395 544.98489 8.4477034)              (-0.0093288373 0.02842437 0.10738032)         (-0.86646834 545.01332 8.5550837)             (-0.003039959 1.9328612 0.029960901)          (-3.3085959e-05 0.0001008108 0.00038083857)   (-0.0030730449 1.9329621 0.03034174)         
liangan                   (0.1962661 648.7455 -0.72697717)              (0.0085168972 0.13569066 -0.0045646221)       (0.20478299 648.88119 -0.73154179)            (0.00069608375 2.300862 -0.002578321)         (3.0206306e-05 0.00048124495 -1.6189038e-05)  (0.00072629006 2.3013433 -0.00259451)        
waiyi                     (5.3865475 -45.423796 -0.40997485)            (0.061371011 0.64630709 -0.032150651)         (5.4479185 -44.777489 -0.4421255)             (0.019104105 -0.16110152 -0.0014540302)       (0.00021766043 0.0022922139 -0.00011402655)   (0.019321766 -0.15880931 -0.0015680567)      
weiyi                     (-10.834367 -660.4739 -35.107638)             (0.063588224 0.45776384 -0.2654749)           (-10.770779 -660.01614 -35.373113)            (-0.038425519 -2.3424583 -0.1245139)          (0.00022552407 0.0016235202 -0.00094154198)   (-0.038199995 -2.3408348 -0.12545544)        
xiaoyi                    (7.191837 55.95591 -0.4303632)                (0.069185675 0.038976205 -0.024686366)        (7.2610227 55.994886 -0.45504956)             (0.025506804 0.19845506 -0.0015263402)        (0.00024537618 0.00013823428 -8.7553471e-05)  (0.025752181 0.19859329 -0.0016138937)       
youfuyi                   (19.434428 -2.8054691 0.64922105)             (0.03568923 0.014028803 -0.19889178)          (19.470118 -2.7914403 0.45032927)             (0.068926779 -0.0099499685 0.0023025486)      (0.00012657659 4.9755012e-05 -0.0007053961)   (0.069053356 -0.0099002135 0.0015971525)     
youweiduo                 (-2.3099745 14.999242 -9.0620864)             (0.013951038 0.031249739 -0.10916752)         (-2.2960235 15.030491 -9.1712539)             (-0.0081926311 0.0531968 -0.032139892)        (4.9479206e-05 0.00011083135 -0.00038717709)  (-0.0081431519 0.053307632 -0.032527069)     
zhongyangyi               (5.8239056 -277.06568 0.9335415)              (0.03124489 0.36163463 -0.007926135)          (5.8551505 -276.70405 0.92561537)             (0.020655254 -0.9826502 0.0033109288)         (0.00011081415 0.0012825852 -2.811109e-05)    (0.020766068 -0.98136762 0.0032828177)       
zuofuyi                   (-19.026548 -2.7625665 -0.65553409)           (-0.026327053 0.015007035 0.18889511)         (-19.052875 -2.7475595 -0.46663898)           (-0.067480177 -0.0097978086 -0.0023249387)    (-9.3372387e-05 5.3224442e-05 0.00066994157)  (-0.06757355 -0.0097445842 -0.0016549971)    
zuoweiduo                 (-0.25572903 -1.5341702 -0.98567509)          (0.0092398046 0.059122855 0.027100515)        (-0.24648923 -1.4750473 -0.95857457)          (-0.00090697694 -0.0054411382 -0.0034958275)  (3.2770193e-05 0.00020968705 9.6115572e-05)   (-0.00087420675 -0.0052314511 -0.0033997119) 
------------------------- --------------------------------------------- --------------------------------------------- --------------------------------------------- --------------------------------------------- --------------------------------------------- ---------------------------------------------
Net                       (4.919983 21.282423 -35.433763)               (0.23302698 1.7205704 -0.32425375)            (5.15301 23.002993 -35.758016)                (0.017449372 0.075480936 -0.12567054)         (0.0008264611 0.0061022312 -0.001150009)      (0.018275834 0.081583167 -0.12682055)        

Moments - Moment Center (0 0 0.05) Moment Axis (0 1 0)
                          Moments [N m]                                   Coefficients                                   
Zone                      Pressure        Viscous         Total           Pressure        Viscous         Total          
jidi                      -22.90623       0.00052803556   -22.905702      -0.081239983    1.8727482e-06   -0.08123811    
jishen                    -230.43131      -0.068162881    -230.49947      -0.81725522     -0.0002417487   -0.81749697    
jitou                     544.98489       0.02842437      545.01332       1.9328612       0.0001008108    1.9329621      
liangan                   648.7455        0.13569066      648.88119       2.300862        0.00048124495   2.3013433      
waiyi                     -45.423796      0.64630709      -44.777489      -0.16110152     0.0022922139    -0.15880931    
weiyi                     -660.4739       0.45776384      -660.01614      -2.3424583      0.0016235202    -2.3408348     
xiaoyi                    55.95591        0.038976205     55.994886       0.19845506      0.00013823428   0.19859329     
youfuyi                   -2.8054691      0.014028803     -2.7914403      -0.0099499685   4.9755012e-05   -0.0099002135  
youweiduo                 14.999242       0.031249739     15.030491       0.0531968       0.00011083135   0.053307632    
zhongyangyi               -277.06568      0.36163463      -276.70405      -0.9826502      0.0012825852    -0.98136762    
zuofuyi                   -2.7625665      0.015007035     -2.7475595      -0.0097978086   5.3224442e-05   -0.0097445842  
zuoweiduo                 -1.5341702      0.059122855     -1.4750473      -0.0054411382   0.00020968705   -0.0052314511  
------------------------- --------------- --------------- --------------- --------------- --------------- ---------------
Net                       21.282423       1.7205704       23.002993       0.075480936     0.0061022312    0.081583167    
