                                    "Force Report"

Moments - Moment Center (0 0 0.05)
                          Moments [N m]                                                                                                                             Coefficients                                                                                                                             
Zone                      Pressure                                      Viscous                                       Total                                         Pressure                                      Viscous                                       Total                                        
jidi                      (7.0959929e-09 -22.885943 0.0042033087)       (-3.5466823e-05 -0.00069602145 -0.0019887241) (-3.5459727e-05 -22.886639 0.0022145846)      (2.516688e-11 -0.081168035 1.4907592e-05)     (-1.2578779e-07 -2.4685324e-06 -7.0532739e-06) (-1.2576263e-07 -0.081170503 7.8543183e-06)  
jishen                    (0.52271489 -231.93592 3.8300558)             (-0.038828088 -0.093663829 0.002243888)       (0.4838868 -232.02958 3.8322997)              (0.0018538777 -0.82259151 0.013583801)        (-0.00013770897 -0.0003321912 7.9582465e-06)  (0.0017161688 -0.8229237 0.013591759)        
jitou                     (-1.3138601 532.06542 12.847743)              (-0.014521512 -0.10812683 0.16212347)         (-1.3283816 531.95729 13.009867)              (-0.0046597791 1.8870406 0.045566227)         (-5.1502468e-05 -0.00038348615 0.00057499239) (-0.0047112816 1.8866571 0.046141219)        
liangan                   (-0.058818317 647.13816 0.22165907)           (0.010465653 0.14740366 -0.012239903)         (-0.048352664 647.28556 0.20941917)           (-0.00020860697 2.2951614 0.00078614332)      (3.7117828e-05 0.00052278664 -4.3410439e-05)  (-0.00017148914 2.2956841 0.00074273288)     
waiyi                     (11.643086 -51.846355 -1.3158053)             (0.098946019 0.53656397 -0.045339449)         (11.742032 -51.309791 -1.3611448)             (0.041293749 -0.18387998 -0.0046666782)       (0.00035092519 0.0019029953 -0.00016080237)   (0.041644674 -0.18197698 -0.0048274806)      
weiyi                     (-14.326736 -598.7526 -42.862557)             (0.10205951 0.54934521 -0.29742441)           (-14.224677 -598.20326 -43.159982)            (-0.050811671 -2.1235556 -0.15201775)         (0.00036196759 0.0019483257 -0.0010548551)    (-0.050449703 -2.1216072 -0.1530726)         
xiaoyi                    (0.97009274 55.990465 -0.93079986)            (0.032353974 0.042951014 -0.035252596)        (1.0024467 56.033416 -0.96605246)             (0.0034405626 0.19857761 -0.0033012052)       (0.00011474766 0.00015233147 -0.00012502801)  (0.0035553103 0.19872994 -0.0034262332)      
youfuyi                   (12.615867 -1.8434196 1.0284427)              (0.0054427795 0.021840516 -0.23547985)        (12.62131 -1.821579 0.7929628)                (0.044743847 -0.0065379321 0.0036475083)      (1.930354e-05 7.7460287e-05 -0.00083516055)   (0.04476315 -0.0064604718 0.0028123478)      
youweiduo                 (-2.8972642 17.305345 -10.276906)             (0.01267449 0.0348439 -0.10920666)            (-2.8845897 17.340189 -10.386113)             (-0.010275532 0.061375702 -0.036448412)       (4.495176e-05 0.00012357852 -0.0003873159)    (-0.01023058 0.06149928 -0.036835728)        
zhongyangyi               (10.220532 -289.63134 -0.85818806)            (0.060607619 0.29214633 -0.04495466)          (10.28114 -289.33919 -0.90314272)             (0.036248473 -1.027216 -0.0030436778)         (0.00021495296 0.0010361357 -0.00015943767)   (0.036463426 -1.0261798 -0.0032031155)       
zuofuyi                   (-12.075316 -1.7794412 -0.910174)             (0.0068090954 0.02189277 0.21297542)          (-12.068507 -1.7575485 -0.69719857)           (-0.04282671 -0.0063110244 -0.0032280529)     (2.414936e-05 7.7645613e-05 0.00075534559)    (-0.042802561 -0.0062333788 -0.0024727073)   
zuoweiduo                 (-0.16829977 -0.13282831 -0.12234332)         (0.019905099 0.082653903 0.0062816922)        (-0.14839467 -0.050174402 -0.11606163)        (-0.00059689747 -0.00047109321 -0.00043390682) (7.0596074e-05 0.00029314304 2.2278855e-05)   (-0.0005263014 -0.00017795018 -0.00041162797)
------------------------- --------------------------------------------- --------------------------------------------- --------------------------------------------- --------------------------------------------- --------------------------------------------- ---------------------------------------------
Net                       (5.1319981 53.691542 -39.34467)               (0.29587917 1.5271546 -0.39826179)            (5.4278773 55.218697 -39.742932)              (0.018201312 0.19042418 -0.13954109)          (0.0010493747 0.0054162564 -0.0014124883)     (0.019250687 0.19584043 -0.14095358)         

Moments - Moment Center (0 0 0.05) Moment Axis (0 1 0)
                          Moments [N m]                                   Coefficients                                   
Zone                      Pressure        Viscous         Total           Pressure        Viscous         Total          
jidi                      -22.885943      -0.00069602145  -22.886639      -0.081168035    -2.4685324e-06  -0.081170503   
jishen                    -231.93592      -0.093663829    -232.02958      -0.82259151     -0.0003321912   -0.8229237     
jitou                     532.06542       -0.10812683     531.95729       1.8870406       -0.00038348615  1.8866571      
liangan                   647.13816       0.14740366      647.28556       2.2951614       0.00052278664   2.2956841      
waiyi                     -51.846355      0.53656397      -51.309791      -0.18387998     0.0019029953    -0.18197698    
weiyi                     -598.7526       0.54934521      -598.20326      -2.1235556      0.0019483257    -2.1216072     
xiaoyi                    55.990465       0.042951014     56.033416       0.19857761      0.00015233147   0.19872994     
youfuyi                   -1.8434196      0.021840516     -1.821579       -0.0065379321   7.7460287e-05   -0.0064604718  
youweiduo                 17.305345       0.0348439       17.340189       0.061375702     0.00012357852   0.06149928     
zhongyangyi               -289.63134      0.29214633      -289.33919      -1.027216       0.0010361357    -1.0261798     
zuofuyi                   -1.7794412      0.02189277      -1.7575485      -0.0063110244   7.7645613e-05   -0.0062333788  
zuoweiduo                 -0.13282831     0.082653903     -0.050174402    -0.00047109321  0.00029314304   -0.00017795018 
------------------------- --------------- --------------- --------------- --------------- --------------- ---------------
Net                       53.691542       1.5271546       55.218697       0.19042418      0.0054162564    0.19584043     
