                                    "Force Report"

Moments - Moment Center (0 0 0.05)
                          Moments [N m]                                                                                                                             Coefficients                                                                                                                             
Zone                      Pressure                                      Viscous                                       Total                                         Pressure                                      Viscous                                       Total                                        
jidi                      (-9.2363349e-10 -22.884806 0.0030256682)      (4.2053672e-05 0.00052617928 -0.00043721796)  (4.2052748e-05 -22.88428 0.0025884502)        (-3.2757887e-12 -0.081164001 1.0730934e-05)   (1.4914893e-07 1.8661646e-06 -1.5506515e-06)  (1.4914565e-07 -0.081162135 9.1802822e-06)   
jishen                    (0.18224587 -232.2922 1.3077111)              (-0.01352234 -0.085447524 -0.0054211125)      (0.16872353 -232.37765 1.30229)               (0.00064635915 -0.82385511 0.0046379709)      (-4.7958774e-05 -0.00030305098 -1.9226695e-05) (0.00059840038 -0.82415816 0.0046187442)     
jitou                     (-0.44457338 535.06971 4.3582632)             (-0.0047894764 -0.075132302 0.054004954)      (-0.44936285 534.99458 4.4122682)             (-0.0015767385 1.8976957 0.015457159)         (-1.6986513e-05 -0.00026646668 0.00019153574) (-0.001593725 1.8974293 0.015648695)         
liangan                   (-0.062678458 646.25966 0.15479909)           (0.0011362787 0.11729841 6.0184426e-05)       (-0.06154218 646.37695 0.15485927)            (-0.00022229747 2.2920456 0.0005490155)       (4.0299631e-06 0.00041601437 2.1345205e-07)   (-0.00021826751 2.2924616 0.00054922895)     
waiyi                     (3.350279 -49.636252 -0.14628032)             (0.032208759 0.58231712 -0.060950146)         (3.3824878 -49.053935 -0.20723047)            (0.011882209 -0.17604156 -0.00051880257)      (0.00011423264 0.002065265 -0.00021616778)    (0.011996442 -0.17397629 -0.00073497035)     
weiyi                     (-7.1530727 -610.9077 -22.476758)             (0.033074774 0.59109944 -0.10767672)          (-7.119998 -610.3166 -22.584435)              (-0.025369322 -2.1666652 -0.079716805)        (0.00011730408 0.0020964126 -0.00038188976)   (-0.025252018 -2.1645688 -0.080098694)       
xiaoyi                    (1.1957739 55.875424 -0.27015344)             (0.016776751 0.039942002 -0.015985606)        (1.2125507 55.915366 -0.28613905)             (0.0042409709 0.19816961 -0.00095813504)      (5.9500975e-05 0.00014165961 -5.6695073e-05)  (0.0043004719 0.19831127 -0.0010148301)      
youfuyi                   (14.470859 -2.0986907 0.95757971)             (0.010915664 0.020528606 -0.22994179)         (14.481775 -2.0781621 0.72763792)             (0.051322822 -0.007443285 0.0033961835)       (3.8713852e-05 7.2807427e-05 -0.00081551908)  (0.051361536 -0.0073704776 0.0025806644)     
youweiduo                 (-2.4763419 16.524724 -9.88688)               (0.0014093652 0.053276692 -0.076447131)       (-2.4749325 16.578 -9.9633271)                (-0.0087826751 0.058607125 -0.035065132)      (4.9985006e-06 0.00018895286 -0.00027112989)  (-0.0087776766 0.058796078 -0.035336262)     
zhongyangyi               (3.3783367 -286.10347 -0.10476717)            (0.019358043 0.32668308 -0.012223255)         (3.3976947 -285.77679 -0.11699042)            (0.011981719 -1.0147039 -0.00037157067)       (6.8655867e-05 0.0011586249 -4.3351396e-05)   (0.012050375 -1.0135453 -0.00041492207)      
zuofuyi                   (-14.345016 -2.0903443 -0.96215455)           (-0.0059933784 0.020909487 0.22483875)        (-14.351009 -2.0694348 -0.7373158)            (-0.050876501 -0.0074136835 -0.0034124088)    (-2.1256312e-05 7.4158272e-05 0.00079742047)  (-0.050897757 -0.0073395252 -0.0026149883)   
zuoweiduo                 (-0.064567908 0.25614018 0.067535105)         (0.0082009495 0.06529758 0.041719311)         (-0.056366958 0.32143776 0.10925442)          (-0.00022899865 0.00090843512 0.00023952221)  (2.9085756e-05 0.00023158653 0.00014796307)   (-0.0001999129 0.0011400217 0.00038748529)   
------------------------- --------------------------------------------- --------------------------------------------- --------------------------------------------- --------------------------------------------- --------------------------------------------- ---------------------------------------------
Net                       (-1.9687552 47.972193 -26.99808)              (0.098817444 1.6572988 -0.18845977)           (-1.8699378 49.629492 -27.186539)             (-0.0069824517 0.17013975 -0.095752272)       (0.00035046918 0.00587783 -0.0006683976)      (-0.0066319825 0.17601758 -0.096420669)      

Moments - Moment Center (0 0 0.05) Moment Axis (0 1 0)
                          Moments [N m]                                   Coefficients                                   
Zone                      Pressure        Viscous         Total           Pressure        Viscous         Total          
jidi                      -22.884806      0.00052617928   -22.88428       -0.081164001    1.8661646e-06   -0.081162135   
jishen                    -232.2922       -0.085447524    -232.37765      -0.82385511     -0.00030305098  -0.82415816    
jitou                     535.06971       -0.075132302    534.99458       1.8976957       -0.00026646668  1.8974293      
liangan                   646.25966       0.11729841      646.37695       2.2920456       0.00041601437   2.2924616      
waiyi                     -49.636252      0.58231712      -49.053935      -0.17604156     0.002065265     -0.17397629    
weiyi                     -610.9077       0.59109944      -610.3166       -2.1666652      0.0020964126    -2.1645688     
xiaoyi                    55.875424       0.039942002     55.915366       0.19816961      0.00014165961   0.19831127     
youfuyi                   -2.0986907      0.020528606     -2.0781621      -0.007443285    7.2807427e-05   -0.0073704776  
youweiduo                 16.524724       0.053276692     16.578          0.058607125     0.00018895286   0.058796078    
zhongyangyi               -286.10347      0.32668308      -285.77679      -1.0147039      0.0011586249    -1.0135453     
zuofuyi                   -2.0903443      0.020909487     -2.0694348      -0.0074136835   7.4158272e-05   -0.0073395252  
zuoweiduo                 0.25614018      0.06529758      0.32143776      0.00090843512   0.00023158653   0.0011400217   
------------------------- --------------- --------------- --------------- --------------- --------------- ---------------
Net                       47.972193       1.6572988       49.629492       0.17013975      0.00587783      0.17601758     
