                                    "Force Report"

Forces
                          Forces [N]                                                                                                                                Coefficients                                                                                                                             
Zone                      Pressure                                      Viscous                                       Total                                         Pressure                                      Viscous                                       Total                                        
jidi                      (1143.6682 2.6351913e-08 0.00043484572)       (6.5297569e-09 -0.00043726772 -0.00090371364) (1143.6682 -0.00043724137 -0.00046886793)     (1.4792855 3.4085064e-11 5.624542e-07)        (8.4459592e-12 -5.6558695e-07 -1.1689147e-06) (1.4792855 -5.6555287e-07 -6.0646046e-07)    
jishen                    (9077.7207 1.4263301 -12500.85)               (1.2123792 -0.052849402 -0.075945635)         (9078.9331 1.3734807 -12500.926)              (11.741641 0.0018448965 -16.169311)           (0.0015681603 -6.8358424e-05 -9.8232406e-05)  (11.743209 0.0017765381 -16.169409)          
jitou                     (-11241.436 -7.0408095 -8.5477263)            (1.1754567 -0.085040401 -0.069191447)         (-11240.26 -7.1258499 -8.6169178)             (-14.540312 -0.0091069837 -0.011056116)       (0.0015204026 -0.00010999609 -8.9496156e-05)  (-14.538792 -0.0092169798 -0.011145612)      
liangan                   (-81.143808 -0.47624792 -3080.6734)           (1.136633 -0.048294562 -0.056217711)          (-80.007175 -0.52454248 -3080.7296)           (-0.10495602 -0.00061600616 -3.9847183)       (0.0014701858 -6.2466935e-05 -7.2715187e-05)  (-0.10348583 -0.00067847309 -3.984791)       
waiyi                     (-126.94855 -0.17746255 1502.8079)            (3.8919975 -0.2744756 -0.026405059)           (-123.05655 -0.45193815 1502.7815)            (-0.16420247 -0.00022954016 1.9438172)        (0.005034131 -0.00035502237 -3.4153806e-05)   (-0.15916834 -0.00058456252 1.9437831)       
weiyi                     (45.289234 -5.4554006 503.10288)              (1.5566105 -0.095542378 -0.10725081)          (46.845844 -5.550943 502.99563)               (0.058579672 -0.0070563256 0.65074189)        (0.0020134087 -0.00012357995 -0.0001387243)   (0.060593081 -0.0071799055 0.65060317)       
xiaoyi                    (150.97665 -0.30374038 -372.46315)            (0.30707373 -0.020144914 -0.023178831)        (151.28373 -0.32388529 -372.48633)            (0.19528179 -0.00039287509 -0.48176504)       (0.00039718663 -2.6056578e-05 -2.9980819e-05) (0.19567898 -0.00041893167 -0.48179502)      
youfuyi                   (-0.85870165 -0.35709633 10.49889)            (0.18574616 -0.024028328 0.00086587714)       (-0.67295549 -0.38112466 10.499756)           (-0.0011106936 -0.00046188871 0.013579862)    (0.00024025466 -3.1079606e-05 1.1199748e-06)  (-0.00087043893 -0.00049296832 0.013580982)  
youweiduo                 (-0.7288632 1.7773553 3.117803)               (0.13630569 -0.0081078202 0.0059430635)       (-0.59255752 1.7692475 3.1237461)             (-0.00094275314 0.0022989325 0.0040327439)    (0.00017630553 -1.0487116e-05 7.6870965e-06)  (-0.00076644761 0.0022884454 0.004040431)    
zhongyangyi               (1056.5834 -0.017937149 14093.97)             (2.3265054 -0.13429255 -0.060715633)          (1058.9099 -0.1522297 14093.909)              (1.3666451 -2.3200929e-05 18.229943)          (0.0030092344 -0.00017370162 -7.8533055e-05)  (1.3696544 -0.00019690255 18.229865)         
zuofuyi                   (-0.82413547 0.3830795 10.422466)             (0.18774346 -0.023478855 0.0014050725)        (-0.63639201 0.35960064 10.423871)            (-0.0010659837 0.00049549683 0.013481011)     (0.00024283808 -3.0368888e-05 1.8174007e-06)  (-0.00082314564 0.00046512794 0.013482828)   
zuoweiduo                 (-0.97936613 0.17627982 -0.23468687)          (0.15480707 -0.016520165 -0.016695403)        (-0.82455906 0.15975966 -0.25138227)          (-0.0012667679 0.00022801036 -0.00030355735)  (0.00020023628 -2.1368122e-05 -2.1594785e-05) (-0.0010665316 0.00020664223 -0.00032515213) 
------------------------- --------------------------------------------- --------------------------------------------- --------------------------------------------- --------------------------------------------- --------------------------------------------- ---------------------------------------------
Net                       (21.319286 -10.06565 161.15126)               (12.271258 -0.78321224 -0.42829023)           (33.590544 -10.848862 160.72297)              (0.027575578 -0.013019484 0.20844221)         (0.015872344 -0.0010130513 -0.00055397495)    (0.043447922 -0.014032535 0.20788824)        

Forces - Direction Vector (0.99513403 -0.069756474 -0.06958655)
                          Forces [N]                                      Coefficients                                   
Zone                      Pressure        Viscous         Total           Pressure        Viscous         Total          
jidi                      1138.1031       9.3395067e-05   1138.1032       1.4720873       1.2080249e-07   1.4720874      
jishen                    9903.3404       1.2154512       9904.5558       12.809544       0.0015721337    12.811116      
jitou                     -11185.649      1.1804839       -11184.469      -14.468155      0.001526905     -14.466628     
liangan                   133.65769       1.1383831       134.79607       0.17288046      0.0014724494    0.17435291     
waiyi                     -230.89365      3.894043        -226.99961      -0.29865099     0.0050367769    -0.29361422    
weiyi                     10.440214       1.563164        12.003378       0.013503967     0.0020218853    0.015525852    
xiaoyi                    176.18162       0.30859769      176.49022       0.22788333      0.00039915781   0.22828249     
youfuyi                   -1.560195       0.1864582       -1.3737368      -0.002018045    0.00024117565   -0.0017768693  
youweiduo                 -1.0662558      0.13579444      -0.93046133     -0.0013791559   0.00017564426   -0.0012035116  
zhongyangyi               70.69263        2.3287774       73.021407       0.09143787      0.0030121733    0.094450044    
zuofuyi                   -1.572111       0.18836994      -1.383741       -0.0020334578   0.0002436484    -0.0017898094  
zuoweiduo                 -0.97056618     0.15636795      -0.81419823     -0.0012553855   0.00020225521   -0.0010531303  
------------------------- --------------- --------------- --------------- --------------- --------------- ---------------
Net                       10.703731       12.295984       22.999715       0.013844815     0.015904326     0.029749141    
