                                    "Force Report"

Forces
                          Forces [N]                                                                                                                                Coefficients                                                                                                                             
Zone                      Pressure                                      Viscous                                       Total                                         Pressure                                      Viscous                                       Total                                        
jidi                      (1144.1704 4.8618576e-07 0.00043513622)       (6.1283136e-11 -0.0033363482 0.00099904782)   (1144.1704 -0.003335862 0.001434184)          (1.479935 6.2886033e-10 5.6282995e-07)        (7.9267095e-14 -4.3154226e-06 1.2922253e-06)  (1.479935 -4.3147937e-06 1.8550553e-06)      
jishen                    (9081.3998 2.6177891 -12511.335)              (1.2910468 -0.15586587 -0.10357549)           (9082.6908 2.4619232 -12511.439)              (11.746399 0.0033859973 -16.182873)           (0.0016699135 -0.00020160579 -0.00013397044)  (11.748069 0.0031843915 -16.183007)          
jitou                     (-11245.616 -20.65093 -8.4726949)             (1.1491292 -0.25410616 -0.066134163)          (-11244.467 -20.905036 -8.5388291)            (-14.54572 -0.026711088 -0.010959066)         (0.0014863492 -0.00032867536 -8.554169e-05)   (-14.544234 -0.027039763 -0.011044607)       
liangan                   (-81.133431 -2.5000802 -3083.301)             (1.2493837 -0.18989194 -0.083450072)          (-79.884047 -2.6899721 -3083.3844)            (-0.1049426 -0.003233746 -3.988117)           (0.0016160239 -0.00024561704 -0.00010793907)  (-0.10332657 -0.003479363 -3.9882249)        
waiyi                     (-127.37911 -0.56650014 1500.2208)            (3.7791748 -0.79733053 -0.023831869)          (-123.59994 -1.3638307 1500.197)              (-0.1647594 -0.00073274351 1.940471)          (0.0048881998 -0.0010313127 -3.0825495e-05)   (-0.1598712 -0.0017640562 1.9404401)         
weiyi                     (41.857864 -24.284301 504.21181)              (1.3909389 -0.27919209 -0.090796399)          (43.248803 -24.563493 504.12101)              (0.054141343 -0.031410697 0.65217625)         (0.0017991195 -0.00036112293 -0.00011744123)  (0.055940463 -0.03177182 0.65205881)         
xiaoyi                    (150.9919 -1.1896625 -373.19602)              (0.31210366 -0.062046049 -0.029234762)        (151.30401 -1.2517085 -373.22525)             (0.19530152 -0.0015387771 -0.48271297)        (0.00040369264 -8.0253891e-05 -3.7813905e-05) (0.19570521 -0.001619031 -0.48275078)        
youfuyi                   (-0.937435 -0.33239677 10.584232)             (0.18714493 -0.07161493 -0.0014138694)        (-0.75029007 -0.4040117 10.582818)            (-0.0012125318 -0.0004299409 0.013690248)     (0.0002420639 -9.2630826e-05 -1.8287792e-06)  (-0.00097046788 -0.00052257173 0.013688419)  
youweiduo                 (-0.66844907 1.4230317 2.4536058)             (0.13122679 -0.035786711 0.016806461)         (-0.53722228 1.387245 2.4704123)              (-0.00086461007 0.0018406302 0.0031736334)    (0.0001697362 -4.6288568e-05 2.1738433e-05)   (-0.00069487387 0.0017943416 0.0031953718)   
zhongyangyi               (1056.0353 -0.043175771 14096.528)            (2.2386481 -0.38923138 -0.05781227)           (1058.2739 -0.43240715 14096.47)              (1.3659361 -5.5846e-05 18.233251)             (0.0028955948 -0.00050345401 -7.477768e-05)   (1.3688317 -0.00055930001 18.233176)         
zuofuyi                   (-0.77933026 0.40365708 10.217616)            (0.19226449 -0.064283351 -0.00048934694)      (-0.58706577 0.33937373 10.217127)            (-0.0010080301 0.00052211303 0.013216046)     (0.00024868583 -8.3147744e-05 -6.3294919e-07) (-0.00075934428 0.00043896529 0.013215413)   
zuoweiduo                 (-0.93200674 -0.1989734 0.4342747)            (0.15188913 -0.042194399 -0.027120864)        (-0.78011762 -0.2411678 0.40715384)           (-0.0012055106 -0.00025736352 0.00056171561)  (0.00019646204 -5.4576637e-05 -3.5079669e-05) (-0.0010090485 -0.00031194016 0.00052663594) 
------------------------- --------------------------------------------- --------------------------------------------- --------------------------------------------- --------------------------------------------- --------------------------------------------- ---------------------------------------------
Net                       (17.008994 -45.321541 148.34551)              (12.072951 -2.3448798 -0.4660536)             (29.081945 -47.666421 147.87946)              (0.022000401 -0.058621461 0.19187852)         (0.015615841 -0.0030330009 -0.00060282025)    (0.037616242 -0.061654462 0.1912757)         

Forces - Direction Vector (0.97576488 -0.20791169 -0.068232127)
                          Forces [N]                                      Coefficients                                   
Zone                      Pressure        Viscous         Total           Pressure        Viscous         Total          
jidi                      1116.4412       0.00062549869   1116.4418       1.4440686       8.090556e-07    1.4440694      
jishen                    9714.4418       1.2992317       9715.741        12.565212       0.0016805002    12.566892      
jitou                     -10968.206      1.1786241       -10967.027      -14.186902      0.0015244995    -14.185377     
liangan                   131.73283       1.2642794       132.99711       0.17039074      0.001635291     0.17202603     
waiyi                     -226.53754      3.8549865       -222.68255      -0.29301655     0.004986259     -0.28803029    
weiyi                     11.48898        1.4214718       12.910451       0.0148605       0.0018386125    0.016699113    
xiaoyi                    173.0439        0.31943464      173.36333       0.22382483      0.00041317494   0.224238       
youfuyi                   -1.5677916      0.1975955       -1.3701961      -0.0020278709   0.00025558126   -0.0017722897  
youweiduo                 -1.1155288      0.13434023      -0.98118857     -0.0014428884   0.0001737633    -0.0012691251  
zhongyangyi               68.615068       2.2692646       70.884333       0.088750634     0.002935196     0.09168583     
zuofuyi                   -1.5415378      0.20100358      -1.3405342      -0.0019939127   0.00025998947   -0.0017339232  
zuoweiduo                 -0.89768204     0.1588313       -0.73885074     -0.001161113    0.00020544144   -0.00095567159 
------------------------- --------------- --------------- --------------- --------------- --------------- ---------------
Net                       15.897728       12.299689       28.197417       0.020563026     0.015909118     0.036472144    
