                                    "Force Report"

Moments - Moment Center (0 0 0.05)
                          Moments [N m]                                                                                                                             Coefficients                                                                                                                             
Zone                      Pressure                                      Viscous                                       Total                                         Pressure                                      Viscous                                       Total                                        
jidi                      (-1.2929172e-08 -22.907109 0.0032999655)      (4.9135099e-05 -0.002764929 0.00058731327)    (4.912217e-05 -22.909874 0.0038872787)        (-4.5855023e-11 -0.081243103 1.1703765e-05)   (1.7426415e-07 -9.8061877e-06 2.0829844e-06)  (1.7421829e-07 -0.081252909 1.378675e-05)    
jishen                    (0.065258498 -228.93225 0.80774002)           (-0.010817944 -0.061217164 -0.00012981845)    (0.054440554 -228.99347 0.8076102)            (0.00023144792 -0.81193861 0.0028647572)      (-3.8367275e-05 -0.0002171148 -4.6041834e-07) (0.00019308065 -0.81215573 0.0028642968)     
jitou                     (-0.42338548 551.04953 4.1817742)             (-0.0045402942 0.093956923 0.053377546)       (-0.42792578 551.14349 4.2351518)             (-0.0015015928 1.9543703 0.014831217)         (-1.6102756e-05 0.00033323069 0.00018931055)  (-0.0015176956 1.9547035 0.015020528)        
liangan                   (0.1858567 648.85067 -0.48569944)             (0.00089198321 0.12270815 0.0050517071)       (0.18674869 648.97337 -0.48064774)            (0.00065916547 2.301235 -0.0017225975)        (3.1635368e-06 0.00043520074 1.7916549e-05)   (0.000662329 2.3016702 -0.001704681)         
waiyi                     (4.0413299 -44.977861 -0.4866292)             (0.033049139 0.58475685 -0.024841703)         (4.074379 -44.393104 -0.5114709)              (0.014333113 -0.15951995 -0.001725895)        (0.00011721316 0.0020739178 -8.8104396e-05)   (0.014450326 -0.15744604 -0.0018139994)      
weiyi                     (-3.0360888 -741.13957 -8.4247762)            (0.021909805 0.28785058 -0.14183314)          (-3.014179 -740.85172 -8.5666093)             (-0.010767892 -2.6285498 -0.029879587)        (7.770603e-05 0.0010209003 -0.00050303005)    (-0.010690186 -2.6275289 -0.030382617)       
xiaoyi                    (5.4402983 55.901577 -0.11373021)             (0.048120507 0.036917292 -0.012192767)        (5.4884188 55.938494 -0.12592298)             (0.01929474 0.19826236 -0.00040335929)        (0.00017066576 0.00013093207 -4.3243265e-05)  (0.019465406 0.19839329 -0.00044660256)      
youfuyi                   (24.120143 -3.4377573 -0.01020479)            (0.043774718 0.011639933 -0.1808946)          (24.163918 -3.4261173 -0.19109939)            (0.085545288 -0.012192462 -3.6192643e-05)     (0.00015525285 4.1282566e-05 -0.00064156671)  (0.085700541 -0.01215118 -0.00067775935)     
youweiduo                 (0.92012292 -6.6911698 3.9852129)             (0.0093546987 0.009177211 -0.061075399)       (0.92947762 -6.6819926 3.9241375)             (0.003263338 -0.023731121 0.014134086)        (3.317768e-05 3.2548197e-05 -0.00021661201)   (0.0032965157 -0.023698573 0.013917474)      
zhongyangyi               (3.0740419 -273.89253 0.68002219)             (0.006582368 0.32863043 -0.0086750806)        (3.0806243 -273.5639 0.67134711)              (0.010902498 -0.97139622 0.0024117889)        (2.3345242e-05 0.0011655314 -3.0767324e-05)   (0.010925843 -0.97023068 0.0023810216)       
zuofuyi                   (-23.443891 -3.3415446 0.063176454)           (-0.03872386 0.011973114 0.17527385)          (-23.482615 -3.3295715 0.2384503)             (-0.083146872 -0.011851231 0.00022406368)     (-0.00013733931 4.2464237e-05 0.00062163195)  (-0.083284211 -0.011808767 0.00084569563)    
zuoweiduo                 (-0.29924914 -2.8027468 -1.7570231)           (-0.00058768975 0.033382919 0.044814134)      (-0.29983683 -2.7693638 -1.712209)            (-0.0010613268 -0.0099403133 -0.0062315157)   (-2.0843197e-06 0.00011839695 0.00015893927)  (-0.0010634111 -0.0098219164 -0.0060725764)  
------------------------- --------------------------------------------- --------------------------------------------- --------------------------------------------- --------------------------------------------- --------------------------------------------- ---------------------------------------------
Net                       (10.644436 -72.320768 -1.5568372)             (0.10906257 1.4570113 -0.15053796)            (10.753499 -70.863757 -1.7073751)             (0.037751906 -0.2564952 -0.0055215297)        (0.00038680486 0.0051674839 -0.00053390285)   (0.038138711 -0.25132772 -0.0060554325)      

Moments - Moment Center (0 0 0.05) Moment Axis (0 1 0)
                          Moments [N m]                                   Coefficients                                   
Zone                      Pressure        Viscous         Total           Pressure        Viscous         Total          
jidi                      -22.907109      -0.002764929    -22.909874      -0.081243103    -9.8061877e-06  -0.081252909   
jishen                    -228.93225      -0.061217164    -228.99347      -0.81193861     -0.0002171148   -0.81215573    
jitou                     551.04953       0.093956923     551.14349       1.9543703       0.00033323069   1.9547035      
liangan                   648.85067       0.12270815      648.97337       2.301235        0.00043520074   2.3016702      
waiyi                     -44.977861      0.58475685      -44.393104      -0.15951995     0.0020739178    -0.15744604    
weiyi                     -741.13957      0.28785058      -740.85172      -2.6285498      0.0010209003    -2.6275289     
xiaoyi                    55.901577       0.036917292     55.938494       0.19826236      0.00013093207   0.19839329     
youfuyi                   -3.4377573      0.011639933     -3.4261173      -0.012192462    4.1282566e-05   -0.01215118    
youweiduo                 -6.6911698      0.009177211     -6.6819926      -0.023731121    3.2548197e-05   -0.023698573   
zhongyangyi               -273.89253      0.32863043      -273.5639       -0.97139622     0.0011655314    -0.97023068    
zuofuyi                   -3.3415446      0.011973114     -3.3295715      -0.011851231    4.2464237e-05   -0.011808767   
zuoweiduo                 -2.8027468      0.033382919     -2.7693638      -0.0099403133   0.00011839695   -0.0098219164  
------------------------- --------------- --------------- --------------- --------------- --------------- ---------------
Net                       -72.320768      1.4570113       -70.863757      -0.2564952      0.0051674839    -0.25132772    
