                                    "Force Report"

Moments - Moment Center (0 0 0.05)
                          Moments [N m]                                                                                                                             Coefficients                                                                                                                             
Zone                      Pressure                                      Viscous                                       Total                                         Pressure                                      Viscous                                       Total                                        
jidi                      (-1.7343e-09 -22.872566 0.0026251814)         (-2.4739919e-05 0.00061495907 0.00028592524)  (-2.4741653e-05 -22.871951 0.0029111067)      (-6.1509251e-12 -0.081120591 9.3105542e-06)   (-8.7743406e-08 2.1810339e-06 1.0140718e-06)  (-8.7749557e-08 -0.08111841 1.0324626e-05)   
jishen                    (0.24713696 -233.13997 1.4820857)             (-0.013231624 -0.098609235 -0.0054892127)     (0.23390533 -233.23858 1.4765964)             (0.00087650402 -0.82686184 0.0052564134)      (-4.6927711e-05 -0.00034973074 -1.9468221e-05) (0.00082957631 -0.82721157 0.0052369452)     
jitou                     (-0.44701457 528.5746 4.3820356)              (-0.004858623 -0.14619719 0.053965768)        (-0.4518732 528.4284 4.4360014)               (-0.0015853965 1.8746599 0.015541471)         (-1.7231751e-05 -0.00051850773 0.00019139676) (-0.0016026283 1.8741414 0.015732868)        
liangan                   (0.27080607 644.47253 -0.1185291)             (0.0043049732 0.11891385 0.0078882081)        (0.27511104 644.59144 -0.1106409)             (0.00096044966 2.2857073 -0.0004203792)       (1.5268159e-05 0.00042174376 2.7976577e-05)   (0.00097571782 2.2861291 -0.00039240262)     
waiyi                     (3.5897349 -55.136819 -0.65695226)            (0.032229629 0.50555711 -0.04735936)          (3.6219646 -54.631262 -0.70431162)            (0.012731471 -0.19555004 -0.0023299684)       (0.00011430665 0.0017930254 -0.00016796626)   (0.012845778 -0.19375702 -0.0024979346)      
weiyi                     (-2.0111438 -620.18368 -5.9338685)            (0.035758879 0.62167679 -0.10016015)          (-1.9753849 -619.562 -6.0340287)              (-0.0071327882 -2.1995637 -0.021045252)       (0.00012682361 0.0022048592 -0.00035523127)   (-0.0070059646 -2.1973589 -0.021400483)      
xiaoyi                    (-0.37132824 55.879953 -0.27378064)           (0.006146998 0.042795201 -0.011843587)        (-0.36518124 55.922748 -0.28562422)           (-0.0013169649 0.19818567 -0.00097099936)     (2.1801144e-05 0.00015177886 -4.2004853e-05)  (-0.0012951637 0.19833745 -0.0010130042)     
youfuyi                   (10.473257 -1.5399074 1.0089332)              (-0.0042107152 0.021029978 -0.21108431)       (10.469047 -1.5188774 0.79784887)             (0.037144797 -0.005461486 0.0035783154)       (-1.493386e-05 7.4585606e-05 -0.00074863853)  (0.037129863 -0.0053869004 0.0028296769)     
youweiduo                 (0.65735313 -3.9814059 2.404592)              (0.0037634521 0.0339953 -0.060498476)         (0.66111659 -3.9474106 2.3440936)             (0.0023313901 -0.014120584 0.0085282048)      (1.3347582e-05 0.00012056884 -0.00021456587)  (0.0023447377 -0.014000016 0.0083136389)     
zhongyangyi               (3.7706461 -293.71407 -0.49349752)            (0.021033223 0.27693322 -0.030629654)         (3.7916793 -293.43714 -0.52412717)            (0.013373097 -1.0416959 -0.0017502544)        (7.4597117e-05 0.00098218042 -0.00010863213)  (0.013447694 -1.0407137 -0.0018588866)       
zuofuyi                   (-10.370336 -1.533937 -0.94612668)            (0.0081247839 0.020802421 0.20075722)         (-10.362212 -1.5131345 -0.74536946)           (-0.036779774 -0.005440311 -0.0033555638)     (2.8815624e-05 7.3778548e-05 0.00071201213)   (-0.036750959 -0.0053665325 -0.0026435517)   
zuoweiduo                 (0.02667412 0.50349932 0.16628631)            (0.011876904 0.070858551 0.032576024)         (0.038551025 0.57435787 0.19886233)           (9.4603307e-05 0.0017857272 0.00058975646)    (4.2123018e-05 0.00025130925 0.00011553519)   (0.00013672632 0.0020370364 0.00070529165)   
------------------------- --------------------------------------------- --------------------------------------------- --------------------------------------------- --------------------------------------------- --------------------------------------------- ---------------------------------------------
Net                       (5.8357856 -2.6717754 1.0238033)              (0.10091314 1.468371 -0.17159161)             (5.9366988 -1.2034044 0.85221169)             (0.020697388 -0.0094758059 0.0036310542)      (0.00035790184 0.0052077725 -0.00060857241)   (0.02105529 -0.0042680334 0.0030224818)      

Moments - Moment Center (0 0 0.05) Moment Axis (0 1 0)
                          Moments [N m]                                   Coefficients                                   
Zone                      Pressure        Viscous         Total           Pressure        Viscous         Total          
jidi                      -22.872566      0.00061495907   -22.871951      -0.081120591    2.1810339e-06   -0.08111841    
jishen                    -233.13997      -0.098609235    -233.23858      -0.82686184     -0.00034973074  -0.82721157    
jitou                     528.5746        -0.14619719     528.4284        1.8746599       -0.00051850773  1.8741414      
liangan                   644.47253       0.11891385      644.59144       2.2857073       0.00042174376   2.2861291      
waiyi                     -55.136819      0.50555711      -54.631262      -0.19555004     0.0017930254    -0.19375702    
weiyi                     -620.18368      0.62167679      -619.562        -2.1995637      0.0022048592    -2.1973589     
xiaoyi                    55.879953       0.042795201     55.922748       0.19818567      0.00015177886   0.19833745     
youfuyi                   -1.5399074      0.021029978     -1.5188774      -0.005461486    7.4585606e-05   -0.0053869004  
youweiduo                 -3.9814059      0.0339953       -3.9474106      -0.014120584    0.00012056884   -0.014000016   
zhongyangyi               -293.71407      0.27693322      -293.43714      -1.0416959      0.00098218042   -1.0407137     
zuofuyi                   -1.533937       0.020802421     -1.5131345      -0.005440311    7.3778548e-05   -0.0053665325  
zuoweiduo                 0.50349932      0.070858551     0.57435787      0.0017857272    0.00025130925   0.0020370364   
------------------------- --------------- --------------- --------------- --------------- --------------- ---------------
Net                       -2.6717754      1.468371        -1.2034044      -0.0094758059   0.0052077725    -0.0042680334  
