                                    "Force Report"

Moments - Moment Center (0 0 0.05)
                          Moments [N m]                                                                                                                             Coefficients                                                                                                                             
Zone                      Pressure                                      Viscous                                       Total                                         Pressure                                      Viscous                                       Total                                        
jidi                      (7.5209479e-10 -22.898773 0.00076663733)      (-1.3974685e-05 -0.0024750947 -0.00014646224) (-1.3973933e-05 -22.901248 0.00062017509)     (2.667404e-12 -0.081213538 2.718981e-06)      (-4.9563075e-08 -8.7782516e-06 -5.1944778e-07) (-4.9560407e-08 -0.081222317 2.1995333e-06)  
jishen                    (0.00044416087 -230.19195 0.0061722082)       (9.6558373e-05 -0.069856025 -0.00053108543)   (0.00054071924 -230.26181 0.0056411228)       (1.5752755e-06 -0.8164063 2.1890555e-05)      (3.4245708e-07 -0.00024775366 -1.883565e-06)  (1.9177325e-06 -0.81665405 2.0006991e-05)    
jitou                     (0.0038282723 545.04984 -0.034315071)         (1.7906623e-05 0.029115738 -0.0001293817)     (0.0038461789 545.07895 -0.034444453)         (1.3577476e-05 1.9330916 -0.00012170295)      (6.3508214e-08 0.00010326283 -4.5886937e-07)  (1.3640984e-05 1.9331948 -0.00012216182)     
liangan                   (0.010381815 647.43158 0.12827185)            (0.00034992567 0.11986592 0.0010575639)       (0.010731741 647.55144 0.12932941)            (3.6820486e-05 2.296202 0.00045493312)        (1.2410578e-06 0.0004251204 3.7507909e-06)    (3.8061544e-05 2.2966271 0.00045868391)      
waiyi                     (-0.052317221 -45.421512 0.0024718825)        (-5.8063635e-05 0.65482907 0.00092565734)     (-0.052375285 -44.766683 0.0033975398)        (-0.00018554997 -0.16109342 8.7668593e-06)    (-2.0593039e-07 0.0023224382 3.2829666e-06)   (-0.0001857559 -0.15877098 1.2049826e-05)    
weiyi                     (1.5011851 -704.48847 4.8294791)              (0.0014153084 0.43507293 0.0037091962)        (1.5026004 -704.0534 4.8331883)               (0.005324152 -2.4985619 0.017128388)          (5.0195789e-06 0.0015430439 1.3155156e-05)    (0.0053291716 -2.4970188 0.017141544)        
xiaoyi                    (0.021149954 55.915533 -0.0093998901)         (0.00031939012 0.037910932 0.00073892446)     (0.021469344 55.953444 -0.0086609656)         (7.5011117e-05 0.19831186 -3.3337957e-05)     (1.1327594e-06 0.00013445615 2.6206936e-06)   (7.6143877e-05 0.19844631 -3.0717264e-05)    
youfuyi                   (19.298728 -2.7826523 0.5730156)              (0.031253152 0.014150642 -0.19149224)         (19.329981 -2.7685017 0.38152337)             (0.068445498 -0.0098690456 0.0020322759)      (0.00011084345 5.0187129e-05 -0.00067915263)  (0.068556342 -0.0098188585 0.0013531232)     
youweiduo                 (0.9136059 -6.4759619 3.8560715)              (0.0027074789 0.023987981 -0.045368222)       (0.91631338 -6.4519739 3.8107033)             (0.0032402246 -0.022967858 0.013676069)       (9.6024332e-06 8.5076556e-05 -0.00016090442)  (0.003249827 -0.022882782 0.013515165)       
zhongyangyi               (0.003169828 -276.52713 0.00015863663)        (2.453358e-05 0.36535495 -0.00015837778)      (0.0031943615 -276.16178 2.5885052e-07)       (1.1242215e-05 -0.98074016 5.6262587e-07)     (8.7011597e-08 0.0012957798 -5.6170782e-07)   (1.1329227e-05 -0.97944438 9.1804774e-10)    
zuofuyi                   (-19.40833 -2.7975697 -0.54589197)            (-0.031301411 0.014301158 0.19278554)         (-19.439632 -2.7832685 -0.35310643)           (-0.068834219 -0.009921952 -0.0019360783)     (-0.00011101461 5.0720956e-05 0.0006837395)   (-0.068945234 -0.0098712311 -0.0012523388)   
zuoweiduo                 (-0.13231658 -1.4490685 -0.9850915)           (-0.001499848 0.041681079 0.062095411)        (-0.13381643 -1.4073874 -0.92299609)          (-0.00046927831 -0.0051393136 -0.0034937577)  (-5.31941e-06 0.00014782748 0.00022022961)    (-0.00047459772 -0.0049914862 -0.0032735281) 
------------------------- --------------------------------------------- --------------------------------------------- --------------------------------------------- --------------------------------------------- --------------------------------------------- ---------------------------------------------
Net                       (2.1595283 -44.636147 7.821709)               (0.0033109558 1.6639393 0.023486525)          (2.1628393 -42.972207 7.8451955)              (0.0076590538 -0.15830802 0.027740729)        (1.1742744e-05 0.0059013815 8.3298076e-05)    (0.0076707966 -0.15240664 0.027824027)       

Moments - Moment Center (0 0 0.05) Moment Axis (0 1 0)
                          Moments [N m]                                   Coefficients                                   
Zone                      Pressure        Viscous         Total           Pressure        Viscous         Total          
jidi                      -22.898773      -0.0024750947   -22.901248      -0.081213538    -8.7782516e-06  -0.081222317   
jishen                    -230.19195      -0.069856025    -230.26181      -0.8164063      -0.00024775366  -0.81665405    
jitou                     545.04984       0.029115738     545.07895       1.9330916       0.00010326283   1.9331948      
liangan                   647.43158       0.11986592      647.55144       2.296202        0.0004251204    2.2966271      
waiyi                     -45.421512      0.65482907      -44.766683      -0.16109342     0.0023224382    -0.15877098    
weiyi                     -704.48847      0.43507293      -704.0534       -2.4985619      0.0015430439    -2.4970188     
xiaoyi                    55.915533       0.037910932     55.953444       0.19831186      0.00013445615   0.19844631     
youfuyi                   -2.7826523      0.014150642     -2.7685017      -0.0098690456   5.0187129e-05   -0.0098188585  
youweiduo                 -6.4759619      0.023987981     -6.4519739      -0.022967858    8.5076556e-05   -0.022882782   
zhongyangyi               -276.52713      0.36535495      -276.16178      -0.98074016     0.0012957798    -0.97944438    
zuofuyi                   -2.7975697      0.014301158     -2.7832685      -0.009921952    5.0720956e-05   -0.0098712311  
zuoweiduo                 -1.4490685      0.041681079     -1.4073874      -0.0051393136   0.00014782748   -0.0049914862  
------------------------- --------------- --------------- --------------- --------------- --------------- ---------------
Net                       -44.636147      1.6639393       -42.972207      -0.15830802     0.0059013815    -0.15240664    
