                                    "Force Report"

Moments - Moment Center (0 0 0.05)
                          Moments [N m]                                                                                                                             Coefficients                                                                                                                             
Zone                      Pressure                                      Viscous                                       Total                                         Pressure                                      Viscous                                       Total                                        
jidi                      (-3.04866e-09 -22.878776 0.0040061018)        (-4.7835102e-06 -7.7216204e-05 -0.00077995988) (-4.7865589e-06 -22.878854 0.003226142)       (-1.0812477e-11 -0.081142617 1.4208172e-05)   (-1.6965354e-08 -2.7385751e-07 -2.7662312e-06) (-1.6976166e-08 -0.081142891 1.1441941e-05)  
jishen                    (0.39674738 -232.43956 2.7395664)             (-0.026734986 -0.09257209 -0.0043409549)      (0.3700124 -232.53213 2.7352255)              (0.0014071172 -0.82437775 0.0097162358)       (-9.4819174e-05 -0.0003283192 -1.5395773e-05) (0.0013122981 -0.82470606 0.00970084)        
jitou                     (-0.88705292 531.971 8.689613)                (-0.0096325668 -0.10898812 0.10786738)        (-0.89668549 531.86201 8.7974803)             (-0.0031460509 1.8867057 0.030818865)         (-3.4163176e-05 -0.00038654083 0.00038256598) (-0.0031802141 1.8863192 0.031201431)        
liangan                   (0.45043451 645.29207 -0.04440548)            (0.011054778 0.12134187 0.0050143487)         (0.46148929 645.41341 -0.039391131)           (0.0015975258 2.288614 -0.00015748993)        (3.9207236e-05 0.00043035504 1.7784053e-05)   (0.001636733 2.2890443 -0.00013970587)       
waiyi                     (8.081303 -51.950855 -0.86320716)             (0.066434674 0.54810137 -0.042551592)         (8.1477377 -51.402754 -0.90575875)            (0.028661414 -0.1842506 -0.0030614787)        (0.00023561939 0.0019439143 -0.00015091487)   (0.028897033 -0.18230669 -0.0032123936)      
weiyi                     (-5.6018836 -637.61781 -17.251879)            (0.06890226 0.57094356 -0.20957711)           (-5.5329813 -637.04686 -17.461456)            (-0.019867823 -2.2613962 -0.061186077)        (0.00024437101 0.0020249271 -0.00074329305)   (-0.019623452 -2.2593712 -0.06192937)        
xiaoyi                    (0.79938915 55.918597 -0.59102523)            (0.022086243 0.042018813 -0.023962761)        (0.8214754 55.960616 -0.61498799)             (0.0028351397 0.19832272 -0.0020961494)       (7.833179e-05 0.0001490253 -8.498711e-05)     (0.0029134715 0.19847175 -0.0021811365)      
youfuyi                   (12.886843 -1.8863862 1.0409363)              (0.0037305946 0.021953252 -0.23325351)        (12.890574 -1.8644329 0.80768277)             (0.0457049 -0.0066903188 0.0036918187)        (1.3231049e-05 7.786012e-05 -0.00082726454)   (0.045718131 -0.0066124587 0.0028645541)     
youweiduo                 (0.62714075 -3.9858361 2.4258862)             (0.010657567 0.02238027 -0.08057979)          (0.63779832 -3.9634559 2.3453064)             (0.0022242379 -0.014136297 0.0086037272)      (3.7798476e-05 7.9374596e-05 -0.00028578692)  (0.0022620364 -0.014056922 0.0083179402)     
zhongyangyi               (7.0319165 -289.68246 -0.63241659)            (0.041217102 0.29888926 -0.025289771)         (7.0731336 -289.38357 -0.65770636)            (0.024939625 -1.0273973 -0.0022429493)        (0.00014618192 0.0010600504 -8.9693527e-05)   (0.025085807 -1.0263372 -0.0023326429)       
zuofuyi                   (-12.462849 -1.8334918 -0.96063964)           (0.0039888635 0.021783669 0.21725484)         (-12.458861 -1.8117081 -0.7433848)            (-0.044201149 -0.0065027219 -0.003407036)     (1.4147034e-05 7.7258671e-05 0.0007705231)    (-0.044187002 -0.0064254633 -0.0026365129)   
zuoweiduo                 (-0.08401761 -0.42101387 -0.3629618)          (0.015903303 0.073569337 0.017497557)         (-0.068114308 -0.34744453 -0.34546424)        (-0.0002979796 -0.0014931816 -0.0012872922)   (5.6403174e-05 0.00026092342 6.2057409e-05)   (-0.00024157643 -0.0012322581 -0.0012252348) 
------------------------- --------------------------------------------- --------------------------------------------- --------------------------------------------- --------------------------------------------- --------------------------------------------- ---------------------------------------------
Net                       (11.237971 -9.5145232 -5.8065266)             (0.20760305 1.519344 -0.27270133)             (11.445574 -7.9951792 -6.0792279)             (0.039856956 -0.033744519 -0.020593617)       (0.00073629176 0.005388555 -0.00096717146)    (0.040593248 -0.028355964 -0.021560788)      

Moments - Moment Center (0 0 0.05) Moment Axis (0 1 0)
                          Moments [N m]                                   Coefficients                                   
Zone                      Pressure        Viscous         Total           Pressure        Viscous         Total          
jidi                      -22.878776      -7.7216204e-05  -22.878854      -0.081142617    -2.7385751e-07  -0.081142891   
jishen                    -232.43956      -0.09257209     -232.53213      -0.82437775     -0.0003283192   -0.82470606    
jitou                     531.971         -0.10898812     531.86201       1.8867057       -0.00038654083  1.8863192      
liangan                   645.29207       0.12134187      645.41341       2.288614        0.00043035504   2.2890443      
waiyi                     -51.950855      0.54810137      -51.402754      -0.1842506      0.0019439143    -0.18230669    
weiyi                     -637.61781      0.57094356      -637.04686      -2.2613962      0.0020249271    -2.2593712     
xiaoyi                    55.918597       0.042018813     55.960616       0.19832272      0.0001490253    0.19847175     
youfuyi                   -1.8863862      0.021953252     -1.8644329      -0.0066903188   7.786012e-05    -0.0066124587  
youweiduo                 -3.9858361      0.02238027      -3.9634559      -0.014136297    7.9374596e-05   -0.014056922   
zhongyangyi               -289.68246      0.29888926      -289.38357      -1.0273973      0.0010600504    -1.0263372     
zuofuyi                   -1.8334918      0.021783669     -1.8117081      -0.0065027219   7.7258671e-05   -0.0064254633  
zuoweiduo                 -0.42101387     0.073569337     -0.34744453     -0.0014931816   0.00026092342   -0.0012322581  
------------------------- --------------- --------------- --------------- --------------- --------------- ---------------
Net                       -9.5145232      1.519344        -7.9951792      -0.033744519    0.005388555     -0.028355964   
