                                    "Force Report"

Moments - Moment Center (0 0 0.05)
                          Moments [N m]                                                                                                                             Coefficients                                                                                                                             
Zone                      Pressure                                      Viscous                                       Total                                         Pressure                                      Viscous                                       Total                                        
jidi                      (-1.6146563e-08 -22.925142 0.0054839488)      (9.2153408e-05 -0.001602774 0.0017501182)     (9.2137262e-05 -22.926745 0.007234067)        (-5.7265929e-11 -0.081307059 1.9449552e-05)   (3.2683429e-07 -5.6844505e-06 6.2070265e-06)  (3.2677702e-07 -0.081312744 2.5656578e-05)   
jishen                    (0.028028124 -229.38789 1.682131)             (-0.018055952 -0.063985206 0.0074532732)      (0.0099721721 -229.45187 1.6895843)           (9.9405462e-05 -0.81355458 0.0059659009)      (-6.403783e-05 -0.00022693202 2.6434023e-05)  (3.5367632e-05 -0.81378151 0.0059923349)     
jitou                     (-0.84578564 553.42972 8.3499098)             (-0.0091604713 0.12350726 0.10745172)         (-0.85494611 553.55323 8.4573615)             (-0.002999691 1.9628119 0.029614063)          (-3.2488827e-05 0.00043803487 0.00038109177)  (-0.0030321798 1.96325 0.029995155)          
liangan                   (0.34635986 649.90674 -1.271949)              (0.0010978069 0.12853022 0.019477836)         (0.34745767 650.03527 -1.2524712)             (0.0012284112 2.3049805 -0.0045111359)        (3.8935177e-06 0.00045584947 6.908073e-05)    (0.0012323047 2.3054363 -0.0044420552)       
waiyi                     (12.286712 -45.127617 -0.90975065)            (0.071246609 0.52561841 -0.064631002)         (12.357959 -44.601999 -0.97438165)            (0.043576455 -0.16005108 -0.0032265514)       (0.00025268555 0.0018641754 -0.00022922242)   (0.043829141 -0.15818691 -0.0034557738)      
weiyi                     (-6.7270557 -752.89875 -21.644738)            (0.057577496 0.27730174 -0.26244847)          (-6.6694782 -752.62144 -21.907186)            (-0.023858396 -2.6702553 -0.076765934)        (0.00020420623 0.00098348742 -0.00093080832)  (-0.02365419 -2.6692718 -0.077696742)        
xiaoyi                    (12.069623 55.843641 -0.67538071)             (0.097450965 0.036304459 -0.021567898)        (12.167074 55.879946 -0.69694861)             (0.042806521 0.19805688 -0.0023953273)        (0.00034562278 0.00012875858 -7.6493414e-05)  (0.043152143 0.19818564 -0.0024718207)       
youfuyi                   (28.547623 -4.0729277 -0.25872128)            (0.059581159 0.0074457798 -0.16240047)        (28.607205 -4.0654819 -0.42112175)            (0.10124793 -0.014445178 -0.00091758934)      (0.00021131249 2.6407446e-05 -0.00057597483)  (0.10145925 -0.014418771 -0.0014935642)      
youweiduo                 (0.85968941 -6.3653816 3.7970217)             (0.013397986 0.0040413803 -0.073461112)       (0.8730874 -6.3613402 3.7235606)              (0.0030490026 -0.022575671 0.013466641)       (4.7517735e-05 1.4333291e-05 -0.00026053958)  (0.0030965203 -0.022561337 0.013206102)      
zhongyangyi               (7.7103774 -274.16533 0.87788392)             (0.012460475 0.31386898 -0.026467299)         (7.7228378 -273.85146 0.85141662)             (0.027345876 -0.97236371 0.0031135318)        (4.4192727e-05 0.001113178 -9.3869789e-05)    (0.027390069 -0.97125053 0.003019662)        
zuofuyi                   (-26.557466 -3.7575008 0.26855294)            (-0.045356711 0.0096398443 0.1565593)         (-26.602823 -3.747861 0.42511224)             (-0.094189578 -0.013326475 0.00095245864)     (-0.00016086359 3.4188987e-05 0.00055525832)  (-0.094350442 -0.013292286 0.001507717)      
zuoweiduo                 (-0.39913629 -3.4457844 -2.1519636)           (0.0065956005 0.039439246 0.020714436)        (-0.39254069 -3.4063452 -2.1312491)           (-0.0014155898 -0.012220932 -0.0076322244)    (2.3392172e-05 0.00013987652 7.3466497e-05)   (-0.0013921977 -0.012081055 -0.0075587579)   
------------------------- --------------------------------------------- --------------------------------------------- --------------------------------------------- --------------------------------------------- --------------------------------------------- ---------------------------------------------
Net                       (27.31897 -82.966215 -11.93152)               (0.24692712 1.4001093 -0.29756958)            (27.565897 -81.566106 -12.229089)             (0.096890351 -0.29425069 -0.042316717)        (0.00087575978 0.0049656736 -0.00105537)      (0.097766111 -0.28928502 -0.043372087)       

Moments - Moment Center (0 0 0.05) Moment Axis (0 1 0)
                          Moments [N m]                                   Coefficients                                   
Zone                      Pressure        Viscous         Total           Pressure        Viscous         Total          
jidi                      -22.925142      -0.001602774    -22.926745      -0.081307059    -5.6844505e-06  -0.081312744   
jishen                    -229.38789      -0.063985206    -229.45187      -0.81355458     -0.00022693202  -0.81378151    
jitou                     553.42972       0.12350726      553.55323       1.9628119       0.00043803487   1.96325        
liangan                   649.90674       0.12853022      650.03527       2.3049805       0.00045584947   2.3054363      
waiyi                     -45.127617      0.52561841      -44.601999      -0.16005108     0.0018641754    -0.15818691    
weiyi                     -752.89875      0.27730174      -752.62144      -2.6702553      0.00098348742   -2.6692718     
xiaoyi                    55.843641       0.036304459     55.879946       0.19805688      0.00012875858   0.19818564     
youfuyi                   -4.0729277      0.0074457798    -4.0654819      -0.014445178    2.6407446e-05   -0.014418771   
youweiduo                 -6.3653816      0.0040413803    -6.3613402      -0.022575671    1.4333291e-05   -0.022561337   
zhongyangyi               -274.16533      0.31386898      -273.85146      -0.97236371     0.001113178     -0.97125053    
zuofuyi                   -3.7575008      0.0096398443    -3.747861       -0.013326475    3.4188987e-05   -0.013292286   
zuoweiduo                 -3.4457844      0.039439246     -3.4063452      -0.012220932    0.00013987652   -0.012081055   
------------------------- --------------- --------------- --------------- --------------- --------------- ---------------
Net                       -82.966215      1.4001093       -81.566106      -0.29425069     0.0049656736    -0.28928502    
