                                    "Force Report"

Forces
                          Forces [N]                                                                                                                                Coefficients                                                                                                                             
Zone                      Pressure                                      Viscous                                       Total                                         Pressure                                      Viscous                                       Total                                        
jidi                      (1145.7476 -3.2373012e-07 0.00043584775)      (5.0341798e-09 4.067077e-06 0.00055809174)    (1145.7476 3.7433468e-06 0.00099393948)       (1.4819751 -4.1873096e-10 5.6375028e-07)      (6.5114946e-12 5.2605888e-09 7.2186761e-07)   (1.4819751 4.8418578e-09 1.2856179e-06)      
jishen                    (9088.889 0.91117016 -12505.568)              (1.1863633 -0.1705849 -0.028114716)           (9090.0754 0.74058526 -12505.596)             (11.756086 0.0011785593 -16.175413)           (0.0015345099 -0.00022064422 -3.6365173e-05)  (11.757621 0.00095791513 -16.175449)         
jitou                     (-11259.455 -19.534839 17.317927)             (1.1186217 -0.2524203 0.19461091)             (-11258.336 -19.78726 17.512538)              (-14.56362 -0.025267473 0.022399992)          (0.0014468889 -0.00032649478 0.00025172083)   (-14.562173 -0.025593968 0.022651713)        
liangan                   (-81.053849 -3.7043496 -3071.3303)            (1.1325652 -0.20715112 0.10470612)            (-79.921284 -3.9115007 -3071.2256)            (-0.10483966 -0.0047914166 -3.9726334)        (0.0014649243 -0.00026794105 0.00013543286)   (-0.10337474 -0.0050593576 -3.972498)        
waiyi                     (-176.36355 -0.10417061 1905.5462)            (3.9990802 -0.78067154 0.72519966)            (-172.36447 -0.88484215 1906.2714)            (-0.22811865 -0.0001347402 2.4647419)         (0.0051726379 -0.001009765 0.00093801451)     (-0.22294602 -0.0011445052 2.4656799)        
weiyi                     (41.71483 -28.742234 560.24721)               (1.3439343 -0.28120338 0.038476899)           (43.058764 -29.023438 560.28569)              (0.053956335 -0.037176841 0.72465563)         (0.0017383211 -0.00036372445 4.976821e-05)    (0.055694656 -0.037540566 0.7247054)         
xiaoyi                    (152.66446 -1.9202859 -369.47641)             (0.34060883 -0.068217973 0.032884308)         (153.00507 -1.9885039 -369.44353)             (0.1974649 -0.002483807 -0.47790182)          (0.00044056284 -8.8237009e-05 4.2534436e-05)  (0.19790546 -0.0025720441 -0.47785928)       
youfuyi                   (-0.55157161 -0.74479662 17.775517)           (0.14871072 -0.064264873 0.031754601)         (-0.40286089 -0.80906149 17.807272)           (-0.00071343411 -0.00096336233 0.022991865)   (0.0001923509 -8.3123844e-05 4.1073208e-05)   (-0.0005210832 -0.0010464862 0.023032939)    
youweiduo                 (-0.8925526 -0.04892649 -0.032662367)         (0.14890833 -0.046350252 0.020272164)         (-0.74364426 -0.095276741 -0.012390202)       (-0.0011544783 -6.3284306e-05 -4.2247364e-05) (0.00019260651 -5.9952053e-05 2.6221171e-05)  (-0.00096187181 -0.00012323636 -1.6026193e-05)
zhongyangyi               (1035.1306 0.0083354195 14334.482)            (2.3453907 -0.28432811 0.3030373)             (1037.476 -0.27599269 14334.785)              (1.3388969 1.0781506e-05 18.541035)           (0.0030336619 -0.00036776616 0.00039196569)   (1.3419305 -0.00035698465 18.541427)         
zuofuyi                   (5.7392172 1.1718326 28.23626)                (0.14214667 -0.078921402 0.036990907)         (5.8813638 1.0929112 28.273251)               (0.0074234301 0.001515715 0.036522385)        (0.0001838606 -0.00010208143 4.7846145e-05)   (0.0076072907 0.0014136336 0.036570232)      
zuoweiduo                 (-0.885324 -1.0106393 1.7944189)              (0.13947077 -0.033937867 -0.011234057)        (-0.74585324 -1.0445772 1.7831849)            (-0.0011451284 -0.0013072184 0.0023210036)    (0.00018039943 -4.3897168e-05 -1.4530768e-05) (-0.00096472902 -0.0013511156 0.0023064728)  
------------------------- --------------------------------------------- --------------------------------------------- --------------------------------------------- --------------------------------------------- --------------------------------------------- ---------------------------------------------
Net                       (-49.316083 -53.718904 918.99344)             (12.045801 -2.2680476 1.4491422)              (-37.270282 -55.986952 920.44258)             (-0.063788228 -0.069483088 1.1886784)         (0.015580724 -0.0029336219 0.001874403)       (-0.048207504 -0.07241671 1.1905528)         

Forces - Direction Vector (0.97278921 -0.20791169 0.10224427)
                          Forces [N]                                      Coefficients                                   
Zone                      Pressure        Viscous         Total           Pressure        Viscous         Total          
jidi                      1114.5709       5.6220985e-05   1114.571        1.4416494       7.2719421e-08   1.4416495      
jishen                    7562.7611       1.1866735       7563.9478       9.7821056       0.001534911     9.7836405      
jitou                     -10947.244      1.1605621       -10946.084      -14.159788      0.001501137     -14.158287     
liangan                   -392.10405      1.155522        -390.94853      -0.50716969     0.0014946179    -0.50567507    
waiyi                     23.288274       4.1267203       27.414994       0.030122379     0.0053377349    0.035460114    
weiyi                     103.83765       1.3697643       105.20741       0.13430952      0.001771731     0.13608125     
xiaoyi                    111.13274       0.34888614      111.48163       0.14374541      0.00045126918   0.14419668     
youfuyi                   1.4357337       0.16127233      1.597006        0.0018570597    0.0002085988    0.0020656585   
youweiduo                 -0.86143268     0.15656589      -0.70486679     -0.0011142261   0.00020251123   -0.00091171482 
zhongyangyi               2472.5808       2.3716698       2474.9525       3.1981767       0.0030676526    3.2012444      
zuofuyi                   8.2264065       0.15846954      8.384876        0.010640502     0.00020497352   0.010845476    
zuoweiduo                 -0.46764086     0.14158312      -0.32605774     -0.0006048733   0.00018313166   -0.00042174164 
------------------------- --------------- --------------- --------------- --------------- --------------- ---------------
Net                       57.156445       12.337745       69.49419        0.073929398     0.015958342     0.08988774     
