                                    "Force Report"

Forces
                          Forces [N]                                                                                                                                Coefficients                                                                                                                             
Zone                      Pressure                                      Viscous                                       Total                                         Pressure                                      Viscous                                       Total                                        
jidi                      (1144.9774 4.6534459e-07 0.00043536815)       (1.1642043e-08 -0.0017664176 0.0011579213)    (1144.9774 -0.0017659522 0.0015932895)        (1.4809789 6.0190318e-10 5.6312995e-07)       (1.5058481e-11 -2.284785e-06 1.4977213e-06)   (1.4809789 -2.2841831e-06 2.0608513e-06)     
jishen                    (9084.1348 1.7586323 -12503.499)              (1.189837 -0.10242687 -0.037131813)           (9085.3246 1.6562055 -12503.536)              (11.749937 0.0022747151 -16.172737)           (0.0015390029 -0.00013248475 -4.80284e-05)    (11.751476 0.0021422304 -16.172785)          
jitou                     (-11251.354 -13.400292 7.7370152)             (1.1491445 -0.16829279 0.095187852)           (-11250.205 -13.568585 7.832203)              (-14.553141 -0.0173327 0.010007496)           (0.0014863689 -0.00021767948 0.00012312139)   (-14.551655 -0.01755038 0.010130617)         
liangan                   (-81.054813 -2.4893907 -3074.8911)            (1.1417968 -0.1304555 0.04102516)             (-79.913016 -2.6198462 -3074.8501)            (-0.10484091 -0.0032199196 -3.9772391)        (0.0014768649 -0.00016873856 5.3064276e-05)   (-0.10336404 -0.0033886582 -3.9771861)       
waiyi                     (-143.69929 0.29057246 1783.6205)             (4.413418 -0.53052223 0.46952836)             (-139.28587 -0.23994978 1784.0901)            (-0.18586884 0.00037584295 2.3070363)         (0.005708566 -0.00068620765 0.00060731471)    (-0.18016028 -0.0003103647 2.3076436)        
weiyi                     (44.9217 -20.36595 536.60011)                 (1.4817502 -0.20282313 -0.016599899)          (46.40345 -20.568773 536.58351)               (0.058104283 -0.026342479 0.69406912)         (0.0019165801 -0.00026234297 -2.1471254e-05)  (0.060020863 -0.026604822 0.69404765)        
xiaoyi                    (152.09776 -0.95641845 -370.50345)            (0.32792237 -0.042301092 0.012691467)         (152.42568 -0.99871954 -370.49076)            (0.1967319 -0.0012370861 -0.47923024)         (0.00042415346 -5.4714639e-05 1.6415865e-05)  (0.19715605 -0.0012918007 -0.47921383)       
youfuyi                   (-0.73202594 -0.54768197 15.100306)           (0.17473141 -0.041927475 0.019080678)         (-0.55729454 -0.58960945 15.119387)           (-0.00094684401 -0.00070840303 0.019531595)   (0.00022600754 -5.4231382e-05 2.4680035e-05)  (-0.00072083647 -0.00076263441 0.019556275)  
youweiduo                 (-0.95322058 -0.17568427 -0.25986701)         (0.15388191 -0.029158722 0.0085761472)        (-0.79933867 -0.20484299 -0.25129087)         (-0.0012329497 -0.00022724003 -0.00033612678) (0.00019903962 -3.771555e-05 1.1092877e-05)   (-0.0010339101 -0.00026495558 -0.00032503391)
zhongyangyi               (1050.2707 -7.149267e-05 14254.776)           (2.5579217 -0.22769375 0.17853174)            (1052.8286 -0.22776524 14254.955)             (1.3584799 -9.2472687e-08 18.437939)          (0.0033085615 -0.00029451205 0.00023092311)   (1.3617884 -0.00029460452 18.43817)          
zuofuyi                   (6.1429856 1.1605863 28.59354)                (0.1426029 -0.04288916 0.039241467)           (6.2855885 1.1176971 28.632781)               (0.0079456872 0.0015011683 0.036984511)       (0.0001844507 -5.5475281e-05 5.0757147e-05)   (0.0081301379 0.001445693 0.037035268)       
zuoweiduo                 (-0.93845701 -0.51563335 0.94872918)          (0.15059871 -0.027393499 -0.014419019)        (-0.78785829 -0.54302685 0.93431016)          (-0.0012138537 -0.00066694952 0.0012271403)   (0.00019479295 -3.543231e-05 -1.8650379e-05)  (-0.0010190608 -0.00070238183 0.0012084899)  
------------------------- --------------------------------------------- --------------------------------------------- --------------------------------------------- --------------------------------------------- --------------------------------------------- ---------------------------------------------
Net                       (3.8137402 -35.241331 678.22333)              (12.883606 -1.5476506 0.79687006)             (16.697346 -36.788981 679.0202)               (0.0049329086 -0.045583143 0.87725265)        (0.016664389 -0.0020018194 0.0010307171)      (0.021597297 -0.047584962 0.87828337)        

Forces - Direction Vector (0.98966482 -0.1391731 0.034559857)
                          Forces [N]                                      Coefficients                                   
Zone                      Pressure        Viscous         Total           Pressure        Viscous         Total          
jidi                      1133.1439       0.00028586693   1133.1442       1.4656728       3.6975656e-07   1.4656732      
jishen                    8557.8848       1.1905116       8559.0753       11.069255       0.0015398755    11.070795      
jitou                     -11132.937      1.1639794       -11131.773      -14.399974      0.0015055572    -14.398468     
liangan                   -186.13844      1.1495698       -184.98887      -0.24076205     0.001486919     -0.23927513    
waiyi                     -80.612903      4.4578658       -76.155038      -0.10426932     0.0057660574    -0.098503259   
weiyi                     65.836641       1.4940899       67.330731       0.085156859     0.0019325409    0.0870894      
xiaoyi                    137.85437       0.33085903      138.18522       0.17830868      0.00042795189   0.17873663     
youfuyi                   -0.12637331     0.17942013      0.053046815     -0.00016345843  0.0002320722    6.861377e-05   
youweiduo                 -0.92789932     0.15664601      -0.77125331     -0.0012001978   0.00020261487   -0.00099758292 
zhongyangyi               1532.059        2.569344        1534.6283       1.9816523       0.0033233358    1.9849756      
zuofuyi                   6.906163        0.14845427      7.0546173       0.0089328243    0.0001920192    0.0091248435   
zuoweiduo                 -0.82420765     0.15235637      -0.67185128     -0.0010660771   0.0001970664    -0.00086901068 
------------------------- --------------- --------------- --------------- --------------- --------------- ---------------
Net                       32.118271       12.993382       45.111653       0.0415436       0.01680638      0.05834998     
