                                    "Force Report"

Moments - Moment Center (0 0 0.05)
                          Moments [N m]                                                                                                                             Coefficients                                                                                                                             
Zone                      Pressure                                      Viscous                                       Total                                         Pressure                                      Viscous                                       Total                                        
jidi                      (1.0475148e-09 -22.903584 0.011424638)        (-1.1986273e-05 0.0021077008 -0.001151516)    (-1.1985225e-05 -22.901476 0.010273122)       (3.7151502e-12 -0.081230598 4.0518996e-05)    (-4.2510907e-08 7.4752405e-06 -4.0840044e-06) (-4.2507192e-08 -0.081223123 3.6434992e-05)  
jishen                    (0.54813905 -232.19587 2.7831149)             (-0.039486054 -0.10089239 -0.014967753)       (0.50865299 -232.29676 2.7681471)             (0.0019440479 -0.82351347 0.0098706863)       (-0.00014004253 -0.00035782826 -5.3085124e-05) (0.0018040053 -0.8238713 0.0098176012)       
jitou                     (-1.2649228 529.00072 12.324295)              (-0.014425593 -0.14146802 0.15886638)         (-1.2793484 528.85926 12.483161)              (-0.0044862167 1.8761713 0.043709748)         (-5.116228e-05 -0.00050173512 0.00056344071)  (-0.004537379 1.8756695 0.044273188)         
liangan                   (-0.12935257 645.87545 -0.44859959)           (0.012312292 0.14222025 -0.023549031)         (-0.11704028 646.01767 -0.47214863)           (-0.00045876606 2.290683 -0.001591018)        (4.3667179e-05 0.00050440299 -8.3519762e-05)  (-0.00041509888 2.2911874 -0.0016745378)     
waiyi                     (-32.044262 -54.456414 1.5598278)             (0.047519755 0.50197289 -0.050202498)         (-31.996742 -53.954442 1.5096253)             (-0.11364923 -0.1931369 0.0055321364)         (0.00016853512 0.0017803135 -0.00017804982)   (-0.11348069 -0.19135659 0.0053540866)       
weiyi                     (-11.738961 -615.6883 -34.48978)              (0.10523282 0.555656 -0.31060442)             (-11.633728 -615.13264 -34.800384)            (-0.041633782 -2.1836202 -0.12232258)         (0.00037322218 0.0019707077 -0.0011015998)    (-0.04126056 -2.1816495 -0.12342418)         
xiaoyi                    (-1.1297063 56.000305 -0.81864495)            (0.017727243 0.044578576 -0.026164703)        (-1.1119791 56.044883 -0.84480965)            (-0.0040066535 0.19861251 -0.0029034329)      (6.287202e-05 0.00015810383 -9.2796592e-05)   (-0.0039437815 0.19877062 -0.0029962295)     
youfuyi                   (10.213232 -1.5026267 1.0000508)              (-0.001254299 0.02151924 -0.22284854)         (10.211978 -1.4811075 0.77720223)             (0.036222582 -0.0053292651 0.0035468127)      (-4.448538e-06 7.6320841e-05 -0.00079036192)  (0.036218133 -0.0052529442 0.0027564508)     
youweiduo                 (-0.42825652 2.5382673 -1.2418924)            (0.01256178 0.035903787 -0.10914913)          (-0.41569474 2.5741711 -1.3510415)            (-0.0015188686 0.0090023019 -0.0044045362)    (4.4552018e-05 0.00012733754 -0.00038711188)  (-0.0014743165 0.0091296395 -0.0047916481)   
zhongyangyi               (9.4422225 -291.09475 -0.42081273)            (0.051634711 0.26907752 -0.065894477)         (9.4938572 -290.82568 -0.48670721)            (0.033488095 -1.0324062 -0.0014924682)        (0.00018312935 0.00095431913 -0.00023370351)  (0.033671224 -1.0314519 -0.0017261717)       
zuofuyi                   (-26.16041 -3.1195313 6.3816066)              (-0.031452341 0.0084444005 0.12319037)        (-26.191862 -3.1110869 6.504797)              (-0.092781365 -0.011063832 0.022633215)       (-0.0001115499 2.9949187e-05 0.00043691098)   (-0.092892915 -0.011033882 0.023070126)      
zuoweiduo                 (-0.15970807 -0.47357378 -0.35814266)         (0.023736147 0.085719038 -0.0062546097)       (-0.13597192 -0.38785474 -0.36439727)         (-0.00056642587 -0.0016795922 -0.0012702005)  (8.4183396e-05 0.00030401394 -2.2182803e-05)  (-0.00048224247 -0.0013755783 -0.0012923833) 
------------------------- --------------------------------------------- --------------------------------------------- --------------------------------------------- --------------------------------------------- --------------------------------------------- ---------------------------------------------
Net                       (-52.851986 11.98009 -13.717552)              (0.18409448 1.424839 -0.54872993)             (-52.667891 13.404929 -14.266282)             (-0.18744658 0.04248898 -0.04865112)          (0.0006529155 0.0050533805 -0.0019461435)     (-0.18679367 0.04754236 -0.050597263)        

Moments - Moment Center (0 0 0.05) Moment Axis (0 1 0)
                          Moments [N m]                                   Coefficients                                   
Zone                      Pressure        Viscous         Total           Pressure        Viscous         Total          
jidi                      -22.903584      0.0021077008    -22.901476      -0.081230598    7.4752405e-06   -0.081223123   
jishen                    -232.19587      -0.10089239     -232.29676      -0.82351347     -0.00035782826  -0.8238713     
jitou                     529.00072       -0.14146802     528.85926       1.8761713       -0.00050173512  1.8756695      
liangan                   645.87545       0.14222025      646.01767       2.290683        0.00050440299   2.2911874      
waiyi                     -54.456414      0.50197289      -53.954442      -0.1931369      0.0017803135    -0.19135659    
weiyi                     -615.6883       0.555656        -615.13264      -2.1836202      0.0019707077    -2.1816495     
xiaoyi                    56.000305       0.044578576     56.044883       0.19861251      0.00015810383   0.19877062     
youfuyi                   -1.5026267      0.02151924      -1.4811075      -0.0053292651   7.6320841e-05   -0.0052529442  
youweiduo                 2.5382673       0.035903787     2.5741711       0.0090023019    0.00012733754   0.0091296395   
zhongyangyi               -291.09475      0.26907752      -290.82568      -1.0324062      0.00095431913   -1.0314519     
zuofuyi                   -3.1195313      0.0084444005    -3.1110869      -0.011063832    2.9949187e-05   -0.011033882   
zuoweiduo                 -0.47357378     0.085719038     -0.38785474     -0.0016795922   0.00030401394   -0.0013755783  
------------------------- --------------- --------------- --------------- --------------- --------------- ---------------
Net                       11.98009        1.424839        13.404929       0.04248898      0.0050533805    0.04754236     
