                                    "Force Report"

Forces
                          Forces [N]                                                                                                                                Coefficients                                                                                                                             
Zone                      Pressure                                      Viscous                                       Total                                         Pressure                                      Viscous                                       Total                                        
jidi                      (1143.8867 4.4100209e-07 0.00043467643)       (1.9495986e-08 -0.0019524571 -0.00024919832)  (1143.8867 -0.0019520161 0.0001854781)        (1.4795682 5.704172e-10 5.6223523e-07)        (2.5217218e-11 -2.5254191e-06 -3.2232729e-07) (1.4795682 -2.5248487e-06 2.3990793e-07)     
jishen                    (9079.3531 1.41359 -12505.721)                (1.2705086 -0.086739866 -0.079470345)         (9080.6236 1.3268502 -12505.801)              (11.743752 0.0018284178 -16.175611)           (0.0016433481 -0.00011219428 -0.00010279147)  (11.745395 0.0017162235 -16.175714)          
jitou                     (-11243.033 -14.031357 -8.5718201)            (1.1677372 -0.16990625 -0.068460636)          (-11241.865 -14.201263 -8.6402807)            (-14.542378 -0.018148956 -0.01108728)         (0.0015104178 -0.00021976641 -8.8550882e-05)  (-14.540868 -0.018368722 -0.011175831)       
liangan                   (-81.125234 -1.2705929 -3081.8862)            (1.1897264 -0.11485339 -0.068187194)          (-79.935508 -1.3854463 -3081.9544)            (-0.10493199 -0.0016434571 -3.9862871)        (0.0015388599 -0.00014855791 -8.8197198e-05)  (-0.10339313 -0.001792015 -3.9863752)        
waiyi                     (-126.89368 -0.35080702 1503.1082)            (3.8515847 -0.53542689 -0.024427782)          (-123.0421 -0.88623391 1503.0837)             (-0.16413151 -0.00045375376 1.9442056)        (0.0049818589 -0.00069255162 -3.1596284e-05)  (-0.15914965 -0.0011463054 1.9441741)        
weiyi                     (42.786993 -14.698766 482.81372)              (1.4789108 -0.18975661 -0.12212174)           (44.265903 -14.888522 482.6916)               (0.055343131 -0.01901222 0.62449875)          (0.0019129074 -0.00024544199 -0.00015795921)  (0.057256038 -0.019257662 0.62434079)        
xiaoyi                    (150.98457 -0.70675702 -372.75121)            (0.31134971 -0.040383897 -0.025739668)        (151.29592 -0.74714091 -372.77695)            (0.19529203 -0.00091415974 -0.48213762)       (0.00040271743 -5.223483e-05 -3.3293152e-05)  (0.19569475 -0.00096639457 -0.48217092)      
youfuyi                   (-0.85680375 -0.37856358 10.857011)           (0.1881359 -0.039373427 2.7165849e-05)        (-0.66866785 -0.417937 10.857038)             (-0.0011082387 -0.00048965567 0.014043076)    (0.00024334568 -5.0927831e-05 3.5137855e-08)  (-0.00086489305 -0.00054058351 0.014043111)  
youweiduo                 (-1.0577044 -0.86095619 -1.4321418)           (0.15399593 -0.026155171 0.00012793692)       (-0.90370846 -0.88711136 -1.4320139)          (-0.001368095 -0.0011136097 -0.0018524137)    (0.0001991871 -3.3830587e-05 1.6548089e-07)   (-0.0011689079 -0.0011474403 -0.0018522482)  
zhongyangyi               (1056.2989 -0.033925859 14094.991)            (2.2875048 -0.26502429 -0.061990322)          (1058.5864 -0.29895014 14094.929)             (1.3662771 -4.3881637e-05 18.231263)          (0.0029587889 -0.00034279749 -8.018181e-05)   (1.3692359 -0.00038667913 18.231183)         
zuofuyi                   (-0.85479368 0.39814273 10.697258)            (0.18964495 -0.041247041 0.00027203787)       (-0.66514873 0.35689569 10.69753)             (-0.0011056388 0.00051498047 0.013836442)     (0.00024529757 -5.335127e-05 3.5186926e-07)   (-0.00086034122 0.0004616292 0.013836794)    
zuoweiduo                 (-1.0315393 2.4841993 -4.2144521)             (0.13088429 -0.022359259 -0.03064597)         (-0.900655 2.4618401 -4.2450981)              (-0.0013342516 0.0032132048 -0.0054512122)    (0.00016929319 -2.8920738e-05 -3.9639242e-05) (-0.0011649584 0.003184284 -0.0054908514)    
------------------------- --------------------------------------------- --------------------------------------------- --------------------------------------------- --------------------------------------------- --------------------------------------------- ---------------------------------------------
Net                       (18.45789 -28.035793 127.89038)               (12.219983 -1.5331785 -0.48086572)            (30.677873 -29.568972 127.40951)              (0.023874485 -0.03626309 0.16542069)          (0.015806022 -0.0019831004 -0.00062197908)    (0.039680507 -0.03824619 0.16479871)         

Forces - Direction Vector (0.98785583 -0.1391731 -0.069077609)
                          Forces [N]                                      Coefficients                                   
Zone                      Pressure        Viscous         Total           Pressure        Viscous         Total          
jidi                      1129.9951       0.00028896279   1129.9954       1.4616          3.7376091e-07   1.4616004      
jishen                    9832.7604       1.2726408       9834.033        12.718252       0.001646106     12.719898      
jitou                     -11103.95       1.1819315       -11102.768      -14.362481      0.0015287775    -14.360952     
liangan                   132.92613       1.1959729       134.1221        0.17193422      0.0015469394    0.17348116     
waiyi                     -229.13496      3.8810148       -225.25394      -0.2963762      0.0050199254    -0.29135627    
weiyi                     10.961435       1.4957955       12.457231       0.014178144     0.001934747     0.016112891    
xiaoyi                    174.99811       0.31496701      175.31307       0.22635251      0.00040739626   0.22675991     
youfuyi                   -1.5436891      0.19132899      -1.3523601      -0.0019966953   0.00024747581   -0.0017492195  
youweiduo                 -0.82610857     0.15575703      -0.67035153     -0.0010685358   0.00020146501   -0.00086707082 
zhongyangyi               69.827482       2.3008913       72.128373       0.090318838     0.0029761038    0.093294942    
zuofuyi                   -1.6387646      0.19306356      -1.4457011      -0.0021196715   0.00024971939   -0.0018699521  
zuoweiduo                 -1.0736215      0.13452357      -0.93909798     -0.0013886832   0.00017400043   -0.0012146828  
------------------------- --------------- --------------- --------------- --------------- --------------- ---------------
Net                       13.301201       12.318176       25.619377       0.01720453      0.01593303      0.03313756     
