                                    "Force Report"

Forces
                          Forces [N]                                                                                                                                Coefficients                                                                                                                             
Zone                      Pressure                                      Viscous                                       Total                                         Pressure                                      Viscous                                       Total                                        
jidi                      (1144.4624 7.7573554e-07 0.00043519661)       (1.9578187e-08 -0.0035135599 6.764463e-06)    (1144.4624 -0.0035127841 0.00044196107)       (1.4803129 1.0033805e-09 5.6290806e-07)       (2.5323541e-11 -4.5446383e-06 8.7495414e-09)  (1.4803129 -4.5436349e-06 5.716576e-07)      
jishen                    (9083.3145 0.36676641 -12511.886)             (1.3010523 -0.13662762 -0.088308864)          (9084.6156 0.23013879 -12511.974)             (11.748876 0.00047439655 -16.183585)          (0.001682855 -0.00017672194 -0.00011422371)   (11.750559 0.00029767461 -16.1837)           
jitou                     (-11248.295 -20.579965 -3.3401932)            (1.1461158 -0.25491716 -0.013274678)          (-11247.149 -20.834882 -3.3534679)            (-14.549185 -0.026619298 -0.004320396)        (0.0014824514 -0.00032972436 -1.7170225e-05)  (-14.547703 -0.026949022 -0.0043375662)      
liangan                   (-81.1167 -2.6605824 -3080.8809)              (1.2269083 -0.18505032 -0.0434786)            (-79.889792 -2.8456328 -3080.9244)            (-0.10492096 -0.0034413487 -3.9849867)        (0.001586953 -0.00023935462 -5.6237696e-05)   (-0.103334 -0.0036807033 -3.9850429)         
waiyi                     (-127.09217 -0.45889837 1584.2333)            (3.9154071 -0.73609483 0.11407693)            (-123.17677 -1.1949932 1584.3474)             (-0.16438825 -0.00059356526 2.0491376)        (0.0050644103 -0.00095210694 0.00014755359)   (-0.15932384 -0.0015456722 2.0492851)        
weiyi                     (42.015188 -23.878199 496.21309)              (1.397847 -0.27574895 -0.085912355)           (43.413035 -24.153948 496.12718)              (0.054344836 -0.030885421 0.64183025)         (0.0018080548 -0.00035666938 -0.00011112393)  (0.056152891 -0.03124209 0.64171913)         
xiaoyi                    (151.26908 -1.2892353 -372.4973)              (0.31497723 -0.060408922 -0.017945794)        (151.58406 -1.3496442 -372.51525)             (0.19566004 -0.0016675702 -0.48180921)        (0.00040740947 -7.8136337e-05 -2.3212112e-05) (0.19606745 -0.0017457066 -0.48183242)       
youfuyi                   (-0.84086891 -0.436037 12.568282)             (0.19516626 -0.057067369 0.0047601227)        (-0.64570265 -0.49310436 12.573042)           (-0.0010876277 -0.00056399506 0.016256531)    (0.00025243915 -7.3814183e-05 6.1570135e-06)  (-0.00083518855 -0.00063780925 0.016262688)  
youweiduo                 (-1.0495106 -0.82144657 -1.3863279)           (0.15369104 -0.036726394 0.0056030686)        (-0.89581961 -0.85817296 -1.3807248)          (-0.0013574968 -0.0010625057 -0.0017931554)   (0.00019879273 -4.7504008e-05 7.2473278e-06)  (-0.0011587041 -0.0011100097 -0.0017859081)  
zhongyangyi               (1056.5869 -0.040747704 14147.615)            (2.3829829 -0.34914865 0.0082324508)          (1058.9699 -0.38989635 14147.624)             (1.3666496 -5.2705399e-05 18.299331)          (0.0030822856 -0.00045160873 1.064832e-05)    (1.3697319 -0.00050431413 18.299341)         
zuofuyi                   (-0.93660407 0.47239356 12.356927)            (0.2095045 -0.049911905 0.003377291)          (-0.72709957 0.42248166 12.360304)            (-0.001211457 0.00061102071 0.015983152)      (0.00027098504 -6.4558899e-05 4.3683804e-06)  (-0.00094047196 0.00054646182 0.015987521)   
zuoweiduo                 (-0.95683394 2.1991643 -3.7043433)            (0.13127372 -0.030423319 -0.03176067)         (-0.82556022 2.168741 -3.736104)              (-0.0012376235 0.0028445243 -0.0047914084)    (0.0001697969 -3.9351252e-05 -4.1081058e-05)  (-0.0010678266 0.002805173 -0.0048324895)    
------------------------- --------------------------------------------- --------------------------------------------- --------------------------------------------- --------------------------------------------- --------------------------------------------- ---------------------------------------------
Net                       (17.360012 -47.126786 279.29237)              (12.374926 -2.175639 -0.14462434)             (29.734939 -49.302425 279.14774)              (0.022454428 -0.060956467 0.36125264)         (0.016006434 -0.0028140953 -0.00018706535)    (0.038460862 -0.063770562 0.36106558)        

Forces - Direction Vector (0.97755174 -0.20791169 -0.034136859)
                          Forces [N]                                      Coefficients                                   
Zone                      Pressure        Viscous         Total           Pressure        Viscous         Total          
jidi                      1118.7712       0.00073029839   1118.772        1.4470824       9.446095e-07    1.4470833      
jishen                    9306.4502       1.303267        9307.7534       12.037492       0.0016857197    12.039178      
jitou                     -10991.398      1.1738409       -10990.224      -14.2169        0.0015183126    -14.215381     
liangan                   26.428992       1.2393247       27.668317       0.034184763     0.0016030131    0.035787776    
waiyi                     -178.22452      3.9766615       -174.24785      -0.23052573     0.0051436403    -0.22538209    
weiyi                     29.097421       1.426732        30.524153       0.03763626      0.0018454163    0.039481676    
xiaoyi                    160.85729       0.32107887      161.17837       0.20806197      0.00041530169   0.20847727     
youfuyi                   -1.1603773      0.2024876       -0.95788974     -0.0015008981   0.00026190898   -0.0012389891  
youweiduo                 -0.80783773     0.15768552      -0.65015222     -0.0010449033   0.00020395942   -0.00084094388 
zhongyangyi               549.9217        2.4018001       552.3235        0.71130002      0.0031066249    0.71440665     
zuofuyi                   -1.4356217      0.21506347      -1.2205583      -0.0018569149   0.00027817533   -0.0015787395  
zuoweiduo                 -1.266132       0.13573643      -1.1303956      -0.0016376872   0.00017556922   -0.001462118   
------------------------- --------------- --------------- --------------- --------------- --------------- ---------------
Net                       17.234356       12.554408       29.788764       0.022291897     0.016238586     0.038530483    
