                                    "Force Report"

Forces
                          Forces [N]                                                                                                                                Coefficients                                                                                                                             
Zone                      Pressure                                      Viscous                                       Total                                         Pressure                                      Viscous                                       Total                                        
jidi                      (1145.1441 5.6136669e-08 0.00043548373)       (7.3799717e-09 -0.00048115929 0.00069174044)  (1145.1441 -0.00048110315 0.0011272242)       (1.4811946 7.2610362e-11 5.6327943e-07)       (9.5456754e-12 -6.223588e-07 8.9473645e-07)   (1.4811946 -6.2228619e-07 1.4580159e-06)     
jishen                    (9085.5527 1.4230318 -12502.87)               (1.1694043 -0.11606841 -0.022849073)          (9086.7221 1.3069634 -12502.893)              (11.751771 0.0018406303 -16.171923)           (0.0015125741 -0.00015012948 -2.9554291e-05)  (11.753283 0.0016905008 -16.171953)          
jitou                     (-11254.071 -13.42393 12.385445)              (1.144391 -0.1688561 0.14311413)              (-11252.926 -13.592786 12.528559)             (-14.556655 -0.017363274 0.016020039)         (0.0014802204 -0.00021840809 0.00018511196)   (-14.555175 -0.017581683 0.016205151)        
liangan                   (-81.078159 -1.4487539 -3073.7937)            (1.1277557 -0.11942956 0.055712715)           (-79.950403 -1.5681835 -3073.738)             (-0.1048711 -0.0018739008 -3.9758197)         (0.0014587034 -0.00015447699 7.2061996e-05)   (-0.1034124 -0.0020283778 -3.9757477)        
waiyi                     (-156.3585 -0.206533 1820.0707)               (4.3232519 -0.53472784 0.57083309)            (-152.03525 -0.74126085 1820.6415)            (-0.20224299 -0.00026714154 2.354183)         (0.00559194 -0.00069164742 0.000738348)       (-0.19665105 -0.00095878896 2.3549213)       
weiyi                     (45.348793 -15.128265 536.3504)               (1.4875373 -0.18973744 2.4173096e-05)         (46.836331 -15.318002 536.35043)              (0.05865671 -0.019567759 0.69374613)          (0.0019240654 -0.0002454172 3.1266858e-08)    (0.060580776 -0.019813176 0.69374616)        
xiaoyi                    (152.44845 -0.89765138 -369.7167)             (0.33362815 -0.043209519 0.02475905)          (152.78208 -0.9408609 -369.69194)             (0.1971855 -0.0011610734 -0.47821262)         (0.00043153364 -5.5889651e-05 3.2024765e-05)  (0.19761703 -0.001216963 -0.4781806)         
youfuyi                   (-0.60966166 -0.6121601 16.174994)            (0.15804703 -0.042698991 0.026276109)         (-0.45161463 -0.65485909 16.20127)            (-0.00078857109 -0.0007918027 0.020921657)    (0.00020442702 -5.5229305e-05 3.3987015e-05)  (-0.00058414407 -0.00084703201 0.020955644)  
youweiduo                 (-0.92845635 -0.10665513 -0.14246758)         (0.15219705 -0.032711713 0.011842773)         (-0.77625929 -0.13936684 -0.13062481)         (-0.0012009183 -0.00013795381 -0.00018427568) (0.00019686033 -4.2311191e-05 1.5318117e-05)  (-0.0010040579 -0.000180265 -0.00016895756)  
zhongyangyi               (1044.0342 -0.0083549299 14289.909)           (2.5095459 -0.21607948 0.24026983)            (1046.5438 -0.22443441 14290.149)             (1.3504133 -1.0806742e-05 18.483381)          (0.0032459894 -0.0002794895 0.00031077867)    (1.3536593 -0.00029029624 18.483692)         
zuofuyi                   (-0.64149433 0.61352763 15.961649)            (0.16677406 -0.047374736 0.026063104)         (-0.47472027 0.56615289 15.987712)            (-0.00082974527 0.00079357155 0.020645705)    (0.00021571506 -6.127718e-05 3.3711501e-05)   (-0.00061403021 0.00073229437 0.020679417)   
zuoweiduo                 (-0.88126056 1.6641117 -2.8116911)            (0.13164307 -0.014486004 -0.018059595)        (-0.74961749 1.6496257 -2.8297507)            (-0.0011398726 0.0021524568 -0.0036368012)    (0.00017027463 -1.8737022e-05 -2.3359308e-05) (-0.00096959793 0.0021337198 -0.0036601605)  
------------------------- --------------------------------------------- --------------------------------------------- --------------------------------------------- --------------------------------------------- --------------------------------------------- ---------------------------------------------
Net                       (-22.039799 -28.131632 741.51792)             (12.704175 -1.525861 1.058678)                (-9.3356235 -29.657493 742.5766)              (-0.02850753 -0.036387053 0.95912148)         (0.016432304 -0.0019736354 0.0013693544)      (-0.012075227 -0.038360689 0.96049083)       

Forces - Direction Vector (0.98785583 -0.1391731 0.069077609)
                          Forces [N]                                      Coefficients                                   
Zone                      Pressure        Viscous         Total           Pressure        Viscous         Total          
jidi                      1131.2373       0.0001147555    1131.2374       1.4632067       1.4843129e-07   1.4632069      
jishen                    8111.3497       1.1697781       8112.5195       10.491681       0.0015130576    10.493194      
jitou                     -11114.675      1.1638795       -11113.511      -14.376354      0.001505428     -14.374848     
liangan                   -292.22223      1.1345299       -291.0877       -0.37797686     0.0014674656    -0.37650939    
waiyi                     -28.704785      4.3846011       -24.320184      -0.037128402    0.0056712926    -0.03145711    
weiyi                     83.953321       1.4958804       85.449201       0.10859         0.0019348568    0.11052486     
xiaoyi                    125.18287       0.33730041      125.52017       0.16191865      0.00043628355   0.16235493     
youfuyi                   0.60026828      0.16388532      0.7641536       0.00077642116   0.0002119786    0.00098839976  
youweiduo                 -0.91217881     0.15571941      -0.7564594      -0.001179864    0.00020141634   -0.00097844764 
zhongyangyi               2018.4692       2.5257392       2020.9949       2.6108029       0.0032669348    2.6140699      
zuofuyi                   0.38350211      0.17314239      0.5566445       0.00049604345   0.00022395222   0.00071999568  
zuoweiduo                 -1.2963829      0.13081292      -1.1655699      -0.0016768154   0.00016920087   -0.0015076145  
------------------------- --------------- --------------- --------------- --------------- --------------- ---------------
Net                       33.365308       12.835383       46.200691       0.043156588     0.016602015     0.059758603    
