                                    "Force Report"

Forces
                          Forces [N]                                                                                                                                Coefficients                                                                                                                             
Zone                      Pressure                                      Viscous                                       Total                                         Pressure                                      Viscous                                       Total                                        
jidi                      (1145.7139 -1.7426577e-07 0.0004362053)       (1.0158747e-10 -0.00071413443 -0.00017835853) (1145.7139 -0.00071430869 0.00025784677)      (1.4819315 -2.2540527e-10 5.6421275e-07)      (1.3139902e-13 -9.2370211e-07 -2.3069907e-07) (1.4819315 -9.2392751e-07 3.3351368e-07)     
jishen                    (9087.6045 0.81099728 -12508.454)             (1.2075443 -0.17642109 -0.051147619)          (9088.8121 0.63457619 -12508.505)             (11.754425 0.00104899 -16.179146)             (0.0015619065 -0.00022819308 -6.6157241e-05)  (11.755987 0.00082079696 -16.179213)         
jitou                     (-11256.56 -19.895158 12.007398)              (1.1269152 -0.25364883 0.14163488)            (-11255.433 -20.148807 12.149033)             (-14.559875 -0.02573353 0.015531052)          (0.0014576162 -0.00032808383 0.00018319862)   (-14.558417 -0.026061614 0.01571425)         
liangan                   (-81.092147 -2.8046652 -3074.6751)            (1.1566125 -0.19223607 0.051109282)           (-79.935534 -2.9969012 -3074.624)             (-0.1048892 -0.0036277135 -3.9769597)         (0.0014960285 -0.00024864908 6.6107654e-05)   (-0.10339317 -0.0038763626 -3.9768936)       
waiyi                     (-155.92974 -0.28995772 1811.5397)            (4.2547278 -0.79126998 0.55921229)            (-151.67501 -1.0812277 1812.0989)             (-0.2016884 -0.00037504782 2.3431485)         (0.005503307 -0.0010234736 0.000723317)       (-0.19618509 -0.0013985214 2.3438719)        
weiyi                     (43.14482 -24.316029 535.28488)               (1.3884765 -0.27862291 0.00010059115)         (44.533296 -24.594652 535.28498)              (0.055805965 -0.031451736 0.69236793)         (0.0017959346 -0.00036038673 1.3011031e-07)   (0.0576019 -0.031812123 0.69236806)          
xiaoyi                    (152.27611 -1.6028314 -370.32017)             (0.33128183 -0.064883479 0.019410707)         (152.60739 -1.6677149 -370.30076)             (0.19696259 -0.0020731933 -0.47899318)        (0.00042849877 -8.3923984e-05 2.5106913e-05)  (0.19739108 -0.0021571173 -0.47896808)       
youfuyi                   (-0.65389093 -0.62656709 15.936256)           (0.15654477 -0.063627267 0.02564685)          (-0.49734616 -0.69019436 15.961903)           (-0.00084577973 -0.00081043753 0.020612861)   (0.00020248391 -8.2299127e-05 3.3173095e-05)  (-0.00064329582 -0.00089273666 0.020646034)  
youweiduo                 (-0.92238783 -0.31446567 -0.50511212)         (0.15030894 -0.045126833 0.016491362)         (-0.77207889 -0.3595925 -0.48862076)          (-0.0011930689 -0.00040674779 -0.00065334076) (0.00019441814 -5.8369614e-05 2.1330867e-05)  (-0.00099865077 -0.0004651174 -0.00063200989)
zhongyangyi               (1044.2047 -0.026570996 14287.958)            (2.4641635 -0.31551049 0.22988457)            (1046.6689 -0.34208148 14288.188)             (1.3506338 -3.4368439e-05 18.480859)          (0.0031872893 -0.00040809922 0.00029734579)   (1.3538211 -0.00044246766 18.481156)         
zuofuyi                   (-0.67380671 0.58458149 15.609054)            (0.17076279 -0.067985199 0.024517076)         (-0.50304392 0.5165963 15.633572)             (-0.00087153995 0.00075613097 0.020189639)    (0.00022087431 -8.7935925e-05 3.1711782e-05)  (-0.00065066564 0.00066819505 0.020221351)   
zuoweiduo                 (-0.83687841 1.5135201 -2.5414239)            (0.1286764 -0.027195218 -0.023348487)         (-0.70820201 1.4863249 -2.5647724)            (-0.0010824662 0.001957673 -0.0032872223)     (0.00016643737 -3.5175843e-05 -3.0200261e-05) (-0.00091602878 0.0019224971 -0.0033174226)  
------------------------- --------------------------------------------- --------------------------------------------- --------------------------------------------- --------------------------------------------- --------------------------------------------- ---------------------------------------------
Net                       (-23.724609 -46.967147 721.84027)             (12.536015 -2.2772415 0.99333315)             (-11.188595 -49.244388 722.8336)              (-0.03068676 -0.06074998 0.93366928)          (0.016214795 -0.0029455137 0.0012848336)      (-0.014471965 -0.063695494 0.93495411)       

Forces - Direction Vector (0.97576488 -0.20791169 0.068232127)
                          Forces [N]                                      Coefficients                                   
Zone                      Pressure        Viscous         Total           Pressure        Viscous         Total          
jidi                      1117.9474       0.00013630721   1117.9475       1.4460168       1.7630751e-07   1.446017       
jishen                    8013.7183       1.2114694       8014.9298       10.365399       0.0015669835    10.366966      
jitou                     -10978.8        1.1620048       -10977.638      -14.200605      0.0015030032    -14.199102     
liangan                   -288.33537      1.1720373       -287.16333      -0.37294937     0.0015159798    -0.37143339    
waiyi                     -28.485269      4.3542845       -24.130985      -0.036844468    0.0056320793    -0.031212389   
weiyi                     83.678413       1.4127625       85.091175       0.10823442      0.0018273474    0.11006177     
xiaoyi                    123.65119       0.33806765      123.98926       0.15993749      0.00043727593   0.16037477     
youfuyi                   0.57959148      0.16772968      0.74732116      0.00074967661   0.00021695111   0.00096662772  
youweiduo                 -0.86911744     0.15717383      -0.71194361     -0.001124166    0.00020329757   -0.00092086838 
zhongyangyi               1993.8016       2.485728        1996.2873       2.5788964       0.0032151821    2.5821116      
zuofuyi                   0.28602073      0.1824321       0.46845283      0.00036995549   0.00023596806   0.00060592355  
zuoweiduo                 -1.3046818      0.12961899      -1.1750628      -0.0016875497   0.00016765658   -0.0015198932  
------------------------- --------------- --------------- --------------- --------------- --------------- ---------------
Net                       35.868075       12.773445       48.64152        0.046393809     0.016521901     0.06291571     
