                                    "Force Report"

Forces
                          Forces [N]                                                                                                                                Coefficients                                                                                                                             
Zone                      Pressure                                      Viscous                                       Total                                         Pressure                                      Viscous                                       Total                                        
jidi                      (1145.2166 8.3739184e-08 0.00043557797)       (1.499918e-08 0.00034580211 0.0015903001)     (1145.2166 0.00034588585 0.0020258781)        (1.4812884 1.0831303e-10 5.6340133e-07)       (1.9400793e-11 4.4728013e-07 2.0569847e-06)   (1.4812884 4.4738844e-07 2.620386e-06)       
jishen                    (9086.741 1.1167176 -12501.742)               (1.1751043 -0.1135231 -0.0080460236)          (9087.9161 1.0031945 -12501.75)               (11.753308 0.0014444261 -16.170465)           (0.0015199467 -0.00014683724 -1.0407185e-05)  (11.754828 0.0012975888 -16.170475)          
jitou                     (-11256.576 -13.299376 17.241038)             (1.1374711 -0.16867673 0.19356124)            (-11255.439 -13.468053 17.434599)             (-14.559896 -0.017202169 0.022300539)         (0.0014712698 -0.00021817609 0.00025036312)   (-14.558425 -0.017420346 0.022550902)        
liangan                   (-81.092873 -1.2989644 -3071.5566)            (1.152239 -0.11209788 0.088741646)            (-79.940634 -1.4110623 -3071.4678)            (-0.10489014 -0.0016801545 -3.972926)         (0.0014903715 -0.00014499378 0.0001147835)    (-0.10339977 -0.0018251483 -3.9728113)       
waiyi                     (-173.63431 -0.21480129 1882.785)             (4.1125139 -0.5256264 0.70076982)             (-169.52179 -0.74042769 1883.4858)            (-0.22458849 -0.00027783621 2.4353012)        (0.0053193596 -0.0006798751 0.00090641556)    (-0.21926913 -0.00095771131 2.4362077)       
weiyi                     (44.634712 -15.215929 551.13648)              (1.4336912 -0.17857683 0.033127688)           (46.068403 -15.394506 551.1696)               (0.057733076 -0.019681148 0.71287128)         (0.0018544177 -0.00023098144 4.2849237e-05)   (0.059587494 -0.01991213 0.71291413)         
xiaoyi                    (152.84385 -1.0326115 -368.92029)             (0.34248472 -0.045305172 0.038331248)         (153.18634 -1.0779167 -368.88196)             (0.19769694 -0.0013356385 -0.47718249)        (0.00044298922 -5.8600287e-05 4.9579817e-05)  (0.19813993 -0.0013942388 -0.47713291)       
youfuyi                   (-0.37667357 -0.68161641 17.818273)           (0.15093497 -0.039544991 0.030956539)         (-0.2257386 -0.7211614 17.849229)             (-0.00048721103 -0.00088164146 0.023047168)   (0.00019522788 -5.1149741e-05 4.0040949e-05)  (-0.00029198316 -0.0009327912 0.023087209)   
youweiduo                 (-0.91063075 0.10681532 0.22653949)           (0.15182387 -0.03070837 0.012919254)          (-0.75880687 0.076106952 0.23945874)          (-0.0011778616 0.00013816102 0.00029301906)   (0.00019637764 -3.9719953e-05 1.6710499e-05)  (-0.00098148399 9.8441062e-05 0.00030972956) 
zhongyangyi               (1035.8784 -0.0010028091 14324.661)           (2.3719785 -0.18929482 0.31090743)            (1038.2504 -0.19029763 14324.972)             (1.3398641 -1.2970903e-06 18.528332)          (0.0030680519 -0.00024484469 0.00040214536)   (1.3429321 -0.00024614178 18.528734)         
zuofuyi                   (-0.42025165 0.6733752 17.268239)             (0.16013705 -0.050413261 0.029858108)         (-0.26011461 0.62296194 17.298098)            (-0.0005435774 0.0008709818 0.022335724)      (0.00020713037 -6.5207381e-05 3.8620175e-05)  (-0.00033644704 0.00080577442 0.022374344)   
zuoweiduo                 (-0.82296041 1.3975648 -2.3670772)            (0.12847534 -0.012445879 -0.01380594)         (-0.69448508 1.3851189 -2.3808831)            (-0.0010644638 0.0018076899 -0.0030617123)    (0.00016617731 -1.6098208e-05 -1.7857389e-05) (-0.00089828652 0.0017915917 -0.0030795697)  
------------------------- --------------------------------------------- --------------------------------------------- --------------------------------------------- --------------------------------------------- --------------------------------------------- ---------------------------------------------
Net                       (-48.519078 -28.449828 866.55071)             (12.316854 -1.4658676 1.4189113)              (-36.202224 -29.915696 867.96962)             (-0.062757337 -0.036798627 1.120846)          (0.01593132 -0.0018960366 0.0018353006)       (-0.046826017 -0.038694663 1.1226813)        

Forces - Direction Vector (0.98484328 -0.1391731 0.1035112)
                          Forces [N]                                      Coefficients                                   
Zone                      Pressure        Viscous         Total           Pressure        Viscous         Total          
jidi                      1127.8589       0.00011650229   1127.8591       1.4588369       1.506907e-07    1.4588371      
jishen                    7654.79         1.17226         7655.9623       9.901141        0.0015162678    9.9026573      
jitou                     -11082.328      1.1637418       -11081.164      -14.334513      0.0015052498    -14.333008     
liangan                   -397.62349      1.1595616       -396.46393      -0.51430885     0.001499843     -0.51280901    
waiyi                     23.916646       4.1958723       28.112518       0.030935151     0.00542718      0.036362331    
weiyi                     103.12464       1.4402433       104.56488       0.13338728      0.0018628926    0.13525017     
xiaoyi                    112.48357       0.34756675      112.83114       0.14549265      0.00044956261   0.14594222     
youfuyi                   1.568289        0.15735524      1.7256442       0.0020285142    0.00020353222   0.0022320464   
youweiduo                 -0.88824502     0.15513379      -0.73311123     -0.0011489067   0.00020065887   -0.00094824778 
zhongyangyi               2502.9409       2.3945542       2505.3354       3.2374461       0.0030972527    3.2405434      
zuofuyi                   1.2798584       0.16781671      1.4476751       0.0016554417    0.00021706368   0.0018725054   
zuoweiduo                 -1.2500095      0.12683113      -1.1231783      -0.0016168334   0.0001640506    -0.0014527828  
------------------------- --------------- --------------- --------------- --------------- --------------- ---------------
Net                       45.873466       12.481053       58.354519       0.059335351     0.016143705     0.075479056    
