                                    "Force Report"

Forces
                          Forces [N]                                                                                                                                Coefficients                                                                                                                             
Zone                      Pressure                                      Viscous                                       Total                                         Pressure                                      Viscous                                       Total                                        
jidi                      (1146.7177 8.5594778e-07 0.00043644956)       (3.2769056e-08 0.0041011874 0.0066292365)     (1146.7177 0.0041020434 0.007065686)          (1.4832299 1.1071316e-09 5.645287e-07)        (4.2385362e-11 5.3047092e-06 8.5746317e-06)   (1.4832299 5.3058163e-06 9.1391604e-06)      
jishen                    (9097.8285 -5.2305592 -12500.596)             (1.2689466 -0.16574914 0.051652875)           (9099.0975 -5.3963083 -12500.544)             (11.767649 -0.0067655029 -16.168982)          (0.0016413278 -0.00021438937 6.6810768e-05)   (11.76929 -0.0069798923 -16.168915)          
jitou                     (-11262.908 -20.788836 27.810972)             (1.0549152 -0.25753099 0.35061282)            (-11261.853 -21.046367 28.161584)             (-14.568086 -0.026889464 0.035972293)         (0.0013644874 -0.00033310524 0.00045350257)   (-14.566721 -0.027222569 0.036425796)        
liangan                   (-81.442029 -2.497334 -3059.034)              (1.3768425 -0.16968718 0.25534384)            (-80.065186 -2.6670212 -3058.7787)            (-0.10534175 -0.0032301939 -3.9567287)        (0.0017808865 -0.00021948305 0.00033027625)   (-0.10356087 -0.0034496769 -3.9563984)       
waiyi                     (-242.65814 -0.40439889 1994.1821)            (2.6470742 -0.71816521 0.93508658)            (-240.01107 -1.1225641 1995.1172)             (-0.31386785 -0.00052307254 2.5793886)        (0.0034238764 -0.00092891576 0.0012094942)    (-0.31044397 -0.0014519883 2.5805981)        
weiyi                     (42.946175 -12.72922 583.01413)               (1.0793899 -0.20103489 0.13680428)            (44.025565 -12.930254 583.15093)              (0.055549027 -0.016464697 0.75410365)         (0.0013961443 -0.00026002997 0.00017695044)   (0.056945171 -0.016724727 0.7542806)         
xiaoyi                    (153.61344 -1.9601522 -365.58509)             (0.32602096 -0.072447098 0.082862946)         (153.93946 -2.0325993 -365.50223)             (0.19869236 -0.0025353723 -0.47286856)        (0.00042169406 -9.37072e-05 0.00010717965)    (0.19911405 -0.0026290795 -0.47276138)       
youfuyi                   (0.40066628 -0.90600555 25.249627)            (0.13499074 -0.065271697 0.04657019)          (0.53565701 -0.97127725 25.296197)            (0.00051824457 -0.0011718791 0.032659305)     (0.0001746047 -8.4426127e-05 6.0236534e-05)   (0.00069284927 -0.0012563053 0.032719541)    
youweiduo                 (-0.77366767 0.89065131 1.6308891)            (0.14297448 -0.040313177 0.026496932)         (-0.63069319 0.85033813 1.657386)             (-0.0010007058 0.0011520191 0.0021094847)     (0.00018493133 -5.2143357e-05 3.427264e-05)   (-0.00081577447 0.0010998757 0.0021437574)   
zhongyangyi               (1029.2701 0.062035839 14333.922)             (1.7046409 -0.18374605 0.3214522)             (1030.9747 -0.12171021 14334.244)             (1.3313165 8.0240685e-05 18.540311)           (0.0022048795 -0.0002376676 0.00041578457)    (1.3335214 -0.00015742691 18.540727)         
zuofuyi                   (0.2483217 0.98625577 25.244633)              (0.14135106 -0.097693172 0.048150048)         (0.38967277 0.8885626 25.292783)              (0.00032119342 0.0012756793 0.032652845)      (0.00018283151 -0.00012636191 6.2280012e-05)  (0.00050402493 0.0011493174 0.032715125)     
zuoweiduo                 (-0.86877029 -1.0248242 1.9428711)            (0.11463709 -0.027851497 0.0046134318)        (-0.7541332 -1.0526757 1.9474845)             (-0.0011237169 -0.0013255659 0.00251302)      (0.00014827813 -3.6024711e-05 5.9672753e-06)  (-0.00097543879 -0.0013615906 0.0025189873)  
------------------------- --------------------------------------------- --------------------------------------------- --------------------------------------------- --------------------------------------------- --------------------------------------------- ---------------------------------------------
Net                       (-117.62536 -43.602386 1067.7832)             (9.9917836 -1.9953889 2.2662754)              (-107.63358 -45.597775 1070.0495)             (-0.15214334 -0.056397807 1.3811315)          (0.012923942 -0.0025809496 0.0029313295)      (-0.1392194 -0.058978757 1.3840629)          

Forces - Direction Vector (0.94909244 -0.20791169 0.23663532)
                          Forces [N]                                      Coefficients                                   
Zone                      Pressure        Viscous         Total           Pressure        Viscous         Total          
jidi                      1088.3412       0.0007160578    1088.3419       1.4077225       9.2618991e-07   1.4077234      
jishen                    5677.6853       1.2510317       5678.9363       7.3438412       0.0016181556    7.3454594      
jitou                     -10678.637      1.1377231       -10677.499      -13.812357      0.0014715958    -13.810885     
liangan                   -800.65228      1.4024541       -799.24983      -1.0356092      0.001814014     -1.0337952     
waiyi                     241.673         2.8829075       244.55591       0.31259361      0.0037289166    0.31632253     
weiyi                     181.36818       1.098611        182.46679       0.23459192      0.001421006     0.23601293     
xiaoyi                    59.690543       0.34409492      60.034638       0.077207145     0.00044507196   0.077652217    
youfuyi                   6.5435921       0.15270959      6.6963017       0.0084638544    0.00019752327   0.0086613777   
youweiduo                 -0.53353299     0.15034769      -0.38318531     -0.00069010194  0.00019446825   -0.00049563368 
zhongyangyi               4368.7719       1.7321317       4370.504        5.6508182       0.0022404377    5.6530586      
zuofuyi                   6.0043979       0.16586078      6.1702587       0.00776643      0.00021453377   0.0079809638   
zuoweiduo                 -0.15171846     0.11568355      -0.036034913    -0.00019624129  0.00014963168   -4.6609607e-05 
------------------------- --------------- --------------- --------------- --------------- --------------- ---------------
Net                       150.10332       10.434272       160.53759       0.19415218      0.013496281     0.20764846     
