                                    "Force Report"

Forces
                          Forces [N]                                                                                                                                Coefficients                                                                                                                             
Zone                      Pressure                                      Viscous                                       Total                                         Pressure                                      Viscous                                       Total                                        
jidi                      (1144.6379 6.7714761e-07 0.00043523719)       (1.4504889e-08 -0.0022220888 0.00013794674)   (1144.6379 -0.0022214116 0.00057318393)       (1.4805398 8.7586126e-10 5.6296055e-07)       (1.8761449e-11 -2.8741761e-06 1.7842817e-07)  (1.4805398 -2.8733002e-06 7.4138872e-07)     
jishen                    (9082.6857 1.2912233 -12505.089)              (1.2136189 -0.10109262 -0.053117786)          (9083.8993 1.1901307 -12505.142)              (11.748063 0.0016701417 -16.174794)           (0.0015697637 -0.00013075895 -6.8705568e-05)  (11.749632 0.0015393827 -16.174862)          
jitou                     (-11248.384 -13.750624 1.9790115)             (1.1577971 -0.16947298 0.038871487)           (-11247.226 -13.920097 2.017883)              (-14.5493 -0.01778584 0.0025597661)           (0.0014975607 -0.000219206 5.0278593e-05)     (-14.547802 -0.018005046 0.0026100447)       
liangan                   (-81.096666 -1.4938695 -3077.6519)            (1.142022 -0.11383193 -0.0039308171)          (-79.954644 -1.6077015 -3077.6559)            (-0.10489504 -0.0019322559 -3.9808102)        (0.0014771562 -0.0001472367 -5.0843425e-06)   (-0.10341789 -0.0020794926 -3.9808152)       
waiyi                     (-132.0321 -0.24191262 1669.6763)             (4.3380316 -0.5166209 0.26911524)             (-127.69407 -0.75853352 1669.9454)            (-0.17077783 -0.00031290355 2.1596543)        (0.0056110569 -0.00066822687 0.00034808897)   (-0.16516678 -0.00098113043 2.1600024)       
weiyi                     (45.045127 -14.975901 509.56281)              (1.5236015 -0.19427154 -0.061440317)          (46.568728 -15.170173 509.50137)              (0.058263931 -0.019370683 0.65909754)         (0.0019707128 -0.00025128187 -7.9470402e-05)  (0.060234643 -0.019621965 0.65901807)        
xiaoyi                    (151.64299 -0.72439028 -371.24818)            (0.3172898 -0.04031923 -0.001033208)          (151.96028 -0.76470951 -371.24921)            (0.19614368 -0.00093696761 -0.48019352)       (0.00041040069 -5.2151186e-05 -1.33641e-06)   (0.19655408 -0.00098911879 -0.48019485)      
youfuyi                   (-0.83195298 -0.49243584 13.681655)           (0.18172371 -0.0404763 0.013254845)           (-0.65022927 -0.53291214 13.69491)            (-0.0010760953 -0.00063694454 0.017696631)    (0.00023505179 -5.2354349e-05 1.714457e-05)   (-0.00084104354 -0.00068929889 0.017713776)  
youweiduo                 (-1.0022596 -0.49044284 -0.79489838)          (0.15593293 -0.032589435 0.007684657)         (-0.84632667 -0.52303227 -0.78721373)         (-0.0012963796 -0.00063436668 -0.0010281668)  (0.00020169253 -4.2153029e-05 9.9397727e-06)  (-0.0010946871 -0.00067651971 -0.001018227)  
zhongyangyi               (1055.391 -0.021753134 14197.513)             (2.5262092 -0.23179188 0.086273463)           (1057.9172 -0.25354501 14197.599)             (1.3651028 -2.8136741e-05 18.363871)          (0.0032675427 -0.00029981281 0.00011159101)   (1.3683704 -0.00032794955 18.363983)         
zuofuyi                   (-0.83540281 0.50344753 13.588346)            (0.19327859 -0.038132838 0.01246305)          (-0.64212423 0.46531469 13.600809)            (-0.0010805575 0.00065118768 0.01757594)      (0.00024999752 -4.9323183e-05 1.6120419e-05)  (-0.00083056002 0.0006018645 0.01759206)     
zuoweiduo                 (-0.96832618 2.1524147 -3.6408796)            (0.13260018 -0.01731235 -0.024244385)         (-0.83572601 2.1351024 -3.665124)             (-0.0012524882 0.0027840557 -0.0047093208)    (0.00017151261 -2.2392779e-05 -3.1359067e-05) (-0.0010809756 0.0027616629 -0.0047406799)   
------------------------- --------------------------------------------- --------------------------------------------- --------------------------------------------- --------------------------------------------- --------------------------------------------- ---------------------------------------------
Net                       (14.252253 -28.244244 447.57663)              (12.882105 -1.4981341 0.28403418)             (27.134358 -29.742378 447.86067)              (0.018434675 -0.036532712 0.57892109)         (0.016662448 -0.0019377719 0.00036738597)     (0.035097123 -0.038470484 0.57928847)        

Forces - Direction Vector (0.99026807 -0.1391731 0)
                          Forces [N]                                      Coefficients                                   
Zone                      Pressure        Viscous         Total           Pressure        Viscous         Total          
jidi                      1133.4984       0.00030926935   1133.4987       1.4661313       4.0002657e-07   1.4661317      
jishen                    8994.1139       1.2158774       8995.3298       11.633499       0.001572685     11.635071      
jitou                     -11137.002      1.1701156       -11135.831      -14.405232      0.0015134941    -14.403718     
liangan                   -80.099533      1.1467502       -78.952782      -0.10360529     0.001483272     -0.10212202    
waiyi                     -130.71351      4.3677139       -126.34579      -0.16907229     0.0056494497    -0.16342284    
weiyi                     46.690993       1.5358113       48.226805       0.060392788     0.0019865057    0.062379294    
xiaoyi                    150.26803       0.31981331      150.58784       0.19436522      0.00041366474   0.19477889     
youfuyi                   -0.75532265     0.1855884       -0.56973425     -0.0009769773   0.0002400506    -0.0007369267  
youweiduo                 -0.92424923     0.15895098      -0.76529825     -0.0011954766   0.00020559624   -0.00098988031 
zhongyangyi               1045.1231       2.5338835       1047.6569       1.3518216       0.0032774691    1.3550991      
zuofuyi                   -0.89733908     0.19670468      -0.7006344      -0.0011606694   0.00025442903   -0.00090624041 
zuoweiduo                 -1.2584607      0.13371913      -1.1247416      -0.0016277647   0.00017295994   -0.0014548048  
------------------------- --------------- --------------- --------------- --------------- --------------- ---------------
Net                       18.04439        12.965238       31.009628       0.023339641     0.016769976     0.040109617    
