                                    "Force Report"

Moments - Moment Center (0 0 0.05)
                          Moments [N m]                                                                                                                             Coefficients                                                                                                                             
Zone                      Pressure                                      Viscous                                       Total                                         Pressure                                      Viscous                                       Total                                        
jidi                      (-1.0104976e-08 -22.925906 0.0066332449)      (0.00011087865 -0.003276722 0.0031157426)     (0.00011086855 -22.929183 0.0097489876)       (-3.5838639e-11 -0.081309768 2.3525683e-05)   (3.9324585e-07 -1.1621329e-05 1.1050395e-05)  (3.9321002e-07 -0.081321389 3.4576078e-05)   
jishen                    (0.042310711 -229.82037 2.6430592)            (-0.029203728 -0.064951111 0.0048643835)      (0.013106983 -229.88532 2.6479236)            (0.00015006055 -0.81508844 0.0093739603)      (-0.0001035749 -0.00023035774 1.7252182e-05)  (4.6485655e-05 -0.8153188 0.0093912125)      
jitou                     (-1.2503373 550.59935 12.366185)              (-0.013964968 0.091728913 0.1611893)          (-1.2643022 550.69108 12.527374)              (-0.0044344871 1.9527737 0.043858316)         (-4.9528613e-05 0.00032532876 0.00057167923)  (-0.0044840157 1.953099 0.044429995)         
liangan                   (0.89683343 650.65745 -1.591928)              (0.015568977 0.13520113 -0.0014215788)        (0.91240241 650.79265 -1.5933496)             (0.0031807388 2.307643 -0.0056459839)         (5.5217443e-05 0.00047950874 -5.0418178e-06)  (0.0032359562 2.3081225 -0.0056510257)       
waiyi                     (11.968904 -45.216958 -1.6344135)             (0.093196587 0.57321187 -0.099469825)         (12.062101 -44.643746 -1.7338833)             (0.042449308 -0.16036794 -0.0057966644)       (0.00033053406 0.0020329719 -0.00035278293)   (0.042779842 -0.15833497 -0.0061494473)      
weiyi                     (-8.7073121 -709.90676 -30.949502)            (0.096347216 0.34386861 -0.37479534)          (-8.6109649 -709.56289 -31.324298)            (-0.030881638 -2.5177785 -0.10976652)         (0.00034170819 0.0012195756 -0.0013292614)    (-0.03053993 -2.516559 -0.11109578)          
xiaoyi                    (14.737297 55.938673 -1.1978846)              (0.1202268 0.037957465 -0.031755533)          (14.857523 55.976631 -1.2296401)              (0.052267778 0.19839393 -0.0042484566)        (0.00042640031 0.00013462119 -0.00011262521)  (0.052694178 0.19852855 -0.0043610818)       
youfuyi                   (23.727961 -3.4052517 0.1391681)              (0.050950327 0.00995674 -0.17922879)          (23.778911 -3.3952949 -0.040060692)           (0.084154363 -0.012077177 0.00049357814)      (0.0001807021 3.5312899e-05 -0.0006356587)    (0.084335065 -0.012041864 -0.00014208056)    
youweiduo                 (-0.007510213 -0.51758736 0.42665602)         (0.021895945 0.01083814 -0.11763913)          (0.014385732 -0.50674922 0.30901689)          (-2.6635967e-05 -0.0018356923 0.0015131922)   (7.7656875e-05 3.8438902e-05 -0.00041722277)  (5.1020908e-05 -0.0017972534 0.0010959694)   
zhongyangyi               (7.5348166 -275.59046 1.5993028)              (0.028492657 0.32904317 -0.0073300143)        (7.5633093 -275.26141 1.5919728)              (0.026723227 -0.97741813 0.0056721397)        (0.00010105299 0.0011669953 -2.5996868e-05)   (0.02682428 -0.97625113 0.0056461428)        
zuofuyi                   (-22.563063 -3.2779079 -0.027304733)          (-0.033900526 0.011959838 0.16649455)         (-22.596964 -3.2659481 0.13918981)            (-0.080022898 -0.011625535 -9.6839859e-05)    (-0.00012023271 4.2417152e-05 0.000590495)    (-0.080143131 -0.011583118 0.00049365514)    
zuoweiduo                 (0.29970895 1.9122862 0.99143122)             (0.013345589 0.059380681 0.011389694)         (0.31305454 1.9716669 1.0028209)              (0.0010629576 0.0067821768 0.0035162424)      (4.7331902e-05 0.00021060147 4.0395059e-05)   (0.0011102895 0.0069927782 0.0035566374)     
------------------------- --------------------------------------------- --------------------------------------------- --------------------------------------------- --------------------------------------------- --------------------------------------------- ---------------------------------------------
Net                       (26.679609 -31.553442 -17.228598)             (0.36306576 1.5349187 -0.46458655)            (27.042675 -30.018523 -17.693184)             (0.094622774 -0.11190847 -0.061103508)        (0.0012876609 0.0054437929 -0.0016477178)     (0.095910435 -0.10646468 -0.062751226)       

Moments - Moment Center (0 0 0.05) Moment Axis (0 1 0)
                          Moments [N m]                                   Coefficients                                   
Zone                      Pressure        Viscous         Total           Pressure        Viscous         Total          
jidi                      -22.925906      -0.003276722    -22.929183      -0.081309768    -1.1621329e-05  -0.081321389   
jishen                    -229.82037      -0.064951111    -229.88532      -0.81508844     -0.00023035774  -0.8153188     
jitou                     550.59935       0.091728913     550.69108       1.9527737       0.00032532876   1.953099       
liangan                   650.65745       0.13520113      650.79265       2.307643        0.00047950874   2.3081225      
waiyi                     -45.216958      0.57321187      -44.643746      -0.16036794     0.0020329719    -0.15833497    
weiyi                     -709.90676      0.34386861      -709.56289      -2.5177785      0.0012195756    -2.516559      
xiaoyi                    55.938673       0.037957465     55.976631       0.19839393      0.00013462119   0.19852855     
youfuyi                   -3.4052517      0.00995674      -3.3952949      -0.012077177    3.5312899e-05   -0.012041864   
youweiduo                 -0.51758736     0.01083814      -0.50674922     -0.0018356923   3.8438902e-05   -0.0017972534  
zhongyangyi               -275.59046      0.32904317      -275.26141      -0.97741813     0.0011669953    -0.97625113    
zuofuyi                   -3.2779079      0.011959838     -3.2659481      -0.011625535    4.2417152e-05   -0.011583118   
zuoweiduo                 1.9122862       0.059380681     1.9716669       0.0067821768    0.00021060147   0.0069927782   
------------------------- --------------- --------------- --------------- --------------- --------------- ---------------
Net                       -31.553442      1.5349187       -30.018523      -0.11190847     0.0054437929    -0.10646468    
