                                    "Force Report"

Moments - Moment Center (0 0 0.05)
                          Moments [N m]                                                                                                                             Coefficients                                                                                                                             
Zone                      Pressure                                      Viscous                                       Total                                         Pressure                                      Viscous                                       Total                                        
jidi                      (4.4470162e-09 -22.885855 0.0044565231)       (4.0054279e-05 0.00017285289 -0.00052141568)  (4.0058726e-05 -22.885683 0.0039351074)       (1.5771933e-11 -0.081167723 1.5805651e-05)    (1.4205782e-07 6.1304572e-07 -1.8492699e-06)  (1.4207359e-07 -0.08116711 1.3956381e-05)    
jishen                    (0.17536854 -232.1654 1.2269865)              (-0.013402169 -0.086240906 -0.0026031408)     (0.16196637 -232.25164 1.2243833)             (0.00062196781 -0.8234054 0.0043516704)       (-4.7532571e-05 -0.00030586482 -9.2323843e-06) (0.00057443524 -0.82371127 0.004342438)      
jitou                     (-0.44311447 535.09754 4.3438297)             (-0.0047747969 -0.074822429 0.053858948)      (-0.44788927 535.02271 4.3976887)             (-0.0015715643 1.8977944 0.015405969)         (-1.6934451e-05 -0.00026536767 0.0001910179)  (-0.0015884987 1.897529 0.015596986)         
liangan                   (0.26165939 645.8013 0.015986037)             (0.0055580046 0.11060259 0.0063381659)        (0.2672174 645.91191 0.022324203)             (0.00092800975 2.29042 5.6696601e-05)         (1.9712201e-05 0.00039226676 2.2479147e-05)   (0.00094772195 2.2908123 7.9175748e-05)      
waiyi                     (3.8963175 -49.604086 -0.15886532)            (0.033135378 0.58328738 -0.066336399)         (3.9294528 -49.020798 -0.22520172)            (0.013818807 -0.17592747 -0.00056343695)      (0.00011751902 0.0020687061 -0.00023527084)   (0.013936326 -0.17385877 -0.00079870779)     
weiyi                     (-2.0078642 -627.45727 -5.9664401)            (0.035291234 0.5874672 -0.10788035)           (-1.9725729 -626.8698 -6.0743204)             (-0.0071211567 -2.2253605 -0.021160771)       (0.00012516505 0.0020835304 -0.00038261197)   (-0.0069959916 -2.2232769 -0.021543383)      
xiaoyi                    (1.1917847 55.877037 -0.28248735)             (0.016887714 0.039920845 -0.015782633)        (1.2086724 55.916958 -0.29826999)             (0.0042268224 0.19817533 -0.0010018789)       (5.9894518e-05 0.00014158457 -5.5975203e-05)  (0.0042867169 0.19831691 -0.0010578541)      
youfuyi                   (14.527197 -2.1097455 0.96644968)             (0.01085729 0.020480231 -0.22946304)          (14.538054 -2.0892653 0.73698664)             (0.05152263 -0.0074824924 0.003427642)        (3.8506818e-05 7.2635857e-05 -0.00081382112)  (0.051561137 -0.0074098565 0.0026138209)     
youweiduo                 (-0.079793265 0.77990497 -0.31121223)         (0.0032289924 0.04820511 -0.077119699)        (-0.076564273 0.82811008 -0.38833193)         (-0.0002829974 0.0027660365 -0.0011037555)    (1.145205e-05 0.00017096582 -0.00027351525)   (-0.00027154535 0.0029370023 -0.0013772707)  
zhongyangyi               (3.4419868 -286.05178 -0.098568581)           (0.019135253 0.32661565 -0.013521798)         (3.4611221 -285.72516 -0.11209038)            (0.012207463 -1.0145206 -0.00034958655)       (6.7865716e-05 0.0011583857 -4.795685e-05)    (0.012275329 -1.0133622 -0.0003975434)       
zuofuyi                   (-14.372734 -2.095538 -0.9769151)             (-0.0059499199 0.021063812 0.22633966)        (-14.378684 -2.0744742 -0.75057544)           (-0.05097481 -0.0074321038 -0.003464759)      (-2.110218e-05 7.4705605e-05 0.00080274365)   (-0.050995912 -0.0073573982 -0.0026620154)   
zuoweiduo                 (0.77582641 5.3720659 2.9603968)              (0.010088695 0.067943812 0.038294837)         (0.78591511 5.4400097 2.9986916)              (0.0027515713 0.019052745 0.01049944)         (3.5780896e-05 0.00024097175 0.00013581772)   (0.0027873522 0.019293716 0.010635258)       
------------------------- --------------------------------------------- --------------------------------------------- --------------------------------------------- --------------------------------------------- --------------------------------------------- ---------------------------------------------
Net                       (7.3666335 20.558173 1.7236166)               (0.11009573 1.6446961 -0.18839686)            (7.4767293 22.202869 1.5352197)               (0.026126743 0.072912287 0.0061130349)        (0.00039046912 0.0058331331 -0.00066817446)   (0.026517213 0.078745421 0.0054448604)       

Moments - Moment Center (0 0 0.05) Moment Axis (0 1 0)
                          Moments [N m]                                   Coefficients                                   
Zone                      Pressure        Viscous         Total           Pressure        Viscous         Total          
jidi                      -22.885855      0.00017285289   -22.885683      -0.081167723    6.1304572e-07   -0.08116711    
jishen                    -232.1654       -0.086240906    -232.25164      -0.8234054      -0.00030586482  -0.82371127    
jitou                     535.09754       -0.074822429    535.02271       1.8977944       -0.00026536767  1.897529       
liangan                   645.8013        0.11060259      645.91191       2.29042         0.00039226676   2.2908123      
waiyi                     -49.604086      0.58328738      -49.020798      -0.17592747     0.0020687061    -0.17385877    
weiyi                     -627.45727      0.5874672       -626.8698       -2.2253605      0.0020835304    -2.2232769     
xiaoyi                    55.877037       0.039920845     55.916958       0.19817533      0.00014158457   0.19831691     
youfuyi                   -2.1097455      0.020480231     -2.0892653      -0.0074824924   7.2635857e-05   -0.0074098565  
youweiduo                 0.77990497      0.04820511      0.82811008      0.0027660365    0.00017096582   0.0029370023   
zhongyangyi               -286.05178      0.32661565      -285.72516      -1.0145206      0.0011583857    -1.0133622     
zuofuyi                   -2.095538       0.021063812     -2.0744742      -0.0074321038   7.4705605e-05   -0.0073573982  
zuoweiduo                 5.3720659       0.067943812     5.4400097       0.019052745     0.00024097175   0.019293716    
------------------------- --------------- --------------- --------------- --------------- --------------- ---------------
Net                       20.558173       1.6446961       22.202869       0.072912287     0.0058331331    0.078745421    
