                                    "Force Report"

Moments - Moment Center (0 0 0.05)
                          Moments [N m]                                                                                                                             Coefficients                                                                                                                             
Zone                      Pressure                                      Viscous                                       Total                                         Pressure                                      Viscous                                       Total                                        
jidi                      (1.4688284e-08 -22.893965 0.006967732)        (1.2465295e-05 -3.788642e-06 -0.001967593)    (1.2479983e-05 -22.893969 0.005000139)        (5.2093948e-11 -0.081196486 2.4711986e-05)    (4.4209822e-08 -1.3436921e-08 -6.9783298e-06) (4.4261916e-08 -0.081196499 1.7733656e-05)   
jishen                    (0.38273806 -231.36191 3.1240409)             (-0.03595135 -0.085799829 0.010939894)        (0.34678671 -231.44771 3.1349807)             (0.0013574313 -0.82055572 0.011079825)        (-0.00012750623 -0.00030430048 3.8799785e-05) (0.0012299251 -0.82086002 0.011118625)       
jitou                     (-1.30703 535.34355 12.800417)                (-0.014439582 -0.072773427 0.16220619)        (-1.3214695 535.27078 12.962623)              (-0.0046355552 1.898667 0.045398376)          (-5.1211893e-05 -0.00025810062 0.00057528577) (-0.0046867671 1.8984089 0.045973662)        
liangan                   (0.58184 646.77347 -0.22600133)               (0.015837843 0.13335086 0.012928969)          (0.59767784 646.90682 -0.21307236)            (0.0020635728 2.2938679 -0.00080154371)       (5.617101e-05 0.0004729465 4.5854305e-05)     (0.0021197438 2.2943409 -0.00075568941)      
waiyi                     (11.47297 -49.327246 -0.36257257)             (0.096034659 0.56631377 -0.13678908)          (11.569005 -48.760932 -0.49936165)            (0.040690411 -0.17494562 -0.0012859117)       (0.00034059966 0.0020085069 -0.00048514064)   (0.04103101 -0.17293712 -0.0017710524)       
weiyi                     (-9.0436437 -628.57846 -27.611628)            (0.10025371 0.52400642 -0.30266405)           (-8.94339 -628.05445 -27.914292)              (-0.032074482 -2.2293369 -0.097928303)        (0.00035556308 0.0018584583 -0.0010734382)    (-0.031718919 -2.2274784 -0.099001741)       
xiaoyi                    (3.1167311 55.997559 -1.0134216)              (0.047134979 0.042147395 -0.037156498)        (3.1638661 56.039706 -1.0505781)              (0.0110539 0.19860277 -0.0035942341)          (0.00016717046 0.00014948133 -0.00013178045)  (0.011221071 0.19875225 -0.0037260146)       
youfuyi                   (15.093214 -2.1800672 0.94686503)             (0.011273697 0.021832717 -0.24304886)         (15.104488 -2.1582345 0.70381617)             (0.053530087 -0.0077318978 0.0033581825)      (3.9983663e-05 7.7432629e-05 -0.00086200503)  (0.053570071 -0.0076544652 0.0024961775)     
youweiduo                 (-0.27232144 1.5774629 -0.73844232)           (0.01244223 0.036080307 -0.10743077)          (-0.25987921 1.6135432 -0.84587309)           (-0.00096582412 0.0055946814 -0.0026189837)   (4.4128019e-05 0.0001279636 -0.0003810175)    (-0.0009216961 0.005722645 -0.0030000012)    
zhongyangyi               (10.031913 -286.0305 -0.26994937)             (0.055712939 0.31794081 -0.049257844)         (10.087626 -285.71256 -0.31920721)            (0.03557951 -1.0144451 -0.00095741125)        (0.00019759333 0.0011276193 -0.00017469948)   (0.035777103 -1.0133175 -0.0011321107)       
zuofuyi                   (-14.697224 -2.1590759 -1.0607953)            (0.0014744619 0.023724987 0.23899214)         (-14.695749 -2.135351 -0.82180318)            (-0.052125653 -0.0076574493 -0.0037622513)    (5.2293747e-06 8.4143813e-05 0.00084761732)   (-0.052120424 -0.0075733055 -0.002914634)    
zuoweiduo                 (0.64934798 4.75023 2.6478747)                (0.019996982 0.081231449 0.0065745558)        (0.66934496 4.8314614 2.6544492)              (0.0023029988 0.016847321 0.0093910389)       (7.0921952e-05 0.00028809811 2.3317535e-05)   (0.0023739207 0.017135419 0.0094143564)      
------------------------- --------------------------------------------- --------------------------------------------- --------------------------------------------- --------------------------------------------- --------------------------------------------- ---------------------------------------------
Net                       (16.008536 21.911056 -11.756646)              (0.30978303 1.5880517 -0.44667296)            (16.318319 23.499108 -12.203319)              (0.056776396 0.077710469 -0.041696504)        (0.0010986866 0.0056322359 -0.0015841849)     (0.057875083 0.083342705 -0.043280689)       

Moments - Moment Center (0 0 0.05) Moment Axis (0 1 0)
                          Moments [N m]                                   Coefficients                                   
Zone                      Pressure        Viscous         Total           Pressure        Viscous         Total          
jidi                      -22.893965      -3.788642e-06   -22.893969      -0.081196486    -1.3436921e-08  -0.081196499   
jishen                    -231.36191      -0.085799829    -231.44771      -0.82055572     -0.00030430048  -0.82086002    
jitou                     535.34355       -0.072773427    535.27078       1.898667        -0.00025810062  1.8984089      
liangan                   646.77347       0.13335086      646.90682       2.2938679       0.0004729465    2.2943409      
waiyi                     -49.327246      0.56631377      -48.760932      -0.17494562     0.0020085069    -0.17293712    
weiyi                     -628.57846      0.52400642      -628.05445      -2.2293369      0.0018584583    -2.2274784     
xiaoyi                    55.997559       0.042147395     56.039706       0.19860277      0.00014948133   0.19875225     
youfuyi                   -2.1800672      0.021832717     -2.1582345      -0.0077318978   7.7432629e-05   -0.0076544652  
youweiduo                 1.5774629       0.036080307     1.6135432       0.0055946814    0.0001279636    0.005722645    
zhongyangyi               -286.0305       0.31794081      -285.71256      -1.0144451      0.0011276193    -1.0133175     
zuofuyi                   -2.1590759      0.023724987     -2.135351       -0.0076574493   8.4143813e-05   -0.0075733055  
zuoweiduo                 4.75023         0.081231449     4.8314614       0.016847321     0.00028809811   0.017135419    
------------------------- --------------- --------------- --------------- --------------- --------------- ---------------
Net                       21.911056       1.5880517       23.499108       0.077710469     0.0056322359    0.083342705    
