                                    "Force Report"

Forces
                          Forces [N]                                                                                                                                Coefficients                                                                                                                             
Zone                      Pressure                                      Viscous                                       Total                                         Pressure                                      Viscous                                       Total                                        
jidi                      (1145.2087 2.4418399e-07 0.00043525062)       (3.2929803e-08 -0.00093899999 0.0031046914)   (1145.2087 -0.00093875581 0.003539942)        (1.4812781 3.1584147e-10 5.6297793e-07)       (4.2593281e-11 -1.214556e-06 4.0157845e-06)   (1.4812781 -1.2142402e-06 4.5787624e-06)     
jishen                    (9087.4287 1.2475066 -12494.223)              (1.177621 0.0088160276 0.08143699)            (9088.6063 1.2563226 -12494.142)              (11.754197 0.001613596 -16.160739)            (0.001523202 1.1403152e-05 0.00010533524)     (11.755721 0.0016249992 -16.160634)          
jitou                     (-11260.08 0.19774241 29.753571)              (1.1247463 0.00080629033 0.33565491)          (-11258.955 0.1985487 30.089226)              (-14.564428 0.00025577129 0.038484962)        (0.0014548109 1.0429018e-06 0.00043415516)    (-14.562973 0.00025681419 0.038919117)       
liangan                   (-81.349305 2.804652 -3065.6181)              (1.2853052 0.061692561 0.16374733)            (-80.064 2.8663446 -3065.4544)                (-0.10522182 0.0036276965 -3.965245)          (0.0016624869 7.979667e-05 0.00021180011)     (-0.10355933 0.0037074932 -3.9650332)        
waiyi                     (-221.25342 0.15687709 1943.1513)             (3.0543018 -0.012703868 0.91842834)           (-218.19912 0.14417322 1944.0697)             (-0.28618176 0.00020291375 2.5133825)         (0.0039506078 -1.6431906e-05 0.0011879475)    (-0.28223115 0.00018648185 2.5145704)        
weiyi                     (39.769764 -1.8700058 601.39721)              (1.2900093 0.013919187 0.16189021)            (41.059774 -1.8560866 601.5591)               (0.051440476 -0.002418772 0.77788138)         (0.0016685715 1.8003869e-05 0.00020939801)    (0.053109048 -0.0024007681 0.77809077)       
xiaoyi                    (154.1422 -0.32529527 -365.84315)             (0.36648258 -0.0019045226 0.091341994)        (154.50868 -0.32719979 -365.75181)            (0.1993763 -0.00042075541 -0.47320235)        (0.00047402942 -2.4634179e-06 0.00011814693)  (0.19985032 -0.00042321883 -0.47308421)      
youfuyi                   (-2.7019912 -0.51070932 7.965917)             (0.045502808 0.0011556729 0.022815214)        (-2.6564884 -0.50955365 7.9887323)            (-0.0034949092 -0.0006605805 0.01030357)      (5.8855921e-05 1.4948131e-06 2.9510496e-05)   (-0.0034360532 -0.00065908568 0.010333081)   
youweiduo                 (-0.83694818 1.2545514 2.1729452)             (0.13362552 -0.006534581 0.013152317)         (-0.70332266 1.2480168 2.1860976)             (-0.0010825564 0.0016227082 0.002810611)      (0.00017283885 -8.4521989e-06 1.7011955e-05)  (-0.00090971756 0.001614256 0.002827623)     
zhongyangyi               (1012.8675 0.046855088 14376.842)             (1.8235107 -0.023454961 0.43369422)           (1014.691 0.023400127 14377.276)              (1.3101005 6.0605038e-05 18.595825)           (0.0023586325 -3.0337981e-05 0.00056096479)   (1.3124591 3.0267056e-05 18.596386)          
zuofuyi                   (0.28387487 0.8411441 25.894445)              (0.13566927 -0.024201548 0.050293235)         (0.41954413 0.81694255 25.944739)             (0.00036717991 0.0010879836 0.033493349)      (0.00017548235 -3.1303659e-05 6.5052132e-05)  (0.00054266226 0.00105668 0.033558401)       
zuoweiduo                 (-0.82577123 -1.2521425 2.188232)             (0.13607119 0.014104893 0.018042179)          (-0.68970004 -1.2380376 2.2062742)            (-0.0010680995 -0.0016195923 0.0028303838)    (0.00017600222 1.8244071e-05 2.3336781e-05)   (-0.00089209728 -0.0016013482 0.0028537206)  
------------------------- --------------------------------------------- --------------------------------------------- --------------------------------------------- --------------------------------------------- --------------------------------------------- ---------------------------------------------
Net                       (-127.34677 2.591176 1063.6815)               (10.572846 0.030756151 2.2936016)             (-116.77393 2.6219322 1065.9751)              (-0.16471756 0.0033515746 1.3758262)          (0.01367552 3.9781757e-05 0.0029666749)       (-0.15104204 0.0033913563 1.3787929)         

Forces - Direction Vector (0.97814888 0 0.20790565)
                          Forces [N]                                      Coefficients                                   
Zone                      Pressure        Viscous         Total           Pressure        Viscous         Total          
jidi                      1120.1847       0.00064551508   1120.1853       1.4489106       8.3494594e-07   1.4489114      
jishen                    6291.2387       1.1688199       6292.4075       8.1374461       0.0015118181    8.138958       
jitou                     -11007.849      1.1699539       -11006.679      -14.238178      0.0015132849    -14.236665     
liangan                   -716.93106      1.2912638       -715.6398       -0.92731943     0.0016701941    -0.92564924    
waiyi                     187.57335       3.1785084       190.75186       0.24261804      0.0041112636    0.2467293      
weiyi                     163.93463       1.2954791       165.23011       0.21204238      0.0016756463    0.21371802     
xiaoyi                    74.713164       0.37746504      75.090629       0.096638258     0.00048823476   0.097126493    
youfuyi                   -0.98679052     0.049251932     -0.93753858     -0.001276371    6.3705252e-05   -0.0012126658  
youweiduo                 -0.36689234     0.13344009      -0.23345225     -0.00047455943  0.00017259901   -0.00030196042 
zhongyangyi               3979.7618       1.8738324       3981.6357       5.1476505       0.0024237215    5.1500742      
zuofuyi                   5.6612734       0.14316099      5.8044344       0.0073226131    0.00018517257   0.0075077857   
zuoweiduo                 -0.35278141     0.13684895      -0.21593246     -0.00045630756  0.00017700822   -0.00027929934 
------------------------- --------------- --------------- --------------- --------------- --------------- ---------------
Net                       96.581294       10.81867        107.39996       0.12492374      0.013993483     0.13891723     
