                                    "Force Report"

Forces
                          Forces [N]                                                                                                                                Coefficients                                                                                                                             
Zone                      Pressure                                      Viscous                                       Total                                         Pressure                                      Viscous                                       Total                                        
jidi                      (1145.0634 3.2345776e-07 0.00043558641)       (4.6753224e-09 -0.0044212219 0.00023340452)   (1145.0634 -0.0044208984 0.00066899093)       (1.4810902 4.1837868e-10 5.6341225e-07)       (6.047328e-12 -5.71866e-06 3.0189869e-07)     (1.4810902 -5.7182416e-06 8.6531093e-07)     
jishen                    (9084.991 2.1113058 -12509.295)               (1.23495 -0.16016411 -0.064319451)            (9086.2259 1.9511417 -12509.36)               (11.751044 0.0027308831 -16.180235)           (0.0015973546 -0.00020716537 -8.3194438e-05)  (11.752642 0.0025237177 -16.180318)          
jitou                     (-11252.169 -19.894885 5.9296598)             (1.1362083 -0.2526185 0.083495167)            (-11251.033 -20.147504 6.013155)              (-14.554196 -0.025733177 0.0076697594)        (0.0014696365 -0.00032675115 0.0001079974)    (-14.552726 -0.026059928 0.0077777568)       
liangan                   (-81.12239 -2.8401555 -3074.8495)             (1.2267065 -0.18230367 0.051768908)           (-79.895684 -3.0224591 -3074.7978)            (-0.10492832 -0.0036736187 -3.9771854)        (0.001586692 -0.00023580194 6.6960852e-05)    (-0.10334162 -0.0039094207 -3.9771184)       
waiyi                     (-140.27442 0.79908161 1666.8627)             (4.2275963 -0.78099712 0.32052253)            (-136.04683 0.018084489 1667.1832)            (-0.18143892 0.0010335776 2.156015)           (0.0054682137 -0.0010101861 0.00041458208)    (-0.17597071 2.3391507e-05 2.1564296)        
weiyi                     (42.691968 -28.010139 532.17514)              (1.3799546 -0.30344288 -0.015766329)          (44.071922 -28.313581 532.15938)              (0.055220221 -0.036229907 0.68834561)         (0.0017849119 -0.00039249029 -2.0393067e-05)  (0.057005133 -0.036622397 0.68832522)        
xiaoyi                    (151.84536 -1.5699034 -371.32131)             (0.32202679 -0.062799139 0.0043202444)        (152.16739 -1.6327026 -371.31699)             (0.19640543 -0.0020306024 -0.48028812)        (0.00041652778 -8.122798e-05 5.58805e-06)     (0.19682196 -0.0021118304 -0.48028253)       
youfuyi                   (-0.75514998 0.37259748 -13.85752)            (0.10607745 -0.083443824 -0.04022361)         (-0.64907253 0.28915366 -13.897743)           (-0.00097675395 0.00048193879 -0.017924104)   (0.00013720661 -0.00010793099 -5.2027506e-05) (-0.00083954735 0.0003740078 -0.017976132)   
youweiduo                 (-0.95322713 -0.41986732 -0.68307832)         (0.14938207 -0.045317754 0.015158289)         (-0.80384506 -0.46518507 -0.66792003)         (-0.0012329582 -0.00054308028 -0.00088353237) (0.00019321927 -5.8616562e-05 1.9606593e-05)  (-0.0010397389 -0.00060169685 -0.00086392578)
zhongyangyi               (1052.0262 -0.023701728 14222.711)            (2.4886058 -0.34886386 0.13344464)            (1054.5149 -0.37256559 14222.845)             (1.3607506 -3.0657163e-05 18.396464)          (0.0032189044 -0.00045124037 0.0001726049)    (1.3639695 -0.00048189753 18.396637)         
zuofuyi                   (-0.81965132 0.5499776 14.558985)             (0.18735069 -0.058929689 0.016751024)         (-0.63230063 0.49104791 14.575736)            (-0.0010601837 0.00071137232 0.01883142)      (0.00024233004 -7.6223014e-05 2.1666727e-05)  (-0.00081785362 0.00063514931 0.018853086)   
zuoweiduo                 (-0.93956574 -0.64420259 1.1836005)           (0.15156478 -0.04446986 -0.023326403)         (-0.78800096 -0.68867245 1.1602741)           (-0.0012152878 -0.00083324829 0.0015309363)   (0.00019604252 -5.7519848e-05 -3.0171697e-05) (-0.0010192453 -0.00089076814 0.0015007646)  
------------------------- --------------------------------------------- --------------------------------------------- --------------------------------------------- --------------------------------------------- --------------------------------------------- ---------------------------------------------
Net                       (-0.41553361 -49.569891 473.41518)            (12.610423 -2.3277716 0.48205841)             (12.19489 -51.897663 473.89724)               (-0.00053747482 -0.064116518 0.61234213)      (0.016311039 -0.0030108723 0.00062352179)     (0.015773564 -0.067127391 0.61296565)        

Forces - Direction Vector (0.97755174 -0.20791169 0.034136859)
                          Forces [N]                                      Coefficients                                   
Zone                      Pressure        Viscous         Total           Pressure        Viscous         Total          
jidi                      1119.3588       0.00092719599   1119.3597       1.4478423       1.1992881e-06   1.4478435      
jishen                    8453.5817       1.2383318       8454.8201       10.934344       0.0016017289    10.935945      
jitou                     -10995.239      1.166075        -10994.073      -14.221867      0.0015082678    -14.220359     
liangan                   -183.67654      1.2388393       -182.4377       -0.23757769     0.0016023853    -0.2359753     
waiyi                     -80.390189      4.3060142       -76.084175      -0.10398125     0.0055696438    -0.098411601   
weiyi                     65.72403        1.4115282       67.135559       0.085011201     0.0018257509    0.086836952    
xiaoyi                    136.08735       0.32800201      136.41535       0.17602313      0.00042425646   0.17644738     
youfuyi                   -1.2887177      0.11967203      -1.1690457      -0.0016669009   0.00015479062   -0.0015121102  
youweiduo                 -0.86785166     0.15596825      -0.71188341     -0.0011225287   0.00020173821   -0.00092079052 
zhongyangyi               1513.9337       2.5098292       1516.4435       1.958208        0.0032463559    1.9614544      
zuofuyi                   -0.41860033     0.19596899      -0.22263134     -0.00054144149  0.00025347744   -0.00028796404 
zuoweiduo                 -0.74413247     0.15661193      -0.58752054     -0.00096250328  0.00020257078   -0.0007599325  
------------------------- --------------- --------------- --------------- --------------- --------------- ---------------
Net                       26.060862       12.827768       38.88863        0.033708601     0.016592165     0.050300767    
