                                    "Force Report"

Forces
                          Forces [N]                                                                                                                                Coefficients                                                                                                                             
Zone                      Pressure                                      Viscous                                       Total                                         Pressure                                      Viscous                                       Total                                        
jidi                      (1145.7423 -1.1445617e-08 0.00043635466)      (2.9627528e-08 0.0036015126 0.003332189)      (1145.7423 0.0036015012 0.0037685436)         (1.4819683 -1.4804413e-11 5.6440595e-07)      (3.8321931e-11 4.6584014e-06 4.3100428e-06)   (1.4819683 4.6583866e-06 4.8744488e-06)      
jishen                    (9089.4675 1.3720245 -12498.087)              (1.1853038 -0.096784787 0.036971597)          (9090.6528 1.2752397 -12498.05)               (11.756834 0.0017746546 -16.165737)           (0.0015331394 -0.00012518695 4.7821167e-05)   (11.758368 0.0016494676 -16.165689)          
jitou                     (-11260.041 -13.107843 24.821295)             (1.1208245 -0.16797545 0.28431679)            (-11258.92 -13.275818 25.105612)              (-14.564378 -0.01695443 0.032105275)          (0.0014497382 -0.00021726901 0.00036775152)   (-14.562928 -0.017171699 0.032473027)        
liangan                   (-81.117917 -0.16196529 -3064.8654)           (1.3153833 -0.081188324 0.20130419)           (-79.802533 -0.24315361 -3064.6641)           (-0.10492253 -0.00020949512 -3.9642713)       (0.0017013916 -0.0001050136 0.0002603783)     (-0.10322114 -0.00031450872 -3.964011)       
waiyi                     (-202.54993 0.060985832 1907.7245)            (3.4188677 -0.50663911 0.84038945)            (-199.13106 -0.44565328 1908.5649)            (-0.26198961 7.8882545e-05 2.4675595)         (0.004422158 -0.00065531586 0.0010870075)     (-0.25756745 -0.00057643331 2.4686465)       
weiyi                     (40.931223 -19.100574 586.12776)              (1.4111933 -0.19412355 0.10481427)            (42.342416 -19.294698 586.23257)              (0.052942773 -0.02470577 0.758131)            (0.0018253177 -0.00025109045 0.00013557274)   (0.05476809 -0.02495686 0.75826657)          
xiaoyi                    (153.446 -1.3668747 -367.27445)               (0.35406171 -0.04929872 0.065854015)          (153.80006 -1.4161735 -367.2086)              (0.19847579 -0.0017679936 -0.47505367)        (0.00045796356 -6.376577e-05 8.517933e-05)    (0.19893375 -0.0018317594 -0.47496849)       
youfuyi                   (-2.4753263 -0.31024384 4.2554449)            (0.034018163 -0.053382876 0.012446249)        (-2.4413081 -0.36362672 4.2678911)            (-0.0032017279 -0.00040128704 0.0055042346)   (4.4001028e-05 -6.9048449e-05 1.6098687e-05)  (-0.0031577268 -0.00047033549 0.0055203332)  
youweiduo                 (-0.87311689 0.59265853 1.0564923)            (0.15092383 -0.032602247 0.01936393)          (-0.72219306 0.56005628 1.0758562)            (-0.0011293391 0.00076657827 0.0013665273)    (0.00019521347 -4.2169602e-05 2.504641e-05)   (-0.0009341256 0.00072440867 0.0013915737)   
zhongyangyi               (1024.3658 0.042323708 14358.265)             (2.0351504 -0.16530974 0.38234361)            (1026.401 -0.12298603 14358.647)              (1.324973 5.4743892e-05 18.571797)            (0.0026323794 -0.00021382102 0.00049454499)   (1.3276054 -0.00015907713 18.572292)         
zuofuyi                   (0.073825416 0.79820369 21.95344)             (0.14310023 -0.064413637 0.043000521)         (0.21692565 0.73379005 21.996441)             (9.5489994e-05 0.0010324421 0.028395829)      (0.00018509398 -8.3316264e-05 5.561932e-05)   (0.00028058398 0.00094912581 0.028451448)    
zuoweiduo                 (-0.88600353 -1.2556263 2.1765066)            (0.13976709 -0.021323816 -0.0012346036)       (-0.74623644 -1.2769501 2.175272)             (-0.0011460074 -0.0016240985 0.0028152175)    (0.0001807827 -2.7581437e-05 -1.5969065e-06)  (-0.00096522468 -0.0016516799 0.0028136206)  
------------------------- --------------------------------------------- --------------------------------------------- --------------------------------------------- --------------------------------------------- --------------------------------------------- ---------------------------------------------
Net                       (-93.916948 -32.436931 976.15451)             (11.308594 -1.4294407 1.9929022)              (-82.608354 -33.866372 978.14741)             (-0.12147752 -0.041955773 1.2626138)          (0.014627179 -0.00184892 0.0025777331)        (-0.10685035 -0.043804693 1.2651915)         

Forces - Direction Vector (0.97522367 -0.1391731 0.17195825)
                          Forces [N]                                      Coefficients                                   
Zone                      Pressure        Viscous         Total           Pressure        Viscous         Total          
jidi                      1117.3551       7.1792585e-05   1117.3551       1.4452506       9.2860615e-08   1.4452507      
jishen                    6714.9238       1.1757638       6716.0996       8.6854646       0.0015207998    8.6869854      
jitou                     -10974.966      1.1653229       -10973.801      -14.195646      0.001507295     -14.194139     
liangan                   -606.11445      1.3287081       -604.78574      -0.78398292     0.0017186266    -0.7822643     
waiyi                     130.50899       3.5491831       134.05817       0.16880775      0.0045907154    0.17339847     
weiyi                     143.36488       1.4212696       144.78615       0.1854363       0.0018383509    0.18727465     
xiaoyi                    86.678535       0.36347456      87.04201        0.11211495      0.00047013868   0.11258509     
youfuyi                   -1.6390603      0.042745014     -1.5963153      -0.0021200539   5.5288833e-05   -0.0020647651  
youweiduo                 -0.75229382     0.15505163      -0.59724219     -0.00097305964  0.00020055261   -0.00077250703 
zhongyangyi               3468.002        2.0734807       3470.0755       4.4857111       0.0026819579    4.4883931      
zuofuyi                   3.7359829       0.15591367      3.8918966       0.0048323329    0.00020166762   0.0050340005   
zuoweiduo                 -0.31503395     0.13905957      -0.17597438     -0.00040748284  0.00017986757   -0.00022761528 
------------------------- --------------- --------------- --------------- --------------- --------------- ---------------
Net                       80.782135       11.570044       92.352179       0.10448821      0.014965354     0.11945356     
