                                    "Force Report"

Forces
                          Forces [N]                                                                                                                                Coefficients                                                                                                                             
Zone                      Pressure                                      Viscous                                       Total                                         Pressure                                      Viscous                                       Total                                        
jidi                      (1145.6521 1.388925e-07 0.00043587318)        (3.2201661e-08 0.0021195819 0.0034670318)     (1145.6521 0.0021197208 0.003902905)          (1.4818516 1.7965146e-10 5.6378317e-07)       (4.1651461e-11 2.7415878e-06 4.4844562e-06)   (1.4818516 2.7417675e-06 5.0482394e-06)      
jishen                    (9089.0745 1.3754573 -12494.77)               (1.188508 -0.040822852 0.074733746)           (9090.263 1.3346344 -12494.695)               (11.756326 0.0017790947 -16.161447)           (0.0015372839 -5.2802599e-05 9.666488e-05)    (11.757863 0.0017262921 -16.16135)           
jitou                     (-11260.87 -6.5535407 29.390554)              (1.1226948 -0.083837462 0.33418178)           (-11259.747 -6.6373781 29.724736)             (-14.56545 -0.0084767225 0.038015415)         (0.0014521573 -0.00010844014 0.00043224974)   (-14.563997 -0.0085851626 0.038447665)       
liangan                   (-81.24106 2.1077854 -3063.5553)              (1.3214808 0.018104681 0.20977835)            (-79.919579 2.1258901 -3063.3456)             (-0.10508181 0.0027263296 -3.9625768)         (0.0017092785 2.3417625e-05 0.00027133926)    (-0.10337253 0.0027497472 -3.9623055)        
waiyi                     (-221.99329 0.038527241 1943.1375)            (3.052609 -0.24929588 0.91076524)             (-218.94068 -0.21076864 1944.0483)            (-0.28713875 4.9833326e-05 2.5133647)         (0.0039484182 -0.00032245347 0.0011780356)    (-0.28319033 -0.00027262015 2.5145427)       
weiyi                     (39.180216 -11.536721 601.14536)              (1.342933 -0.079503907 0.14899295)            (40.523149 -11.616225 601.29435)              (0.050677921 -0.014922251 0.77755562)         (0.0017370259 -0.00010283488 0.00019271596)   (0.052414947 -0.015025086 0.77774833)        
xiaoyi                    (153.99436 -0.86874489 -366.01409)            (0.36254275 -0.027139405 0.087893611)         (154.35691 -0.89588429 -365.9262)             (0.19918507 -0.0011236841 -0.47342345)        (0.00046893342 -3.5103651e-05 0.0001136866)   (0.19965401 -0.0011587877 -0.47330977)       
youfuyi                   (-2.5291169 -0.42586706 7.6383906)            (0.04603519 -0.021748384 0.021131699)         (-2.4830817 -0.44761545 7.6595223)            (-0.0032713037 -0.00055084069 0.0098799291)   (5.9544534e-05 -2.8130598e-05 2.7332942e-05)  (-0.0032117592 -0.00057897129 0.009907262)   
youweiduo                 (-0.85270974 1.0188357 1.770189)              (0.14290883 -0.015822789 0.014970247)         (-0.7098009 1.0030129 1.7851593)              (-0.0011029433 0.0013178201 0.0022896632)     (0.00018484642 -2.0466096e-05 1.936337e-05)   (-0.00091809688 0.001297354 0.0023090266)    
zhongyangyi               (1013.9076 0.048306314 14378.495)             (1.8607604 -0.10121875 0.41740313)            (1015.7684 -0.052912433 14378.913)            (1.3114459 6.2482136e-05 18.597964)           (0.0024068134 -0.00013092209 0.00053989296)   (1.3138527 -6.8439952e-05 18.598504)         
zuofuyi                   (0.364958 0.7558934 24.729839)                (0.13915112 -0.050372305 0.048031779)         (0.50410912 0.70552109 24.77787)              (0.00047205744 0.00097771554 0.03198698)      (0.00017998598 -6.5154405e-05 6.2127036e-05)  (0.00065204342 0.00091256113 0.032049108)    
zuoweiduo                 (-0.85584233 -1.3643664 2.3274812)            (0.13753396 -0.0041884321 0.0095379706)       (-0.71830837 -1.3685548 2.3370191)            (-0.0011069952 -0.0017647491 0.0030104966)    (0.00017789426 -5.4175565e-06 1.2336954e-05)  (-0.00092910092 -0.0017701666 0.0030228335)  
------------------------- --------------------------------------------- --------------------------------------------- --------------------------------------------- --------------------------------------------- --------------------------------------------- ---------------------------------------------
Net                       (-126.16788 -15.404434 1064.2956)             (10.717158 -0.6537259 2.2808875)              (-115.45072 -16.05816 1066.5765)              (-0.16319271 -0.019924972 1.3766205)          (0.013862182 -0.00084556628 0.0029502297)     (-0.14933053 -0.020770538 1.3795708)         

Forces - Direction Vector (0.97576488 -0.069756474 0.20740523)
                          Forces [N]                                      Coefficients                                   
Zone                      Pressure        Viscous         Total           Pressure        Viscous         Total          
jidi                      1117.8871       0.00057125739   1117.8877       1.4459388       7.3889681e-07   1.4459396      
jishen                    6277.2231       1.1780522       6278.4011       8.1193176       0.0015237598    8.1208413      
jitou                     -10981.408      1.1706454       -10980.238      -14.203978      0.0015141794    -14.202464     
liangan                   -714.8166       1.3317008       -713.4849       -0.92458447     0.0017224976    -0.92286197    
waiyi                     186.40095       3.1849162       189.58586       0.24110159      0.0041195518    0.24522114     
weiyi                     163.71613       1.3468347       165.06296       0.21175976      0.0017420726    0.21350183     
xiaoyi                    74.409658       0.37387923      74.783537       0.096245686     0.00048359667   0.096729283    
youfuyi                   -0.85387433     0.050819437     -0.80305489     -0.0011044496   6.5732752e-05   -0.0010387169  
youweiduo                 -0.53596814     0.14365407      -0.39231407     -0.0006932517   0.00018581035   -0.00050744135 
zhongyangyi               3971.5072       1.9092969       3973.4165       5.1369735       0.0024695933    5.139443       
zuofuyi                   5.4324825       0.14925461      5.5817372       0.0070266821    0.00019305441   0.0072197365   
zuoweiduo                 -0.25719575     0.13647121      -0.12072454     -0.00033267161  0.00017651963   -0.00015615199 
------------------------- --------------- --------------- --------------- --------------- --------------- ---------------
Net                       98.704854       10.976096       109.68095       0.12767048      0.014197107     0.14186758     
