                                    "Force Report"

Forces
                          Forces [N]                                                                                                                                Coefficients                                                                                                                             
Zone                      Pressure                                      Viscous                                       Total                                         Pressure                                      Viscous                                       Total                                        
jidi                      (1143.4479 -1.4422733e-07 0.00043499618)      (1.5316853e-08 -0.0008587632 -0.0019578278)   (1143.4479 -0.00085890743 -0.0015228316)      (1.4790006 -1.8655184e-10 5.6264881e-07)      (1.9811689e-11 -1.1107732e-06 -2.5323659e-06) (1.4790006 -1.1109597e-06 -1.9697171e-06)    
jishen                    (9076.2533 1.1662761 -12499.402)              (1.2185288 0.0040014145 -0.076771546)         (9077.4719 1.1702775 -12499.479)              (11.739743 0.0015085279 -16.167438)           (0.0015761145 5.1756572e-06 -9.9300686e-05)   (11.741319 0.0015137035 -16.167538)          
jitou                     (-11239.327 0.36776407 -9.6236715)            (1.1779023 0.0011528194 -0.077797404)         (-11238.149 0.36891689 -9.7014689)            (-14.537585 0.00047568698 -0.012447804)       (0.0015235659 1.4911222e-06 -0.00010062759)   (-14.536061 0.0004771781 -0.012548432)       
liangan                   (-81.164471 -0.6432504 -3082.1208)            (1.163437 -0.024850457 -0.072516383)          (-80.001034 -0.66810085 -3082.1933)           (-0.10498275 -0.00083201667 -3.9865904)       (0.0015048556 -3.2142995e-05 -9.3796817e-05)  (-0.10347789 -0.00086415967 -3.9866842)      
waiyi                     (-132.14182 1.8322028 1433.013)               (3.7661697 0.013408962 -0.10775851)           (-128.37565 1.8456117 1432.9052)              (-0.17091976 0.0023698753 1.8535406)          (0.0048713782 1.7343914e-05 -0.00013938099)   (-0.16604838 0.0023872192 1.8534012)         
weiyi                     (43.669542 -3.3862115 485.15353)              (1.5420665 -0.024876153 -0.12557859)          (45.211609 -3.4110877 485.02796)              (0.056484671 -0.0043799187 0.62752519)        (0.0019945965 -3.2176232e-05 -0.0001624305)   (0.058479268 -0.0044120949 0.62736276)       
xiaoyi                    (150.89546 -0.046136062 -372.51349)           (0.30415312 -0.00021272762 -0.02473288)       (151.19961 -0.046348789 -372.53822)           (0.19517677 -5.9675007e-05 -0.48183015)       (0.00039340895 -2.75154e-07 -3.1990915e-05)   (0.19557018 -5.9950161e-05 -0.48186214)      
youfuyi                   (0.73151308 0.38270609 -17.59537)             (0.11628988 0.0025950158 -0.055610461)        (0.84780296 0.38530111 -17.65098)             (0.00094618065 0.00049501384 -0.022758852)    (0.00015041594 3.3565412e-06 -7.1929734e-05)  (0.0010965966 0.00049837038 -0.022830782)    
youweiduo                 (-1.029404 -0.59348956 -0.96424182)           (0.15442445 -0.0045632538 -0.0092739313)      (-0.87497951 -0.59805281 -0.97351575)         (-0.0013314897 -0.00076765317 -0.0012472052)  (0.00019974137 -5.9023722e-06 -1.199543e-05)  (-0.0011317483 -0.00077355554 -0.0012592007) 
zhongyangyi               (1055.4125 -0.0046621854 14071.449)           (2.3147369 -0.0052544765 -0.083640825)        (1057.7272 -0.0099166619 14071.366)           (1.3651306 -6.0303359e-06 18.200813)          (0.0029940124 -6.796439e-06 -0.0001081858)    (1.3681246 -1.2826775e-05 18.200705)         
zuofuyi                   (-0.85704744 0.34997046 10.270507)            (0.1857952 -0.00039173182 0.00057003237)      (-0.67125224 0.34957873 10.271077)            (-0.0011085539 0.00045267171 0.013284458)     (0.00024031809 -5.0668822e-07 7.3731231e-07)  (-0.00086823585 0.00045216502 0.013285196)   
zuoweiduo                 (-1.0173531 0.48180187 -0.75628973)           (0.15623441 -0.0022865869 -0.011606147)       (-0.86111865 0.47951529 -0.76789588)          (-0.0013159023 0.00062318996 -0.00097822818)  (0.00020208248 -2.9576016e-06 -1.5012051e-05) (-0.0011138199 0.00062023236 -0.00099324023) 
------------------------- --------------------------------------------- --------------------------------------------- --------------------------------------------- --------------------------------------------- --------------------------------------------- ---------------------------------------------
Net                       (14.873274 -0.093028514 16.910408)            (12.099738 -0.042135939 -0.64667448)          (26.973013 -0.13516445 16.263734)             (0.019237939 -0.00012032837 0.021872884)      (0.01565049 -5.4501021e-05 -0.00083644557)    (0.034888429 -0.00017482939 0.021036439)     

Forces - Direction Vector (0.99756419 0 -0.069756474)
                          Forces [N]                                      Coefficients                                   
Zone                      Pressure        Viscous         Total           Pressure        Viscous         Total          
jidi                      1140.6625       0.00013658642   1140.6626       1.4753978       1.7666865e-07   1.475398       
jishen                    9926.0582       1.2209159       9927.2791       12.838928       0.001579202     12.840508      
jitou                     -11211.277      1.1804599       -11210.097      -14.501304      0.001526874     -14.499777     
liangan                   134.03109       1.1656614       135.19675       0.17336344      0.0015077328    0.17487117     
waiyi                     -231.78185      3.7645123       -228.01734      -0.29979984     0.0048692345    -0.2949306     
weiyi                     9.7205706       1.54707         11.267641       0.012573139     0.0020010684    0.014574208    
xiaoyi                    176.51311       0.3051375       176.81825       0.2283121       0.0003946822    0.22870678     
youfuyi                   1.9571219       0.11988579      2.0770077       0.0025314529    0.0001550671    0.00268652     
youweiduo                 -0.95963429     0.1546952       -0.80493909     -0.0012412456   0.00020009157   -0.001041154   
zhongyangyi               71.267039       2.3149328       73.581972       0.092180844     0.0029942658    0.09517511     
zuofuyi                   -1.571394       0.18530285      -1.3860911      -0.0020325304   0.00023968125   -0.0017928491  
zuoweiduo                 -0.96211875     0.15666344      -0.80545531     -0.0012444591   0.00020263741   -0.0010418217  
------------------------- --------------- --------------- --------------- --------------- --------------- ---------------
Net                       13.657433       12.115374       25.772807       0.017665302     0.015670714     0.033336015    
