                                    "Force Report"

Moments - Moment Center (0 0 0.05)
                          Moments [N m]                                                                                                                             Coefficients                                                                                                                             
Zone                      Pressure                                      Viscous                                       Total                                         Pressure                                      Viscous                                       Total                                        
jidi                      (-1.7803677e-08 -22.919474 0.0040019375)      (-1.8432626e-05 -0.00028671598 -0.00072243101) (-1.845043e-05 -22.919761 0.0032795065)       (-6.3143101e-11 -0.081286956 1.4193403e-05)   (-6.5373755e-08 -1.0168763e-06 -2.5621974e-06) (-6.5436898e-08 -0.081287972 1.1631205e-05)  
jishen                    (0.19879118 -230.28514 2.5225343)             (-0.034047437 -0.068649228 -0.0026018294)     (0.16474374 -230.35379 2.5199325)             (0.00070503929 -0.8167368 0.0089465028)       (-0.00012075375 -0.0002434736 -9.2277333e-06) (0.00058428553 -0.81698027 0.0089372751)     
jitou                     (-1.2549957 544.33599 12.378516)              (-0.014094866 0.023733927 0.1602166)          (-1.2690906 544.35972 12.538732)              (-0.0044510088 1.9305598 0.043902049)         (-4.9989313e-05 8.4175523e-05 0.00056822942)  (-0.0045009981 1.930644 0.044470278)         
liangan                   (2.4163454 647.17644 -0.61804342)             (0.050564328 0.11163534 -0.040134906)         (2.4669097 647.28808 -0.65817833)             (0.0085698894 2.2952971 -0.002191973)         (0.0001793331 0.00039592955 -0.00014234377)   (0.0087492225 2.2956931 -0.0023343168)       
waiyi                     (-75.210807 -45.036384 -3.5514153)            (-0.010035928 0.62059128 0.020626959)         (-75.220843 -44.415793 -3.5307883)            (-0.26674511 -0.15972751 -0.012595566)        (-3.5593749e-05 0.0022010093 7.3156248e-05)   (-0.2667807 -0.1575265 -0.012522409)         
weiyi                     (-9.3342642 -687.87661 -34.881162)            (0.10539047 0.39408271 -0.3927851)            (-9.2288738 -687.48253 -35.273947)            (-0.033105207 -2.4396457 -0.12371067)         (0.00037378129 0.0013976666 -0.0013930645)    (-0.032731425 -2.438248 -0.12510373)         
xiaoyi                    (9.5278552 56.040184 -0.85610211)             (0.087342648 0.039919588 -0.031562038)        (9.6151979 56.080103 -0.88766415)             (0.033791803 0.19875395 -0.0030362797)        (0.00030977229 0.00014158012 -0.00011193896)  (0.034101575 0.19889553 -0.0031482187)       
youfuyi                   (-14.368918 1.6735628 0.46989726)             (-0.031366729 0.013364381 -0.10241752)        (-14.400284 1.6869271 0.36747974)             (-0.050961273 0.0059355124 0.001666553)       (-0.00011124627 4.739855e-05 -0.00036323733)  (-0.05107252 0.0059829109 0.0013033157)      
youweiduo                 (-0.1097088 0.31063075 -0.02352645)           (0.020608323 0.016939897 -0.12108312)         (-0.089100476 0.32757064 -0.14460957)         (-0.00038909681 0.0011016932 -8.3439677e-05)  (7.3090154e-05 6.0079592e-05 -0.00042943734)  (-0.00031600666 0.0011617728 -0.00051287702) 
zhongyangyi               (3.4597176 -278.02365 0.79594389)             (0.045029913 0.35213107 -0.0085702204)        (3.5047475 -277.67152 0.78737367)             (0.012270348 -0.98604777 0.0028229206)        (0.00015970456 0.0012488796 -3.0395424e-05)   (0.012430052 -0.9847989 0.0027925252)        
zuofuyi                   (-18.528113 -2.6994299 -0.76981387)           (-0.022286683 0.015711221 0.18901144)         (-18.5504 -2.6837186 -0.58080243)             (-0.065712411 -0.0095738862 -0.0027302471)    (-7.9042679e-05 5.572193e-05 0.00067035416)   (-0.065791454 -0.0095181643 -0.0020598929)   
zuoweiduo                 (-0.29696461 -2.2084804 -1.3962259)           (0.016042187 0.064177818 0.0029549514)        (-0.28092242 -2.1443026 -1.3932709)           (-0.0010532244 -0.0078326688 -0.0049519004)   (5.6895743e-05 0.00022761515 1.0480127e-05)   (-0.00099632865 -0.0076050536 -0.0049414203) 
------------------------- --------------------------------------------- --------------------------------------------- --------------------------------------------- --------------------------------------------- --------------------------------------------- ---------------------------------------------
Net                       (-103.50106 -19.512366 -25.925396)            (0.21312779 1.5833513 -0.32706721)            (-103.28793 -17.929015 -26.252463)            (-0.36708025 -0.069203195 -0.091947856)       (0.000755886 0.0056155654 -0.0011599873)      (-0.36632436 -0.063587629 -0.093107843)      

Moments - Moment Center (0 0 0.05) Moment Axis (0 1 0)
                          Moments [N m]                                   Coefficients                                   
Zone                      Pressure        Viscous         Total           Pressure        Viscous         Total          
jidi                      -22.919474      -0.00028671598  -22.919761      -0.081286956    -1.0168763e-06  -0.081287972   
jishen                    -230.28514      -0.068649228    -230.35379      -0.8167368      -0.0002434736   -0.81698027    
jitou                     544.33599       0.023733927     544.35972       1.9305598       8.4175523e-05   1.930644       
liangan                   647.17644       0.11163534      647.28808       2.2952971       0.00039592955   2.2956931      
waiyi                     -45.036384      0.62059128      -44.415793      -0.15972751     0.0022010093    -0.1575265     
weiyi                     -687.87661      0.39408271      -687.48253      -2.4396457      0.0013976666    -2.438248      
xiaoyi                    56.040184       0.039919588     56.080103       0.19875395      0.00014158012   0.19889553     
youfuyi                   1.6735628       0.013364381     1.6869271       0.0059355124    4.739855e-05    0.0059829109   
youweiduo                 0.31063075      0.016939897     0.32757064      0.0011016932    6.0079592e-05   0.0011617728   
zhongyangyi               -278.02365      0.35213107      -277.67152      -0.98604777     0.0012488796    -0.9847989     
zuofuyi                   -2.6994299      0.015711221     -2.6837186      -0.0095738862   5.572193e-05    -0.0095181643  
zuoweiduo                 -2.2084804      0.064177818     -2.1443026      -0.0078326688   0.00022761515   -0.0076050536  
------------------------- --------------- --------------- --------------- --------------- --------------- ---------------
Net                       -19.512366      1.5833513       -17.929015      -0.069203195    0.0056155654    -0.063587629   
