                                    "Force Report"

Moments - Moment Center (0 0 0.05)
                          Moments [N m]                                                                                                                             Coefficients                                                                                                                             
Zone                      Pressure                                      Viscous                                       Total                                         Pressure                                      Viscous                                       Total                                        
jidi                      (6.5732932e-09 -22.887026 0.0019801797)       (-4.6178036e-05 0.00050235281 -0.00067806171) (-4.6171463e-05 -22.886524 0.001302118)       (2.3313057e-11 -0.081171876 7.0229701e-06)    (-1.6377653e-07 1.7816609e-06 -2.4048358e-06) (-1.6375322e-07 -0.081170094 4.6181343e-06)  
jishen                    (0.027773693 -231.91099 -0.12812466)          (0.0017740527 -0.080206857 -0.00090528998)    (0.029547746 -231.9912 -0.12902995)           (9.8503088e-05 -0.8225031 -0.0004544111)      (6.2919134e-06 -0.00028446426 -3.2107311e-06) (0.000104795 -0.82278757 -0.00045762183)     
jitou                     (0.017803348 537.84451 -0.17922423)           (8.2634809e-05 -0.044116461 -0.0010297764)    (0.017885983 537.8004 -0.180254)              (6.3141937e-05 1.9075369 -0.0006356425)       (2.9307531e-07 -0.00015646488 -3.6522386e-06) (6.3435012e-05 1.9073805 -0.00063929474)     
liangan                   (-1.0095759 646.24302 -0.099858782)           (-0.015660521 0.10836676 -0.019596086)        (-1.0252364 646.35138 -0.11945487)            (-0.0035805947 2.2919866 -0.00035416242)      (-5.5542115e-05 0.00038433708 -6.950012e-05)  (-0.0036361368 2.2923709 -0.00042366254)     
waiyi                     (-82.927294 -47.903935 2.36788)               (-0.097938565 0.60974296 0.21878159)          (-83.025232 -47.294192 2.5866616)             (-0.29411265 -0.16989766 0.0083980005)        (-0.00034735212 0.0021625343 0.00077593794)   (-0.29446 -0.16773513 0.0091739384)          
weiyi                     (-2.1186142 -646.15189 -4.2311717)            (0.0023189688 0.55917823 -0.016323147)        (-2.1162953 -645.59271 -4.2474948)            (-0.0075139466 -2.2916634 -0.015006412)       (8.2245306e-06 0.0019831998 -5.7892206e-05)   (-0.007505722 -2.2896802 -0.015064304)       
xiaoyi                    (-0.35069277 55.865302 0.15290737)            (-0.004190615 0.038965281 0.005820104)        (-0.35488338 55.904267 0.15872747)            (-0.0012437784 0.19813371 0.00054230628)      (-1.4862572e-05 0.00013819554 2.0641771e-05)  (-0.001258641 0.1982719 0.00056294805)       
youfuyi                   (-17.257392 2.3669818 -0.95954165)            (-0.051180293 0.018131814 -0.11494991)        (-17.308572 2.3851136 -1.0744916)             (-0.06120563 0.0083948151 -0.0034031418)      (-0.0001815177 6.4306884e-05 -0.00040768512)  (-0.061387148 0.0084591219 -0.0038108269)    
youweiduo                 (-0.048753361 0.206108 0.04121411)            (5.5616432e-05 0.050373075 -0.065258995)      (-0.048697745 0.25648107 -0.024044884)        (-0.00017291026 0.00073098935 0.00014617131)  (1.9725105e-07 0.00017865479 -0.00023144968)  (-0.00017271301 0.00090964415 -8.5278373e-05)
zhongyangyi               (-5.4027106 -283.26272 -0.064496791)          (-0.0044993524 0.34322901 0.0023219751)       (-5.4072099 -282.91949 -0.062174815)          (-0.01916143 -1.0046288 -0.00022874643)       (-1.595755e-05 0.0012173072 8.2351928e-06)    (-0.019177388 -1.0034115 -0.00022051123)     
zuofuyi                   (-15.936 -2.3064339 -0.91759466)              (-0.016403721 0.018634695 0.2162067)          (-15.952403 -2.2877992 -0.70138797)           (-0.056519137 -0.0081800739 -0.0032543712)    (-5.8177974e-05 6.6090419e-05 0.00076680574)  (-0.056577315 -0.0081139835 -0.0024875655)   
zuoweiduo                 (-0.025342811 -0.16894846 -0.24342174)        (0.0017224785 0.052387599 0.059356864)        (-0.023620333 -0.11656086 -0.18406487)        (-8.9881644e-05 -0.00059919814 -0.0008633275) (6.1089987e-06 0.00018579957 0.000210517)     (-8.3772645e-05 -0.00041339857 -0.0006528105)
------------------------- --------------------------------------------- --------------------------------------------- --------------------------------------------- --------------------------------------------- --------------------------------------------- ---------------------------------------------
Net                       (-125.0308 7.933973 -4.2594526)               (-0.18396549 1.6751885 0.28374596)            (-125.21476 9.6091614 -3.9757066)             (-0.44343832 0.028138888 -0.015106714)        (-0.00065245804 0.0059412782 0.0010063427)    (-0.44409077 0.034080166 -0.014100371)       

Moments - Moment Center (0 0 0.05) Moment Axis (0 1 0)
                          Moments [N m]                                   Coefficients                                   
Zone                      Pressure        Viscous         Total           Pressure        Viscous         Total          
jidi                      -22.887026      0.00050235281   -22.886524      -0.081171876    1.7816609e-06   -0.081170094   
jishen                    -231.91099      -0.080206857    -231.9912       -0.8225031      -0.00028446426  -0.82278757    
jitou                     537.84451       -0.044116461    537.8004        1.9075369       -0.00015646488  1.9073805      
liangan                   646.24302       0.10836676      646.35138       2.2919866       0.00038433708   2.2923709      
waiyi                     -47.903935      0.60974296      -47.294192      -0.16989766     0.0021625343    -0.16773513    
weiyi                     -646.15189      0.55917823      -645.59271      -2.2916634      0.0019831998    -2.2896802     
xiaoyi                    55.865302       0.038965281     55.904267       0.19813371      0.00013819554   0.1982719      
youfuyi                   2.3669818       0.018131814     2.3851136       0.0083948151    6.4306884e-05   0.0084591219   
youweiduo                 0.206108        0.050373075     0.25648107      0.00073098935   0.00017865479   0.00090964415  
zhongyangyi               -283.26272      0.34322901      -282.91949      -1.0046288      0.0012173072    -1.0034115     
zuofuyi                   -2.3064339      0.018634695     -2.2877992      -0.0081800739   6.6090419e-05   -0.0081139835  
zuoweiduo                 -0.16894846     0.052387599     -0.11656086     -0.00059919814  0.00018579957   -0.00041339857 
------------------------- --------------- --------------- --------------- --------------- --------------- ---------------
Net                       7.933973        1.6751885       9.6091614       0.028138888     0.0059412782    0.034080166    
