                                    "Force Report"

Moments - Moment Center (0 0 0.05)
                          Moments [N m]                                                                                                                             Coefficients                                                                                                                             
Zone                      Pressure                                      Viscous                                       Total                                         Pressure                                      Viscous                                       Total                                        
jidi                      (-4.44793e-09 -22.875695 -0.0013534477)       (-2.6071154e-05 0.0010963829 -0.00048090721)  (-2.6075602e-05 -22.874598 -0.0018343549)     (-1.5775174e-11 -0.081131687 -4.8001818e-06)  (-9.2464806e-08 3.8884674e-06 -1.7056012e-06) (-9.2480581e-08 -0.081127799 -6.5057831e-06) 
jishen                    (0.015720107 -232.91847 -0.18388864)          (0.0018654365 -0.092572371 -0.00086354574)    (0.017585544 -233.01104 -0.18475218)          (5.5753446e-05 -0.82607625 -0.00065218546)    (6.6160182e-06 -0.0003283202 -3.0626796e-06)  (6.2369464e-05 -0.82640457 -0.00065524814)   
jitou                     (0.018477201 531.1238 -0.19650015)            (7.9036855e-05 -0.11591421 -0.0010735033)     (0.018556238 531.00789 -0.19757365)           (6.5531846e-05 1.883701 -0.00069691386)       (2.8031469e-07 -0.00041110513 -3.8073219e-06) (6.5812161e-05 1.8832899 -0.00070072118)     
liangan                   (-1.2133491 645.75443 -0.46987393)            (-0.011031014 0.12337746 -0.036585654)        (-1.2243801 645.87781 -0.50645959)            (-0.0043033037 2.2902538 -0.0016664703)       (-3.9122956e-05 0.00043757452 -0.00012975588) (-0.0043424266 2.2906913 -0.0017962261)      
waiyi                     (-83.368114 -52.958621 6.4546997)             (-0.0968384 0.5289111 0.1600254)              (-83.464953 -52.42971 6.6147251)              (-0.29567608 -0.18782478 0.022892449)         (-0.00034345024 0.0018758534 0.00056755133)   (-0.29601953 -0.18594892 0.02346)            
weiyi                     (-1.9123232 -614.72491 -3.7397143)            (0.006096602 0.61500828 -0.018625799)         (-1.9062266 -614.1099 -3.7583401)             (-0.0067823081 -2.1802035 -0.013263393)       (2.1622408e-05 0.0021812085 -6.6058867e-05)   (-0.0067606857 -2.1780222 -0.013329452)      
xiaoyi                    (-0.35812577 55.858901 0.10278897)            (-0.0041499551 0.04084082 0.00049423941)      (-0.36227573 55.899742 0.10328321)            (-0.0012701406 0.19811101 0.00036455472)      (-1.4718366e-05 0.00014484739 1.7528857e-06)  (-0.0012848589 0.19825585 0.00036630761)     
youfuyi                   (-20.956921 2.9384448 -0.86833012)            (-0.066260863 0.022168203 -0.13871571)        (-21.023182 2.960613 -1.0070458)              (-0.074326502 0.010421584 -0.003079648)       (-0.00023500294 7.8622475e-05 -0.00049197367) (-0.074561505 0.010500207 -0.0035716217)     
youweiduo                 (-0.11403947 1.0095875 -0.44055638)           (-0.0019415565 0.056865336 -0.063205075)      (-0.11598102 1.0664529 -0.50376145)           (-0.0004044561 0.0035806361 -0.0015624917)    (-6.8859876e-06 0.00020168046 -0.00022416518) (-0.00041134209 0.0037823166 -0.0017866568)  
zhongyangyi               (-5.6972183 -290.88392 0.33428124)            (-0.0044886069 0.2967472 0.0074301346)        (-5.7017069 -290.58718 0.34171138)            (-0.020205941 -1.0316584 0.0011855728)        (-1.591944e-05 0.0010524533 2.6351958e-05)    (-0.02022186 -1.030606 0.0012119247)         
zuofuyi                   (-12.328612 -1.802424 -0.99469207)            (-0.00022675067 0.021423614 0.22226417)       (-12.328839 -1.7810004 -0.77242789)           (-0.043725058 -0.0063925359 -0.0035278074)    (-8.0420133e-07 7.5981688e-05 0.00078828939)  (-0.043725862 -0.0063165542 -0.002739518)    
zuoweiduo                 (0.057496037 0.73197594 0.29220703)           (0.0045584293 0.060397422 0.054769759)        (0.062054466 0.79237336 0.34697679)           (0.00020391733 0.0025960498 0.001036351)      (1.6167074e-05 0.00021420747 0.00019424822)   (0.0002200844 0.0028102573 0.0012305992)     
------------------------- --------------------------------------------- --------------------------------------------- --------------------------------------------- --------------------------------------------- --------------------------------------------- ---------------------------------------------
Net                       (-125.85701 21.253104 0.28906786)             (-0.17236371 1.5583492 0.18543352)            (-126.02937 22.811453 0.47450138)             (-0.44636859 0.075376952 0.0010252175)        (-0.00061131078 0.0055268923 0.00065766457)   (-0.4469799 0.080903844 0.0016828821)        

Moments - Moment Center (0 0 0.05) Moment Axis (0 1 0)
                          Moments [N m]                                   Coefficients                                   
Zone                      Pressure        Viscous         Total           Pressure        Viscous         Total          
jidi                      -22.875695      0.0010963829    -22.874598      -0.081131687    3.8884674e-06   -0.081127799   
jishen                    -232.91847      -0.092572371    -233.01104      -0.82607625     -0.0003283202   -0.82640457    
jitou                     531.1238        -0.11591421     531.00789       1.883701        -0.00041110513  1.8832899      
liangan                   645.75443       0.12337746      645.87781       2.2902538       0.00043757452   2.2906913      
waiyi                     -52.958621      0.5289111       -52.42971       -0.18782478     0.0018758534    -0.18594892    
weiyi                     -614.72491      0.61500828      -614.1099       -2.1802035      0.0021812085    -2.1780222     
xiaoyi                    55.858901       0.04084082      55.899742       0.19811101      0.00014484739   0.19825585     
youfuyi                   2.9384448       0.022168203     2.960613        0.010421584     7.8622475e-05   0.010500207    
youweiduo                 1.0095875       0.056865336     1.0664529       0.0035806361    0.00020168046   0.0037823166   
zhongyangyi               -290.88392      0.2967472       -290.58718      -1.0316584      0.0010524533    -1.030606      
zuofuyi                   -1.802424       0.021423614     -1.7810004      -0.0063925359   7.5981688e-05   -0.0063165542  
zuoweiduo                 0.73197594      0.060397422     0.79237336      0.0025960498    0.00021420747   0.0028102573   
------------------------- --------------- --------------- --------------- --------------- --------------- ---------------
Net                       21.253104       1.5583492       22.811453       0.075376952     0.0055268923    0.080903844    
