                                    "Force Report"

Moments - Moment Center (0 0 0.05)
                          Moments [N m]                                                                                                                             Coefficients                                                                                                                             
Zone                      Pressure                                      Viscous                                       Total                                         Pressure                                      Viscous                                       Total                                        
jidi                      (6.6385947e-10 -22.904836 0.00097698985)      (-3.3074897e-05 -0.0010643584 -0.00032112189) (-3.3074233e-05 -22.9059 0.00065586796)       (2.3544657e-12 -0.081235041 3.4650241e-06)    (-1.1730451e-07 -3.7748883e-06 -1.1389014e-06) (-1.1730216e-07 -0.081238816 2.3261227e-06)  
jishen                    (0.049407989 -227.89324 0.17156958)           (0.00091663003 -0.055633539 0.0010011308)     (0.050324619 -227.94887 0.17257071)           (0.00017523199 -0.80825362 0.00060849428)     (3.25095e-06 -0.00019731173 3.5506434e-06)    (0.00017848294 -0.80845093 0.00061204492)    
jitou                     (0.012111099 558.37267 -0.096121254)          (7.5231731e-05 0.18224371 -0.00069245231)     (0.012186331 558.55492 -0.096813707)          (4.2953619e-05 1.9803428 -0.00034090678)      (2.6681932e-07 0.0006463515 -2.455874e-06)    (4.3220438e-05 1.9809891 -0.00034336266)     
liangan                   (-0.93731128 651.16543 1.3167115)             (-0.018641264 0.13935491 0.046890001)         (-0.95595254 651.30478 1.3636015)             (-0.0033242988 2.3094446 0.0046698922)        (-6.6113716e-05 0.00049424068 0.00016630161)  (-0.0033904125 2.3099388 0.0048361938)       
waiyi                     (-63.804527 -45.264193 -11.513288)            (-0.042874217 0.43028401 -0.072480473)        (-63.847401 -44.833909 -11.585769)            (-0.22629122 -0.16053547 -0.040833404)        (-0.0001520591 0.0015260593 -0.00025706161)   (-0.22644328 -0.15900941 -0.041090466)       
weiyi                     (-1.201937 -774.11387 -2.2577768)             (-0.005079091 0.076469709 -0.0066678386)      (-1.2070161 -774.0374 -2.2644447)             (-0.0042628291 -2.7454976 -0.0080075052)      (-1.801367e-05 0.00027120997 -2.3648374e-05)  (-0.0042808428 -2.7452263 -0.0080311535)     
xiaoyi                    (-0.48504139 55.692859 0.16945571)            (-0.0042419771 0.031497494 0.0051399406)      (-0.48928336 55.724356 0.17459565)            (-0.0017202636 0.19752211 0.00060099715)      (-1.5044735e-05 0.00011171004 1.8229481e-05)  (-0.0017353084 0.19763382 0.00061922663)     
youfuyi                   (10.984882 -2.0975745 3.0025822)              (0.027808964 0.0025416667 -0.071812468)       (11.012691 -2.0950328 2.9307697)              (0.038959342 -0.0074393263 0.010649056)       (9.862818e-05 9.0143581e-06 -0.00025469245)   (0.03905797 -0.0074303119 0.010394364)       
youweiduo                 (0.50258125 -3.4944962 2.1882033)             (0.010930645 0.0077587662 -0.067450939)       (0.5135119 -3.4867374 2.1207524)              (0.0017824711 -0.012393694 0.0077607535)      (3.8766983e-05 2.7517494e-05 -0.00023922371)  (0.0018212381 -0.012366177 0.0075215298)     
zhongyangyi               (0.30607515 -273.28781 -0.45899275)           (-0.0023609452 0.27128793 -0.040542945)       (0.3037142 -273.01652 -0.4995357)             (0.0010855361 -0.96925149 -0.0016278787)      (-8.3734054e-06 0.00096215863 -0.00014379093) (0.0010771627 -0.96828933 -0.0017716696)     
zuofuyi                   (-32.38654 -4.5854549 0.57873259)             (-0.057266879 0.0084388552 0.15953822)        (-32.443807 -4.5770161 0.73827081)            (-0.11486316 -0.016262924 0.0020525519)       (-0.00020310459 2.992952e-05 0.00056582346)   (-0.11506627 -0.016232995 0.0026183754)      
zuoweiduo                 (-0.48342626 -3.6197151 -2.2531712)           (-0.012320616 0.0058723845 0.071640316)       (-0.49574687 -3.6138427 -2.1815309)           (-0.0017145354 -0.0128378 -0.0079911707)      (-4.3696699e-05 2.0827191e-05 0.00025408189)  (-0.0017582321 -0.012816973 -0.0077370888)   
------------------------- --------------------------------------------- --------------------------------------------- --------------------------------------------- --------------------------------------------- --------------------------------------------- ---------------------------------------------
Net                       (-87.443725 -92.030231 -9.1511183)            (-0.10308659 1.0990515 0.024241368)           (-87.546812 -90.93118 -9.126877)              (-0.31013077 -0.32639743 -0.032455655)        (-0.00036561028 0.0038979321 8.5975227e-05)   (-0.31049638 -0.32249949 -0.03236968)        

Moments - Moment Center (0 0 0.05) Moment Axis (0 1 0)
                          Moments [N m]                                   Coefficients                                   
Zone                      Pressure        Viscous         Total           Pressure        Viscous         Total          
jidi                      -22.904836      -0.0010643584   -22.9059        -0.081235041    -3.7748883e-06  -0.081238816   
jishen                    -227.89324      -0.055633539    -227.94887      -0.80825362     -0.00019731173  -0.80845093    
jitou                     558.37267       0.18224371      558.55492       1.9803428       0.0006463515    1.9809891      
liangan                   651.16543       0.13935491      651.30478       2.3094446       0.00049424068   2.3099388      
waiyi                     -45.264193      0.43028401      -44.833909      -0.16053547     0.0015260593    -0.15900941    
weiyi                     -774.11387      0.076469709     -774.0374       -2.7454976      0.00027120997   -2.7452263     
xiaoyi                    55.692859       0.031497494     55.724356       0.19752211      0.00011171004   0.19763382     
youfuyi                   -2.0975745      0.0025416667    -2.0950328      -0.0074393263   9.0143581e-06   -0.0074303119  
youweiduo                 -3.4944962      0.0077587662    -3.4867374      -0.012393694    2.7517494e-05   -0.012366177   
zhongyangyi               -273.28781      0.27128793      -273.01652      -0.96925149     0.00096215863   -0.96828933    
zuofuyi                   -4.5854549      0.0084388552    -4.5770161      -0.016262924    2.992952e-05    -0.016232995   
zuoweiduo                 -3.6197151      0.0058723845    -3.6138427      -0.0128378      2.0827191e-05   -0.012816973   
------------------------- --------------- --------------- --------------- --------------- --------------- ---------------
Net                       -92.030231      1.0990515       -90.93118       -0.32639743     0.0038979321    -0.32249949    
