                                    "Force Report"

Forces
                          Forces [N]                                                                                                                                Coefficients                                                                                                                             
Zone                      Pressure                                      Viscous                                       Total                                         Pressure                                      Viscous                                       Total                                        
jidi                      (1146.7296 8.3143221e-07 0.00043646007)       (3.2690591e-08 0.0042292706 0.0065868678)     (1146.7296 0.004230102 0.0070233278)          (1.4832453 1.0754217e-09 5.6454229e-07)       (4.228387e-11 5.4703792e-06 8.5198296e-06)    (1.4832453 5.4714547e-06 9.0843719e-06)      
jishen                    (9097.8628 -5.3025778 -12500.608)             (1.2711938 -0.165394 0.051793068)             (9099.134 -5.4679718 -12500.556)              (11.767693 -0.0068586559 -16.168998)          (0.0016442344 -0.00021393001 6.6992101e-05)   (11.769338 -0.0070725859 -16.168931)         
jitou                     (-11262.951 -20.79351 27.849092)              (1.0551805 -0.25747159 0.35073073)            (-11261.896 -21.050981 28.199822)             (-14.568142 -0.026895508 0.0360216)           (0.0013648306 -0.0003330284 0.00045365509)    (-14.566777 -0.027228537 0.036475255)        
liangan                   (-81.460567 -2.1690586 -3059.1861)            (1.3676528 -0.16228092 0.25214448)            (-80.092915 -2.3313396 -3058.934)             (-0.10536573 -0.0028055839 -3.9569254)        (0.001769 -0.00020990338 0.00032613802)       (-0.10359673 -0.0030154873 -3.9565993)       
waiyi                     (-243.28671 -0.42801441 1996.0181)            (2.6538642 -0.71915185 0.93762364)            (-240.63284 -1.1471663 1996.9558)             (-0.31468087 -0.0005536182 2.5817635)         (0.0034326589 -0.00093019193 0.0012127758)    (-0.31124821 -0.0014838101 2.5829762)        
weiyi                     (42.849446 -9.5819936 575.00954)              (1.0893847 -0.1996289 0.12682683)             (43.93883 -9.7816225 575.13636)               (0.055423911 -0.012393896 0.74375005)         (0.0014090721 -0.00025821137 0.00016404504)   (0.056832984 -0.012652107 0.7439141)         
xiaoyi                    (153.61553 -1.955744 -365.58035)              (0.32565951 -0.072270871 0.08276793)          (153.94119 -2.0280149 -365.49758)             (0.19869507 -0.0025296706 -0.47286243)        (0.00042122654 -9.3479258e-05 0.00010705675)  (0.1991163 -0.0026231498 -0.47275537)        
youfuyi                   (0.37601864 -0.91397729 25.366818)            (0.13293642 -0.065283598 0.047363906)         (0.50895506 -0.97926089 25.414182)            (0.00048636391 -0.0011821902 0.032810886)     (0.00017194754 -8.4441521e-05 6.1263171e-05)  (0.00065831144 -0.0012666318 0.032872149)    
youweiduo                 (-0.77928628 0.83757532 1.5181481)            (0.14360017 -0.039402086 0.025364876)         (-0.63568611 0.79817324 1.543513)             (-0.0010079732 0.0010833676 0.0019636591)     (0.00018574063 -5.09649e-05 3.2808374e-05)    (-0.0008222326 0.0010324027 0.0019964675)    
zhongyangyi               (1028.9596 0.059309656 14334.611)             (1.7063431 -0.18021734 0.32270736)            (1030.6659 -0.12090768 14334.934)             (1.3309148 7.6714484e-05 18.541201)           (0.0022070813 -0.00023310336 0.00041740806)   (1.3331219 -0.00015638888 18.541619)         
zuofuyi                   (0.23483279 0.99241793 24.81839)              (0.14006648 -0.097619686 0.047949574)         (0.37489927 0.89479824 24.866339)             (0.00030374609 0.0012836498 0.032101518)      (0.00018116996 -0.00012626686 6.2020708e-05)  (0.00048491605 0.001157383 0.032163539)      
zuoweiduo                 (0.049269327 1.9158058 -3.3575884)            (0.077422557 -0.019839074 -0.009098595)       (0.12669188 1.8959667 -3.366687)              (6.3727752e-05 0.0024780122 -0.0043428959)    (0.00010014274 -2.5660987e-05 -1.1768641e-05) (0.00016387049 0.0024523512 -0.0043546645)   
------------------------- --------------------------------------------- --------------------------------------------- --------------------------------------------- --------------------------------------------- --------------------------------------------- ---------------------------------------------
Net                       (-117.80086 -37.339766 1056.4591)             (9.9633042 -1.9743306 2.2427607)              (-107.83755 -39.314096 1058.7019)             (-0.15237033 -0.048297378 1.3664843)          (0.012887105 -0.0025537116 0.0029009143)      (-0.13948323 -0.05085109 1.3693853)          

Forces - Direction Vector (0.94909244 -0.20791169 0.23663532)
                          Forces [N]                                      Coefficients                                   
Zone                      Pressure        Viscous         Total           Pressure        Viscous         Total          
jidi                      1088.3525       0.00067940181   1088.3532       1.407737        8.7877696e-07   1.4077379      
jishen                    5677.7298       1.2531238       5678.9829       7.3438988       0.0016208617    7.3455197      
jitou                     -10678.669      1.1379905       -10677.531      -13.812398      0.0014719417    -13.810926     
liangan                   -800.77413      1.3914353       -799.3827       -1.0357668      0.0017997616    -1.0339671     
waiyi                     241.51581       2.8901573       244.40597       0.31239029      0.003738294     0.31612859     
weiyi                     178.72786       1.1054436       179.8333        0.23117678      0.0014298437    0.23260663     
xiaoyi                    59.692741       0.34369275      60.036433       0.077209988     0.00044455176   0.077654539    
youfuyi                   6.5495882       0.15095015      6.7005384       0.0084716101    0.00019524752   0.0086668576   
youweiduo                 -0.55450896     0.15048421      -0.40402474     -0.00071723344  0.00019464484   -0.00052258859 
zhongyangyi               4368.6406       1.7333106       4370.3739       5.6506484       0.0022419625    5.6528904      
zuofuyi                   5.8894504       0.16457887      6.0540293       0.0076177503    0.00021287568   0.007830626    
zuoweiduo                 -1.1460813      0.07545289      -1.0706284      -0.0014824067   9.7595062e-05   -0.0013848117  
------------------------- --------------- --------------- --------------- --------------- --------------- ---------------
Net                       145.95501       10.397299       156.35231       0.18878652      0.013448459     0.20223498     
