                                    "Force Report"

Forces
                          Forces [N]                                                                                                                                Coefficients                                                                                                                             
Zone                      Pressure                                      Viscous                                       Total                                         Pressure                                      Viscous                                       Total                                        
jidi                      (1144.8387 2.2028401e-07 0.00043524888)       (2.2104063e-08 0.00024612501 0.003656488)     (1144.8387 0.00024634529 0.0040917369)        (1.4807995 2.8492788e-10 5.6297566e-07)       (2.8590653e-11 3.1835209e-07 4.7295097e-06)   (1.4807995 3.1863702e-07 5.2924854e-06)      
jishen                    (9082.6978 0.94538877 -12500.922)             (1.158697 -0.056625322 -0.021284567)          (9083.8565 0.88876345 -12500.943)             (11.748078 0.0012228196 -16.169404)           (0.0014987247 -7.3242414e-05 -2.753067e-05)   (11.749577 0.0011495772 -16.169431)          
jitou                     (-11249.544 -6.7999041 7.3136112)             (1.1604001 -0.08457053 0.090863988)           (-11248.384 -6.8844746 7.4044752)             (-14.550801 -0.0087953829 0.0094598409)       (0.0015009275 -0.00010938834 0.00011752865)   (-14.5493 -0.0089047712 0.0095773696)        
liangan                   (-81.076073 -0.45398766 -3075.4812)           (1.1053809 -0.04845097 0.029618354)           (-79.970693 -0.50243863 -3075.4516)           (-0.10486841 -0.00058721347 -3.9780024)       (0.0014297625 -6.2669241e-05 3.8310065e-05)   (-0.10343864 -0.00064988271 -3.9779641)      
waiyi                     (-142.08527 -0.092981314 1750.4385)           (4.437042 -0.26923249 0.42358342)             (-137.64823 -0.36221381 1750.862)             (-0.18378118 -0.00012026732 2.2641167)        (0.0057391226 -0.00034824063 0.0005478869)    (-0.17804205 -0.00046850795 2.2646646)       
weiyi                     (46.47948 0.0017105862 508.74404)             (1.5660593 -0.08611017 -0.049777425)          (48.045539 -0.084399584 508.69426)            (0.060119204 2.2125695e-06 0.65803849)        (0.0020256302 -0.00011137979 -6.4384954e-05)  (0.062144834 -0.00010916722 0.6579741)       
xiaoyi                    (152.14567 -0.3016856 -370.1095)              (0.32663996 -0.020613055 0.015141468)         (152.47231 -0.32229865 -370.09436)            (0.19679387 -0.00039021732 -0.47872069)       (0.00042249471 -2.6662098e-05 1.9584836e-05)  (0.19721636 -0.00041687942 -0.47870111)      
youfuyi                   (-0.71730919 -0.55039655 14.949675)           (0.16991948 -0.022642688 0.021085018)         (-0.54738971 -0.57303924 14.97076)            (-0.00092780853 -0.00071191422 0.019336761)   (0.00021978353 -2.9287341e-05 2.7272563e-05)  (-0.000708025 -0.00074120156 0.019364033)    
youweiduo                 (-0.98690066 -0.24214069 -0.33665021)         (0.15640615 -0.019316665 0.0030801879)        (-0.83049451 -0.26145735 -0.33357003)         (-0.0012765135 -0.00031319855 -0.00043544254) (0.00020230461 -2.4985273e-05 3.9840904e-06)  (-0.0010742089 -0.00033818382 -0.00043145845)
zhongyangyi               (1051.1507 -0.0016565472 14245.626)           (2.5835895 -0.1171617 0.16808262)             (1053.7343 -0.11881824 14245.795)             (1.3596181 -2.1426724e-06 18.426104)          (0.0033417617 -0.00015154361 0.00021740762)   (1.3629599 -0.00015368628 18.426321)         
zuofuyi                   (-0.71299033 0.51442039 14.640311)            (0.174046 -0.025423071 0.020553556)           (-0.53894433 0.48899732 14.660864)            (-0.00092222226 0.00066538061 0.018936611)    (0.000225121 -3.2883647e-05 2.6585139e-05)    (-0.00069710127 0.00063249696 0.018963196)   
zuoweiduo                 (1.9275512 5.9214094 -10.303745)              (0.1066482 0.0049566796 -0.02760305)          (2.0341994 5.9263661 -10.331348)              (0.0024932044 0.0076590879 -0.013327451)      (0.00013794485 6.4112515e-06 -3.5703356e-05)  (0.0026311492 0.0076654992 -0.013363154)     
------------------------- --------------------------------------------- --------------------------------------------- --------------------------------------------- --------------------------------------------- --------------------------------------------- ---------------------------------------------
Net                       (4.1170042 -1.059823 584.56)                  (12.944829 -0.74494386 0.67700006)            (17.061833 -1.8047669 585.237)                (0.0053251675 -0.0013708354 0.75610316)       (0.016743578 -0.00096355278 0.0008756704)     (0.022068745 -0.0023343882 0.75697884)       

Forces - Direction Vector (0.99695636 -0.06971398 0.034814483)
                          Forces [N]                                      Coefficients                                   
Zone                      Pressure        Viscous         Total           Pressure        Viscous         Total          
jidi                      1141.3576       0.00011016275   1141.3577       1.4762969       1.4249077e-07   1.476297       
jishen                    8619.7999       1.1583804       8620.9582       11.14934        0.0014983151    11.150838      
jitou                     -11214.609      1.1659308       -11213.443      -14.505614      0.0015080813    -14.504106     
liangan                   -187.8695       1.1064286       -186.76307      -0.24300111     0.0014311177    -0.24156999    
waiyi                     -80.705962      4.4570665       -76.248896      -0.10438968     0.0057650235    -0.098624661   
weiyi                     64.049744       1.5655675       65.615312       0.082845584     0.0020249941    0.084870578    
xiaoyi                    138.81887       0.32761091      139.14648       0.17955622      0.0004237506    0.17997997     
youfuyi                   -0.15629087     0.17171539      0.015424519     -0.00020215551  0.00022210646   1.9950951e-05  
youweiduo                 -0.9787395      0.15738444      -0.82135506     -0.0012659574   0.00020357      -0.0010623874  
zhongyangyi               1543.9102       2.5897532       1546.4999       1.9969813       0.0033497342    2.000331       
zuofuyi                   -0.2369884      0.17600469      -0.060983705    -0.00030653428  0.00022765448   -7.8879794e-05 
zuoweiduo                 1.1501632       0.10501737      1.2551806       0.0014876866    0.00013583545   0.001623522    
------------------------- --------------- --------------- --------------- --------------- --------------- ---------------
Net                       24.529585       12.98097        37.510555       0.031727961     0.016790325     0.048518286    
