                                    "Force Report"

Forces
                          Forces [N]                                                                                                                                Coefficients                                                                                                                             
Zone                      Pressure                                      Viscous                                       Total                                         Pressure                                      Viscous                                       Total                                        
jidi                      (1145.5944 -1.0985209e-07 0.00043575947)      (3.077896e-08 0.0016031532 0.0034599988)      (1145.5944 0.0016030434 0.0038957583)         (1.481777 -1.4208894e-10 5.6363609e-07)       (3.9811258e-11 2.0736096e-06 4.4753594e-06)   (1.481777 2.0734675e-06 5.0389954e-06)       
jishen                    (9089.1575 0.50528601 -12494.839)             (1.1874264 -0.047498997 0.07528788)           (9090.3449 0.45778701 -12494.764)             (11.756434 0.00065356568 -16.161536)          (0.0015358849 -6.1437906e-05 9.7381629e-05)   (11.757969 0.00059212778 -16.161438)         
jitou                     (-11261.598 -6.6477829 30.0911)               (1.1228985 -0.084696829 0.33864452)           (-11260.475 -6.7324798 30.429745)             (-14.566392 -0.0085986208 0.038921542)        (0.0014524208 -0.0001095517 0.00043802209)    (-14.564939 -0.0087081725 0.039359564)       
liangan                   (-81.32242 0.61841755 -3064.5626)             (1.2701216 -0.022690334 0.18147415)           (-80.052299 0.59572721 -3064.3811)            (-0.10518705 0.00079989645 -3.9638797)        (0.0016428475 -2.9348969e-05 0.000234729)     (-0.1035442 0.00077054748 -3.963645)         
waiyi                     (-231.8761 -0.085427697 1999.358)             (3.0156676 -0.243781 0.96495737)              (-228.86044 -0.32920869 2000.323)             (-0.29992175 -0.00011049705 2.5860834)        (0.0039006361 -0.00031532021 0.0012481308)    (-0.29602111 -0.00042581726 2.5873316)       
weiyi                     (40.740117 -0.96902181 581.73295)             (1.3284766 -0.06123875 0.13589533)            (42.068594 -1.0302606 581.86885)              (0.052695586 -0.001253388 0.75244651)         (0.0017183272 -7.9209684e-05 0.00017577475)   (0.054413914 -0.0013325976 0.75262228)       
xiaoyi                    (154.07373 -0.58225875 -365.77142)            (0.36392448 -0.025967134 0.090566294)         (154.43765 -0.60822588 -365.68085)            (0.19928773 -0.0007531266 -0.47310956)        (0.00047072064 -3.3587369e-05 0.0001171436)   (0.19975845 -0.00078671397 -0.47299242)      
youfuyi                   (0.37364115 -0.8347899 25.817204)             (0.13899531 -0.0025890615 0.04838471)         (0.51263647 -0.83737896 25.865589)            (0.00048328873 -0.0010797648 0.033393441)     (0.00017978444 -3.3488395e-06 6.2583538e-05)  (0.00066307318 -0.0010831136 0.033456025)    
youweiduo                 (-0.80374615 0.87051932 1.5345426)            (0.13476918 -0.021190442 0.017628306)         (-0.66897697 0.84932888 1.5521709)            (-0.001039611 0.0011259792 0.0019848647)      (0.00017431813 -2.7408924e-05 2.2801454e-05)  (-0.00086529288 0.0010985703 0.0020076661)   
zhongyangyi               (1011.1126 0.030414619 14386.553)             (1.8124841 -0.079419936 0.43427734)           (1012.9251 -0.049005318 14386.987)            (1.3078306 3.9339999e-05 18.608387)           (0.00234437 -0.00010272627 0.00056171903)     (1.310175 -6.3386266e-05 18.608948)          
zuofuyi                   (0.36814472 0.75918989 24.635971)             (0.13944734 -0.046074627 0.047174108)         (0.50759205 0.71311526 24.683145)             (0.00047617933 0.00098197941 0.031865567)     (0.00018036912 -5.9595545e-05 6.1017676e-05)  (0.00065654845 0.00092238386 0.031926584)    
zuoweiduo                 (1.3704033 4.4338045 -7.7322374)              (0.083112892 0.022362506 -0.010497212)        (1.4535161 4.456167 -7.7427346)               (0.0017725576 0.005734935 -0.010001316)       (0.00010750294 2.8924937e-05 -1.3577691e-05)  (0.0018800605 0.0057638599 -0.010014894)     
------------------------- --------------------------------------------- --------------------------------------------- --------------------------------------------- --------------------------------------------- --------------------------------------------- ---------------------------------------------
Net                       (-132.80973 -1.9016494 1116.8181)             (10.597324 -0.61118145 2.3272528)             (-122.21241 -2.5128308 1119.1453)             (-0.17178366 -0.0024597015 1.444556)          (0.013707182 -0.00079053687 0.0030102012)     (-0.15807648 -0.0032502384 1.4475662)        

Forces - Direction Vector (0.97576488 -0.069756474 0.20740523)
                          Forces [N]                                      Coefficients                                   
Zone                      Pressure        Viscous         Total           Pressure        Viscous         Total          
jidi                      1117.8309       0.00060582156   1117.8315       1.4458661       7.8360408e-07   1.4458669      
jishen                    6277.3505       1.1775774       6278.5281       8.1194824       0.0015231457    8.1210055      
jitou                     -10981.967      1.1718297       -10980.795      -14.204701      0.0015157113    -14.203185     
liangan                   -715.00101      1.2785615       -713.72245      -0.92482299     0.0016537642    -0.92316923    
waiyi                     188.4267        3.1597251       191.58643       0.24372182      0.0040869682    0.24780879     
weiyi                     160.47483       1.328738        161.80357       0.20756727      0.0017186654    0.20928594     
xiaoyi                    74.517444       0.37570003      74.893144       0.096385102     0.0004859518    0.096871054    
youfuyi                   5.7774411       0.14584259      5.9232836       0.007472871     0.0001886411    0.0076615121   
youweiduo                 -0.52671947     0.13663741      -0.39008207     -0.00068128894  0.0001767346    -0.00050455435 
zhongyangyi               3970.4524       1.8641697       3972.3166       5.1356091       0.0024112232    5.1380203      
zuofuyi                   5.4158934       0.14906598      5.5649594       0.0070052248    0.00019281042   0.0071980352   
zuoweiduo                 -0.57580165     0.077361535     -0.49844012     -0.00074477462  0.00010006381   -0.00064471081 
------------------------- --------------- --------------- --------------- --------------- --------------- ---------------
Net                       102.17549       10.865815       113.0413        0.13215959      0.014054463     0.14621405     
