                                    "Force Report"

Moments - Moment Center (0 0 0.05)
                          Moments [N m]                                                                                                                             Coefficients                                                                                                                             
Zone                      Pressure                                      Viscous                                       Total                                         Pressure                                      Viscous                                       Total                                        
jidi                      (-1.1132273e-08 -22.909598 0.0048120389)      (5.1908026e-06 -0.0008735567 0.00020535186)   (5.1796703e-06 -22.910471 0.0050173908)       (-3.9482085e-11 -0.081251928 1.7066535e-05)   (1.840987e-08 -3.0981848e-06 7.2830761e-07)   (1.8370388e-08 -0.081255026 1.7794842e-05)   
jishen                    (0.11785857 -229.70537 1.6845416)             (-0.022654743 -0.062244019 -0.0012595349)     (0.095203831 -229.76762 1.6832821)            (0.00041800107 -0.81468059 0.0059744503)      (-8.0348051e-05 -0.00022075667 -4.4671075e-06) (0.00033765302 -0.81490135 0.0059699832)     
jitou                     (-0.84747201 548.04074 8.3625723)             (-0.0092393084 0.061276493 0.10698189)        (-0.85671132 548.10202 8.4695542)             (-0.003005672 1.9436992 0.029658972)          (-3.2768433e-05 0.00021732521 0.00037942548)  (-0.0030384404 1.9439165 0.030038398)        
liangan                   (0.55125067 648.78587 -0.60193899)            (0.013912424 0.13638806 0.011020223)          (0.56516309 648.92226 -0.59091876)            (0.0019550836 2.3010052 -0.0021348565)        (4.934226e-05 0.00048371834 3.9084684e-05)    (0.0020044259 2.3014889 -0.0020957718)       
waiyi                     (7.2829467 -45.080089 -0.66743644)            (0.06366424 0.62471057 -0.049281912)          (7.3466109 -44.455379 -0.71671835)            (0.025829937 -0.15988252 -0.0023671519)       (0.00022579367 0.0022156189 -0.00017478484)   (0.02605573 -0.1576669 -0.0025419367)        
weiyi                     (-3.633895 -675.51301 -11.237673)             (0.062625167 0.41788626 -0.2489336)           (-3.5712698 -675.09512 -11.486607)            (-0.012888091 -2.3957965 -0.039855899)        (0.00022210846 0.0014820891 -0.00088287605)   (-0.012665982 -2.3943144 -0.040738775)       
xiaoyi                    (8.7716498 55.950383 -0.38408852)             (0.07951852 0.038424432 -0.021919869)         (8.8511683 55.988808 -0.40600839)             (0.03110982 0.19843546 -0.0013622209)         (0.00028202298 0.00013627735 -7.7741723e-05)  (0.031391843 0.19857174 -0.0014399626)       
youfuyi                   (21.254052 -3.0588125 0.43289057)             (0.040226257 0.012827359 -0.19184795)         (21.294278 -3.0459852 0.24104262)             (0.075380314 -0.010848485 0.0015353038)       (0.00014266776 4.5493929e-05 -0.00068041422)  (0.075522982 -0.010802991 0.00085488962)     
youweiduo                 (0.013696504 -0.30166108 0.31665976)          (0.014694932 0.024962293 -0.10246524)         (0.028391436 -0.27669879 0.21419453)          (4.8576469e-05 -0.0010698811 0.0011230759)    (5.2117525e-05 8.8532084e-05 -0.00036340656)  (0.00010069399 -0.00098134897 0.00075966931) 
zhongyangyi               (5.631296 -275.23398 1.0946818)               (0.025065107 0.35055757 -0.00040707964)       (5.6563611 -274.88343 1.0942747)              (0.019972138 -0.97615384 0.0038824343)        (8.8896729e-05 0.0012432989 -1.443762e-06)    (0.020061035 -0.97491054 0.0038809905)       
zuofuyi                   (-20.468923 -2.9587299 -0.38499881)           (-0.030377349 0.013542002 0.18003734)         (-20.4993 -2.9451879 -0.20496147)             (-0.07259575 -0.010493528 -0.0013654494)      (-0.0001077373 4.8028507e-05 0.00063852632)   (-0.072703487 -0.0104455 -0.00072692305)     
zuoweiduo                 (1.7567147 13.240867 7.9431078)               (0.012343453 0.070692765 0.029636192)         (1.7690582 13.31156 7.972744)                 (0.0062304218 0.046960493 0.028171286)        (4.3777693e-05 0.00025072127 0.00010510869)   (0.0062741995 0.047211215 0.028276395)       
------------------------- --------------------------------------------- --------------------------------------------- --------------------------------------------- --------------------------------------------- --------------------------------------------- ---------------------------------------------
Net                       (20.429175 11.256611 6.5631299)               (0.24978389 1.6881502 -0.28823418)            (20.678959 12.944761 6.2748957)               (0.072454779 0.039923064 0.023277011)         (0.00088589171 0.0059872488 -0.0010222608)    (0.073340671 0.045910313 0.02225475)         

Moments - Moment Center (0 0 0.05) Moment Axis (0 1 0)
                          Moments [N m]                                   Coefficients                                   
Zone                      Pressure        Viscous         Total           Pressure        Viscous         Total          
jidi                      -22.909598      -0.0008735567   -22.910471      -0.081251928    -3.0981848e-06  -0.081255026   
jishen                    -229.70537      -0.062244019    -229.76762      -0.81468059     -0.00022075667  -0.81490135    
jitou                     548.04074       0.061276493     548.10202       1.9436992       0.00021732521   1.9439165      
liangan                   648.78587       0.13638806      648.92226       2.3010052       0.00048371834   2.3014889      
waiyi                     -45.080089      0.62471057      -44.455379      -0.15988252     0.0022156189    -0.1576669     
weiyi                     -675.51301      0.41788626      -675.09512      -2.3957965      0.0014820891    -2.3943144     
xiaoyi                    55.950383       0.038424432     55.988808       0.19843546      0.00013627735   0.19857174     
youfuyi                   -3.0588125      0.012827359     -3.0459852      -0.010848485    4.5493929e-05   -0.010802991   
youweiduo                 -0.30166108     0.024962293     -0.27669879     -0.0010698811   8.8532084e-05   -0.00098134897 
zhongyangyi               -275.23398      0.35055757      -274.88343      -0.97615384     0.0012432989    -0.97491054    
zuofuyi                   -2.9587299      0.013542002     -2.9451879      -0.010493528    4.8028507e-05   -0.0104455     
zuoweiduo                 13.240867       0.070692765     13.31156        0.046960493     0.00025072127   0.047211215    
------------------------- --------------- --------------- --------------- --------------- --------------- ---------------
Net                       11.256611       1.6881502       12.944761       0.039923064     0.0059872488    0.045910313    
