                                    "Force Report"

Moments - Moment Center (0 0 0.05)
                          Moments [N m]                                                                                                                             Coefficients                                                                                                                             
Zone                      Pressure                                      Viscous                                       Total                                         Pressure                                      Viscous                                       Total                                        
jidi                      (-6.4363456e-09 -22.877728 0.0015756187)      (-5.797427e-05 0.00044405535 -0.00043350675)  (-5.7980706e-05 -22.877284 0.0011421119)      (-2.2827354e-11 -0.081138899 5.5881408e-06)   (-2.0561344e-07 1.5749012e-06 -1.5374892e-06) (-2.0563627e-07 -0.081137324 4.0506515e-06)  
jishen                    (0.21792759 -232.82819 1.4614972)             (-0.013551348 -0.090677421 -0.0065535775)     (0.20437624 -232.91887 1.4549437)             (0.00077290913 -0.82575607 0.0051833939)      (-4.8061655e-05 -0.00032159951 -2.3243132e-05) (0.00072484747 -0.82607767 0.0051601507)     
jitou                     (-0.44566308 531.74649 4.3678565)             (-0.0048165925 -0.11087853 0.053885772)       (-0.45047967 531.63561 4.4217423)             (-0.0015806032 1.8859095 0.015491183)         (-1.7082684e-05 -0.00039324541 0.00019111304) (-0.0015976859 1.8855162 0.015682296)        
liangan                   (0.36972878 645.47487 -0.0038165794)          (0.0063389821 0.12031009 0.009923504)         (0.37606776 645.59518 0.0061069245)           (0.0013112922 2.2892623 -1.3536005e-05)       (2.2482041e-05 0.00042669571 3.5195024e-05)   (0.0013337742 2.289689 2.1659018e-05)        
waiyi                     (4.6482617 -52.20568 -0.45665323)             (0.033826441 0.55239106 -0.028228791)         (4.6820881 -51.653289 -0.48488202)            (0.016485677 -0.18515437 -0.0016195813)       (0.00011996996 0.0019591282 -0.00010011715)   (0.016605647 -0.18319524 -0.0017196984)      
weiyi                     (-0.12392208 -594.2351 0.25599854)            (0.036451819 0.62116969 -0.10390057)          (-0.087470261 -593.61393 0.15209797)          (-0.0004395061 -2.1075336 0.00090793279)      (0.00012928121 0.0022030607 -0.00036849715)   (-0.00031022489 -2.1053306 0.00053943564)    
xiaoyi                    (0.40868697 55.873479 -0.29038777)            (0.010846303 0.041075926 -0.014293061)        (0.41953328 55.914555 -0.30468083)            (0.0014494626 0.19816271 -0.0010298988)       (3.8467854e-05 0.00014568122 -5.0692236e-05)  (0.0014879304 0.19830839 -0.001080591)       
youfuyi                   (12.604514 -1.8426314 0.99034007)             (0.0028069427 0.021630289 -0.22912465)        (12.607321 -1.8210011 0.76121543)             (0.044703583 -0.0065351367 0.0035123725)      (9.9551948e-06 7.6714691e-05 -0.00081262097)  (0.044713538 -0.006458422 0.0026997515)      
youweiduo                 (-0.13345603 1.6276184 -0.83170047)           (0.0029753301 0.051545514 -0.078792341)       (-0.1304807 1.6791639 -0.91049281)            (-0.00047331952 0.0057725645 -0.0029497361)   (1.0552403e-05 0.000182813 -0.00027944749)    (-0.00046276712 0.0059553775 -0.0032291836)  
zhongyangyi               (3.7330891 -289.90559 -0.3436983)             (0.020823336 0.3024926 -0.01248784)           (3.7539125 -289.6031 -0.35618614)             (0.013239896 -1.0281886 -0.0012189716)        (7.3852723e-05 0.0010728301 -4.4289783e-05)   (0.013313749 -1.0271158 -0.0012632614)       
zuofuyi                   (-12.309663 -1.8079754 -0.97227693)           (0.0019654595 0.021542352 0.21941814)         (-12.307697 -1.7864331 -0.75285879)           (-0.043657852 -0.0064122247 -0.0034483092)    (6.970763e-06 7.640281e-05 0.00077819555)     (-0.043650881 -0.0063358219 -0.0026701136)   
zuoweiduo                 (2.1974485 15.727087 9.386109)                (0.014468416 0.07872194 0.031419816)          (2.2119169 15.805809 9.4175288)               (0.0077935426 0.0557782 0.033289081)          (5.1314158e-05 0.0002791978 0.00011143454)    (0.0078448568 0.056057397 0.033400516)       
------------------------- --------------------------------------------- --------------------------------------------- --------------------------------------------- --------------------------------------------- --------------------------------------------- ---------------------------------------------
Net                       (11.166953 54.746658 13.564844)               (0.11207711 1.6097676 -0.1591671)             (11.27903 56.356425 13.405677)                (0.039605081 0.19416629 0.048109518)          (0.00039749636 0.0057092543 -0.00056450724)   (0.040002578 0.19987554 0.047545011)         

Moments - Moment Center (0 0 0.05) Moment Axis (0 1 0)
                          Moments [N m]                                   Coefficients                                   
Zone                      Pressure        Viscous         Total           Pressure        Viscous         Total          
jidi                      -22.877728      0.00044405535   -22.877284      -0.081138899    1.5749012e-06   -0.081137324   
jishen                    -232.82819      -0.090677421    -232.91887      -0.82575607     -0.00032159951  -0.82607767    
jitou                     531.74649       -0.11087853     531.63561       1.8859095       -0.00039324541  1.8855162      
liangan                   645.47487       0.12031009      645.59518       2.2892623       0.00042669571   2.289689       
waiyi                     -52.20568       0.55239106      -51.653289      -0.18515437     0.0019591282    -0.18319524    
weiyi                     -594.2351       0.62116969      -593.61393      -2.1075336      0.0022030607    -2.1053306     
xiaoyi                    55.873479       0.041075926     55.914555       0.19816271      0.00014568122   0.19830839     
youfuyi                   -1.8426314      0.021630289     -1.8210011      -0.0065351367   7.6714691e-05   -0.006458422   
youweiduo                 1.6276184       0.051545514     1.6791639       0.0057725645    0.000182813     0.0059553775   
zhongyangyi               -289.90559      0.3024926       -289.6031       -1.0281886      0.0010728301    -1.0271158     
zuofuyi                   -1.8079754      0.021542352     -1.7864331      -0.0064122247   7.640281e-05    -0.0063358219  
zuoweiduo                 15.727087       0.07872194      15.805809       0.0557782       0.0002791978    0.056057397    
------------------------- --------------- --------------- --------------- --------------- --------------- ---------------
Net                       54.746658       1.6097676       56.356425       0.19416629      0.0057092543    0.19987554     
