                                    "Force Report"

Forces
                          Forces [N]                                                                                                                                Coefficients                                                                                                                             
Zone                      Pressure                                      Viscous                                       Total                                         Pressure                                      Viscous                                       Total                                        
jidi                      (1144.1519 4.8050775e-07 0.00043513557)       (-8.7974717e-10 -0.003461754 0.00092222708)   (1144.1519 -0.0034612735 0.0013573627)        (1.4799112 6.2151607e-10 5.6282911e-07)       (-1.1379151e-12 -4.4776297e-06 1.192861e-06)  (1.4799112 -4.4770082e-06 1.7556901e-06)     
jishen                    (9081.3777 3.6286861 -12510.064)              (1.2800425 -0.15345011 -0.097691953)          (9082.6578 3.475236 -12510.161)               (11.746371 0.0046935491 -16.181228)           (0.0016556798 -0.00019848111 -0.00012636033)  (11.748026 0.004495068 -16.181355)           
jitou                     (-11245.756 -20.334937 -7.7788915)            (1.1466434 -0.25227787 -0.061030538)          (-11244.609 -20.587214 -7.839922)             (-14.545901 -0.026302364 -0.010061661)        (0.0014831338 -0.00032631055 -7.8940371e-05)  (-14.544418 -0.026628675 -0.010140601)       
liangan                   (-81.109362 -3.8745931 -3082.5554)            (1.2537901 -0.22567045 -0.077466194)          (-79.855572 -4.1002636 -3082.6329)            (-0.10491146 -0.0050116192 -3.9871526)        (0.0016217235 -0.000291895 -0.00010019918)    (-0.10328974 -0.0053035142 -3.9872528)       
waiyi                     (-124.54878 0.8446776 1553.0358)              (3.7813046 -0.76530899 0.036701882)           (-120.76748 0.079368609 1553.0725)            (-0.16109848 0.0010925541 2.0087849)          (0.0048909545 -0.0009898942 4.7472303e-05)    (-0.15620753 0.00010265988 2.0088323)        
weiyi                     (40.638308 -29.709719 497.08894)              (1.3749197 -0.29512317 -0.094291768)          (42.013228 -30.004842 496.99465)              (0.0525639 -0.038428241 0.64296312)           (0.0017783994 -0.0003817291 -0.00012196234)   (0.0543423 -0.03880997 0.64284116)           
xiaoyi                    (151.03798 -1.2604635 -373.24587)             (0.31085476 -0.06167953 -0.028382302)         (151.34884 -1.322143 -373.27425)              (0.19536112 -0.0016303552 -0.48277745)        (0.00040207724 -7.9779813e-05 -3.6711284e-05) (0.1957632 -0.001710135 -0.48281416)         
youfuyi                   (-0.84902058 -0.34865746 10.566036)           (0.18680134 -0.067677829 -0.00049810003)      (-0.66221923 -0.41633529 10.565538)           (-0.0010981715 -0.0004509734 0.013666713)     (0.00024161949 -8.7538356e-05 -6.4427092e-07) (-0.00085655204 -0.00053851176 0.013666068)  
youweiduo                 (-1.0481747 -0.97428887 -1.681246)            (0.14858186 -0.043453962 0.0082682181)        (-0.89959282 -1.0177428 -1.6729778)           (-0.0013557688 -0.0012602007 -0.0021746193)   (0.00019218423 -5.6205828e-05 1.0694584e-05)  (-0.0011635845 -0.0013164065 -0.0021639247)  
zhongyangyi               (1056.8206 -0.040634629 14111.177)            (2.2736864 -0.39192039 -0.045780734)          (1059.0943 -0.43255502 14111.131)             (1.3669519 -5.2559141e-05 18.252199)          (0.0029409154 -0.00050693214 -5.9215406e-05)  (1.3698928 -0.00055949128 18.25214)          
zuofuyi                   (10.036792 1.3440461 29.525687)               (0.12973568 -0.062699417 0.031736559)         (10.166528 1.2813467 29.557424)               (0.012982158 0.0017384657 0.038190204)        (0.00016780751 -8.1098994e-05 4.1049871e-05)  (0.013149966 0.0016573667 0.038231254)       
zuoweiduo                 (-0.94755629 -0.15388147 0.37268518)          (0.15351465 -0.043927394 -0.028221085)        (-0.79404164 -0.19780886 0.3444641)           (-0.0012256232 -0.00019903905 0.00048205223)  (0.00019856458 -5.6818192e-05 -3.6502758e-05) (-0.0010270586 -0.00025585724 0.00044554947) 
------------------------- --------------------------------------------- --------------------------------------------- --------------------------------------------- --------------------------------------------- --------------------------------------------- ---------------------------------------------
Net                       (29.804513 -50.879764 226.44112)              (12.039875 -2.3666509 -0.35573379)            (41.844388 -53.246415 226.08538)              (0.038550854 -0.065810782 0.29289183)         (0.015573059 -0.0030611609 -0.00046012633)    (0.054123913 -0.068871943 0.2924317)         

Forces - Direction Vector (0.97576488 -0.20791169 -0.068232127)
                          Forces [N]                                      Coefficients                                   
Zone                      Pressure        Viscous         Total           Pressure        Viscous         Total          
jidi                      1116.4232       0.00065681276   1116.4239       1.4440453       8.4955901e-07   1.4440462      
jishen                    9714.1233       1.2875903       9715.4109       12.5648         0.0016654426    12.566465      
jitou                     -10968.455      1.1754701       -10967.28       -14.187224      0.0015204199    -14.185704     
liangan                   131.99122       1.2756095       133.26683       0.17072495      0.001649946     0.1723749      
waiyi                     -227.67288      3.8462767       -223.8266       -0.29448506     0.0049749931    -0.28951007    
weiyi                     11.912996       1.4093917       13.322388       0.015408947     0.0018229874    0.017231935    
xiaoyi                    173.10698       0.31808164      173.42506       0.22390642      0.0004114249    0.22431785     
youfuyi                   -1.4768976      0.19637919      -1.2805184      -0.0019103035   0.00025400802   -0.0016562954  
youweiduo                 -0.705491       0.15345139      -0.55203961     -0.00091252221  0.00019848276   -0.00071403945 
zhongyangyi               68.381275       2.3031919       70.684467       0.088448233     0.0029790795    0.091427312    
zuofuyi                   7.499506        0.13746201      7.636968        0.0097002879    0.00017780118   0.0098780891   
zuoweiduo                 -0.9180275      0.1608528       -0.75717469     -0.001187429    0.00020805617   -0.00097937284 
------------------------- --------------- --------------- --------------- --------------- --------------- ---------------
Net                       24.210136       12.264414       36.47455        0.031314768     0.015863491     0.047178259    
                                    "Force Report"

Forces
                          Forces [N]                                                                                                                                Coefficients                                                                                                                             
Zone                      Pressure                                      Viscous                                       Total                                         Pressure                                      Viscous                                       Total                                        
jidi                      (1144.8097 7.1163983e-07 0.00043650177)       (5.6901088e-09 -0.0017342718 -0.0037806802)   (1144.8097 -0.0017335602 -0.0033441784)       (1.4807621 9.2047546e-10 5.6459623e-07)       (7.3599106e-12 -2.2432059e-06 -4.8901469e-06) (1.4807621 -2.2422854e-06 -4.3255507e-06)    
jishen                    (9081.3585 1.8316077 -12511.432)              (1.2611622 -0.16671548 -0.12762008)           (9082.6197 1.6648922 -12511.559)              (11.746346 0.0023691056 -16.182998)           (0.0016312589 -0.00021563929 -0.00016507108)  (11.747977 0.0021534663 -16.183163)          
jitou                     (-11245.432 -19.772703 -8.1345298)            (1.1438591 -0.25039885 -0.065206338)          (-11244.288 -20.023102 -8.1997361)            (-14.545481 -0.02557514 -0.010521664)         (0.0014795324 -0.00032388012 -8.4341588e-05)  (-14.544002 -0.02589902 -0.010606005)        
liangan                   (-81.108269 -3.9399167 -3082.6469)            (1.2301369 -0.22751647 -0.080237322)          (-79.878132 -4.1674332 -3082.7271)            (-0.10491005 -0.0050961125 -3.9872709)        (0.0015911291 -0.00029428275 -0.00010378352)  (-0.10331892 -0.0053903952 -3.9873747)       
waiyi                     (-125.35955 0.70305739 1542.4831)             (3.7336509 -0.77131123 0.03161926)            (-121.62589 -0.068253838 1542.5147)           (-0.16214717 0.00090937444 1.9951354)         (0.0048293166 -0.00099765784 4.089815e-05)    (-0.15731785 -8.8283399e-05 1.9951763)       
weiyi                     (40.507272 -30.505104 498.21921)              (1.3729641 -0.29321624 -0.092206185)          (41.880236 -30.79832 498.12701)               (0.052394411 -0.039457037 0.64442508)         (0.0017758698 -0.00037926257 -0.00011926473)  (0.054170281 -0.0398363 0.64430582)          
xiaoyi                    (151.00788 -1.3164332 -373.09401)             (0.31090574 -0.062479756 -0.029656967)        (151.31879 -1.3789129 -373.12367)             (0.19532219 -0.0017027496 -0.48258103)        (0.00040214318 -8.0814872e-05 -3.8360009e-05) (0.19572433 -0.0017835644 -0.48261939)       
youfuyi                   (-0.8346281 -0.31657252 10.346398)            (0.17291575 -0.071995614 0.0019487886)        (-0.66171235 -0.38856814 10.348347)           (-0.0010795555 -0.00040947292 0.01338262)     (0.00022365907 -9.3123224e-05 2.5206741e-06)  (-0.0008558964 -0.00050259614 0.013385141)   
youweiduo                 (-1.0693233 -1.0392645 -1.7954843)            (0.14773498 -0.039742867 0.0064675189)        (-0.92158834 -1.0790074 -1.7890167)           (-0.0013831236 -0.0013442438 -0.0023223815)   (0.00019108883 -5.1405685e-05 8.365457e-06)   (-0.0011920348 -0.0013956495 -0.0023140161)  
zhongyangyi               (1057.9349 -0.036301497 14101.541)            (2.174771 -0.36435828 -0.030869087)           (1060.1096 -0.40065978 14101.51)              (1.3683932 -4.6954422e-05 18.239736)          (0.0028129725 -0.00047128174 -3.9927834e-05)  (1.3712061 -0.00051823616 18.239696)         
zuofuyi                   (9.8673454 1.3121739 28.691731)               (0.1324113 -0.074733542 0.028164471)          (9.9997567 1.2374404 28.719896)               (0.012762986 0.0016972404 0.037111518)        (0.00017126831 -9.6664617e-05 3.6429529e-05)  (0.012934254 0.0016005758 0.037147948)       
zuoweiduo                 (-0.92783204 -0.21487388 0.47578599)          (0.1519685 -0.04656954 -0.028919066)          (-0.77586354 -0.26144342 0.44686692)          (-0.0012001108 -0.0002779301 0.00061540867)   (0.0001965647 -6.0235694e-05 -3.7405566e-05)  (-0.0010035461 -0.00033816579 0.00057800311) 
------------------------- --------------------------------------------- --------------------------------------------- --------------------------------------------- --------------------------------------------- --------------------------------------------- ---------------------------------------------
Net                       (30.754345 -53.29433 204.65535)               (11.83248 -2.3707721 -0.39029569)             (42.586826 -55.665102 204.26506)              (0.03977942 -0.068933919 0.26471288)          (0.015304804 -0.0030664916 -0.00050483066)    (0.055084224 -0.072000411 0.26420805)        

Forces - Direction Vector (0.97576488 -0.20791169 -0.068232127)
                          Forces [N]                                      Coefficients                                   
Zone                      Pressure        Viscous         Total           Pressure        Viscous         Total          
jidi                      1117.0651       0.00061854479   1117.0657       1.4448756       8.0006104e-07   1.4448764      
jishen                    9714.5715       1.2739677       9715.8455       12.56538        0.0016478223    12.567027      
jitou                     -10968.231      1.1726475       -10967.059      -14.186935      0.0015167691    -14.185418     
liangan                   132.01211       1.2531025       133.26521       0.17075197      0.0016208341    0.17237281     
waiyi                     -227.71452      3.8013727       -223.91315      -0.29453892     0.0049169117    -0.28962201    
weiyi                     11.873385       1.4069446       13.28033        0.015357712     0.0018198222    0.017177534    
xiaoyi                    173.07889       0.31838473      173.39727       0.22387008      0.00041181693   0.2242819      
youfuyi                   -1.4545384      0.18356088      -1.2709775      -0.0018813828   0.00023742808   -0.0016439547  
youweiduo                 -0.7048232      0.15197632      -0.55284688     -0.00091165843  0.00019657482   -0.00071508361 
zhongyangyi               70.125095       2.1999257       72.325021       0.090703788     0.0028455092    0.093549297    
zuofuyi                   7.397695        0.14281855      7.5405135       0.0095685997    0.00018472965   0.0097533293   
zuoweiduo                 -0.89313502     0.15994108      -0.73319394     -0.0011552317   0.0002068769    -0.00094835476 
------------------------- --------------- --------------- --------------- --------------- --------------- ---------------
Net                       27.125454       12.065261       39.190715       0.035085606     0.015605895     0.050691501    
