                                    "Force Report"

Moments - Moment Center (0 0 0.05)
                          Moments [N m]                                                                                                                             Coefficients                                                                                                                             
Zone                      Pressure                                      Viscous                                       Total                                         Pressure                                      Viscous                                       Total                                        
jidi                      (1.5264962e-08 -22.942907 0.011594699)        (-6.4736858e-05 -0.0039103137 0.0020169869)   (-6.4721593e-05 -22.946817 0.013611686)       (5.4139213e-11 -0.081370064 4.112214e-05)     (-2.2959786e-07 -1.3868446e-05 7.1535116e-06) (-2.2954372e-07 -0.081383933 4.8275652e-05)  
jishen                    (-0.42057409 -232.34475 2.9080066)            (-0.024244678 -0.098052019 0.017845241)       (-0.44481877 -232.44281 2.9258518)            (-0.0014916218 -0.8240415 0.010313631)        (-8.5986967e-05 -0.0003477545 6.3290515e-05)  (-0.0015776088 -0.82438926 0.010376922)      
jitou                     (-1.2942118 555.53968 12.800589)              (-0.014390981 0.16538374 0.16368607)          (-1.3086028 555.70506 12.964275)              (-0.0045900939 1.9702952 0.045398986)         (-5.1039525e-05 0.00058655538 0.00058053438)  (-0.0046411335 1.9708817 0.04597952)         
liangan                   (-0.7037676 649.80415 -2.2637448)             (0.00013023875 0.12079201 -0.0091562768)      (-0.70363736 649.92494 -2.2729011)            (-0.0024960052 2.3046166 -0.0080286713)       (4.6190901e-07 0.00042840489 -3.2473951e-05)  (-0.0024955433 2.305045 -0.0080611453)       
waiyi                     (-9.1432422 -47.52435 -5.5589133)             (0.11580512 0.41735743 -0.22838263)           (-9.0274371 -47.106992 -5.7872959)            (-0.032427722 -0.16855141 -0.019715424)       (0.00041071824 0.0014802135 -0.00080998932)   (-0.032017004 -0.1670712 -0.020525413)       
weiyi                     (-8.7948314 -742.41623 -19.148748)            (0.062415185 0.10846722 -0.29266217)          (-8.7324162 -742.30776 -19.44141)             (-0.031192037 -2.6330777 -0.067913574)        (0.00022136374 0.00038469341 -0.0010379652)   (-0.030970673 -2.632693 -0.068951539)        
xiaoyi                    (20.210099 55.698377 -1.6037843)              (0.13594755 0.032393666 0.015867972)          (20.346047 55.730771 -1.5879163)              (0.071677799 0.19754169 -0.0056880337)        (0.00048215601 0.00011488843 5.6277869e-05)   (0.072159955 0.19765657 -0.0056317559)       
youfuyi                   (30.500656 -4.2769378 -0.55374215)            (0.062755487 0.0082339142 -0.17155058)        (30.563412 -4.2687039 -0.72529272)            (0.10817462 -0.015168727 -0.00196392)         (0.00022257066 2.9202669e-05 -0.00060842688)  (0.10839719 -0.015139525 -0.0025723469)      
youweiduo                 (0.080757415 -2.7798358 1.6752995)            (0.020565346 0.003308348 -0.10785383)         (0.10132276 -2.7765275 1.5674457)             (0.00028641689 -0.0098590567 0.005941672)     (7.2937728e-05 1.1733495e-05 -0.00038251792)  (0.00035935462 -0.0098473232 0.005559154)    
zhongyangyi               (-11.241687 -276.51888 -2.6641255)            (-0.0080381884 0.26117212 -0.0037181081)      (-11.249725 -276.2577 -2.6678436)             (-0.039870135 -0.98071089 -0.0094486747)      (-2.8508502e-05 0.00092628159 -1.3186764e-05) (-0.039898643 -0.97978461 -0.0094618615)     
zuofuyi                   (-41.29404 -4.9331424 10.713529)              (-0.016709102 0.011318718 0.13178446)         (-41.310749 -4.9218237 10.845314)             (-0.14645479 -0.017496044 0.037996952)        (-5.9261046e-05 4.0143335e-05 0.00046739107)  (-0.14651405 -0.017455901 0.038464343)       
zuoweiduo                 (-0.53212346 -7.1043681 -4.127067)            (0.0059002459 0.022799677 0.014560384)        (-0.52622322 -7.0815684 -4.1125067)           (-0.0018872465 -0.025196584 -0.014637191)     (2.0926005e-05 8.0862081e-05 5.1640334e-05)   (-0.0018663205 -0.025115722 -0.014585551)    
------------------------- --------------------------------------------- --------------------------------------------- --------------------------------------------- --------------------------------------------- --------------------------------------------- ---------------------------------------------
Net                       (-22.632964 -79.799198 -7.8111063)            (0.34007149 1.0492645 -0.46756248)            (-22.292893 -78.749934 -8.2786687)            (-0.080270811 -0.28301845 -0.027703125)       (0.0012061087 0.0037213559 -0.0016582724)     (-0.079064702 -0.27929709 -0.029361397)      

Moments - Moment Center (0 0 0.05) Moment Axis (0 1 0)
                          Moments [N m]                                   Coefficients                                   
Zone                      Pressure        Viscous         Total           Pressure        Viscous         Total          
jidi                      -22.942907      -0.0039103137   -22.946817      -0.081370064    -1.3868446e-05  -0.081383933   
jishen                    -232.34475      -0.098052019    -232.44281      -0.8240415      -0.0003477545   -0.82438926    
jitou                     555.53968       0.16538374      555.70506       1.9702952       0.00058655538   1.9708817      
liangan                   649.80415       0.12079201      649.92494       2.3046166       0.00042840489   2.305045       
waiyi                     -47.52435       0.41735743      -47.106992      -0.16855141     0.0014802135    -0.1670712     
weiyi                     -742.41623      0.10846722      -742.30776      -2.6330777      0.00038469341   -2.632693      
xiaoyi                    55.698377       0.032393666     55.730771       0.19754169      0.00011488843   0.19765657     
youfuyi                   -4.2769378      0.0082339142    -4.2687039      -0.015168727    2.9202669e-05   -0.015139525   
youweiduo                 -2.7798358      0.003308348     -2.7765275      -0.0098590567   1.1733495e-05   -0.0098473232  
zhongyangyi               -276.51888      0.26117212      -276.2577       -0.98071089     0.00092628159   -0.97978461    
zuofuyi                   -4.9331424      0.011318718     -4.9218237      -0.017496044    4.0143335e-05   -0.017455901   
zuoweiduo                 -7.1043681      0.022799677     -7.0815684      -0.025196584    8.0862081e-05   -0.025115722   
------------------------- --------------- --------------- --------------- --------------- --------------- ---------------
Net                       -79.799198      1.0492645       -78.749934      -0.28301845     0.0037213559    -0.27929709    
                                    "Force Report"

Moments - Moment Center (0 0 0.05)
                          Moments [N m]                                                                                                                             Coefficients                                                                                                                             
Zone                      Pressure                                      Viscous                                       Total                                         Pressure                                      Viscous                                       Total                                        
jidi                      (5.5943361e-09 -22.961571 0.012469066)        (-2.9981763e-05 -0.0045369884 0.0037273276)   (-2.9976168e-05 -22.966108 0.016196394)       (1.9841055e-11 -0.081436257 4.4223198e-05)    (-1.063343e-07 -1.6091031e-05 1.3219462e-05)  (-1.0631446e-07 -0.081452348 5.744266e-05)   
jishen                    (-0.33939622 -231.92258 3.2628367)            (-0.024911254 -0.10114412 0.013265679)        (-0.36430748 -232.02373 3.2761024)            (-0.0012037137 -0.82254421 0.011572083)       (-8.8351068e-05 -0.00035872105 4.7048489e-05) (-0.0012920648 -0.82290293 0.011619132)      
jitou                     (-1.2990453 555.52784 12.843221)              (-0.014513227 0.16307265 0.16435385)          (-1.3135585 555.69091 13.007575)              (-0.0046072365 1.9702532 0.045550186)         (-5.1473085e-05 0.00057835879 0.00058290272)  (-0.0046587096 1.9708315 0.046133089)        
liangan                   (-0.58506712 651.08498 -2.4804907)            (0.0081777192 0.12909364 -0.03011191)         (-0.5768894 651.21407 -2.5106026)             (-0.0020750182 2.3091593 -0.0087973893)       (2.9003366e-05 0.00045784771 -0.00010679588)  (-0.0020460148 2.3096171 -0.0089041852)      
waiyi                     (-28.036246 -48.241024 -12.388245)            (0.082083636 0.42210322 -0.17301184)          (-27.954162 -47.818921 -12.561257)            (-0.099434266 -0.17109319 -0.043936555)       (0.00029112051 0.0014970451 -0.00061360945)   (-0.099143146 -0.16959615 -0.044550165)      
weiyi                     (-8.1565071 -734.03407 -16.334554)            (0.038923761 0.07514102 -0.22447389)          (-8.1175833 -733.95893 -16.559028)            (-0.028928135 -2.6033492 -0.057932662)        (0.00013804828 0.0002664976 -0.00079612644)   (-0.028790086 -2.6030827 -0.058728788)       
xiaoyi                    (20.76745 55.652264 -1.1932581)               (0.14744063 0.031309527 -0.062385679)         (20.91489 55.683573 -1.2556438)               (0.073654516 0.19737814 -0.0042320483)        (0.00052291775 0.00011104339 -0.00022125909)  (0.074177434 0.19748918 -0.0044533074)       
youfuyi                   (31.812701 -4.5314249 -0.4829891)             (0.069165712 0.0068147057 -0.16651843)        (31.881867 -4.5246102 -0.64950753)            (0.11282797 -0.0160713 -0.0017129849)         (0.00024530537 2.4169258e-05 -0.00059057972)  (0.11307327 -0.01604713 -0.0023035646)       
youweiduo                 (0.079113726 -2.8850641 1.664557)             (0.019566325 -0.0027828059 -0.10420818)       (0.098680051 -2.8878469 1.5603488)            (0.00028058733 -0.010232263 0.0059035724)     (6.9394568e-05 -9.8695903e-06 -0.00036958812) (0.00034998189 -0.010242132 0.0055339842)    
zhongyangyi               (-17.48345 -276.00957 -4.1319122)             (-0.012818935 0.2503915 0.038699669)          (-17.496269 -275.75918 -4.0932125)            (-0.062007375 -0.97890458 -0.014654375)       (-4.5464053e-05 0.0008880467 0.00013725351)   (-0.062052839 -0.97801654 -0.014517121)      
zuofuyi                   (-41.288532 -4.9670382 10.831692)             (-0.025965962 0.0080453621 0.11618919)        (-41.314498 -4.9589929 10.947881)             (-0.14643526 -0.01761626 0.038416033)         (-9.2091729e-05 2.8533944e-05 0.00041208038)  (-0.14652735 -0.017587726 0.038828114)       
zuoweiduo                 (-0.58258811 -6.2565568 -3.6394096)           (-0.00083162434 0.012729382 0.035553016)      (-0.58341974 -6.2438274 -3.6038566)           (-0.002066226 -0.022189709 -0.012907649)      (-2.9494661e-06 4.5146442e-05 0.00012609349)  (-0.0020691755 -0.022144563 -0.012781556)    
------------------------- --------------------------------------------- --------------------------------------------- --------------------------------------------- --------------------------------------------- --------------------------------------------- ---------------------------------------------
Net                       (-45.111567 -69.543831 -12.036083)            (0.2862868 0.99023709 -0.3889212)             (-44.82528 -68.553594 -12.425004)             (-0.15999416 -0.24664643 -0.042687565)        (0.0010153541 0.0035120073 -0.0013793607)     (-0.1589788 -0.24313442 -0.044066926)        

Moments - Moment Center (0 0 0.05) Moment Axis (0 1 0)
                          Moments [N m]                                   Coefficients                                   
Zone                      Pressure        Viscous         Total           Pressure        Viscous         Total          
jidi                      -22.961571      -0.0045369884   -22.966108      -0.081436257    -1.6091031e-05  -0.081452348   
jishen                    -231.92258      -0.10114412     -232.02373      -0.82254421     -0.00035872105  -0.82290293    
jitou                     555.52784       0.16307265      555.69091       1.9702532       0.00057835879   1.9708315      
liangan                   651.08498       0.12909364      651.21407       2.3091593       0.00045784771   2.3096171      
waiyi                     -48.241024      0.42210322      -47.818921      -0.17109319     0.0014970451    -0.16959615    
weiyi                     -734.03407      0.07514102      -733.95893      -2.6033492      0.0002664976    -2.6030827     
xiaoyi                    55.652264       0.031309527     55.683573       0.19737814      0.00011104339   0.19748918     
youfuyi                   -4.5314249      0.0068147057    -4.5246102      -0.0160713      2.4169258e-05   -0.01604713    
youweiduo                 -2.8850641      -0.0027828059   -2.8878469      -0.010232263    -9.8695903e-06  -0.010242132   
zhongyangyi               -276.00957      0.2503915       -275.75918      -0.97890458     0.0008880467    -0.97801654    
zuofuyi                   -4.9670382      0.0080453621    -4.9589929      -0.01761626     2.8533944e-05   -0.017587726   
zuoweiduo                 -6.2565568      0.012729382     -6.2438274      -0.022189709    4.5146442e-05   -0.022144563   
------------------------- --------------- --------------- --------------- --------------- --------------- ---------------
Net                       -69.543831      0.99023709      -68.553594      -0.24664643     0.0035120073    -0.24313442    
