                                    "Force Report"

Moments - Moment Center (0 0 0.05)
                          Moments [N m]                                                                                                                             Coefficients                                                                                                                             
Zone                      Pressure                                      Viscous                                       Total                                         Pressure                                      Viscous                                       Total                                        
jidi                      (1.6729567e-08 -22.91712 0.011120541)         (2.5918433e-05 -0.0023822008 0.00062676176)   (2.5935163e-05 -22.919502 0.011747302)        (5.9333628e-11 -0.081278606 3.9440473e-05)    (9.1923163e-08 -8.4487914e-06 2.2228938e-06)  (9.1982497e-08 -0.081287055 4.1663366e-05)   
jishen                    (0.051818749 -229.92911 2.1572884)            (-0.0050218617 -0.070964875 0.011605701)      (0.046796888 -230.00008 2.1688941)            (0.00018378207 -0.81547411 0.0076511097)      (-1.7810699e-05 -0.00025168635 4.1161158e-05) (0.00016597137 -0.8157258 0.0076922709)      
jitou                     (-0.45827437 557.67132 4.5310416)             (-0.0046013668 0.18128084 0.054675579)        (-0.46287574 557.8526 4.5857171)              (-0.0016253309 1.9778553 0.01606994)          (-1.6319358e-05 0.00064293655 0.0001939142)   (-0.0016416502 1.9784983 0.016263854)        
liangan                   (-2.1054096 649.51252 -1.2006243)             (-0.039276461 0.10937805 0.044559294)         (-2.1446861 649.6219 -1.156065)               (-0.0074671147 2.3035823 -0.0042581734)       (-0.00013929918 0.00038792378 0.00015803545)  (-0.0076064139 2.3039703 -0.004100138)       
waiyi                     (-30.932392 -47.485647 -6.6395446)            (0.032007217 0.42050084 -0.16218079)          (-30.900384 -47.065146 -6.8017254)            (-0.10970583 -0.16841415 -0.023548026)        (0.00011351784 0.001491362 -0.0005751957)     (-0.10959231 -0.16692279 -0.024123222)       
weiyi                     (-4.5880935 -768.89346 -10.441181)            (0.040455915 0.072259949 -0.16379052)         (-4.5476375 -768.8212 -10.604971)             (-0.016272282 -2.7269827 -0.037031033)        (0.00014348227 0.0002562795 -0.00058090482)   (-0.0161288 -2.7267264 -0.037611938)         
xiaoyi                    (7.8760897 55.661863 -0.53698886)             (0.055045566 0.031377756 -0.0079053812)       (7.9311352 55.69324 -0.54489424)              (0.027933597 0.19741218 -0.0019045023)        (0.00019522641 0.00011128537 -2.8037483e-05)  (0.028128823 0.19752347 -0.0019325397)       
youfuyi                   (32.478157 -4.5897186 -0.6608299)             (0.057905931 0.0097518863 -0.17292907)        (32.536062 -4.5799667 -0.83375897)            (0.11518809 -0.016278046 -0.0023437209)       (0.00020537107 3.4586359e-05 -0.00061331589)  (0.11539346 -0.01624346 -0.0029570368)       
youweiduo                 (0.33285367 -3.1311233 1.9726444)             (0.017050079 -0.0057867484 -0.087212485)      (0.34990375 -3.13691 1.885432)                (0.0011805097 -0.011104944 0.0069962453)      (6.0470367e-05 -2.0523471e-05 -0.00030931065) (0.0012409801 -0.011125468 0.0066869346)     
zhongyangyi               (0.46742842 -275.31234 -1.755303)             (0.0020578674 0.25332581 -0.016172508)        (0.46948628 -275.05902 -1.7714755)            (0.0016577969 -0.97643176 -0.0062254152)      (7.2984997e-06 0.00089845361 -5.7357944e-05)  (0.0016650954 -0.97553331 -0.0062827731)     
zuofuyi                   (-43.971025 -5.2523015 11.597024)             (-0.02284392 0.011571224 0.14600365)          (-43.993869 -5.2407302 11.743028)             (-0.15594908 -0.018627984 0.041130386)        (-8.1018993e-05 4.103888e-05 0.00051782131)   (-0.15603009 -0.018586945 0.041648207)       
zuoweiduo                 (-1.1439391 -6.7841133 -4.2461015)            (-0.0062110993 0.0087505763 0.039467851)      (-1.1501502 -6.7753627 -4.2066336)            (-0.004057132 -0.024060758 -0.015059362)      (-2.2028488e-05 3.103508e-05 0.00013997797)   (-0.0040791605 -0.024029723 -0.014919384)    
------------------------- --------------------------------------------- --------------------------------------------- --------------------------------------------- --------------------------------------------- --------------------------------------------- ---------------------------------------------
Net                       (-41.992786 -101.44925 -5.2114536)            (0.12659379 1.0190631 -0.31325192)            (-41.866192 -100.43018 -5.5247056)            (-0.14893299 -0.35980322 -0.018483112)        (0.00044898166 0.0036142425 -0.0011109895)    (-0.14848401 -0.35618897 -0.019594101)       

Moments - Moment Center (0 0 0.05) Moment Axis (0 1 0)
                          Moments [N m]                                   Coefficients                                   
Zone                      Pressure        Viscous         Total           Pressure        Viscous         Total          
jidi                      -22.91712       -0.0023822008   -22.919502      -0.081278606    -8.4487914e-06  -0.081287055   
jishen                    -229.92911      -0.070964875    -230.00008      -0.81547411     -0.00025168635  -0.8157258     
jitou                     557.67132       0.18128084      557.8526        1.9778553       0.00064293655   1.9784983      
liangan                   649.51252       0.10937805      649.6219        2.3035823       0.00038792378   2.3039703      
waiyi                     -47.485647      0.42050084      -47.065146      -0.16841415     0.001491362     -0.16692279    
weiyi                     -768.89346      0.072259949     -768.8212       -2.7269827      0.0002562795    -2.7267264     
xiaoyi                    55.661863       0.031377756     55.69324        0.19741218      0.00011128537   0.19752347     
youfuyi                   -4.5897186      0.0097518863    -4.5799667      -0.016278046    3.4586359e-05   -0.01624346    
youweiduo                 -3.1311233      -0.0057867484   -3.13691        -0.011104944    -2.0523471e-05  -0.011125468   
zhongyangyi               -275.31234      0.25332581      -275.05902      -0.97643176     0.00089845361   -0.97553331    
zuofuyi                   -5.2523015      0.011571224     -5.2407302      -0.018627984    4.103888e-05    -0.018586945   
zuoweiduo                 -6.7841133      0.0087505763    -6.7753627      -0.024060758    3.103508e-05    -0.024029723   
------------------------- --------------- --------------- --------------- --------------- --------------- ---------------
Net                       -101.44925      1.0190631       -100.43018      -0.35980322     0.0036142425    -0.35618897    
