                                    "Force Report"

Moments - Moment Center (0 0 0.05)
                          Moments [N m]                                                                                                                             Coefficients                                                                                                                             
Zone                      Pressure                                      Viscous                                       Total                                         Pressure                                      Viscous                                       Total                                        
jidi                      (-6.7547143e-09 -22.876015 0.00027745585)     (-7.5290014e-05 0.00054807555 -0.0008813815)  (-7.5296768e-05 -22.875467 -0.00060392564)    (-2.3956491e-11 -0.081132823 9.84034e-07)     (-2.6702602e-07 1.9438227e-06 -3.1259364e-06) (-2.6704998e-07 -0.081130879 -2.1419024e-06) 
jishen                    (0.23248325 -232.7358 1.3154341)              (-0.011972106 -0.088844811 -0.0076429284)     (0.22051114 -232.82464 1.3077911)             (0.0008245327 -0.82542839 0.0046653614)       (-4.2460663e-05 -0.00031509991 -2.710666e-05) (0.00078207204 -0.82574349 0.0046382548)     
jitou                     (-0.42877249 532.24103 4.1965335)             (-0.0047238727 -0.10668418 0.052774121)       (-0.43349636 532.13434 4.2493076)             (-0.0015206985 1.8876634 0.014883563)         (-1.6753841e-05 -0.00037836962 0.00018717042) (-0.0015374524 1.8872851 0.015070733)        
liangan                   (-0.14486605 645.42751 -0.41552196)           (0.0098151011 0.12278691 0.0051949397)        (-0.13505095 645.55029 -0.41032702)           (-0.00051378668 2.2890943 -0.0014737038)      (3.4810558e-05 0.00043548005 1.8424543e-05)   (-0.00047897612 2.2895298 -0.0014552792)     
waiyi                     (-59.483673 -51.822016 2.3317939)             (-0.043764716 0.55826903 -0.039465916)        (-59.527438 -51.263747 2.292328)              (-0.21096674 -0.18379366 0.0082700164)        (-0.00015521737 0.0019799752 -0.00013997111)  (-0.21112196 -0.18181368 0.0081300453)       
weiyi                     (-4.2060079 -627.32451 -12.760601)            (0.041359424 0.60648992 -0.12859281)          (-4.1646485 -626.71802 -12.889193)            (-0.014917165 -2.2248896 -0.045257163)        (0.00014668669 0.002150997 -0.00045607146)    (-0.014770478 -2.2227386 -0.045713235)       
xiaoyi                    (0.24227868 55.878369 -0.19138546)            (0.0084514048 0.040962813 -0.013514127)       (0.25073008 55.919331 -0.20489959)            (0.00085927348 0.19818005 -0.00067877393)     (2.9974029e-05 0.00014528005 -4.7929646e-05)  (0.0008892475 0.19832533 -0.00072670358)     
youfuyi                   (12.614584 -1.8414711 0.99750132)             (0.003203536 0.021405792 -0.22801994)         (12.617788 -1.8200654 0.76948138)             (0.044739297 -0.0065310218 0.0035377708)      (1.1361765e-05 7.5918481e-05 -0.00080870296)  (0.044750659 -0.0064551033 0.0027290678)     
youweiduo                 (-0.13945496 1.1241364 -0.50155154)           (0.0032256292 0.048733668 -0.078079316)       (-0.13622933 1.1728701 -0.57963086)           (-0.00049459553 0.003986899 -0.0017788191)    (1.1440122e-05 0.00017284042 -0.00027691865)  (-0.00048315541 0.0041597395 -0.0020557378)  
zhongyangyi               (-1.2505097 -289.11556 0.0040968826)          (0.017898962 0.30872961 -0.0057976733)        (-1.2326107 -288.80683 -0.0017007908)         (-0.0044350986 -1.0253867 1.4530138e-05)      (6.3481045e-05 0.0010949505 -2.0562218e-05)   (-0.0043716175 -1.0242917 -6.0320801e-06)    
zuofuyi                   (-35.556923 -3.9207217 12.4591)               (-0.029068562 0.011889329 0.16008604)         (-35.585992 -3.9088324 12.619186)             (-0.12610735 -0.01390536 0.04418785)          (-0.00010309551 4.2167084e-05 0.0005677664)   (-0.12621044 -0.013863193 0.044755617)       
zuoweiduo                 (-0.04807761 0.020061689 -0.11060682)         (0.012394511 0.070473464 0.029904782)         (-0.0356831 0.090535153 -0.080702041)         (-0.00017051362 7.1151442e-05 -0.00039228178) (4.3958777e-05 0.00024994349 0.00010606128)   (-0.00012655485 0.00032109493 -0.0002862205) 
------------------------- --------------------------------------------- --------------------------------------------- --------------------------------------------- --------------------------------------------- --------------------------------------------- ---------------------------------------------
Net                       (-88.168939 5.055009 7.3250703)               (0.0067440212 1.5947596 -0.2540342)           (-88.162195 6.6497686 7.0710361)              (-0.31270284 0.01792826 0.025979334)          (2.3918566e-05 0.0056560266 -0.000900966)     (-0.31267892 0.023584287 0.025078368)        

Moments - Moment Center (0 0 0.05) Moment Axis (0 1 0)
                          Moments [N m]                                   Coefficients                                   
Zone                      Pressure        Viscous         Total           Pressure        Viscous         Total          
jidi                      -22.876015      0.00054807555   -22.875467      -0.081132823    1.9438227e-06   -0.081130879   
jishen                    -232.7358       -0.088844811    -232.82464      -0.82542839     -0.00031509991  -0.82574349    
jitou                     532.24103       -0.10668418     532.13434       1.8876634       -0.00037836962  1.8872851      
liangan                   645.42751       0.12278691      645.55029       2.2890943       0.00043548005   2.2895298      
waiyi                     -51.822016      0.55826903      -51.263747      -0.18379366     0.0019799752    -0.18181368    
weiyi                     -627.32451      0.60648992      -626.71802      -2.2248896      0.002150997     -2.2227386     
xiaoyi                    55.878369       0.040962813     55.919331       0.19818005      0.00014528005   0.19832533     
youfuyi                   -1.8414711      0.021405792     -1.8200654      -0.0065310218   7.5918481e-05   -0.0064551033  
youweiduo                 1.1241364       0.048733668     1.1728701       0.003986899     0.00017284042   0.0041597395   
zhongyangyi               -289.11556      0.30872961      -288.80683      -1.0253867      0.0010949505    -1.0242917     
zuofuyi                   -3.9207217      0.011889329     -3.9088324      -0.01390536     4.2167084e-05   -0.013863193   
zuoweiduo                 0.020061689     0.070473464     0.090535153     7.1151442e-05   0.00024994349   0.00032109493  
------------------------- --------------- --------------- --------------- --------------- --------------- ---------------
Net                       5.055009        1.5947596       6.6497686       0.01792826      0.0056560266    0.023584287    
