                                    "Force Report"

Moments - Moment Center (0 0 0.05)
                          Moments [N m]                                                                                                                             Coefficients                                                                                                                             
Zone                      Pressure                                      Viscous                                       Total                                         Pressure                                      Viscous                                       Total                                        
jidi                      (-5.1939553e-09 -22.894615 0.0037741544)      (-5.7674775e-05 0.00020058792 -0.0012059565)  (-5.7679969e-05 -22.894414 0.0025681979)      (-1.8421052e-11 -0.08119879 1.3385539e-05)    (-2.0455124e-07 7.1141168e-07 -4.2770847e-06) (-2.0456966e-07 -0.081198079 9.1084546e-06)  
jishen                    (0.30627885 -231.54956 2.2192734)             (-0.024470979 -0.079047186 -0.010263353)      (0.28180788 -231.62861 2.2090101)             (0.0010862586 -0.82122123 0.0078709478)       (-8.6789575e-05 -0.00028035133 -3.6400344e-05) (0.00099946902 -0.82150158 0.0078345474)     
jitou                     (-0.85596677 538.92384 8.4059011)             (-0.0093424295 -0.035889985 0.10627923)       (-0.8653092 538.88795 8.5121803)              (-0.0030357997 1.9113649 0.029812644)         (-3.3134166e-05 -0.0001272886 0.00037693341)  (-0.0030689339 1.9112376 0.030189577)        
liangan                   (-0.12456184 647.0179 -0.60160459)            (0.0095801983 0.12603057 -0.027177227)        (-0.11498164 647.14394 -0.62878181)           (-0.00044177508 2.2947349 -0.0021336705)      (3.3977444e-05 0.00044698415 -9.6387641e-05)  (-0.00040779764 2.2951818 -0.0022300581)     
waiyi                     (-52.303152 -47.65651 -1.3233265)             (-0.011490707 0.63794016 -0.02832476)         (-52.314643 -47.018569 -1.3516513)            (-0.18550007 -0.16902014 -0.0046933532)       (-4.0753316e-05 0.0022625394 -0.00010045752)  (-0.18554082 -0.1667576 -0.0047938107)       
weiyi                     (-7.9857444 -661.19832 -25.133804)            (0.070718576 0.50982858 -0.25839821)          (-7.9150258 -660.68849 -25.392202)            (-0.028322502 -2.3450276 -0.089140371)        (0.00025081281 0.0018081747 -0.00091644354)   (-0.028071689 -2.3432194 -0.090056814)       
xiaoyi                    (3.9764882 55.950257 -0.39307326)             (0.043876509 0.040124811 -0.025703263)        (4.0203647 55.990382 -0.41877652)             (0.014103143 0.19843501 -0.0013940865)        (0.00015561386 0.00014230797 -9.1160033e-05)  (0.014258757 0.19857732 -0.0014852465)       
youfuyi                   (16.159192 -2.3356024 0.91141877)             (0.021480636 0.018068018 -0.21970794)         (16.180672 -2.3175344 0.69171083)             (0.057310718 -0.0082835239 0.0032324676)      (7.6183926e-05 6.4080622e-05 -0.00077922337)  (0.057386902 -0.0082194433 0.0024532442)     
youweiduo                 (-0.12840299 0.6722125 -0.22681715)           (0.012556291 0.031838055 -0.10242501)         (-0.1158467 0.70405055 -0.32924216)           (-0.00045539825 0.0023840908 -0.00080443712)  (4.4532551e-05 0.00011291789 -0.00036326391)  (-0.0004108657 0.0024970087 -0.001167701)    
zhongyangyi               (2.0921058 -282.0402 0.29369345)              (0.034194042 0.34956211 -0.013096541)         (2.1262999 -281.69064 0.28059691)             (0.0074199309 -1.000293 0.0010416228)         (0.00012127371 0.0012397684 -4.6448621e-05)   (0.0075412046 -0.99905322 0.00099517417)     
zuofuyi                   (-36.958089 -4.1733375 12.243281)             (-0.025730782 0.01255594 0.16148376)          (-36.98382 -4.1607815 12.404765)              (-0.13107677 -0.014801295 0.043422422)        (-9.1257634e-05 4.4531307e-05 0.00057272357)  (-0.13116803 -0.014756764 0.043995146)       
zuoweiduo                 (-0.19897703 -1.3421485 -0.90175973)          (0.013849015 0.067060459 0.017796887)         (-0.18512801 -1.275088 -0.88396285)           (-0.00070569844 -0.0047601077 -0.0031982106)  (4.9117369e-05 0.00023783882 6.3119022e-05)   (-0.00065658107 -0.0045222689 -0.0031350915) 
------------------------- --------------------------------------------- --------------------------------------------- --------------------------------------------- --------------------------------------------- --------------------------------------------- ---------------------------------------------
Net                       (-76.02083 -10.626078 -4.5030428)             (0.13516269 1.6782721 -0.40074239)            (-75.885667 -8.9478062 -4.9037852)            (-0.26961796 -0.037686797 -0.015970639)       (0.00047937243 0.0059522148 -0.0014212861)    (-0.26913859 -0.031734582 -0.017391925)      

Moments - Moment Center (0 0 0.05) Moment Axis (0 1 0)
                          Moments [N m]                                   Coefficients                                   
Zone                      Pressure        Viscous         Total           Pressure        Viscous         Total          
jidi                      -22.894615      0.00020058792   -22.894414      -0.08119879     7.1141168e-07   -0.081198079   
jishen                    -231.54956      -0.079047186    -231.62861      -0.82122123     -0.00028035133  -0.82150158    
jitou                     538.92384       -0.035889985    538.88795       1.9113649       -0.0001272886   1.9112376      
liangan                   647.0179        0.12603057      647.14394       2.2947349       0.00044698415   2.2951818      
waiyi                     -47.65651       0.63794016      -47.018569      -0.16902014     0.0022625394    -0.1667576     
weiyi                     -661.19832      0.50982858      -660.68849      -2.3450276      0.0018081747    -2.3432194     
xiaoyi                    55.950257       0.040124811     55.990382       0.19843501      0.00014230797   0.19857732     
youfuyi                   -2.3356024      0.018068018     -2.3175344      -0.0082835239   6.4080622e-05   -0.0082194433  
youweiduo                 0.6722125       0.031838055     0.70405055      0.0023840908    0.00011291789   0.0024970087   
zhongyangyi               -282.0402       0.34956211      -281.69064      -1.000293       0.0012397684    -0.99905322    
zuofuyi                   -4.1733375      0.01255594      -4.1607815      -0.014801295    4.4531307e-05   -0.014756764   
zuoweiduo                 -1.3421485      0.067060459     -1.275088       -0.0047601077   0.00023783882   -0.0045222689  
------------------------- --------------- --------------- --------------- --------------- --------------- ---------------
Net                       -10.626078      1.6782721       -8.9478062      -0.037686797    0.0059522148    -0.031734582   
