                                    "Force Report"

Forces
                          Forces [N]                                                                                                                                Coefficients                                                                                                                             
Zone                      Pressure                                      Viscous                                       Total                                         Pressure                                      Viscous                                       Total                                        
jidi                      (1145.0633 -1.9094279e-07 0.00043551768)      (2.5037978e-08 0.0018133274 0.0041458362)     (1145.0633 0.0018131365 0.0045813539)         (1.48109 -2.4697627e-10 5.6332336e-07)        (3.2385546e-11 2.3454609e-06 5.3624605e-06)   (1.48109 2.3452139e-06 5.9257839e-06)        
jishen                    (9084.5214 0.42961694 -12500.135)             (1.1386826 -0.061109536 -0.001017629)         (9085.6601 0.36850741 -12500.136)             (11.750437 0.000555691 -16.168386)            (0.0014728368 -7.9042551e-05 -1.3162593e-06)  (11.75191 0.00047664845 -16.168387)          
jitou                     (-11253.117 -6.8780232 13.06614)              (1.1519941 -0.085458754 0.14692908)           (-11251.965 -6.9634819 13.213069)             (-14.555421 -0.0088964266 0.016900489)        (0.0014900547 -0.00011053722 0.00019004644)   (-14.553931 -0.0090069638 0.017090535)       
liangan                   (-81.080745 0.14331839 -3073.6068)            (1.1205251 -0.0333417 0.049363681)            (-79.96022 0.10997669 -3073.5574)             (-0.10487445 0.00018537617 -3.975578)         (0.001449351 -4.3126052e-05 6.3849794e-05)    (-0.1034251 0.00014225011 -3.9755141)        
waiyi                     (-159.27636 -0.47045779 1857.7197)            (4.3362768 -0.26963562 0.61569102)            (-154.94008 -0.74009341 1858.3354)            (-0.20601711 -0.00060851687 2.4028804)        (0.0056087872 -0.00034876206 0.0007963698)    (-0.20040832 -0.00095727893 2.4036768)       
weiyi                     (46.393496 -8.7081176 550.47032)              (1.5333013 -0.083003443 0.010020605)          (47.926797 -8.7911211 550.48034)              (0.060007988 -0.011263575 0.71200963)         (0.0019832592 -0.00010736138 1.296122e-05)    (0.061991247 -0.011370936 0.7120226)         
xiaoyi                    (152.6774 -0.26477545 -369.22704)             (0.33624779 -0.021304229 0.030021611)         (153.01365 -0.28607968 -369.19701)            (0.19748164 -0.00034247564 -0.47757926)       (0.00043492202 -2.7556102e-05 3.8831661e-05)  (0.19791656 -0.00037003174 -0.47754043)      
youfuyi                   (5.8870915 -1.1287204 28.471797)              (0.14837597 -0.021392955 0.03403259)          (6.0354674 -1.1501134 28.505829)              (0.0076146991 -0.0014599512 0.036827042)      (0.00019191793 -2.7670866e-05 4.4019689e-05)  (0.0078066171 -0.0014876221 0.036871062)     
youweiduo                 (-0.94690479 0.25789106 0.48984993)           (0.15591304 -0.014343468 0.0049206035)        (-0.79099174 0.24354759 0.49477054)           (-0.0012247805 0.00033357097 0.00063359978)   (0.0002016668 -1.8552657e-05 6.3645886e-06)   (-0.0010231137 0.00031501831 0.00063996437)  
zhongyangyi               (1042.991 0.006445139 14299.583)              (2.5217104 -0.10359535 0.25938748)            (1045.5128 -0.097150214 14299.842)            (1.349064 8.3365095e-06 18.495894)            (0.0032617238 -0.00013399613 0.00033550653)   (1.3523257 -0.00012565962 18.49623)          
zuofuyi                   (-0.50985496 0.57366462 16.132173)            (0.16439745 -0.027232305 0.026684816)         (-0.34545751 0.54643231 16.158858)            (-0.00065947542 0.00074201046 0.020866271)    (0.00021264102 -3.5223813e-05 3.451566e-05)   (-0.0004468344 0.00070678665 0.020900787)    
zuoweiduo                 (-0.92802859 -0.57640929 1.0368436)           (0.14995362 -0.008382199 -0.0041106237)       (-0.77807497 -0.58479149 1.0327329)           (-0.001200365 -0.00074556058 0.0013411125)    (0.00019395855 -1.0842013e-05 -5.3169147e-06) (-0.0010064064 -0.00075640259 0.0013357956)  
------------------------- --------------------------------------------- --------------------------------------------- --------------------------------------------- --------------------------------------------- --------------------------------------------- ---------------------------------------------
Net                       (-18.324703 -16.615568 824.00142)             (12.757378 -0.72698624 1.1760691)             (-5.567325 -17.342554 825.17749)              (-0.023702214 -0.021491521 1.0658103)         (0.016501119 -0.00094032537 0.0015211947)     (-0.007201095 -0.022431846 1.0673315)        

Forces - Direction Vector (0.99513403 -0.069756474 0.06958655)
                          Forces [N]                                      Coefficients                                   
Zone                      Pressure        Viscous         Total           Pressure        Viscous         Total          
jidi                      1139.4915       0.00016202803   1139.4916       1.4738831       2.0957628e-07   1.4738833      
jishen                    8170.4452       1.1373338       8171.5826       10.568119       0.0014710922    10.56959       
jitou                     -11196.97       1.1625741       -11195.808      -14.482798      0.0015037395    -14.481295     
liangan                   -294.5779       1.1208335       -293.45707      -0.38102382     0.0014497499    -0.37957407    
waiyi                     -29.196203      4.3768293       -24.819373      -0.03776403     0.0056612401    -0.03210279    
weiyi                     85.080525       1.5323277       86.612852       0.11004799      0.0019819998    0.11202999     
xiaoyi                    126.25971       0.33818683      126.5979        0.16331149      0.00043743008   0.16374892     
youfuyi                   7.9184347       0.15151449      8.0699492       0.010242154     0.00019597746   0.010438132    
youweiduo                 -0.92619978     0.15649733      -0.76970245     -0.0011979995   0.00020242256   -0.00099557695 
zhongyangyi               2032.9741       2.5347162       2035.5088       2.6295644       0.0032785462    2.6328429      
zuofuyi                   0.57519145      0.16735403      0.74254548      0.00074398535   0.00021646523   0.00096045058  
zuoweiduo                 -0.81115418     0.14952262      -0.66163156     -0.001049193    0.00019340107   -0.00085579192 
------------------------- --------------- --------------- --------------- --------------- --------------- ---------------
Net                       40.262924       12.827852       53.090776       0.052078357     0.016592274     0.068670631    
