                                    "Force Report"

Forces
                          Forces [N]                                                                                                                                Coefficients                                                                                                                             
Zone                      Pressure                                      Viscous                                       Total                                         Pressure                                      Viscous                                       Total                                        
jidi                      (1143.9891 -8.3127431e-08 0.00043520453)      (8.0700437e-09 0.0008812535 -0.0013987638)    (1143.9891 0.00088117038 -0.0009635593)       (1.4797006 -1.0752175e-10 5.629183e-07)       (1.0438254e-11 1.1398634e-06 -1.8092407e-06)  (1.4797006 1.1397559e-06 -1.2463224e-06)     
jishen                    (9079.3739 -0.66940403 -12499.643)            (1.1755964 -0.0029717054 -0.049789229)        (9080.5495 -0.67237574 -12499.693)            (11.743779 -0.00086584527 -16.16775)          (0.0015205833 -3.8437729e-06 -6.4400222e-05)  (11.745299 -0.00086968904 -16.167814)        
jitou                     (-11244.088 -0.15122122 -2.6953706)           (1.168563 -0.0013549254 -0.011719239)         (-11242.919 -0.15257614 -2.7070898)           (-14.543743 -0.00019559813 -0.0034863457)     (0.0015114859 -1.7525376e-06 -1.515833e-05)   (-14.542231 -0.00019735067 -0.003501504)     
liangan                   (-81.107262 0.95274163 -3078.3244)            (1.0914318 0.024733975 -0.026117683)          (-80.015831 0.97747561 -3078.3506)            (-0.10490875 0.0012323302 -3.98168)           (0.00141172 3.199233e-05 -3.3782097e-05)      (-0.10349703 0.0012643226 -3.9817138)        
waiyi                     (-126.39393 -0.80770924 1625.1579)            (4.1379012 -0.0075211926 0.16180185)          (-122.25603 -0.81523044 1625.3197)            (-0.16348511 -0.0010447371 2.1020717)         (0.0053521969 -9.7283385e-06 0.00020928372)   (-0.15813291 -0.0010544654 2.1022809)        
weiyi                     (46.162738 0.99872579 508.34575)              (1.5921997 0.014621313 -0.088124658)          (47.754938 1.0133471 508.25762)               (0.059709512 0.0012918088 0.65752332)         (0.0020594417 1.8912038e-05 -0.00011398545)   (0.061768954 0.0013107208 0.65740933)        
xiaoyi                    (151.37528 0.07068444 -371.45718)             (0.31003369 7.6387658e-06 -0.0088819233)      (151.68532 0.070692078 -371.46606)            (0.19579741 9.1427277e-05 -0.48046385)        (0.00040101521 9.8804143e-09 -1.1488385e-05)  (0.19619842 9.1437157e-05 -0.48047534)       
youfuyi                   (6.1565861 -1.0819813 26.428904)              (0.14237234 -0.0021117153 0.032982799)        (6.2989584 -1.084093 26.461887)               (0.0079632788 -0.0013994962 0.034184648)      (0.00018415249 -2.7314127e-06 4.266183e-05)   (0.0081474313 -0.0014022276 0.03422731)      
youweiduo                 (-0.99745643 -0.19947852 -0.28275106)         (0.15674857 0.0037710044 -0.009794057)        (-0.84070786 -0.19570752 -0.29254512)         (-0.0012901669 -0.00025801687 -0.00036572632) (0.00020274752 4.8776316e-06 -1.2668191e-05)  (-0.0010874194 -0.00025313924 -0.00037839451)
zhongyangyi               (1057.9838 -0.0050260542 14158.311)           (2.4895868 0.003081818 0.021376155)           (1060.4734 -0.0019442363 14158.333)           (1.3684565 -6.5009846e-06 18.313166)          (0.0032201732 3.9861988e-06 2.7649136e-05)    (1.3716766 -2.5147858e-06 18.313193)         
zuofuyi                   (-0.83326674 0.41218934 12.072995)            (0.18935179 -0.00030189407 0.0077076973)      (-0.64391494 0.41188745 12.080703)            (-0.0010777946 0.00053314915 0.015615899)     (0.00024491838 -3.9048697e-07 9.9695743e-06)  (-0.00083287623 0.00053275867 0.015625868)   
zuoweiduo                 (-0.99639345 0.23150288 -0.33786978)          (0.15608121 0.001536057 -0.0069622754)        (-0.84031224 0.23303894 -0.34483206)          (-0.001288792 0.000299439 -0.00043702001)     (0.00020188432 1.9868236e-06 -9.0054033e-06)  (-0.0010869077 0.00030142583 -0.00044602541) 
------------------------- --------------------------------------------- --------------------------------------------- --------------------------------------------- --------------------------------------------- --------------------------------------------- ---------------------------------------------
Net                       (30.625433 -0.24897635 377.57669)             (12.609867 0.034371627 0.021080673)           (43.235299 -0.21460473 377.59778)             (0.039612677 -0.00032204018 0.48837918)       (0.016310319 4.4458218e-05 2.7266942e-05)     (0.055922996 -0.00027758197 0.48840645)      

Forces - Direction Vector (0.99939086 0 -0.034899497)
                          Forces [N]                                      Coefficients                                   
Zone                      Pressure        Viscous         Total           Pressure        Viscous         Total          
jidi                      1143.2922       4.8824217e-05   1143.2923       1.4787992       6.3152021e-08   1.4787993      
jishen                    9510.0742       1.1766179       9511.2508       12.300871       0.0015219046    12.302393      
jitou                     -11237.144      1.1682601       -11235.976      -14.534762      0.0015110941    -14.53325      
liangan                   26.374117       1.0916785       27.465795       0.034113783     0.001412039     0.035525822    
waiyi                     -183.03413      4.1297337       -178.90439      -0.23674676     0.0053416326    -0.23140512    
weiyi                     28.393607       1.5943053       29.987912       0.036725907     0.0020621652    0.038788072    
xiaoyi                    164.24674       0.3101548       164.55689       0.21244608      0.00040117187   0.21284725     
youfuyi                   5.2304803       0.14113453      5.3716148       0.0067654008    0.00018255143   0.0069479523   
youweiduo                 -0.98698094     0.15699489      -0.82998605     -0.0012766173   0.00020306613   -0.0010735512  
zhongyangyi               563.22138       2.4873242       565.7087        0.72850258      0.0032172466    0.73171983     
zuofuyi                   -1.2541006      0.18896745      -1.0651331      -0.001622125    0.00024442125   -0.0013777038  
zuoweiduo                 -0.98399499     0.15622911      -0.82776588     -0.0012727551   0.00020207562   -0.0010706795  
------------------------- --------------- --------------- --------------- --------------- --------------- ---------------
Net                       17.42954        12.601449       30.030989       0.022544359     0.016299432     0.038843791    
