                                    "Force Report"

Forces
                          Forces [N]                                                                                                                                Coefficients                                                                                                                             
Zone                      Pressure                                      Viscous                                       Total                                         Pressure                                      Viscous                                       Total                                        
jidi                      (1144.5537 -9.7799465e-08 0.00043577067)      (-2.4439651e-09 -0.0020974208 -0.0013353421)  (1144.5537 -0.0020975186 -0.00089957143)      (1.4804308 -1.2649939e-10 5.6365058e-07)      (-3.1611636e-12 -2.7129235e-06 -1.7272075e-06) (1.4804308 -2.71305e-06 -1.1635569e-06)      
jishen                    (9081.4262 1.9174255 -12505.081)              (1.201859 -0.12190189 -0.067662381)           (9082.6281 1.7955236 -12505.149)              (11.746433 0.0024801072 -16.174784)           (0.0015545529 -0.00015767484 -8.7518374e-05)  (11.747988 0.0023224324 -16.174871)          
jitou                     (-11246.478 -14.032216 -2.7382387)            (1.1615746 -0.17023675 -0.010339346)          (-11245.316 -14.202453 -2.7485781)            (-14.546834 -0.018150067 -0.0035417938)       (0.0015024467 -0.00022019389 -1.3373499e-05)  (-14.545332 -0.018370261 -0.0035551673)      
liangan                   (-81.11295 -0.60897306 -3080.426)             (1.1704137 -0.10146193 -0.057039007)          (-79.942537 -0.710435 -3080.483)              (-0.10491611 -0.00078768041 -3.9843982)       (0.0015138796 -0.00013123664 -7.3777498e-05)  (-0.10340223 -0.00091891705 -3.984472)       
waiyi                     (-126.75644 -1.1011398 1621.1643)             (4.0447202 -0.51716016 0.1572629)             (-122.71172 -1.6182999 1621.3215)             (-0.16395399 -0.0014242768 2.0969061)         (0.0052316713 -0.00066892438 0.00020341278)   (-0.15872232 -0.0020932012 2.0971096)        
weiyi                     (44.152846 -19.236117 506.15493)              (1.5125204 -0.18066822 -0.087381589)          (45.665366 -19.416785 506.06755)              (0.057109803 -0.024881089 0.6546896)          (0.00195638 -0.00023368656 -0.00011302432)    (0.059066183 -0.025114775 0.65457657)        
xiaoyi                    (151.3398 -0.60911617 -371.848)               (0.31339771 -0.040178863 -0.012082516)        (151.6532 -0.64929503 -371.86008)             (0.19575151 -0.00078786552 -0.48096936)       (0.00040536644 -5.1969628e-05 -1.5628214e-05) (0.19615688 -0.00083983515 -0.48098499)      
youfuyi                   (6.0103574 -1.0394269 25.951482)              (0.14140272 -0.056580576 0.030980445)         (6.1517601 -1.0960075 25.982462)              (0.0077741383 -0.0013444539 0.033567123)      (0.00018289832 -7.3184536e-05 4.0071871e-05)  (0.0079570366 -0.0014176385 0.033607195)     
youweiduo                 (-1.0363969 -0.67940314 -1.129709)            (0.15518949 -0.025550637 0.0023353547)        (-0.88120737 -0.70495378 -1.1273737)          (-0.0013405347 -0.00087877868 -0.00146123)    (0.00020073092 -3.3048648e-05 3.0206807e-06)  (-0.0011398038 -0.00091182733 -0.0014582093) 
zhongyangyi               (1057.3238 -0.03261469 14159.094)             (2.4473247 -0.23694486 0.021187308)           (1059.7711 -0.26955955 14159.115)             (1.3676027 -4.2185696e-05 18.314178)          (0.003165509 -0.00030647797 2.740487e-05)     (1.3707682 -0.00034866367 18.314205)         
zuofuyi                   (-0.83000147 0.44440686 11.865874)            (0.19163725 -0.044561073 0.0074599963)        (-0.63836422 0.39984579 11.873334)            (-0.0010735711 0.00057482113 0.015347997)     (0.00024787453 -5.7637828e-05 9.6491837e-06)  (-0.00082569661 0.0005171833 0.015357646)    
zuoweiduo                 (-0.96282944 -0.13898061 0.32499468)          (0.15431218 -0.026042373 -0.019038781)        (-0.80851726 -0.16502298 0.3059559)           (-0.0012453784 -0.00017976543 0.00042036661)  (0.00019959615 -3.3684687e-05 -2.4625843e-05) (-0.0010457822 -0.00021345011 0.00039574077) 
------------------------- --------------------------------------------- --------------------------------------------- --------------------------------------------- --------------------------------------------- --------------------------------------------- ---------------------------------------------
Net                       (27.630292 -35.116155 363.33272)              (12.494352 -1.5233848 -0.035652962)           (40.124644 -36.63954 363.29707)               (0.035738592 -0.045421234 0.46995522)         (0.016160906 -0.0019704325 -4.6115569e-05)    (0.051899497 -0.047391666 0.4699091)         

Forces - Direction Vector (0.98966482 -0.1391731 -0.034559857)
                          Forces [N]                                      Coefficients                                   
Zone                      Pressure        Viscous         Total           Pressure        Viscous         Total          
jidi                      1132.7245       0.00033805138   1132.7248       1.4651303       4.3725489e-07   1.4651307      
jishen                    9419.475        1.2087415       9420.6838       12.183685       0.001563455     12.185249      
jitou                     -11128.196      1.1736193       -11127.022      -14.393842      0.0015180259    -14.392324     
liangan                   26.269199       1.1744093       27.443609       0.033978077     0.0015190478    0.035497125    
waiyi                     -181.32035      4.0694571       -177.25089      -0.23453006     0.0052636674    -0.22926639    
weiyi                     28.881026       1.5250523       30.406079       0.037356363     0.0019725894    0.039328952    
xiaoyi                    162.71147       0.31616808      163.02763       0.21046027      0.00040894979   0.21086922     
youfuyi                   5.19602         0.14674511      5.3427652       0.006720828     0.00018980848   0.0069106365   
youweiduo                 -0.89208829     0.15706083      -0.73502746     -0.0011538778   0.00020315142   -0.00095072634 
zhongyangyi               557.06442       2.4542752       559.5187        0.72053882      0.0031744993    0.72371332     
zuofuyi                   -1.2933557      0.19560053      -1.0977551      -0.0016728998   0.00025300086   -0.0014198989  
zuoweiduo                 -0.94476783     0.15699971      -0.78776812     -0.0012220165   0.00020307236   -0.0010189441  
------------------------- --------------- --------------- --------------- --------------- --------------- ---------------
Net                       19.675225       12.578467       32.253692       0.025449056     0.016269705     0.041718761    
