                                    "Force Report"

Forces
                          Forces [N]                                                                                                                                Coefficients                                                                                                                             
Zone                      Pressure                                      Viscous                                       Total                                         Pressure                                      Viscous                                       Total                                        
jidi                      (1144.3911 -1.2927649e-07 0.00043534196)      (3.7119318e-09 0.00059968232 -0.0010278376)   (1144.3911 0.00059955304 -0.00059249569)      (1.4802205 -1.6721357e-10 5.6309607e-07)      (4.8012238e-12 7.7566324e-07 -1.3294637e-06)  (1.4802205 7.7549603e-07 -7.6636764e-07)     
jishen                    (9080.0196 0.62534361 -12501.482)             (1.1802416 -0.062575869 -0.055538562)         (9081.1999 0.56276774 -12501.538)             (11.744614 0.00080885502 -16.170128)          (0.0015265917 -8.093919e-05 -7.1836736e-05)   (11.746141 0.00072791583 -16.1702)           
jitou                     (-11244.824 -7.1552372 -2.7012576)            (1.1697056 -0.086001857 -0.011109109)         (-11243.654 -7.2412391 -2.7123667)            (-14.544695 -0.009254991 -0.0034939603)       (0.0015129638 -0.0001112397 -1.4369154e-05)   (-14.543182 -0.0093662307 -0.0035083294)     
liangan                   (-81.114941 0.30236619 -3079.1672)            (1.1089572 -0.034488531 -0.039919221)         (-80.005984 0.26787766 -3079.2071)            (-0.10491868 0.00039109764 -3.98277)          (0.0014343884 -4.4609429e-05 -5.1633792e-05)  (-0.10348429 0.00034648821 -3.9828217)       
waiyi                     (-126.50445 -0.96446198 1624.1809)            (4.1060607 -0.26614134 0.16098325)            (-122.39839 -1.2306033 1624.3419)             (-0.16362805 -0.00124749 2.100808)            (0.0053110126 -0.00034424235 0.0002082249)    (-0.15831704 -0.0015917324 2.1010162)        
weiyi                     (45.683871 -9.0386272 507.27342)              (1.5772721 -0.083821897 -0.089258719)         (47.261144 -9.1224491 507.18416)              (0.059090119 -0.011691075 0.65613631)         (0.0020401335 -0.00010842001 -0.00011545231)  (0.061130253 -0.011799495 0.65602085)        
xiaoyi                    (151.36453 -0.21586969 -371.54752)            (0.31128653 -0.019610485 -0.0095634008)       (151.67581 -0.23548017 -371.55708)            (0.19578349 -0.00027921814 -0.4805807)        (0.00040263571 -2.5365317e-05 -1.2369847e-05) (0.19618613 -0.00030458346 -0.48059307)      
youfuyi                   (6.1302544 -1.067495 26.342185)               (0.14302828 -0.02823819 0.031779371)          (6.2732827 -1.0957332 26.373964)              (0.0079292199 -0.0013807587 0.034072481)      (0.00018500092 -3.6524882e-05 4.1105247e-05)  (0.0081142208 -0.0014172836 0.034113586)     
youweiduo                 (-1.0120601 -0.428126 -0.68357794)            (0.15591102 -0.010699732 -0.0036678505)       (-0.8561491 -0.43882573 -0.68724579)          (-0.0013090561 -0.00055376253 -0.00088417861) (0.00020166418 -1.3839642e-05 -4.7442066e-06) (-0.001107392 -0.00056760217 -0.00088892282) 
zhongyangyi               (1057.7767 -0.02268981 14158.844)             (2.481883 -0.11880296 0.021682196)            (1060.2586 -0.14149277 14158.865)             (1.3681886 -2.9348291e-05 18.313854)          (0.0032102087 -0.00015366651 2.8044986e-05)   (1.3713988 -0.0001830148 18.313882)          
zuofuyi                   (-0.82980646 0.43636312 12.002374)            (0.19033885 -0.02353498 0.0078782681)         (-0.63946761 0.41282814 12.010253)            (-0.0010733189 0.00056441689 0.015524554)     (0.0002461951 -3.0441483e-05 1.01902e-05)     (-0.0008271238 0.00053397541 0.015534744)    
zuoweiduo                 (-0.9820003 0.047263635 -0.0074662796)        (0.15560707 -0.01257062 -0.013268048)         (-0.82639323 0.034693015 -0.020734328)        (-0.0012701751 6.1133475e-05 -9.6573109e-06)  (0.00020127104 -1.6259556e-05 -1.7161648e-05) (-0.001068904 4.4873919e-05 -2.6818959e-05)  
------------------------- --------------------------------------------- --------------------------------------------- --------------------------------------------- --------------------------------------------- --------------------------------------------- ---------------------------------------------
Net                       (30.099005 -17.48117 373.054)                 (12.580292 -0.74588678 -0.0010296594)         (42.679297 -18.227057 373.05297)              (0.038931766 -0.022611141 0.48252927)         (0.016272066 -0.0009647724 -1.3318201e-06)    (0.055203832 -0.023575913 0.48252794)        

Forces - Direction Vector (0.99695636 -0.069756474 -0.034814483)
                          Forces [N]                                      Coefficients                                   
Zone                      Pressure        Viscous         Total           Pressure        Viscous         Total          
jidi                      1140.9079       -6.0443873e-06  1140.9079       1.4757152       -7.8181545e-09  1.4757152      
jishen                    9487.5723       1.182948        9488.7553       12.271766       0.0015300923    12.273296      
jitou                     -11210.005      1.1725314       -11208.833      -14.499659      0.0015166188    -14.498142     
liangan                   26.310464       1.1093775       27.419842       0.034031452     0.001434932     0.035466384    
waiyi                     -182.59715      4.1065239       -178.49063      -0.23618155     0.0053116117    -0.23086994    
weiyi                     28.514867       1.5814261       30.096293       0.036882752     0.0020455065    0.038928258    
xiaoyi                    163.85412       0.31203999      164.16616       0.21193824      0.00040361027   0.21234185     
youfuyi                   5.2689713       0.14345637      5.4124276       0.0068151873    0.00018555463   0.0070007419   
youweiduo                 -0.9553168      0.15631055      -0.79900624     -0.0012356611   0.00020218096   -0.0010334801  
zhongyangyi               561.62601       2.4818615       564.10787       0.72643904      0.0032101808    0.72964922     
zuofuyi                   -1.2755764      0.19112697      -1.0844495      -0.0016499032   0.00024721449   -0.0014026887  
zuoweiduo                 -0.98204846     0.15647226      -0.8255762      -0.0012702374   0.00020239013   -0.0010678472  
------------------------- --------------- --------------- --------------- --------------- --------------- ---------------
Net                       18.239137       12.594068       30.833206       0.023591538     0.016289885     0.039881423    
