                                    "Force Report"

Forces
                          Forces [N]                                                                                                                                Coefficients                                                                                                                             
Zone                      Pressure                                      Viscous                                       Total                                         Pressure                                      Viscous                                       Total                                        
jidi                      (1145.7663 -4.8015525e-07 0.00043659424)      (-2.4932051e-09 0.00041323423 -0.000715375)   (1145.7663 0.00041275407 -0.00027878076)      (1.4819993 -6.2106013e-10 5.6471584e-07)      (-3.2248534e-12 5.3450066e-07 -9.2530674e-07) (1.4819993 5.338796e-07 -3.605909e-07)       
jishen                    (9087.9857 0.43626965 -12508.37)              (1.1917925 -0.18205868 -0.047106109)          (9089.1775 0.25421097 -12508.417)             (11.754918 0.00056429599 -16.179038)          (0.0015415323 -0.00023548506 -6.0929722e-05)  (11.756459 0.00032881093 -16.179099)         
jitou                     (-11257.248 -19.996237 12.505783)             (1.1252997 -0.25436868 0.14501422)            (-11256.122 -20.250605 12.650797)             (-14.560765 -0.025864271 0.016175691)         (0.0014555266 -0.00032901493 0.00018756965)   (-14.559309 -0.026193285 0.01636326)         
liangan                   (-81.065602 -2.3996727 -3075.3039)            (1.1935626 -0.19385209 0.035213515)           (-79.872039 -2.5935247 -3075.2687)            (-0.10485486 -0.0031038732 -3.9777731)        (0.0015438218 -0.00025073933 4.5547165e-05)   (-0.10331104 -0.0033546125 -3.9777275)       
waiyi                     (-158.47819 -0.69663185 1844.0829)            (4.2272425 -0.79509285 0.59691876)            (-154.25095 -1.4917247 1844.6799)             (-0.20498471 -0.00090106327 2.3852418)        (0.005467756 -0.0010284183 0.0007720887)      (-0.19951696 -0.0019294816 2.3860139)        
weiyi                     (42.741866 -28.479207 545.20489)              (1.3877041 -0.27161067 0.0057708088)          (44.129571 -28.750818 545.21066)              (0.055284762 -0.036836627 0.70519903)         (0.0017949354 -0.00035131669 7.4642925e-06)   (0.057079698 -0.037187944 0.70520649)        
xiaoyi                    (152.31631 -1.5232514 -370.16118)             (0.33143801 -0.0646457 0.0204601)             (152.64775 -1.5878971 -370.14072)             (0.19701459 -0.00197026 -0.47878754)          (0.00042870079 -8.3616427e-05 2.6464258e-05)  (0.19744329 -0.0020538765 -0.47876108)       
youfuyi                   (5.7576775 -1.1263987 27.860209)              (0.14380604 -0.071512274 0.032879256)         (5.9014836 -1.197911 27.893089)               (0.0074473078 -0.0014569482 0.03603598)       (0.00018600692 -9.2498045e-05 4.2527901e-05)  (0.0076333147 -0.0015494462 0.036078508)     
youweiduo                 (-0.94250433 -0.26785223 -0.43185432)         (0.15396686 -0.045092284 0.017020488)         (-0.78853747 -0.31294451 -0.41483383)         (-0.0012190887 -0.00034645532 -0.00055858495) (0.0001991495 -5.8324926e-05 2.2015268e-05)   (-0.0010199392 -0.00040478024 -0.00053656968)
zhongyangyi               (1043.1317 -0.030858065 14297.571)            (2.455551 -0.30885045 0.2405708)              (1045.5873 -0.33970851 14297.812)             (1.3492459 -3.9913577e-05 18.493292)          (0.0031761494 -0.00039948475 0.00031116796)   (1.3524221 -0.00043939832 18.493604)         
zuofuyi                   (-0.62794126 0.60445198 15.878796)            (0.16642208 -0.067046355 0.026296419)         (-0.46151918 0.53740563 15.905093)            (-0.00081221496 0.00078183259 0.020538539)    (0.00021525979 -8.6721571e-05 3.4013285e-05)  (-0.00059695517 0.00069511102 0.020572552)   
zuoweiduo                 (-0.91718971 -0.84771638 1.51706)             (0.14527729 -0.033712478 -0.014362619)        (-0.77191242 -0.88142886 1.5026974)           (-0.0011863454 -0.0010964846 0.0019622517)    (0.00018790991 -4.3605638e-05 -1.8577429e-05) (-0.00099843545 -0.0011400902 0.0019436743)  
------------------------- --------------------------------------------- --------------------------------------------- --------------------------------------------- --------------------------------------------- --------------------------------------------- ---------------------------------------------
Net                       (-21.57951 -54.327104 790.35447)              (12.522063 -2.2874293 1.0579603)              (-9.0574476 -56.614533 791.41243)             (-0.027912167 -0.070269768 1.0222895)         (0.016196749 -0.0029586912 0.001368426)       (-0.011715418 -0.073228459 1.0236579)        

Forces - Direction Vector (0.97576488 -0.20791169 0.068232127)
                          Forces [N]                                      Coefficients                                   
Zone                      Pressure        Viscous         Total           Pressure        Viscous         Total          
jidi                      1117.9985       -0.00013473022  1117.9984       1.4460829       -1.7426773e-07  1.4460827      
jishen                    8014.1739       1.1975473       8015.3714       10.365989       0.0015489758    10.367538      
jitou                     -10979.416      1.1608088       -10978.255      -14.201402      0.0015014561    -14.1999       
liangan                   -288.43657      1.2073433       -287.22923      -0.37308028     0.0015616465    -0.37151863    
waiyi                     -28.666915      4.3308329       -24.336082      -0.037079419    0.0056017458    -0.031477673   
weiyi                     84.827661       1.4109377       86.238599       0.10972092      0.0018249871    0.11154591     
xiaoyi                    123.68472       0.33824221      124.02297       0.15998086      0.00043750172   0.16041836     
youfuyi                   7.7532923       0.15743255      7.9107249       0.01002855      0.00020363221   0.010232182    
youweiduo                 -0.89343936     0.16077201      -0.73266735     -0.0011556253   0.00020795167   -0.00094767364 
zhongyangyi               1993.4114       2.4766687       1995.8881       2.5783918       0.0032034643    2.5815952      
zuofuyi                   0.34504839      0.1781228       0.5231712       0.00044630523   0.00023039417   0.0006766994   
zuoweiduo                 -0.61519913     0.1477857       -0.46741343     -0.00079573357  0.00019115444   -0.00060457913 
------------------------- --------------- --------------- --------------- --------------- --------------- ---------------
Net                       44.166278       12.766359       56.932638       0.057127178     0.016512736     0.073639913    
