                                    "Force Report"

Forces
                          Forces [N]                                                                                                                                Coefficients                                                                                                                             
Zone                      Pressure                                      Viscous                                       Total                                         Pressure                                      Viscous                                       Total                                        
jidi                      (1146.2806 1.0354607e-06 0.00043624491)       (3.2812541e-08 0.002468969 0.0053252295)      (1146.2806 0.0024700045 0.0057614744)         (1.4826645 1.3393238e-09 5.64264e-07)         (4.2441608e-11 3.193505e-06 6.8879549e-06)    (1.4826645 3.1948444e-06 7.4522189e-06)      
jishen                    (9095.5024 -0.5648358 -12494.912)             (1.2519662 -0.09814311 0.088196106)           (9096.7544 -0.66297891 -12494.824)            (11.76464 -0.00073059077 -16.16163)           (0.0016193643 -0.00012694388 0.00011407786)   (11.76626 -0.00085753465 -16.161516)         
jitou                     (-11260.811 -14.715577 29.036075)             (1.0749046 -0.17426554 0.36104172)            (-11259.736 -14.889843 29.397117)             (-14.565374 -0.019033965 0.037556912)         (0.0013903428 -0.00022540497 0.0004669919)    (-14.563984 -0.01925937 0.038023904)         
liangan                   (-81.388323 -0.62370733 -3059.943)            (1.348883 -0.083930977 0.22945151)            (-80.03944 -0.7076383 -3059.7135)             (-0.10527229 -0.00080673855 -3.9579044)       (0.0017447221 -0.0001085611 0.00029678564)    (-0.10352757 -0.00091529965 -3.9576076)      
waiyi                     (-251.47846 -0.24285354 2033.599)             (2.5954727 -0.48140163 0.9711148)             (-248.88299 -0.72425517 2034.5701)            (-0.32527655 -0.00031412059 2.6303726)        (0.0033571321 -0.00062267227 0.0012560951)    (-0.32191942 -0.00093679285 2.6316287)       
weiyi                     (38.07721 -12.907715 602.82678)               (1.0154834 -0.17074395 0.17493407)            (39.092694 -13.078459 603.00172)              (0.049251231 -0.016695574 0.77973047)         (0.001313484 -0.00022084994 0.00022626968)    (0.050564715 -0.016916423 0.77995674)        
xiaoyi                    (153.99331 -0.97361105 -364.7962)             (0.34267583 -0.049901312 0.095117009)         (154.33598 -1.0235124 -364.70108)             (0.1991837 -0.0012593239 -0.47184816)         (0.00044323642 -6.4545196e-05 0.00012302975)  (0.19962694 -0.0013238691 -0.47172513)       
youfuyi                   (5.5570378 -1.2443686 32.806256)              (0.12518462 -0.034834307 0.043384558)         (5.6822224 -1.2792029 32.849641)              (0.0071877889 -0.0016095372 0.042433479)      (0.00016192091 -4.5056675e-05 5.6116056e-05)  (0.0073497098 -0.0016545939 0.042489595)     
youweiduo                 (-0.73945062 1.2597754 2.2411443)             (0.13002624 -0.030374709 0.025974346)         (-0.60942438 1.2294007 2.2671186)             (-0.00095644751 0.0016294652 0.0028988236)    (0.00016818334 -3.9288377e-05 3.3596697e-05)  (-0.00078826417 0.0015901768 0.0029324203)   
zhongyangyi               (1026.3688 0.020043961 14347.359)             (1.6598127 -0.14301562 0.36219796)            (1028.0286 -0.12297166 14347.721)             (1.3275638 2.5926e-05 18.557691)              (0.0021468962 -0.00018498455 0.00046848745)   (1.3297107 -0.00015905855 18.558159)         
zuofuyi                   (0.48049591 0.96633316 26.054432)             (0.14238327 -0.072559203 0.048945664)         (0.62287918 0.89377395 26.103378)             (0.00062150075 0.0012499103 0.033700285)      (0.00018416663 -9.3852203e-05 6.3309107e-05)  (0.00080566738 0.0011560581 0.033763594)     
zuoweiduo                 (-0.88424847 -2.227782 3.7827578)             (0.12284923 -0.019909337 0.0089001419)        (-0.76139924 -2.2476913 3.791658)             (-0.0011437373 -0.00288154 0.0048928343)      (0.00015890018 -2.5751869e-05 1.151195e-05)   (-0.00098483711 -0.0029072918 0.0049043462)  
------------------------- --------------------------------------------- --------------------------------------------- --------------------------------------------- --------------------------------------------- --------------------------------------------- ---------------------------------------------
Net                       (-129.04188 -31.254297 1158.0548)             (9.8096418 -1.3566107 2.4145831)              (-119.23224 -32.610908 1160.4694)             (-0.16691011 -0.040426087 1.4978939)          (0.012688349 -0.0017547175 0.0031231592)      (-0.15422176 -0.042180804 1.5010171)         

Forces - Direction Vector (0.96085288 -0.1391731 0.23956753)
                          Forces [N]                                      Coefficients                                   
Zone                      Pressure        Viscous         Total           Pressure        Viscous         Total          
jidi                      1101.4071       0.00093216952   1101.408        1.4246226       1.2057211e-06   1.4246238      
jishen                    5746.1431       1.2377431       5747.3808       7.4323885       0.0016009673    7.4339894      
jitou                     -10810.979      1.1435722       -10809.835      -13.983535      0.0014791613    -13.982056     
liangan                   -811.17838      1.3627282       -809.81565      -1.0492243      0.0017626302    -1.0474616     
waiyi                     245.58427       2.7935131       248.37779       0.31765267      0.0036132888    0.32126596     
weiyi                     182.80073       1.0414016       183.84213       0.23644486      0.0013470081    0.23779187     
xiaoyi                    60.707087       0.35899293      61.06608        0.078522001     0.00046434188   0.078986342    
youfuyi                   13.371992       0.13552553      13.507518       0.017296096     0.00017529643   0.017471392    
youweiduo                 -0.34892471     0.13538604      -0.21353867     -0.00045131908  0.00017511601   -0.00027620306 
zhongyangyi               4423.3479       1.7015106       4425.0494       5.7214099       0.0022008306    5.7236108      
zuofuyi                   6.5689942       0.15863346      6.7276276       0.0084967109    0.00020518554   0.0087018964   
zuoweiduo                 0.36664059      0.12294306      0.48958365      0.0004742338    0.00015902155   0.00063325535  
------------------------- --------------- --------------- --------------- --------------- --------------- ---------------
Net                       157.79181       10.192882       167.9847        0.20409691      0.013184054     0.21728097     
