                                    "Force Report"

Forces
                          Forces [N]                                                                                                                                Coefficients                                                                                                                             
Zone                      Pressure                                      Viscous                                       Total                                         Pressure                                      Viscous                                       Total                                        
jidi                      (1145.2631 1.0240811e-08 0.00043547838)       (1.2341382e-08 8.8917191e-06 0.0010692396)    (1145.2631 8.9019599e-06 0.0015047179)        (1.4813485 1.3246048e-11 5.6327251e-07)       (1.5963046e-11 1.1501055e-08 1.3830153e-06)   (1.4813485 1.1514301e-08 1.9462878e-06)      
jishen                    (9087.0834 0.90602813 -12501.595)             (1.1681269 -0.11547097 -0.0045532267)         (9088.2515 0.79055716 -12501.6)               (11.753751 0.0011719083 -16.170275)           (0.0015109218 -0.00014935672 -5.8894026e-06)  (11.755262 0.0010225516 -16.170281)          
jitou                     (-11257.173 -13.410797 17.717044)             (1.1361645 -0.16951751 0.1967394)             (-11256.037 -13.580315 17.913783)             (-14.560669 -0.017346288 0.022916232)         (0.0014695798 -0.00021926359 0.00025447394)   (-14.559199 -0.017565552 0.023170706)        
liangan                   (-81.080261 -1.1513592 -3071.8712)            (1.1772737 -0.11368535 0.075756519)           (-79.902987 -1.2650446 -3071.7955)            (-0.10487382 -0.0014892336 -3.9733331)        (0.0015227528 -0.00014704711 9.7987793e-05)   (-0.10335107 -0.0016362807 -3.9732351)       
waiyi                     (-177.08105 -0.52337597 1916.3894)            (4.0728994 -0.52558325 0.73394916)            (-173.00815 -1.0489592 1917.1234)             (-0.22904671 -0.00067696426 2.4787672)        (0.0052681198 -0.00067981928 0.00094933161)   (-0.22377859 -0.0013567835 2.4797165)        
weiyi                     (44.143368 -18.518914 562.97154)              (1.4200849 -0.17559725 0.043104743)           (45.563453 -18.694511 563.01464)              (0.057097544 -0.023953417 0.72817942)         (0.0018368187 -0.00022712748 5.5754128e-05)   (0.058934362 -0.024180545 0.72823518)        
xiaoyi                    (152.8863 -0.91948539 -368.76284)             (0.34250551 -0.044816512 0.039475903)         (153.2288 -0.9643019 -368.72337)              (0.19775184 -0.0011893147 -0.47697885)        (0.00044301611 -5.7968226e-05 5.1060379e-05)  (0.19819485 -0.001247283 -0.47692779)        
youfuyi                   (5.5248587 -1.1185603 28.623457)              (0.14261683 -0.040496764 0.03541391)          (5.6674755 -1.1590571 28.658871)              (0.0071461666 -0.0014468096 0.037023208)      (0.00018446872 -5.238082e-05 4.5806366e-05)   (0.0073306353 -0.0014991904 0.037069014)     
youweiduo                 (-0.91720226 0.22966999 0.45049797)           (0.15284622 -0.028347811 0.012782251)         (-0.76435603 0.20132218 0.46328022)           (-0.0011863616 0.00029706823 0.00058269971)   (0.0001977 -3.6666671e-05 1.6533291e-05)      (-0.00098866159 0.00026040156 0.000599233)   
zhongyangyi               (1034.6664 -0.002702762 14333.078)            (2.3470473 -0.18073728 0.3214876)             (1037.0135 -0.18344004 14333.4)               (1.3382965 -3.4959062e-06 18.539219)          (0.0030358045 -0.00023377588 0.00041583035)   (1.3413323 -0.00023727179 18.539635)         
zuofuyi                   (-0.37458125 0.68306615 17.395249)            (0.15915065 -0.04673149 0.030286785)          (-0.2154306 0.63633466 17.425536)             (-0.00048450471 0.00088351663 0.022500005)    (0.00020585451 -6.0445168e-05 3.9174652e-05)  (-0.0002786502 0.00082307146 0.02253918)     
zuoweiduo                 (-0.90929601 -0.92626078 1.634651)            (0.14367971 -0.019736571 -0.0058600928)       (-0.76561631 -0.94599735 1.6287909)           (-0.0011761352 -0.0011980784 0.0021143506)    (0.00018584351 -2.5528404e-05 -7.5797776e-06) (-0.0009902917 -0.0012236068 0.0021067709)   
------------------------- --------------------------------------------- --------------------------------------------- --------------------------------------------- --------------------------------------------- --------------------------------------------- ---------------------------------------------
Net                       (-47.968159 -34.752692 936.03139)             (12.262396 -1.4607119 1.4796522)              (-35.705764 -36.213403 937.51104)             (-0.062044747 -0.044951109 1.2107163)         (0.01586088 -0.0018893679 0.0019138663)       (-0.046183866 -0.046840477 1.2126301)        

Forces - Direction Vector (0.98484328 -0.1391731 0.1035112)
                          Forces [N]                                      Coefficients                                   
Zone                      Pressure        Viscous         Total           Pressure        Viscous         Total          
jidi                      1127.9047       0.00010945293   1127.9048       1.4588962       1.4157265e-07   1.4588963      
jishen                    7655.1718       1.166021        7656.3378       9.9016348       0.0015081979    9.903143       
jitou                     -11082.851      1.1629009       -11081.688      -14.33519       0.0015041623    -14.333686     
liangan                   -397.66419      1.1830937       -396.48109      -0.51436149     0.0015302807    -0.51283121    
waiyi                     24.043526       4.1602866       28.203813       0.031099265     0.0053811514    0.036480416    
weiyi                     104.32549       1.4274613       105.75295       0.13494053      0.0018463597    0.13678689     
xiaoyi                    112.52593       0.3476377       112.87356       0.14554744      0.00044965438   0.14599709     
youfuyi                   8.5596418       0.14975702      8.7093988       0.011071528     0.00019370425   0.011265232    
youweiduo                 -0.88863278     0.15579793      -0.73283484     -0.0011494082   0.00020151791   -0.00094789029 
zhongyangyi               2502.6188       2.3699051       2504.9887       3.2370296       0.0030653701    3.240095       
zuofuyi                   1.3366348       0.16637724      1.5030121       0.0017288795    0.00021520178   0.0019440813   
zuoweiduo                 -0.59739879     0.14364221      -0.45375659     -0.0007727096   0.00018579501   -0.00058691459 
------------------------- --------------- --------------- --------------- --------------- --------------- ---------------
Net                       54.485252       12.43299        66.918243       0.070474326     0.016081537     0.086555863    
