                                    "Force Report"

Moments - Moment Center (0 0 0.05)
                          Moments [N m]                                                                                                                             Coefficients                                                                                                                             
Zone                      Pressure                                      Viscous                                       Total                                         Pressure                                      Viscous                                       Total                                        
jidi                      (-1.7090605e-08 -22.914977 0.0025447871)      (5.3720563e-05 -0.0018725163 0.00093118968)   (5.3703473e-05 -22.916849 0.0034759768)       (-6.0614099e-11 -0.081271006 9.0254252e-06)   (1.9052711e-07 -6.6411275e-06 3.3025878e-06)  (1.9046649e-07 -0.081277648 1.2328013e-05)   
jishen                    (0.025677897 -228.2982 0.88681839)            (-0.0089837603 -0.057402003 0.004154228)      (0.016694136 -228.35561 0.89097262)           (9.1070067e-05 -0.80968987 0.0031452191)      (-3.1862098e-05 -0.00020358382 1.4733521e-05) (5.920797e-05 -0.80989346 0.0031599526)      
jitou                     (-0.43214977 556.43256 4.2645051)             (-0.0045086293 0.15666792 0.054315207)        (-0.4366584 556.58923 4.3188203)              (-0.0015326765 1.9734619 0.015124633)         (-1.5990452e-05 0.00055564357 0.00019263609)  (-0.001548667 1.9740176 0.015317269)         
liangan                   (0.18249495 650.66514 -0.91942405)            (-0.0067942236 0.13327772 0.030673205)        (0.17570073 650.79841 -0.88875085)            (0.00064724257 2.3076702 -0.0032608594)       (-2.4096616e-05 0.00047268711 0.00010878659)  (0.00062314596 2.3081429 -0.0031520728)      
waiyi                     (46.129168 -46.522704 6.27481)                (0.071263337 0.47621642 0.038105086)          (46.200431 -46.046487 6.3129151)              (0.16360321 -0.16499894 0.022254446)          (0.00025274488 0.0016889647 0.00013514474)    (0.16385596 -0.16330998 0.022389591)         
weiyi                     (-5.4388097 -766.45885 -13.346832)            (0.023634464 0.16267034 -0.13170986)          (-5.4151753 -766.29618 -13.478542)            (-0.01928946 -2.718348 -0.047336312)          (8.3822763e-05 0.00057693194 -0.0004671265)   (-0.019205638 -2.7177711 -0.047803438)       
xiaoyi                    (7.5174063 55.758727 -0.44364371)             (0.059292772 0.03331658 -0.014901492)         (7.576699 55.792044 -0.4585452)               (0.026661479 0.19775573 -0.0015734413)        (0.00021028968 0.00011816167 -5.285012e-05)   (0.026871769 0.19787389 -0.0016262914)       
youfuyi                   (39.111815 -4.8961136 -6.7621792)             (0.055741011 0.0078318436 -0.14873033)        (39.167556 -4.8882817 -6.9109095)             (0.13871524 -0.017364716 -0.023982966)        (0.00019769289 2.7776672e-05 -0.00052749184)  (0.13891293 -0.01733694 -0.024510458)        
youweiduo                 (0.27701147 -2.7954919 1.7397113)             (0.013543895 0.0077156455 -0.079811988)       (0.29055537 -2.7877763 1.6598993)             (0.00098245795 -0.0099145831 0.006170117)     (4.8035222e-05 2.7364561e-05 -0.00028306381)  (0.0010304932 -0.0098872185 0.0058870532)    
zhongyangyi               (4.6837916 -273.39414 0.60115751)             (0.010102475 0.2863135 0.0082501842)          (4.6938941 -273.10783 0.6094077)              (0.016611688 -0.96962861 0.0021320849)        (3.5829768e-05 0.0010154488 2.9260373e-05)    (0.016647518 -0.96861316 0.0021613453)       
zuofuyi                   (-29.684505 -4.1859967 0.53523127)            (-0.052127713 0.0084859888 0.15486455)        (-29.736632 -4.1775107 0.69009582)            (-0.10528003 -0.014846193 0.0018982687)       (-0.00018487785 3.0096685e-05 0.00054924767)  (-0.10546491 -0.014816096 0.0024475164)      
zuoweiduo                 (-0.46009075 -3.5349661 -2.2331869)           (-0.0032343597 0.023019407 0.048057056)       (-0.46332511 -3.5119467 -2.1851298)           (-0.0016317729 -0.012537226 -0.0079202936)    (-1.1471086e-05 8.164138e-05 0.00017044073)   (-0.001643244 -0.012455585 -0.0077498529)    
------------------------- --------------------------------------------- --------------------------------------------- --------------------------------------------- --------------------------------------------- --------------------------------------------- ---------------------------------------------
Net                       (61.91181 -90.145021 -9.4004877)              (0.15798299 1.2362408 -0.035802962)           (62.069793 -88.90878 -9.4362907)              (0.21957845 -0.31971128 -0.033340077)         (0.00056030763 0.0043844922 -0.00012697996)   (0.22013876 -0.31532679 -0.033467057)        

Moments - Moment Center (0 0 0.05) Moment Axis (0 1 0)
                          Moments [N m]                                   Coefficients                                   
Zone                      Pressure        Viscous         Total           Pressure        Viscous         Total          
jidi                      -22.914977      -0.0018725163   -22.916849      -0.081271006    -6.6411275e-06  -0.081277648   
jishen                    -228.2982       -0.057402003    -228.35561      -0.80968987     -0.00020358382  -0.80989346    
jitou                     556.43256       0.15666792      556.58923       1.9734619       0.00055564357   1.9740176      
liangan                   650.66514       0.13327772      650.79841       2.3076702       0.00047268711   2.3081429      
waiyi                     -46.522704      0.47621642      -46.046487      -0.16499894     0.0016889647    -0.16330998    
weiyi                     -766.45885      0.16267034      -766.29618      -2.718348       0.00057693194   -2.7177711     
xiaoyi                    55.758727       0.03331658      55.792044       0.19775573      0.00011816167   0.19787389     
youfuyi                   -4.8961136      0.0078318436    -4.8882817      -0.017364716    2.7776672e-05   -0.01733694    
youweiduo                 -2.7954919      0.0077156455    -2.7877763      -0.0099145831   2.7364561e-05   -0.0098872185  
zhongyangyi               -273.39414      0.2863135       -273.10783      -0.96962861     0.0010154488    -0.96861316    
zuofuyi                   -4.1859967      0.0084859888    -4.1775107      -0.014846193    3.0096685e-05   -0.014816096   
zuoweiduo                 -3.5349661      0.023019407     -3.5119467      -0.012537226    8.164138e-05    -0.012455585   
------------------------- --------------- --------------- --------------- --------------- --------------- ---------------
Net                       -90.145021      1.2362408       -88.90878       -0.31971128     0.0043844922    -0.31532679    
