                                    "Force Report"

Moments - Moment Center (0 0 0.05)
                          Moments [N m]                                                                                                                             Coefficients                                                                                                                             
Zone                      Pressure                                      Viscous                                       Total                                         Pressure                                      Viscous                                       Total                                        
jidi                      (-1.4472537e-08 -22.923745 0.005926861)       (-4.4215198e-05 -5.1367218e-05 -0.00064386651) (-4.422967e-05 -22.923796 0.0052829945)       (-5.1328771e-11 -0.081302104 2.1020399e-05)   (-1.5681507e-07 -1.8218065e-07 -2.283558e-06) (-1.5686639e-07 -0.081302286 1.8736841e-05)  
jishen                    (0.23644025 -230.55853 2.9538972)             (-0.038082715 -0.072382029 -0.0036681332)     (0.19835754 -230.63091 2.9502291)             (0.00083856673 -0.81770642 0.010476388)       (-0.0001350654 -0.00025671247 -1.3009521e-05) (0.00070350132 -0.81796313 0.010463379)      
jitou                     (-1.2853495 542.11225 12.651054)              (-0.0142208 -0.0021787743 0.16186486)         (-1.2995703 542.11008 12.812919)              (-0.0045586626 1.922673 0.044868643)          (-5.0435954e-05 -7.727312e-06 0.00057407519)  (-0.0046090986 1.9226653 0.045442718)        
liangan                   (0.39789798 649.32231 -0.44671432)            (0.002198489 0.16236882 -0.035329552)         (0.40009646 649.48468 -0.48204387)            (0.001411198 2.3029077 -0.0015843316)         (7.797233e-06 0.00057586256 -0.00012530094)   (0.0014189952 2.3034836 -0.0017096325)       
waiyi                     (48.173159 -46.380865 1.3635515)              (0.1383262 0.64207715 -0.058886333)           (48.311485 -45.738788 1.3046651)              (0.1708525 -0.16449589 0.0048360162)          (0.00049059224 0.0022772118 -0.0002088482)    (0.17134309 -0.16221868 0.004627168)         
weiyi                     (-11.220431 -672.47579 -35.091474)            (0.088740361 0.45034276 -0.35119308)          (-11.131691 -672.02545 -35.442667)            (-0.039794749 -2.3850246 -0.12445657)         (0.00031472947 0.0015972004 -0.0012455529)    (-0.039480019 -2.3834274 -0.12570212)        
xiaoyi                    (8.2656547 56.00676 -0.99634371)              (0.081094009 0.039913339 -0.041185719)        (8.3467487 56.046674 -1.0375294)              (0.029315241 0.19863541 -0.0035336652)        (0.00028761066 0.00014155795 -0.00014607062)  (0.029602852 0.19877697 -0.0036797358)       
youfuyi                   (33.029799 -3.9627016 -7.1971654)             (0.048291499 0.01146145 -0.18250966)          (33.07809 -3.9512401 -7.379675)               (0.11714457 -0.014054247 -0.025525702)        (0.00017127221 4.0649553e-05 -0.00064729472)  (0.11731584 -0.014013597 -0.026172997)       
youweiduo                 (-0.19188284 0.81622306 -0.28392335)          (0.017210464 0.024602438 -0.11692734)         (-0.17467238 0.8408255 -0.40085068)           (-0.00068053796 0.0028948434 -0.0010069718)   (6.1039193e-05 8.725581e-05 -0.00041469833)   (-0.00061949877 0.0029820992 -0.0014216701)  
zhongyangyi               (12.401963 -279.45803 1.1298851)              (0.054952932 0.35292844 -0.021695617)         (12.456916 -279.1051 1.1081895)               (0.043985209 -0.99113497 0.0040072875)        (0.00019489787 0.0012517076 -7.6946385e-05)   (0.044180107 -0.98988326 0.0039303411)       
zuofuyi                   (-17.248447 -2.5150174 -0.8337093)            (-0.016010436 0.017559405 0.19943521)         (-17.264458 -2.497458 -0.63427409)            (-0.061173907 -0.0089198429 -0.0029568607)    (-5.6783137e-05 6.2276758e-05 0.00070732343)  (-0.061230691 -0.0088575661 -0.0022495372)   
zuoweiduo                 (-0.26895218 -1.9031528 -1.2275451)           (0.01590957 0.066853932 0.0073817348)         (-0.25304261 -1.8362989 -1.2201634)           (-0.00095387459 -0.006749784 -0.0043536516)   (5.64254e-05 0.00023710634 2.6180302e-05)     (-0.00089744919 -0.0065126777 -0.0043274713) 
------------------------- --------------------------------------------- --------------------------------------------- --------------------------------------------- --------------------------------------------- --------------------------------------------- ---------------------------------------------
Net                       (72.289851 -11.920285 -27.97256)              (0.37836536 1.6934956 -0.4433575)             (72.668217 -10.22679 -28.415918)              (0.25638555 -0.042276873 -0.099208396)        (0.001341923 0.0060062067 -0.0015724262)      (0.25772747 -0.036270667 -0.10078082)        

Moments - Moment Center (0 0 0.05) Moment Axis (0 1 0)
                          Moments [N m]                                   Coefficients                                   
Zone                      Pressure        Viscous         Total           Pressure        Viscous         Total          
jidi                      -22.923745      -5.1367218e-05  -22.923796      -0.081302104    -1.8218065e-07  -0.081302286   
jishen                    -230.55853      -0.072382029    -230.63091      -0.81770642     -0.00025671247  -0.81796313    
jitou                     542.11225       -0.0021787743   542.11008       1.922673        -7.727312e-06   1.9226653      
liangan                   649.32231       0.16236882      649.48468       2.3029077       0.00057586256   2.3034836      
waiyi                     -46.380865      0.64207715      -45.738788      -0.16449589     0.0022772118    -0.16221868    
weiyi                     -672.47579      0.45034276      -672.02545      -2.3850246      0.0015972004    -2.3834274     
xiaoyi                    56.00676        0.039913339     56.046674       0.19863541      0.00014155795   0.19877697     
youfuyi                   -3.9627016      0.01146145      -3.9512401      -0.014054247    4.0649553e-05   -0.014013597   
youweiduo                 0.81622306      0.024602438     0.8408255       0.0028948434    8.725581e-05    0.0029820992   
zhongyangyi               -279.45803      0.35292844      -279.1051       -0.99113497     0.0012517076    -0.98988326    
zuofuyi                   -2.5150174      0.017559405     -2.497458       -0.0089198429   6.2276758e-05   -0.0088575661  
zuoweiduo                 -1.9031528      0.066853932     -1.8362989      -0.006749784    0.00023710634   -0.0065126777  
------------------------- --------------- --------------- --------------- --------------- --------------- ---------------
Net                       -11.920285      1.6934956       -10.22679       -0.042276873    0.0060062067    -0.036270667   
