                                    "Force Report"

Moments - Moment Center (0 0 0.05)
                          Moments [N m]                                                                                                                             Coefficients                                                                                                                             
Zone                      Pressure                                      Viscous                                       Total                                         Pressure                                      Viscous                                       Total                                        
jidi                      (1.8239269e-08 -22.896424 0.0040583558)       (-0.0001044675 -0.00027836775 -0.0018410574)  (-0.00010444926 -22.896702 0.0022172984)      (6.4687988e-11 -0.081205206 1.4393497e-05)    (-3.7050785e-07 -9.8726815e-07 -6.5295543e-06) (-3.7044316e-07 -0.081206193 7.863943e-06)   
jishen                    (0.43173526 -231.56608 3.8073914)             (-0.040199978 -0.084331543 -0.0045918953)     (0.39153528 -231.65041 3.8027995)             (0.0015312064 -0.82127984 0.013503419)        (-0.00014257455 -0.00029909301 -1.6285766e-05) (0.0013886318 -0.82157893 0.013487133)       
jitou                     (-1.3119211 535.72185 12.852227)              (-0.014405491 -0.06956647 0.16229145)         (-1.3263266 535.65229 13.014518)              (-0.0046529023 1.9000086 0.045582128)         (-5.1090984e-05 -0.00024672672 0.00057558816) (-0.0047039933 1.8997619 0.046157716)        
liangan                   (-0.099870744 647.84424 0.078463896)          (-0.0045538211 0.15908616 -0.012720364)       (-0.10442457 648.00333 0.065743532)           (-0.00035420485 2.2976656 0.00027828262)      (-1.6150731e-05 0.00056422018 -4.511446e-05)  (-0.00037035558 2.2982298 0.00023316816)     
waiyi                     (56.642785 -49.21928 -1.4696663)              (0.14912947 0.57900776 -0.27128411)           (56.791915 -48.640273 -1.7409504)             (0.20089115 -0.17456271 -0.0052123664)        (0.00052890745 0.0020535279 -0.00096214508)   (0.20142006 -0.17250918 -0.0061745115)       
weiyi                     (-11.408096 -639.75357 -34.061924)            (0.090717334 0.51902544 -0.29642721)          (-11.317378 -639.23454 -34.358351)            (-0.040460325 -2.2689709 -0.12080513)         (0.00032174106 0.0018407926 -0.0010513185)    (-0.040138584 -2.2671301 -0.12185645)        
xiaoyi                    (3.6788802 55.98412 -1.0139593)               (0.050875323 0.041467243 -0.044710687)        (3.7297555 56.025587 -1.05867)                (0.013047637 0.19855511 -0.0035961413)        (0.00018043608 0.00014706908 -0.00015857238)  (0.013228073 0.19870218 -0.0037547136)       
youfuyi                   (31.87856 -3.7943781 -7.2143582)              (0.051898566 0.010041883 -0.17334349)         (31.930459 -3.7843362 -7.3877017)             (0.11306154 -0.013457266 -0.025586679)        (0.00018406515 3.5614871e-05 -0.0006147857)   (0.11324561 -0.013421651 -0.026201464)       
youweiduo                 (-0.33995019 1.848907 -0.86002837)            (0.013693394 0.033062365 -0.11077089)         (-0.32625679 1.8819693 -0.97079927)           (-0.0012056784 0.006557394 -0.0030502047)     (4.8565441e-05 0.00011726006 -0.00039286368)  (-0.001157113 0.006674654 -0.0034430684)     
zhongyangyi               (13.664469 -285.46138 -0.26761544)            (0.058116018 0.32261184 -0.051822717)         (13.722585 -285.13877 -0.31943816)            (0.048462853 -1.0124267 -0.00094913367)       (0.00020611617 0.0011441857 -0.00018379614)   (0.04866897 -1.0112825 -0.0011329298)        
zuofuyi                   (-13.971299 -2.048276 -0.93717588)            (-0.00090295106 0.021466897 0.22110777)       (-13.972202 -2.0268091 -0.71606811)           (-0.049551064 -0.0072644827 -0.0033238186)    (-3.2024357e-06 7.6135201e-05 0.00078418804)  (-0.049554267 -0.0071883475 -0.0025396306)   
zuoweiduo                 (-0.19213447 -1.0592745 -0.71694232)          (0.018869285 0.075791463 0.0047911547)        (-0.17326518 -0.98348305 -0.71215116)         (-0.00068143038 -0.0037568576 -0.0025427311)  (6.6922423e-05 0.00026880448 1.6992466e-05)   (-0.00061450796 -0.0034880531 -0.0025257386) 
------------------------- --------------------------------------------- --------------------------------------------- --------------------------------------------- --------------------------------------------- --------------------------------------------- ---------------------------------------------
Net                       (78.97316 5.6004629 -29.799529)               (0.37313268 1.6073847 -0.57932205)            (79.346292 7.2078475 -30.378851)              (0.28008879 0.019862785 -0.10568798)          (0.0013233646 0.005700803 -0.0020546425)      (0.28141215 0.025563588 -0.10774263)         

Moments - Moment Center (0 0 0.05) Moment Axis (0 1 0)
                          Moments [N m]                                   Coefficients                                   
Zone                      Pressure        Viscous         Total           Pressure        Viscous         Total          
jidi                      -22.896424      -0.00027836775  -22.896702      -0.081205206    -9.8726815e-07  -0.081206193   
jishen                    -231.56608      -0.084331543    -231.65041      -0.82127984     -0.00029909301  -0.82157893    
jitou                     535.72185       -0.06956647     535.65229       1.9000086       -0.00024672672  1.8997619      
liangan                   647.84424       0.15908616      648.00333       2.2976656       0.00056422018   2.2982298      
waiyi                     -49.21928       0.57900776      -48.640273      -0.17456271     0.0020535279    -0.17250918    
weiyi                     -639.75357      0.51902544      -639.23454      -2.2689709      0.0018407926    -2.2671301     
xiaoyi                    55.98412        0.041467243     56.025587       0.19855511      0.00014706908   0.19870218     
youfuyi                   -3.7943781      0.010041883     -3.7843362      -0.013457266    3.5614871e-05   -0.013421651   
youweiduo                 1.848907        0.033062365     1.8819693       0.006557394     0.00011726006   0.006674654    
zhongyangyi               -285.46138      0.32261184      -285.13877      -1.0124267      0.0011441857    -1.0112825     
zuofuyi                   -2.048276       0.021466897     -2.0268091      -0.0072644827   7.6135201e-05   -0.0071883475  
zuoweiduo                 -1.0592745      0.075791463     -0.98348305     -0.0037568576   0.00026880448   -0.0034880531  
------------------------- --------------- --------------- --------------- --------------- --------------- ---------------
Net                       5.6004629       1.6073847       7.2078475       0.019862785     0.005700803     0.025563588    
