                                    "Force Report"

Moments - Moment Center (0 0 0.05)
                          Moments [N m]                                                                                                                             Coefficients                                                                                                                             
Zone                      Pressure                                      Viscous                                       Total                                         Pressure                                      Viscous                                       Total                                        
jidi                      (-4.6796868e-09 -22.896496 -0.00037024134)    (6.8854898e-06 -0.0018402303 0.00023150106)   (6.8808101e-06 -22.898337 -0.00013874028)     (-1.659713e-11 -0.081205463 -1.31311e-06)     (2.4420303e-08 -6.5266209e-06 8.2104921e-07)  (2.4403706e-08 -0.081211989 -4.9206081e-07)  
jishen                    (-0.014367273 -230.84936 0.080957037)         (-0.00092331155 -0.073759665 -0.0005069097)   (-0.015290584 -230.92312 0.080450127)         (-5.0955439e-05 -0.8187379 0.00028712487)     (-3.2746469e-06 -0.00026159844 -1.7978225e-06) (-5.4230086e-05 -0.8189995 0.00028532705)    
jitou                     (-0.0064922258 542.08827 0.062939582)         (-4.0781584e-05 -0.002917462 0.00059188291)   (-0.0065330074 542.08535 0.063531465)         (-2.302554e-05 1.922588 0.00022322358)        (-1.446373e-07 -1.0347166e-05 2.0991913e-06)  (-2.3170178e-05 1.9225776 0.00022532277)     
liangan                   (0.086044714 646.96041 0.24085089)            (-0.0077185507 0.11913146 0.0066930594)       (0.078326163 647.07954 0.24754395)            (0.00030516899 2.2945309 0.00085420963)       (-2.7374864e-05 0.00042251553 2.3737823e-05)  (0.00027779413 2.2949535 0.00087794745)      
waiyi                     (40.888282 -46.480531 1.8463218)              (0.049532935 0.66125785 0.0074822747)         (40.937815 -45.819273 1.8538041)              (0.14501572 -0.16484937 0.0065482252)         (0.00017567513 0.0023452387 2.653688e-05)     (0.14519139 -0.16250413 0.0065747621)        
weiyi                     (0.78116145 -677.59349 1.7675252)             (-0.0034071988 0.49728539 0.014520506)        (0.77775426 -677.09621 1.7820457)             (0.0027704928 -2.4031752 0.0062687625)        (-1.2084083e-05 0.0017636886 5.1498901e-05)   (0.0027584087 -2.4014115 0.0063202614)       
xiaoyi                    (0.18880594 55.894165 -0.093970612)           (0.0025383819 0.038332739 -0.0021196307)      (0.19134432 55.932497 -0.096090242)           (0.0006696253 0.19823607 -0.00033327924)      (9.0027084e-06 0.00013595214 -7.5175517e-06)  (0.00067862801 0.19837202 -0.00034079679)    
youfuyi                   (33.561626 -4.0609423 -7.4331161)             (0.04108018 0.012050157 -0.17729384)          (33.602707 -4.0488921 -7.6104099)             (0.11903076 -0.014402671 -0.026362532)        (0.00014569631 4.2737482e-05 -0.00062879612)  (0.11917646 -0.014359933 -0.026991329)       
youweiduo                 (0.10051825 -0.93095931 0.68890708)           (-0.00093691741 0.048215849 -0.057914351)     (0.099581334 -0.88274346 0.63099273)          (0.00035650132 -0.0033017707 0.0024433004)    (-3.3229019e-06 0.00017100391 -0.00020540093) (0.00035317841 -0.0031307668 0.0022378995)   
zhongyangyi               (3.0103185 -278.96397 0.1266556)              (0.0020207485 0.36610739 -0.0020081457)       (3.0123393 -278.59786 0.12464746)             (0.010676494 -0.98938273 0.0004492009)        (7.1668528e-06 0.0012984484 -7.1221551e-06)   (0.010683661 -0.98808428 0.00044207874)      
zuofuyi                   (-17.765458 -2.5670868 -0.77882054)           (-0.025262705 0.016133585 0.20344414)         (-17.79072 -2.5509533 -0.57537641)            (-0.063007553 -0.0091045141 -0.0027621904)    (-8.9597536e-05 5.7219901e-05 0.00072154163)  (-0.063097151 -0.0090472942 -0.0020406488)   
zuoweiduo                 (-0.073665801 -0.78626606 -0.60784368)        (-0.00070861478 0.045829615 0.063527523)      (-0.074374416 -0.74043645 -0.54431616)        (-0.00026126554 -0.0027885969 -0.0021557983)  (-2.5131963e-06 0.00016254081 0.00022530879)  (-0.00026377874 -0.0026260561 -0.0019304895) 
------------------------- --------------------------------------------- --------------------------------------------- --------------------------------------------- --------------------------------------------- --------------------------------------------- ---------------------------------------------
Net                       (60.756774 -20.186265 -4.099964)              (0.056181051 1.7258267 0.056648011)           (60.812955 -18.460439 -4.043316)              (0.21548196 -0.071593268 -0.014541066)        (0.00019925355 0.0061208733 0.00020090969)    (0.21568121 -0.065472395 -0.014340157)       

Moments - Moment Center (0 0 0.05) Moment Axis (0 1 0)
                          Moments [N m]                                   Coefficients                                   
Zone                      Pressure        Viscous         Total           Pressure        Viscous         Total          
jidi                      -22.896496      -0.0018402303   -22.898337      -0.081205463    -6.5266209e-06  -0.081211989   
jishen                    -230.84936      -0.073759665    -230.92312      -0.8187379      -0.00026159844  -0.8189995     
jitou                     542.08827       -0.002917462    542.08535       1.922588        -1.0347166e-05  1.9225776      
liangan                   646.96041       0.11913146      647.07954       2.2945309       0.00042251553   2.2949535      
waiyi                     -46.480531      0.66125785      -45.819273      -0.16484937     0.0023452387    -0.16250413    
weiyi                     -677.59349      0.49728539      -677.09621      -2.4031752      0.0017636886    -2.4014115     
xiaoyi                    55.894165       0.038332739     55.932497       0.19823607      0.00013595214   0.19837202     
youfuyi                   -4.0609423      0.012050157     -4.0488921      -0.014402671    4.2737482e-05   -0.014359933   
youweiduo                 -0.93095931     0.048215849     -0.88274346     -0.0033017707   0.00017100391   -0.0031307668  
zhongyangyi               -278.96397      0.36610739      -278.59786      -0.98938273     0.0012984484    -0.98808428    
zuofuyi                   -2.5670868      0.016133585     -2.5509533      -0.0091045141   5.7219901e-05   -0.0090472942  
zuoweiduo                 -0.78626606     0.045829615     -0.74043645     -0.0027885969   0.00016254081   -0.0026260561  
------------------------- --------------- --------------- --------------- --------------- --------------- ---------------
Net                       -20.186265      1.7258267       -18.460439      -0.071593268    0.0061208733    -0.065472395   
