                                    "Force Report"

Forces
                          Forces [N]                                                                                                                                Coefficients                                                                                                                             
Zone                      Pressure                                      Viscous                                       Total                                         Pressure                                      Viscous                                       Total                                        
jidi                      (1145.7135 -1.5361493e-07 0.00043610987)      (2.3433487e-09 -0.00092193509 0.00053921347)  (1145.7135 -0.00092208871 0.00097532334)      (1.481931 -1.9869429e-10 5.6408933e-07)       (3.0310205e-12 -1.1924833e-06 6.9744939e-07)  (1.481931 -1.192682e-06 1.2615387e-06)       
jishen                    (9087.5444 0.77848813 -12508.382)             (1.2058075 -0.17546238 -0.05070932)           (9088.7502 0.60302575 -12508.433)             (11.754347 0.0010069409 -16.179053)           (0.00155966 -0.00022695303 -6.559032e-05)     (11.755907 0.00077998782 -16.179119)         
jitou                     (-11256.691 -19.902342 12.136335)             (1.1260303 -0.25386242 0.14258324)            (-11255.565 -20.156205 12.278918)             (-14.560045 -0.025742822 0.015697827)         (0.0014564716 -0.00032836011 0.00018442528)   (-14.558588 -0.026071182 0.015882252)        
liangan                   (-80.998967 -3.4525374 -3074.8947)            (1.1628591 -0.20046383 0.051940859)           (-79.836107 -3.6530013 -3074.8428)            (-0.10476867 -0.0044657084 -3.9772438)        (0.0015041081 -0.00025929133 6.7183263e-05)   (-0.10326456 -0.0047249997 -3.9771766)       
waiyi                     (-156.17145 -0.29993259 1814.8076)            (4.2586778 -0.78055214 0.56480577)            (-151.91277 -1.0804847 1815.3724)             (-0.20200104 -0.00038794988 2.3473754)        (0.0055084162 -0.0010096106 0.00073055193)    (-0.19649262 -0.0013975604 2.3481059)        
weiyi                     (42.125059 -36.689667 567.76356)              (1.3280282 -0.29110155 0.026725976)           (43.453088 -36.980768 567.79028)              (0.054486949 -0.047456503 0.73437769)         (0.0017177473 -0.00037652731 3.4568898e-05)   (0.056204696 -0.04783303 0.73441226)         
xiaoyi                    (152.28382 -1.6179218 -370.32358)             (0.33163747 -0.064931129 0.019595429)         (152.61545 -1.682853 -370.30399)              (0.19697255 -0.0020927122 -0.4789976)         (0.00042895877 -8.3985618e-05 2.5345843e-05)  (0.19740151 -0.0021766978 -0.47897225)       
youfuyi                   (-0.77179138 -0.62190159 16.12895)            (0.16317644 -0.060708533 0.024705279)         (-0.60861494 -0.68261012 16.153655)           (-0.00099827889 -0.00080440291 0.020862102)   (0.0002110617 -7.8523871e-05 3.1955214e-05)   (-0.00078721719 -0.00088292678 0.020894057)  
youweiduo                 (-0.88904789 -0.045149142 -0.01228491)        (0.15038782 -0.044990741 0.018961993)         (-0.73866006 -0.090139883 0.0066770826)       (-0.0011499451 -5.8398469e-05 -1.5890002e-05) (0.00019452017 -5.8193585e-05 2.4526521e-05)  (-0.00095542496 -0.00011659205 8.6365186e-06)
zhongyangyi               (1043.9471 -0.022233824 14289.031)            (2.4574142 -0.31431231 0.23265557)            (1046.4045 -0.33654613 14289.264)             (1.3503005 -2.8758493e-05 18.482246)          (0.0031785594 -0.00040654943 0.00030092995)   (1.3534791 -0.00043530792 18.482547)         
zuofuyi                   (-0.7137564 0.60159963 15.995484)             (0.17835313 -0.062225869 0.023370707)         (-0.53540327 0.53937376 16.018854)            (-0.00092321314 0.0007781432 0.020689469)     (0.00023069208 -8.048648e-05 3.0229002e-05)   (-0.00069252106 0.00069765672 0.020719698)   
zuoweiduo                 (2.7230077 -6.8643608 11.730202)              (0.11537109 -0.042917881 -0.0033051019)       (2.8383788 -6.9072787 11.726897)              (0.0035220931 -0.0088787549 0.015172511)      (0.00014922753 -5.551243e-05 -4.2750069e-06)  (0.0036713206 -0.0089342674 0.015168236)     
------------------------- --------------------------------------------- --------------------------------------------- --------------------------------------------- --------------------------------------------- --------------------------------------------- ---------------------------------------------
Net                       (-21.899358 -68.135959 773.98071)             (12.477743 -2.2924507 1.0518696)              (-9.4216148 -70.428409 775.03258)             (-0.028325876 -0.088130926 1.0011107)         (0.016139423 -0.0029651862 0.001360548)       (-0.012186453 -0.091096112 1.0024712)        

Forces - Direction Vector (0.97576488 -0.20791169 0.068232127)
                          Forces [N]                                      Coefficients                                   
Zone                      Pressure        Viscous         Total           Pressure        Viscous         Total          
jidi                      1117.947        0.00022847505   1117.9472       1.4460163       2.9552263e-07   1.4460165      
jishen                    8013.6713       1.2096052       8014.8809       10.365338       0.0015645723    10.366903      
jitou                     -10978.918      1.1612505       -10977.757      -14.200757      0.0015020275    -14.199255     
liangan                   -288.12473      1.1798999       -286.94483      -0.37267692     0.0015261497    -0.37115077    
waiyi                     -28.496074      4.3562921       -24.139782      -0.036858444    0.0056346761    -0.031223768   
weiyi                     87.472079       1.3581903       88.83027        0.11314137      0.0017567606    0.11489813     
xiaoyi                    123.66162       0.33843717      124.00006       0.15995098      0.0004377539    0.16038873     
youfuyi                   0.47672625      0.17352955      0.6502558       0.00061662487   0.00022445299   0.00084107786  
youweiduo                 -0.8589529      0.15739108      -0.70156182     -0.0011110186   0.00020357857   -0.00090743999 
zhongyangyi               1993.6225       2.4790823       1996.1016       2.5786648       0.0032065861    2.5818714      
zuofuyi                   0.26986786      0.18856284      0.45843069      0.00034906244   0.0002438979    0.00059296035  
zuoweiduo                 4.8845728       0.12127267      5.0058455       0.0063179844    0.00015686097   0.0064748454   
------------------------- --------------- --------------- --------------- --------------- --------------- ---------------
Net                       45.607988       12.723742       58.33173        0.058991967     0.016457612     0.075449579    
