                                    "Force Report"

Forces
                          Forces [N]                                                                                                                                Coefficients                                                                                                                             
Zone                      Pressure                                      Viscous                                       Total                                         Pressure                                      Viscous                                       Total                                        
jidi                      (1145.2901 -5.4559565e-08 0.00043542824)      (3.1987147e-08 0.0011558635 0.0053273475)     (1145.2901 0.0011558089 0.0057627758)         (1.4813834 -7.0570447e-11 5.6320767e-07)      (4.1373997e-11 1.4950596e-06 6.8906944e-06)   (1.4813834 1.4949891e-06 7.4539021e-06)      
jishen                    (9086.3555 0.55755103 -12498.117)             (1.1570294 -0.054097402 0.030403426)          (9087.5125 0.50345362 -12498.087)             (11.752809 0.00072116823 -16.165776)          (0.0014965676 -6.9972659e-05 3.9325521e-05)   (11.754306 0.00065119557 -16.165737)         
jitou                     (-11257.406 -6.658588 22.080186)              (1.1390755 -0.084658292 0.24407037)           (-11256.267 -6.7432463 22.324256)             (-14.56097 -0.0086125967 0.028559769)         (0.0014733451 -0.00010950185 0.00031569451)   (-14.559496 -0.0087220985 0.028875464)       
liangan                   (-81.026314 -0.71177899 -3069.0807)           (1.2038882 -0.04233923 0.13053184)            (-79.822426 -0.75411822 -3068.9502)           (-0.10480405 -0.00092065546 -3.9697236)       (0.0015571776 -5.4763969e-05 0.00016883731)   (-0.10324687 -0.00097541943 -3.9695548)      
waiyi                     (-193.17074 -0.11705365 1936.8319)            (3.8055922 -0.25490774 0.81793264)            (-189.36515 -0.37196139 1937.6498)            (-0.24985803 -0.00015140385 2.5052086)        (0.0049223695 -0.00032971218 0.0010579606)    (-0.24493566 -0.00048111603 2.5062665)       
weiyi                     (42.221177 -17.537061 599.66421)              (1.3401998 -0.090662526 0.11028927)           (43.561377 -17.627723 599.7745)               (0.054611273 -0.022683433 0.77563981)         (0.0017334907 -0.00011726807 0.00014265442)   (0.056344763 -0.022800701 0.77578246)        
xiaoyi                    (153.42809 -0.53670412 -367.70522)            (0.35478732 -0.024582568 0.058331414)         (153.78288 -0.56128669 -367.64689)            (0.19845262 -0.00069420365 -0.47561085)       (0.00045890211 -3.1796493e-05 7.544917e-05)   (0.19891153 -0.00072600014 -0.4755354)       
youfuyi                   (-0.077862353 -0.6918969 20.2041)             (0.15256107 -0.013358368 0.034734241)         (0.074698719 -0.70525527 20.238834)           (-0.0001007116 -0.00089493882 0.026133132)    (0.00019733117 -1.7278474e-05 4.4927244e-05)  (9.6619573e-05 -0.0009122173 0.02617806)     
youweiduo                 (-0.88267771 0.85063353 1.5380705)            (0.14678117 -0.016330331 0.012748485)         (-0.73589654 0.8343032 1.550819)              (-0.0011417056 0.0011002578 0.0019894279)     (0.00018985512 -2.112258e-05 1.6489617e-05)   (-0.00095185046 0.0010791352 0.0020059175)   
zhongyangyi               (1026.8646 0.022931078 14348.893)             (2.1670191 -0.075285024 0.38192592)           (1029.0316 -0.052353946 14349.275)            (1.3282051 2.9660361e-05 18.559675)           (0.0028029458 -9.7377934e-05 0.00049400473)   (1.331008 -6.7717573e-05 18.560169)          
zuofuyi                   (0.082896906 0.67055548 19.414476)            (0.15571935 -0.034880116 0.034224588)         (0.23861626 0.63567537 19.4487)               (0.00010722358 0.00086733462 0.025111788)     (0.00020141627 -4.5115927e-05 4.426803e-05)   (0.00030863985 0.0008222187 0.025156056)     
zuoweiduo                 (2.6530487 -6.4990913 11.098378)              (0.11137816 -0.014026875 0.01336008)          (2.7644269 -6.5131182 11.111738)              (0.0034316042 -0.0084062946 0.014355274)      (0.00014406285 -1.8143158e-05 1.7280688e-05)  (0.0035756671 -0.0084244377 0.014372554)     
------------------------- --------------------------------------------- --------------------------------------------- --------------------------------------------- --------------------------------------------- --------------------------------------------- ---------------------------------------------
Net                       (-75.668453 -30.650503 1024.8216)             (11.734031 -0.70397261 1.8738796)             (-63.934422 -31.354476 1026.6955)             (-0.097873884 -0.039645105 1.3255626)         (0.015177464 -0.00091055823 0.0024237826)     (-0.08269642 -0.040555663 1.3279863)         

Forces - Direction Vector (0.98785583 -0.069756474 0.13883408)
                          Forces [N]                                      Coefficients                                   
Zone                      Pressure        Viscous         Total           Pressure        Viscous         Total          
jidi                      1131.3816       0.00065902004   1131.3822       1.4633933       8.5241402e-07   1.4633941      
jishen                    7240.8057       1.1509729       7241.9566       9.3656701       0.0014887338    9.3671588      
jitou                     -11117.164      1.1650332       -11115.999      -14.379573      0.0015069202    -14.378066     
liangan                   -506.08567      1.2103437       -504.87532      -0.6546         0.0015655274    -0.65303447    
waiyi                     78.081596       3.8907148       81.97231        0.10099518      0.0050324719    0.10602765     
weiyi                     126.18559       1.3455604       127.53115       0.16321562      0.0017404244    0.16495605     
xiaoyi                    100.55226       0.3602919       100.91255       0.13006001      0.00046602205   0.13052603     
youfuyi                   2.7763651       0.15646247      2.9328276       0.0035911087    0.00020237747   0.0037934861   
youweiduo                 -0.7177589      0.1479077       -0.5698512      -0.00092839021  0.00019131224   -0.00073707797 
zhongyangyi               3006.5079       2.1989784       3008.7069       3.8887885       0.0028442838    3.8916327      
zuofuyi                   2.7305055       0.16101292      2.8915184       0.0035317912    0.00020826328   0.0037400545   
zuoweiduo                 4.6150164       0.11285887      4.7278753       0.0059693249    0.00014597808   0.006115303    
------------------------- --------------- --------------- --------------- --------------- --------------- ---------------
Net                       69.668713       11.900796       81.569509       0.090113478     0.015393167     0.10550665     
