                                    "Force Report"

Forces
                          Forces [N]                                                                                                                                Coefficients                                                                                                                             
Zone                      Pressure                                      Viscous                                       Total                                         Pressure                                      Viscous                                       Total                                        
jidi                      (1145.1934 7.2615243e-08 0.00043553155)       (1.4053112e-08 0.00022926184 0.0013755818)    (1145.1934 0.00022933445 0.0018111133)        (1.4812583 9.3924688e-11 5.6334129e-07)       (1.8177094e-11 2.9654031e-07 1.7792557e-06)   (1.4812583 2.9663423e-07 2.342597e-06)       
jishen                    (9086.6495 1.1679255 -12501.558)              (1.1670933 -0.11322468 -0.0056121642)         (9087.8166 1.0547008 -12501.564)              (11.75319 0.0015106613 -16.170227)            (0.0015095849 -0.00014645125 -7.2590926e-06)  (11.754699 0.0013642101 -16.170234)          
jitou                     (-11256.706 -13.313539 17.359205)             (1.1366377 -0.16885864 0.19445883)            (-11255.569 -13.482398 17.553664)             (-14.560064 -0.017220489 0.022453383)         (0.0014701918 -0.00021841137 0.00025152412)   (-14.558594 -0.0174389 0.022704908)          
liangan                   (-80.98789 -1.9903309 -3071.646)              (1.155588 -0.12295852 0.093128741)            (-79.832302 -2.1132894 -3071.5529)            (-0.10475435 -0.0025744072 -3.9730417)        (0.0014947033 -0.00015904155 0.00012045801)   (-0.10325964 -0.0027334488 -3.9729213)       
waiyi                     (-174.10669 -0.22772934 1885.8336)            (4.1126533 -0.52338424 0.70460474)            (-169.99404 -0.75111358 1886.5382)            (-0.2251995 -0.00029455809 2.4392446)         (0.0053195398 -0.00067697496 0.00091137587)   (-0.21987996 -0.00097153305 2.4401559)       
weiyi                     (43.180114 -27.328599 583.2635)               (1.3574698 -0.19093343 0.061314681)           (44.537584 -27.519532 583.32481)              (0.055851617 -0.035348365 0.7544262)          (0.0017558287 -0.00024696417 7.9307898e-05)   (0.057607446 -0.035595329 0.7545055)         
xiaoyi                    (152.85315 -1.037371 -368.9036)               (0.34256469 -0.045318591 0.03848875)          (153.19571 -1.0826896 -368.86511)             (0.19770896 -0.0013417947 -0.47716091)        (0.00044309267 -5.8617645e-05 4.9783539e-05)  (0.19815205 -0.0014004123 -0.47711112)       
youfuyi                   (-0.47224819 -0.68977077 17.90972)            (0.1546128 -0.038228442 0.030701471)          (-0.31763538 -0.72799921 17.940422)           (-0.00061083268 -0.00089218877 0.023165452)   (0.000199985 -4.9446842e-05 3.9711029e-05)    (-0.00041084768 -0.00094163561 0.023205163)  
youweiduo                 (-0.89431701 0.37302123 0.71623114)           (0.15136969 -0.030084582 0.015162477)         (-0.74294732 0.34293664 0.73139362)           (-0.0011567605 0.00048248688 0.00092641412)   (0.00019579017 -3.891311e-05 1.9612011e-05)   (-0.00096097034 0.00044357377 0.00094602613) 
zhongyangyi               (1035.5885 0.003232485 14325.614)             (2.3621713 -0.18954314 0.31321632)            (1037.9506 -0.18631065 14325.927)             (1.3394891 4.18108e-06 18.529564)             (0.0030553667 -0.00024516588 0.00040513181)   (1.3425444 -0.0002409848 18.529969)          
zuofuyi                   (-0.39162869 0.68051101 17.375976)            (0.16009238 -0.046305222 0.030373435)         (-0.2315363 0.63420578 17.40635)              (-0.00050655483 0.00088021166 0.022475077)    (0.0002070726 -5.989381e-05 3.9286729e-05)    (-0.00029948223 0.00082031785 0.022514364)   
zuoweiduo                 (2.7350365 -6.7137774 11.484492)              (0.11286822 -0.029937627 0.0045953681)        (2.8479048 -6.743715 11.489087)               (0.0035376519 -0.0086839817 0.014854696)      (0.00014599018 -3.872303e-05 5.9439106e-06)   (0.0036836421 -0.0087227047 0.01486064)      
------------------------- --------------------------------------------- --------------------------------------------- --------------------------------------------- --------------------------------------------- --------------------------------------------- ---------------------------------------------
Net                       (-47.358929 -49.076427 917.44929)             (12.213121 -1.4985479 1.4818082)              (-35.145808 -50.574975 918.9311)              (-0.061256734 -0.063478243 1.1866811)         (0.015797146 -0.0019383071 0.0019166551)      (-0.045459588 -0.06541655 1.1885978)         

Forces - Direction Vector (0.98484328 -0.1391731 0.1035112)
                          Forces [N]                                      Coefficients                                   
Zone                      Pressure        Viscous         Total           Pressure        Viscous         Total          
jidi                      1127.8361       0.00011049488   1127.8362       1.4588073       1.4292036e-07   1.4588075      
jishen                    7654.7118       1.1645809       7655.8764       9.9010399       0.0015063352    9.9025462      
jitou                     -11082.441      1.1630392       -11081.278      -14.33466       0.0015043411    -14.333156     
liangan                   -397.43314      1.1648254       -396.26831      -0.51406264     0.0015066515    -0.51255599    
waiyi                     23.768793       4.1960944       27.964887       0.030743909     0.0054274673    0.036171376    
weiyi                     106.70336       1.3698146       108.07317       0.13801619      0.0017717961    0.13978799     
xiaoyi                    112.49512       0.34766368      112.84278       0.14550759      0.00044968799   0.14595727     
youfuyi                   1.4847637       0.1607677       1.6455314       0.0019204779    0.00020794609   0.002128424    
youweiduo                 -0.85853867     0.15483187      -0.7037068      -0.0011104828   0.00020026835   -0.00091021442 
zhongyangyi               2502.7533       2.3851692       2505.1385       3.2372036       0.0030851136    3.2402887      
zuofuyi                   1.3182065       0.16725434      1.4854608       0.0017050432    0.00021633628   0.0019213795   
zuoweiduo                 4.8167331       0.1157997       4.9325328       0.0062302367    0.00014978192   0.0063800186   
------------------------- --------------- --------------- --------------- --------------- --------------- ---------------
Net                       55.155271       12.389952       67.545223       0.071340967     0.016025868     0.087366835    
