                                    "Force Report"

Forces
                          Forces [N]                                                                                                                                Coefficients                                                                                                                             
Zone                      Pressure                                      Viscous                                       Total                                         Pressure                                      Viscous                                       Total                                        
jidi                      (1144.8145 3.8828035e-07 0.00043539708)       (6.1864003e-09 -0.0049135737 0.00069190443)   (1144.8145 -0.0049131854 0.0011273015)        (1.4807682 5.022239e-10 5.6316737e-07)        (8.0018422e-12 -6.3554959e-06 8.9494857e-07)  (1.4807682 -6.3549937e-06 1.4581159e-06)     
jishen                    (9084.782 1.2265398 -12510.898)               (1.2508564 -0.15852438 -0.076489706)          (9086.0329 1.0680154 -12510.974)              (11.750774 0.0015864764 -16.182307)           (0.0016179289 -0.00020504446 -9.8936138e-05)  (11.752392 0.0013814319 -16.182406)          
jitou                     (-11251.146 -20.340801 1.9691896)             (1.1390733 -0.25439396 0.040133375)           (-11250.007 -20.595195 2.009323)              (-14.552872 -0.02630995 0.0025470619)         (0.0014733422 -0.00032904762 5.1910791e-05)   (-14.551399 -0.026638998 0.0025989727)       
liangan                   (-81.024877 -3.1370089 -3079.1397)            (1.2284055 -0.19809896 -0.016497533)          (-79.796472 -3.3351079 -3079.1562)            (-0.10480219 -0.0040575858 -3.9827345)        (0.0015888896 -0.00025623246 -2.1338848e-05)  (-0.1032133 -0.0043138183 -3.9827559)        
waiyi                     (-131.90885 -0.38122227 1666.8557)            (4.2631491 -0.75958434 0.26474255)            (-127.6457 -1.1408066 1667.1204)              (-0.17061841 -0.00049309458 2.156006)         (0.0055141996 -0.00098248961 0.00034243308)   (-0.16510421 -0.0014755842 2.1563484)        
weiyi                     (42.728933 -37.265969 543.17215)              (1.3498576 -0.29560409 -0.023590138)          (44.078791 -37.561573 543.14856)              (0.055268034 -0.048201924 0.70256977)         (0.0017459826 -0.00038235115 -3.0512827e-05)  (0.057014016 -0.048584276 0.70253926)        
xiaoyi                    (151.58783 -1.3228559 -371.78936)             (0.31781953 -0.061474496 -0.0052653733)       (151.90565 -1.3843304 -371.79463)             (0.19607232 -0.001711057 -0.48089352)         (0.00041108587 -7.9514612e-05 -6.8105334e-06) (0.19648341 -0.0017905717 -0.48090033)       
youfuyi                   (-1.1568523 -0.46489406 13.849612)            (0.19452452 -0.059492899 0.011454484)         (-0.96232779 -0.52438696 13.861066)           (-0.0014963386 -0.00060132044 0.017913876)    (0.00025160909 -7.6951501e-05 1.4815882e-05)  (-0.0012447295 -0.00067827194 0.017928692)   
youweiduo                 (-0.94819602 -0.44069719 -0.72433179)         (0.15309251 -0.045508989 0.015048612)         (-0.79510351 -0.48620618 -0.70928318)         (-0.0012264507 -0.00057002282 -0.00093689196) (0.00019801857 -5.8863916e-05 1.9464731e-05)  (-0.0010284321 -0.00062888674 -0.00091742723)
zhongyangyi               (1054.7282 -0.030935744 14198.685)            (2.469223 -0.34827134 0.084588984)            (1057.1974 -0.37920708 14198.769)             (1.3642455 -4.0014052e-05 18.365387)          (0.0031938335 -0.00045047397 0.00010941221)   (1.3674393 -0.00049048802 18.365496)         
zuofuyi                   (-0.8872095 0.49954778 13.542738)             (0.20339046 -0.051758844 0.010235112)         (-0.68381904 0.44778894 13.552974)            (-0.0011475672 0.00064614353 0.017516949)     (0.00026307679 -6.6947834e-05 1.3238676e-05)  (-0.00088449046 0.0005791957 0.017530187)    
zuoweiduo                 (2.6666649 -6.6352152 11.341125)              (0.11367272 -0.046409146 -0.0048667693)       (2.7803376 -6.6816243 11.336258)              (0.0034492161 -0.0085823649 0.014669257)      (0.00014703076 -6.0028231e-05 -6.2949563e-06) (0.0035962469 -0.0086423931 0.014662962)     
------------------------- --------------------------------------------- --------------------------------------------- --------------------------------------------- --------------------------------------------- --------------------------------------------- ---------------------------------------------
Net                       (14.236531 -68.293511 486.86457)              (12.683065 -2.284035 0.3001855)               (26.919596 -70.577546 487.16476)              (0.01841434 -0.088334714 0.62973834)          (0.016404998 -0.0029543009 0.00038827701)     (0.034819337 -0.091289014 0.63012662)        

Forces - Direction Vector (0.9781476 -0.20791169 0)
                          Forces [N]                                      Coefficients                                   
Zone                      Pressure        Viscous         Total           Pressure        Viscous         Total          
jidi                      1119.7975       0.0010215955    1119.7985       1.4484098       1.3213897e-06   1.4484112      
jishen                    8886.0027       1.2564813       8887.2592       11.493662       0.0016252044    11.495287      
jitou                     -11001.052      1.1670733       -10999.885      -14.229387      0.001509559     -14.227877     
liangan                   -78.602069      1.242749        -77.35932       -0.10166839     0.0016074423    -0.10006095    
waiyi                     -128.94706      4.3279155       -124.61915      -0.16678747     0.0055979722    -0.1611895     
weiyi                     49.543234       1.3818195       50.925053       0.064082038     0.001787324     0.065869362    
xiaoyi                    148.55031       0.32365568      148.87396       0.19214342      0.00041863468   0.19256205     
youfuyi                   -1.0349154      0.20264297      -0.83227244     -0.0013386185   0.00026210994   -0.0010765085  
youweiduo                 -0.83584957     0.15920893      -0.67664064     -0.0010811354   0.00020592989   -0.00087520551 
zhongyangyi               1031.6863       2.4876742       1034.174        1.3344417       0.0032176994    1.3376594      
zuofuyi                   -0.97168366     0.20970716      -0.76197651     -0.0012568309   0.00027124717   -0.00098558378 
zuoweiduo                 3.9879307       0.1208377       4.1087684       0.0051582165    0.00015629836   0.0053145148   
------------------------- --------------- --------------- --------------- --------------- --------------- ---------------
Net                       28.124448       12.880787       41.005235       0.036377762     0.016660743     0.053038505    
