                                    "Force Report"

Forces
                          Forces [N]                                                                                                                                Coefficients                                                                                                                             
Zone                      Pressure                                      Viscous                                       Total                                         Pressure                                      Viscous                                       Total                                        
jidi                      (1146.1088 4.4556731e-07 0.00043614406)       (2.7595838e-08 0.0050483256 0.0061766422)     (1146.1088 0.0050487712 0.0066127863)         (1.4824424 5.7632211e-10 5.6413355e-07)       (3.5694028e-11 6.5297916e-06 7.9892205e-06)   (1.4824424 6.5303679e-06 8.5533541e-06)      
jishen                    (9092.2817 -2.6254976 -12503.004)             (1.1991229 -0.16687926 0.0046421774)          (9093.4808 -2.7923768 -12503)                 (11.760475 -0.003395968 -16.172097)           (0.0015510137 -0.00021585113 6.0044564e-06)   (11.762026 -0.0036118191 -16.172091)         
jitou                     (-11263.72 -19.851717 24.746009)              (1.0977106 -0.25450903 0.28395968)            (-11262.622 -20.106226 25.029969)             (-14.569136 -0.02567734 0.032007897)          (0.0014198414 -0.00032919647 0.00036728961)   (-14.567716 -0.026006536 0.032375186)        
liangan                   (-81.092882 -3.6918104 -3066.1088)            (1.2891671 -0.19904306 0.18836017)            (-79.803715 -3.8908534 -3065.9204)            (-0.10489015 -0.0047751976 -3.9658796)        (0.0016674821 -0.00025745362 0.00024363576)   (-0.10322267 -0.0050326512 -3.9656359)       
waiyi                     (-209.58715 -0.33086337 1956.5798)            (3.3385449 -0.75088561 0.88278645)            (-206.2486 -1.081749 1957.4625)               (-0.27109194 -0.00042795751 2.5307516)        (0.0043182639 -0.00097123819 0.0011418462)    (-0.26677368 -0.0013991957 2.5318934)        
weiyi                     (37.843551 -32.637454 600.74584)              (1.3111177 -0.2932103 0.12736133)             (39.154668 -32.930664 600.8732)               (0.048949002 -0.04221514 0.77703885)          (0.0016958743 -0.00037925489 0.00016473639)   (0.050644876 -0.042594395 0.77720359)        
xiaoyi                    (153.18864 -1.9364125 -367.58481)             (0.34549163 -0.070679974 0.061355847)         (153.53413 -2.0070925 -367.52346)             (0.19814291 -0.0025046662 -0.47545511)        (0.00044687854 -9.1421501e-05 7.9361144e-05)  (0.19858978 -0.0025960877 -0.47537575)       
youfuyi                   (0.12165453 -0.96819645 23.37522)             (0.12598161 -0.068795915 0.046077712)         (0.24763614 -1.0369924 23.421298)             (0.00015735489 -0.0012523204 0.03023484)      (0.00016295178 -8.8984552e-05 5.9599534e-05)  (0.00032030668 -0.0013413049 0.030294439)    
youweiduo                 (-0.8238145 0.5298788 0.99653367)             (0.14333262 -0.041250504 0.023472728)         (-0.68048188 0.4886283 1.0200064)             (-0.0010655686 0.00068537539 0.0012889734)    (0.00018539457 -5.3355749e-05 3.0360963e-05)  (-0.00088017399 0.00063201964 0.0013193343)  
zhongyangyi               (1026.4048 0.025755221 14374.404)             (1.9684324 -0.22198774 0.36859071)            (1028.3732 -0.19623252 14374.773)             (1.3276104 3.3313269e-05 18.592673)           (0.0025460825 -0.00028713157 0.0004767562)    (1.3301565 -0.00025381831 18.593149)         
zuofuyi                   (0.095251565 0.89074156 21.776183)            (0.14497841 -0.08528084 0.042199553)          (0.24022997 0.80546072 21.818383)             (0.00012320379 0.0011521358 0.028166555)      (0.00018752332 -0.00011030709 5.4583303e-05)  (0.00031072712 0.0010418287 0.028221138)     
zuoweiduo                 (2.3539554 -6.3206642 10.809551)              (0.11455894 -0.04351409 -0.0032642319)        (2.4685143 -6.3641783 10.806287)              (0.0030447399 -0.0081755067 0.013981688)      (0.00014817705 -5.62836e-05 -4.2221433e-06)   (0.0031929169 -0.0082317903 0.013977466)     
------------------------- --------------------------------------------- --------------------------------------------- --------------------------------------------- --------------------------------------------- --------------------------------------------- ---------------------------------------------
Net                       (-96.825053 -66.916239 1076.736)              (11.078439 -2.190988 2.0317188)               (-85.746614 -69.107227 1078.7677)             (-0.12523903 -0.086553271 1.3927116)          (0.014329483 -0.0028339486 0.0026279407)      (-0.11090955 -0.08938722 1.3953395)          

Forces - Direction Vector (0.96328734 -0.20791169 0.16985355)
                          Forces [N]                                      Coefficients                                   
Zone                      Pressure        Viscous         Total           Pressure        Viscous         Total          
jidi                      1104.0322       -4.5473191e-07  1104.0322       1.4280181       -5.8817613e-10  1.4280181      
jishen                    6635.3461       1.1905845       6636.5367       8.5825342       0.0015399698    8.5840742      
jitou                     -10841.868      1.1585577       -10840.709      -14.023489      0.0014985445    -14.02199      
liangan                   -598.13763      1.3152154       -596.82242      -0.77366525     0.0017011744    -0.77196408    
waiyi                     130.50816       3.5220403       134.0302        0.16880668      0.0045556074    0.17336229     
weiyi                     145.27873       1.3455778       146.62431       0.18791178      0.0017404468    0.18965223     
xiaoyi                    85.531697       0.35792442      85.889621       0.11063156      0.00046295981   0.11109452     
youfuyi                   4.2888517       0.14348643      4.4323381       0.0055474449    0.00018559351   0.0057330384   
youweiduo                 -0.7344733      0.15063389      -0.58383941     -0.00095000956  0.00019483844   -0.00075517111 
zhongyangyi               3430.261        2.0049263       3432.2659       4.4368948       0.0025932858    4.4394881      
zuofuyi                   3.605321        0.16455449      3.7698755       0.0046633274    0.00021284415   0.0048761715   
zuoweiduo                 5.417716        0.11884582      5.5365618       0.0070075821    0.00015372195   0.0071613041   
------------------------- --------------- --------------- --------------- --------------- --------------- ---------------
Net                       103.52974       11.472347       115.00209       0.13391126      0.014838986     0.14875025     
