                                    "Force Report"

Moments - Moment Center (0 0 0.05)
                          Moments [N m]                                                                                                                             Coefficients                                                                                                                             
Zone                      Pressure                                      Viscous                                       Total                                         Pressure                                      Viscous                                       Total                                        
jidi                      (7.0204229e-09 -22.891932 0.0052139671)       (4.0719114e-05 -0.0010435046 -0.00044819174)  (4.0726135e-05 -22.892976 0.0047657754)       (2.4898862e-11 -0.081189275 1.8492026e-05)    (1.4441574e-07 -3.7009275e-06 -1.5895715e-06) (1.4444064e-07 -0.081192976 1.6902455e-05)   
jishen                    (0.14759858 -231.55768 1.1176208)             (-0.013192408 -0.07918089 -0.0024895781)      (0.13440617 -231.63686 1.1151312)             (0.00052347794 -0.82125003 0.0039637903)      (-4.6788627e-05 -0.00028082553 -8.829619e-06) (0.00047668931 -0.82153085 0.0039549607)     
jitou                     (-0.44002308 538.50782 4.3202136)             (-0.004734095 -0.039124292 0.053858986)       (-0.44475717 538.4687 4.3740725)              (-0.0015606002 1.9098895 0.015322211)         (-1.6790096e-05 -0.00013875949 0.00019101804) (-0.0015773903 1.9097507 0.015513229)        
liangan                   (0.23591546 646.16243 -0.47202436)            (0.0042602007 0.10404823 0.0061550423)        (0.24017566 646.26648 -0.46586932)            (0.00083670549 2.2917008 -0.001674097)        (1.5109367e-05 0.00036902086 2.1829674e-05)   (0.00085181486 2.2920698 -0.0016522673)      
waiyi                     (3.0101858 -47.569731 -0.057281451)           (0.031300154 0.63739318 -0.019175337)         (3.0414859 -46.932338 -0.076456788)           (0.010676023 -0.16871236 -0.00020315627)      (0.00011101015 0.0022605995 -6.8007877e-05)   (0.010787033 -0.16645176 -0.00027116414)     
weiyi                     (-7.1438067 -687.68618 -23.140752)            (0.031706025 0.49555332 -0.14352008)          (-7.1121007 -687.19062 -23.284272)            (-0.025336459 -2.4389703 -0.082071747)        (0.00011244963 0.0017575456 -0.00050901302)   (-0.025224009 -2.4372127 -0.08258076)        
xiaoyi                    (2.0334464 55.889597 -0.2254737)              (0.023990654 0.039215035 -0.014707243)        (2.057437 55.928812 -0.24018095)              (0.0072118874 0.19821987 -0.00079967241)      (8.5086038e-05 0.00013908133 -5.2161191e-05)  (0.0072969734 0.19835895 -0.0008518336)      
youfuyi                   (16.186018 -2.3438971 0.89196088)             (0.018404547 0.018719857 -0.2208562)          (16.204423 -2.3251772 0.67110468)             (0.057405861 -0.008312942 0.0031634576)       (6.5274169e-05 6.6392457e-05 -0.00078329581)  (0.057471135 -0.0082465495 0.0023801618)     
youweiduo                 (-0.033163116 -0.30699023 0.32826688)         (0.0047832299 0.040936619 -0.077595409)       (-0.028379886 -0.26605361 0.25067147)         (-0.00011761739 -0.0010887816 0.0011642421)   (1.696436e-05 0.00014518715 -0.00027520241)   (-0.00010065303 -0.00094359443 0.00088903964)
zhongyangyi               (3.2592278 -282.41397 0.12421536)             (0.018349179 0.34718752 -0.0102775)           (3.2775769 -282.06678 0.11393786)             (0.011559284 -1.0016186 0.00044054625)        (6.5077798e-05 0.0012313466 -3.6450516e-05)   (0.011624362 -1.0003873 0.00040409573)       
zuofuyi                   (-15.974189 -2.3194564 -0.90813172)           (-0.014537676 0.019119334 0.21764165)         (-15.988727 -2.3003371 -0.69049008)           (-0.056654582 -0.00822626 -0.0032208097)      (-5.1559796e-05 6.7809254e-05 0.00077189499)  (-0.056706142 -0.0081584507 -0.0024489147)   
zuoweiduo                 (-2.1263773 -14.038691 -7.6527078)            (0.0036698287 0.020491748 0.0099862567)       (-2.1227075 -14.0182 -7.6427216)              (-0.0075414793 -0.049790081 -0.027141344)     (1.3015535e-05 7.2676702e-05 3.5417585e-05)   (-0.0075284638 -0.049717405 -0.027105926)    
------------------------- --------------------------------------------- --------------------------------------------- --------------------------------------------- --------------------------------------------- --------------------------------------------- ---------------------------------------------
Net                       (-0.84516754 -50.568671 -25.66888)            (0.10404036 1.6033162 -0.20142761)            (-0.74112718 -48.965355 -25.870307)           (-0.0029974988 -0.1793485 -0.091038087)       (0.00036899294 0.0056863735 -0.00071438974)   (-0.0026285059 -0.17366213 -0.091752477)     

Moments - Moment Center (0 0 0.05) Moment Axis (0 1 0)
                          Moments [N m]                                   Coefficients                                   
Zone                      Pressure        Viscous         Total           Pressure        Viscous         Total          
jidi                      -22.891932      -0.0010435046   -22.892976      -0.081189275    -3.7009275e-06  -0.081192976   
jishen                    -231.55768      -0.07918089     -231.63686      -0.82125003     -0.00028082553  -0.82153085    
jitou                     538.50782       -0.039124292    538.4687        1.9098895       -0.00013875949  1.9097507      
liangan                   646.16243       0.10404823      646.26648       2.2917008       0.00036902086   2.2920698      
waiyi                     -47.569731      0.63739318      -46.932338      -0.16871236     0.0022605995    -0.16645176    
weiyi                     -687.68618      0.49555332      -687.19062      -2.4389703      0.0017575456    -2.4372127     
xiaoyi                    55.889597       0.039215035     55.928812       0.19821987      0.00013908133   0.19835895     
youfuyi                   -2.3438971      0.018719857     -2.3251772      -0.008312942    6.6392457e-05   -0.0082465495  
youweiduo                 -0.30699023     0.040936619     -0.26605361     -0.0010887816   0.00014518715   -0.00094359443 
zhongyangyi               -282.41397      0.34718752      -282.06678      -1.0016186      0.0012313466    -1.0003873     
zuofuyi                   -2.3194564      0.019119334     -2.3003371      -0.00822626     6.7809254e-05   -0.0081584507  
zuoweiduo                 -14.038691      0.020491748     -14.0182        -0.049790081    7.2676702e-05   -0.049717405   
------------------------- --------------- --------------- --------------- --------------- --------------- ---------------
Net                       -50.568671      1.6033162       -48.965355      -0.1793485      0.0056863735    -0.17366213    
