                                    "Force Report"

Moments - Moment Center (0 0 0.05)
                          Moments [N m]                                                                                                                             Coefficients                                                                                                                             
Zone                      Pressure                                      Viscous                                       Total                                         Pressure                                      Viscous                                       Total                                        
jidi                      (-3.679198e-09 -22.877959 0.0048348857)       (4.6696931e-05 1.3308954e-05 -0.00098589067)  (4.6693251e-05 -22.877946 0.003848995)        (-1.3048764e-11 -0.081139718 1.7147564e-05)   (1.6561686e-07 4.720197e-08 -3.4965921e-06)   (1.6560381e-07 -0.081139671 1.3650972e-05)   
jishen                    (0.37474876 -232.30374 2.5446006)             (-0.026266261 -0.094152111 0.0010438613)      (0.34848249 -232.3979 2.5456445)              (0.0013290962 -0.82389605 0.0090247637)       (-9.3156779e-05 -0.00033392296 3.7021926e-06) (0.0012359394 -0.82422998 0.0090284659)      
jitou                     (-0.88897088 532.01333 8.7087104)             (-0.009654963 -0.10859141 0.10813567)         (-0.89862584 531.90473 8.816846)              (-0.0031528532 1.8868559 0.030886597)         (-3.4242608e-05 -0.00038513383 0.00038351751) (-0.0031870958 1.8864707 0.031270114)        
liangan                   (0.46200794 645.58583 -0.23001962)            (0.0098682319 0.12128895 0.0058559112)        (0.47187617 645.70712 -0.22416371)            (0.0016385725 2.2896558 -0.00081579512)       (3.4998994e-05 0.00043016736 2.0768766e-05)   (0.0016735714 2.290086 -0.00079502636)       
waiyi                     (7.488273 -51.892008 -0.94787158)             (0.064673259 0.54797898 -0.041448234)         (7.5529462 -51.344029 -0.98931981)            (0.026558154 -0.18404189 -0.0033617523)       (0.00022937229 0.0019434802 -0.00014700166)   (0.026787526 -0.18209841 -0.003508754)       
weiyi                     (-10.519857 -656.42127 -33.899653)            (0.067166138 0.54444679 -0.23397228)          (-10.452691 -655.87682 -34.133625)            (-0.03731007 -2.3280851 -0.12022962)          (0.00023821362 0.0019309528 -0.00082981374)   (-0.037071857 -2.3261542 -0.12105943)        
xiaoyi                    (0.77125996 55.921466 -0.59796447)            (0.02194599 0.042057219 -0.023341761)         (0.79320595 55.963523 -0.62130623)            (0.0027353758 0.1983329 -0.0021207604)        (7.7834367e-05 0.00014916151 -8.2784653e-05)  (0.0028132102 0.19848206 -0.002203545)       
youfuyi                   (13.132022 -1.9390198 1.1933158)              (0.0012492686 0.024025884 -0.24735838)        (13.133271 -1.9149939 0.94595746)             (0.046574457 -0.0068769909 0.004232253)       (4.4306968e-06 8.5210987e-05 -0.00087728933)  (0.046578888 -0.0067917799 0.0033549637)     
youweiduo                 (-0.21136177 1.077598 -0.44569744)            (0.0091134932 0.03864477 -0.095436608)        (-0.20224828 1.1162428 -0.54113405)           (-0.00074962257 0.0038218443 -0.0015807251)   (3.2322213e-05 0.0001370588 -0.0003384786)    (-0.00071730036 0.0039589031 -0.0019192037)  
zhongyangyi               (6.9628078 -289.62365 -0.6159173)             (0.041293349 0.2985611 -0.024808816)          (7.0041011 -289.32509 -0.64072611)            (0.024694522 -1.0271887 -0.0021844324)        (0.00014645234 0.0010588866 -8.7987758e-05)   (0.024840974 -1.0261298 -0.0022724202)       
zuofuyi                   (-12.70539 -1.8698524 -1.0049821)             (0.0049481623 0.022622627 0.22405262)         (-12.700441 -1.8472298 -0.78092952)           (-0.04506135 -0.0066316796 -0.0035643025)     (1.7549314e-05 8.0234148e-05 0.00079463234)   (-0.045043801 -0.0065514455 -0.0027696702)   
zuoweiduo                 (-2.0354774 -14.051976 -7.6616284)            (0.01131252 0.030575729 -0.013433239)         (-2.0241649 -14.021401 -7.6750616)            (-0.0072190906 -0.049837199 -0.027172982)     (4.0121353e-05 0.00010844088 -4.7642763e-05)  (-0.0071789693 -0.049728758 -0.027220625)    
------------------------- --------------------------------------------- --------------------------------------------- --------------------------------------------- --------------------------------------------- --------------------------------------------- ---------------------------------------------
Net                       (2.830062 -36.381259 -32.952272)              (0.19569589 1.4674718 -0.34169715)            (3.0257579 -34.913787 -33.29397)              (0.01003719 -0.12903096 -0.11686961)          (0.00069406142 0.0052045836 -0.0012118743)    (0.010731252 -0.12382638 -0.11808148)        

Moments - Moment Center (0 0 0.05) Moment Axis (0 1 0)
                          Moments [N m]                                   Coefficients                                   
Zone                      Pressure        Viscous         Total           Pressure        Viscous         Total          
jidi                      -22.877959      1.3308954e-05   -22.877946      -0.081139718    4.720197e-08    -0.081139671   
jishen                    -232.30374      -0.094152111    -232.3979       -0.82389605     -0.00033392296  -0.82422998    
jitou                     532.01333       -0.10859141     531.90473       1.8868559       -0.00038513383  1.8864707      
liangan                   645.58583       0.12128895      645.70712       2.2896558       0.00043016736   2.290086       
waiyi                     -51.892008      0.54797898      -51.344029      -0.18404189     0.0019434802    -0.18209841    
weiyi                     -656.42127      0.54444679      -655.87682      -2.3280851      0.0019309528    -2.3261542     
xiaoyi                    55.921466       0.042057219     55.963523       0.1983329       0.00014916151   0.19848206     
youfuyi                   -1.9390198      0.024025884     -1.9149939      -0.0068769909   8.5210987e-05   -0.0067917799  
youweiduo                 1.077598        0.03864477      1.1162428       0.0038218443    0.0001370588    0.0039589031   
zhongyangyi               -289.62365      0.2985611       -289.32509      -1.0271887      0.0010588866    -1.0261298     
zuofuyi                   -1.8698524      0.022622627     -1.8472298      -0.0066316796   8.0234148e-05   -0.0065514455  
zuoweiduo                 -14.051976      0.030575729     -14.021401      -0.049837199    0.00010844088   -0.049728758   
------------------------- --------------- --------------- --------------- --------------- --------------- ---------------
Net                       -36.381259      1.4674718       -34.913787      -0.12903096     0.0052045836    -0.12382638    
