                                    "Force Report"

Moments - Moment Center (0 0 0.05)
                          Moments [N m]                                                                                                                             Coefficients                                                                                                                             
Zone                      Pressure                                      Viscous                                       Total                                         Pressure                                      Viscous                                       Total                                        
jidi                      (-1.2137981e-09 -22.876831 0.0030147243)      (2.9837243e-05 0.00057101988 -0.00038027016)  (2.9836029e-05 -22.87626 0.0026344541)        (-4.3048961e-12 -0.081135717 1.069212e-05)    (1.0582174e-07 2.0251978e-06 -1.3486786e-06)  (1.0581744e-07 -0.081133692 9.3434411e-06)   
jishen                    (0.2048095 -232.62987 1.3458633)              (-0.01346764 -0.092717379 -0.0020994733)      (0.19134186 -232.72259 1.3437638)             (0.00072638405 -0.8250527 0.0047732828)       (-4.7764771e-05 -0.00032883449 -7.4460607e-06) (0.00067861928 -0.82538154 0.0047658367)     
jitou                     (-0.44783897 531.87444 4.3891512)             (-0.0048417626 -0.10965836 0.054177715)       (-0.45268073 531.76478 4.4433289)             (-0.0015883203 1.8863633 0.015566707)         (-1.7171954e-05 -0.00038891794 0.00019214846) (-0.0016054923 1.8859744 0.015758856)        
liangan                   (0.2219987 645.06339 -0.25350528)             (0.0028542569 0.1098208 0.0045202983)         (0.22485296 645.17321 -0.24898498)            (0.00078734784 2.2878029 -0.0008990901)       (1.0123001e-05 0.00038949403 1.6031838e-05)   (0.00079747084 2.2881924 -0.00088305827)     
waiyi                     (3.3934754 -52.080843 -0.37751428)            (0.03193169 0.5536825 -0.02093883)            (3.4254071 -51.52716 -0.39845311)             (0.012035411 -0.18471162 -0.0013389045)       (0.00011324997 0.0019637084 -7.4262339e-05)   (0.012148661 -0.18274791 -0.0014131668)      
weiyi                     (-7.0613072 -655.90922 -22.891242)            (0.033250412 0.57107374 -0.12991751)          (-7.0280568 -655.33815 -23.02116)             (-0.025043863 -2.3262691 -0.081186828)        (0.000117927 0.0020253888 -0.00046076969)     (-0.024925936 -2.3242437 -0.081647598)       
xiaoyi                    (0.40373797 55.87617 -0.29302614)             (0.010761064 0.040988776 -0.013336376)        (0.41449903 55.917159 -0.30636252)            (0.0014319103 0.19817225 -0.0010392561)       (3.816554e-05 0.00014537213 -4.7299228e-05)   (0.0014700758 0.19831762 -0.0010865553)      
youfuyi                   (12.808972 -1.8700252 0.99239596)             (0.0023399906 0.021778081 -0.22929191)        (12.811312 -1.8482471 0.76310405)             (0.045428718 -0.0066322925 0.003519664)       (8.299087e-06 7.7238854e-05 -0.0008132142)    (0.045437017 -0.0065550537 0.0027064498)     
youweiduo                 (-0.12397311 0.62556068 -0.1968129)           (0.0022129562 0.048248652 -0.074035354)       (-0.12176015 0.67380933 -0.27084825)          (-0.00043968707 0.002218634 -0.00069802305)   (7.8485429e-06 0.00017112025 -0.00026257621)  (-0.00043183853 0.0023897542 -0.00096059926) 
zhongyangyi               (3.5628799 -289.73659 -0.32099132)            (0.020890579 0.30247751 -0.011418963)         (3.5837704 -289.43411 -0.33241028)            (0.012636226 -1.0275893 -0.0011384383)        (7.4091209e-05 0.0010727766 -4.0498867e-05)   (0.012710317 -1.0265165 -0.0011789372)       
zuofuyi                   (-12.648903 -1.852593 -0.96834771)            (0.0016470997 0.021760627 0.22175524)         (-12.647256 -1.8308324 -0.74659247)           (-0.044861012 -0.0065704668 -0.0034343737)    (5.8416575e-06 7.7176952e-05 0.00078648439)   (-0.044855171 -0.0064932899 -0.0026478893)   
zuoweiduo                 (-2.0529008 -13.519362 -7.3204148)            (0.005226554 0.021621875 0.0035572941)        (-2.0476742 -13.49774 -7.3168575)             (-0.007280885 -0.047948212 -0.025962822)      (1.8536667e-05 7.6684848e-05 1.2616416e-05)   (-0.0072623483 -0.047871527 -0.025950206)    
------------------------- --------------------------------------------- --------------------------------------------- --------------------------------------------- --------------------------------------------- --------------------------------------------- ---------------------------------------------
Net                       (-1.7390496 -37.035766 -25.891429)            (0.092835036 1.4896478 -0.19740814)           (-1.6462146 -35.546118 -26.088838)            (-0.0061677702 -0.13135226 -0.09182739)       (0.00032925177 0.0052832337 -0.00070013418)   (-0.0058385184 -0.12606903 -0.092527524)     

Moments - Moment Center (0 0 0.05) Moment Axis (0 1 0)
                          Moments [N m]                                   Coefficients                                   
Zone                      Pressure        Viscous         Total           Pressure        Viscous         Total          
jidi                      -22.876831      0.00057101988   -22.87626       -0.081135717    2.0251978e-06   -0.081133692   
jishen                    -232.62987      -0.092717379    -232.72259      -0.8250527      -0.00032883449  -0.82538154    
jitou                     531.87444       -0.10965836     531.76478       1.8863633       -0.00038891794  1.8859744      
liangan                   645.06339       0.1098208       645.17321       2.2878029       0.00038949403   2.2881924      
waiyi                     -52.080843      0.5536825       -51.52716       -0.18471162     0.0019637084    -0.18274791    
weiyi                     -655.90922      0.57107374      -655.33815      -2.3262691      0.0020253888    -2.3242437     
xiaoyi                    55.87617        0.040988776     55.917159       0.19817225      0.00014537213   0.19831762     
youfuyi                   -1.8700252      0.021778081     -1.8482471      -0.0066322925   7.7238854e-05   -0.0065550537  
youweiduo                 0.62556068      0.048248652     0.67380933      0.002218634     0.00017112025   0.0023897542   
zhongyangyi               -289.73659      0.30247751      -289.43411      -1.0275893      0.0010727766    -1.0265165     
zuofuyi                   -1.852593       0.021760627     -1.8308324      -0.0065704668   7.7176952e-05   -0.0064932899  
zuoweiduo                 -13.519362      0.021621875     -13.49774       -0.047948212    7.6684848e-05   -0.047871527   
------------------------- --------------- --------------- --------------- --------------- --------------- ---------------
Net                       -37.035766      1.4896478       -35.546118      -0.13135226     0.0052832337    -0.12606903    
