                                    "Force Report"

Moments - Moment Center (0 0 0.05)
                          Moments [N m]                                                                                                                             Coefficients                                                                                                                             
Zone                      Pressure                                      Viscous                                       Total                                         Pressure                                      Viscous                                       Total                                        
jidi                      (-1.1505666e-09 -22.900793 0.0052222865)      (-3.5022635e-05 -0.00038746627 -0.0027516005) (-3.5023785e-05 -22.90118 0.002470686)        (-4.080637e-12 -0.081220701 1.8521532e-05)    (-1.2421242e-07 -1.3742006e-06 -9.7589164e-06) (-1.242165e-07 -0.081222075 8.7626157e-06)   
jishen                    (0.32589336 -231.00722 3.1045457)             (-0.037609884 -0.078987892 0.0041350981)      (0.28828347 -231.08621 3.1086808)             (0.001155824 -0.81929777 0.011010683)         (-0.00013338844 -0.00028014104 1.4665674e-05) (0.0010224356 -0.81957791 0.011025349)       
jitou                     (-1.2930669 538.65034 12.694643)              (-0.01429564 -0.037717214 0.16172781)         (-1.3073625 538.61262 12.85637)               (-0.0045860333 1.9103949 0.045023234)         (-5.0701385e-05 -0.00013376911 0.00057358916) (-0.0046367347 1.9102611 0.045596823)        
liangan                   (0.99380703 647.98866 -0.81824894)            (0.019734863 0.14010545 0.00091677088)        (1.0135419 648.12876 -0.81733217)             (0.0035246685 2.2981778 -0.0029020284)        (6.9992312e-05 0.00049690257 3.2514496e-06)   (0.0035946608 2.2986747 -0.002898777)        
waiyi                     (9.1959655 -47.36228 -0.42454789)             (0.091072613 0.62113121 -0.056827403)         (9.2870381 -46.741149 -0.48137529)            (0.032614712 -0.16797661 -0.0015057154)       (0.00032300111 0.0022029242 -0.00020154592)   (0.032937713 -0.16577369 -0.0017072614)      
weiyi                     (-14.016556 -686.99949 -45.638265)            (0.096575441 0.43552705 -0.37919166)          (-13.919981 -686.56396 -46.017457)            (-0.049711577 -2.4365348 -0.16186216)         (0.00034251762 0.0015446545 -0.0013448535)    (-0.049369059 -2.4349902 -0.16320702)        
xiaoyi                    (5.5385185 56.010403 -0.97276059)             (0.062634825 0.040924975 -0.039299142)        (5.6011533 56.051328 -1.0120597)              (0.019643091 0.19864833 -0.0034500245)        (0.00022214272 0.00014514585 -0.00013937962)  (0.019865234 0.19879347 -0.0035894042)       
youfuyi                   (16.5117 -2.4285176 1.2735189)                (0.019550417 0.020901413 -0.24104757)         (16.53125 -2.4076162 1.0324713)               (0.058560935 -0.0086130598 0.0045167038)      (6.9338147e-05 7.4129634e-05 -0.00085490718)  (0.058630273 -0.0085389302 0.0036617966)     
youweiduo                 (-0.22128405 0.71209582 -0.24472085)          (0.018037341 0.022928685 -0.11922696)         (-0.20324671 0.7350245 -0.36394781)           (-0.00078481324 0.0025255423 -0.00086793497)  (6.3971822e-05 8.1319625e-05 -0.00042285423)  (-0.00072084142 0.0026068619 -0.0012907892)  
zhongyangyi               (9.9689324 -282.62537 0.35500382)             (0.054931068 0.33750973 -0.029850835)         (10.023863 -282.28786 0.32515298)             (0.035356142 -1.0023684 0.0012590682)         (0.00019482032 0.0011970231 -0.00010586995)   (0.035550962 -1.0011713 0.0011531982)        
zuofuyi                   (-16.048633 -2.3514187 -1.0187775)            (-0.0067592288 0.021804379 0.22957052)        (-16.055392 -2.3296143 -0.78920697)           (-0.056918605 -0.0083396184 -0.0036132296)    (-2.3972502e-05 7.7332123e-05 0.00081420233)  (-0.056942577 -0.0082622863 -0.0027990273)   
zuoweiduo                 (-2.06496 -14.73215 -8.1137937)               (0.015338883 0.038920659 -0.021827975)        (-2.0496211 -14.69323 -8.1356217)             (-0.0073236547 -0.052249526 -0.028776646)     (5.4401385e-05 0.00013803728 -7.7415809e-05)  (-0.0072692534 -0.052111488 -0.028854062)    
------------------------- --------------------------------------------- --------------------------------------------- --------------------------------------------- --------------------------------------------- --------------------------------------------- ---------------------------------------------
Net                       (8.8903171 -47.045745 -39.798181)             (0.31917567 1.562661 -0.49367293)             (9.2094928 -45.483084 -40.291854)             (0.031530689 -0.16685398 -0.14114953)         (0.0011319989 0.0055421845 -0.0017508766)     (0.032662688 -0.16131179 -0.14290041)        

Moments - Moment Center (0 0 0.05) Moment Axis (0 1 0)
                          Moments [N m]                                   Coefficients                                   
Zone                      Pressure        Viscous         Total           Pressure        Viscous         Total          
jidi                      -22.900793      -0.00038746627  -22.90118       -0.081220701    -1.3742006e-06  -0.081222075   
jishen                    -231.00722      -0.078987892    -231.08621      -0.81929777     -0.00028014104  -0.81957791    
jitou                     538.65034       -0.037717214    538.61262       1.9103949       -0.00013376911  1.9102611      
liangan                   647.98866       0.14010545      648.12876       2.2981778       0.00049690257   2.2986747      
waiyi                     -47.36228       0.62113121      -46.741149      -0.16797661     0.0022029242    -0.16577369    
weiyi                     -686.99949      0.43552705      -686.56396      -2.4365348      0.0015446545    -2.4349902     
xiaoyi                    56.010403       0.040924975     56.051328       0.19864833      0.00014514585   0.19879347     
youfuyi                   -2.4285176      0.020901413     -2.4076162      -0.0086130598   7.4129634e-05   -0.0085389302  
youweiduo                 0.71209582      0.022928685     0.7350245       0.0025255423    8.1319625e-05   0.0026068619   
zhongyangyi               -282.62537      0.33750973      -282.28786      -1.0023684      0.0011970231    -1.0011713     
zuofuyi                   -2.3514187      0.021804379     -2.3296143      -0.0083396184   7.7332123e-05   -0.0082622863  
zuoweiduo                 -14.73215       0.038920659     -14.69323       -0.052249526    0.00013803728   -0.052111488   
------------------------- --------------- --------------- --------------- --------------- --------------- ---------------
Net                       -47.045745      1.562661        -45.483084      -0.16685398     0.0055421845    -0.16131179    
