                                    "Force Report"

Forces
                          Forces [N]                                                                                                                                Coefficients                                                                                                                             
Zone                      Pressure                                      Viscous                                       Total                                         Pressure                                      Viscous                                       Total                                        
jidi                      (1145.1917 -3.4445506e-08 0.00043549066)      (1.0536268e-08 7.791257e-05 0.00068939302)    (1145.1917 7.7878124e-05 0.0011248837)        (1.4812561 -4.4553778e-11 5.632884e-07)       (1.3628208e-11 1.0077655e-07 8.9170016e-07)   (1.4812561 1.00732e-07 1.4549886e-06)        
jishen                    (9086.7442 0.27937662 -12503.032)             (1.1769854 -0.11992673 -0.010579347)          (9087.9212 0.15944988 -12503.043)             (11.753312 0.00036136161 -16.172133)          (0.0015223799 -0.00015512006 -1.3683929e-05)  (11.754834 0.00020624155 -16.172147)         
jitou                     (-11256.383 -13.567111 16.448294)             (1.1393742 -0.17017285 0.18839687)            (-11255.244 -13.737284 16.636691)             (-14.559647 -0.017548474 0.021275159)         (0.0014737314 -0.00022011125 0.00024368323)   (-14.558173 -0.017768585 0.021518843)        
liangan                   (-81.162303 -1.4761168 -3074.2908)            (1.1626342 -0.11462172 0.044244081)           (-79.999669 -1.5907385 -3074.2465)            (-0.10497994 -0.0019092935 -3.9764626)        (0.0015038172 -0.00014825826 5.7227812e-05)   (-0.10347612 -0.0020575517 -3.9764054)       
waiyi                     (-168.32785 -0.83346288 1814.5998)            (4.0851758 -0.52222649 0.63085127)            (-164.24267 -1.3556894 1815.2307)             (-0.21772482 -0.0010780483 2.3471067)         (0.0052839988 -0.00067547746 0.00081597893)   (-0.21244082 -0.0017535258 2.3479227)        
weiyi                     (44.896989 -17.479478 555.68049)              (1.4522379 -0.17854758 0.030513678)           (46.349227 -17.658026 555.711)                (0.058072321 -0.022608952 0.71874876)         (0.0018784072 -0.0002309436 3.9468128e-05)    (0.059950728 -0.022839896 0.71878823)        
xiaoyi                    (152.73161 -0.70848846 -368.97923)            (0.33952374 -0.043368287 0.036485352)         (153.07113 -0.75185674 -368.94275)            (0.19755175 -0.00091639929 -0.47725874)       (0.00043915932 -5.6095011e-05 4.719223e-05)   (0.19799091 -0.0009724943 -0.47721155)       
youfuyi                   (-0.46179963 -0.68852691 17.951299)           (0.15100426 -0.040792565 0.031852065)         (-0.31079537 -0.72931947 17.983152)           (-0.00059731792 -0.00089057988 0.023219232)   (0.0001953175 -5.2763425e-05 4.1199273e-05)   (-0.00040200042 -0.00094334331 0.023260432)  
youweiduo                 (-0.90296098 0.13570542 0.27830604)           (0.15142087 -0.030835151 0.013330619)         (-0.75154011 0.10487027 0.29163666)           (-0.0011679411 0.00017552911 0.00035997687)   (0.00019585637 -3.9883939e-05 1.7242581e-05)  (-0.00097208475 0.00013564517 0.00037721946) 
zhongyangyi               (1037.505 -0.016569748 14311.355)             (2.3950271 -0.18665244 0.29228583)            (1039.9001 -0.20322219 14311.647)             (1.341968 -2.1432255e-05 18.511121)           (0.0030978644 -0.00024142689 0.00037805912)   (1.3450659 -0.00026285915 18.511499)         
zuofuyi                   (-0.8725713 -0.14806818 -8.5344215)           (0.062874393 -0.04612319 -0.019284382)        (-0.8096969 -0.19419137 -8.5537058)           (-0.0011286334 -0.0001915198 -0.011038906)    (8.1325318e-05 -5.9658359e-05 -2.4943517e-05) (-0.0010473081 -0.00025117816 -0.01106385)   
zuoweiduo                 (-0.91368514 -0.82760431 1.4606161)           (0.14822059 -0.020521125 -0.0076592255)       (-0.76546454 -0.84812544 1.4529569)           (-0.0011818124 -0.0010704705 0.001889244)     (0.00019171695 -2.6543191e-05 -9.9068781e-06) (-0.0009900954 -0.0010970137 0.0018793371)   
------------------------- --------------------------------------------- --------------------------------------------- --------------------------------------------- --------------------------------------------- --------------------------------------------- ---------------------------------------------
Net                       (-41.954803 -35.330345 762.93794)             (12.264478 -1.4737102 1.2311262)              (-29.690324 -36.804055 764.16907)             (-0.054266729 -0.045698279 0.98682735)        (0.015863574 -0.0019061807 0.0015924087)      (-0.038403155 -0.04760446 0.98841976)        

Forces - Direction Vector (0.98484328 -0.1391731 0.1035112)
                          Forces [N]                                      Coefficients                                   
Zone                      Pressure        Viscous         Total           Pressure        Viscous         Total          
jidi                      1127.8344       6.052694e-05    1127.8345       1.4588052       7.8288989e-08   1.4588053      
jishen                    7654.7762       1.1747416       7655.9509       9.9011232       0.0015194777    9.9026426      
jitou                     -11082.183      1.1652897       -11081.017      -14.334326      0.001507252     -14.332818     
liangan                   -397.95024      1.1655445       -396.78469      -0.51473148     0.0015075816    -0.5132239     
waiyi                     22.170848       4.1612379       26.332086       0.028677036     0.005382382     0.034059418    
weiyi                     104.16832       1.4582343       105.62656       0.13473724      0.0018861632    0.1366234      
xiaoyi                    112.32181       0.34419001      112.666         0.14528343      0.00044519495   0.14572862     
youfuyi                   1.4991847       0.1576898       1.6568745       0.0019391308    0.00020396497   0.0021430958   
youweiduo                 -0.8793538      0.15479712      -0.72455669     -0.0011374062   0.0002002234    -0.00093718285 
zhongyangyi               2503.1677       2.4149582       2505.5826       3.2377395       0.0031236444    3.2408632      
zuofuyi                   -1.7221471      0.066344381     -1.6558027      -0.002227523    8.5813598e-05   -0.0021417094  
zuoweiduo                 -0.63346628     0.14803723      -0.48542905     -0.00081936134  0.00019147978   -0.00062788156 
------------------------- --------------- --------------- --------------- --------------- --------------- ---------------
Net                       42.57075        12.411125       54.981875       0.05506343      0.016053256     0.071116686    
