                                    "Force Report"

Forces
                          Forces [N]                                                                                                                                Coefficients                                                                                                                             
Zone                      Pressure                                      Viscous                                       Total                                         Pressure                                      Viscous                                       Total                                        
jidi                      (1144.5772 -5.2951021e-08 0.00043534035)      (1.0947877e-08 0.0017792079 -0.00030848089)   (1144.5772 0.0017791549 0.00012685946)        (1.4804613 -6.8489863e-11 5.6309398e-07)      (1.4160607e-11 2.3013287e-06 -3.9900674e-07)  (1.4804613 2.3012602e-06 1.6408724e-07)      
jishen                    (9081.0798 -0.040425267 -12502.478)           (1.1772419 -0.065352504 -0.042295417)         (9082.257 -0.10577777 -12502.52)              (11.745985 -5.2288341e-05 -16.171417)         (0.0015227116 -8.4530647e-05 -5.4707299e-05)  (11.747508 -0.00013681899 -16.171471)        
jitou                     (-11246.4 -7.224802 1.0677931)                (1.1693332 -0.086519026 0.031580423)          (-11245.231 -7.311321 1.0993736)              (-14.546734 -0.0093449701 0.0013811444)       (0.0015124821 -0.00011190863 4.0847916e-05)   (-14.545222 -0.0094568787 0.0014219923)      
liangan                   (-81.120437 -0.63339165 -3079.5232)           (1.1100492 -0.050427788 -0.045110207)         (-80.010388 -0.68381944 -3079.5683)           (-0.10492579 -0.0008192648 -3.9832306)        (0.0014358007 -6.522617e-05 -5.8348109e-05)   (-0.10348999 -0.00088449097 -3.9832889)      
waiyi                     (-133.41128 -1.6167803 1597.279)              (4.1710662 -0.26561765 0.17812722)            (-129.24021 -1.882398 1597.4571)              (-0.17256174 -0.0020912357 2.0660116)         (0.0053950944 -0.00034356498 0.00023039989)   (-0.16716664 -0.0024348007 2.066242)         
weiyi                     (46.103583 -6.5127811 512.12717)              (1.578485 -0.080618749 -0.067528637)          (47.682068 -6.5933998 512.05964)              (0.059632998 -0.0084240017 0.66241442)        (0.0020417023 -0.00010427688 -8.7345382e-05)  (0.061674701 -0.0085282785 0.66232708)       
xiaoyi                    (151.61355 -0.10255085 -370.98012)            (0.31587967 -0.019183978 0.00028035944)       (151.92943 -0.12173483 -370.97984)            (0.19610559 -0.00013264511 -0.4798468)        (0.00040857675 -2.4813649e-05 3.6263285e-07)  (0.19651417 -0.00015745876 -0.47984644)      
youfuyi                   (-0.80648681 -0.47232093 13.331989)           (0.17944907 -0.02311381 0.013866822)          (-0.62703774 -0.49543474 13.345856)           (-0.0010431559 -0.00061092677 0.017244354)    (0.00023210964 -2.9896717e-05 1.7936137e-05)  (-0.00081104629 -0.00064082349 0.01726229)   
youweiduo                 (-0.9752842 -0.27317738 -0.42509743)          (0.1550777 -0.015510073 0.00051027894)        (-0.8202065 -0.28868746 -0.42458715)          (-0.0012614881 -0.00035334317 -0.0005498452)  (0.00020058632 -2.0061611e-05 6.6002382e-07)  (-0.0010609018 -0.00037340478 -0.00054918518)
zhongyangyi               (1056.1267 -0.013611506 14178.89)             (2.5265001 -0.11193381 0.06710035)            (1058.6532 -0.12554531 14178.957)             (1.3660543 -1.7605897e-05 18.339783)          (0.003267919 -0.00014478156 8.6791411e-05)    (1.3693223 -0.00016238745 18.33987)          
zuofuyi                   (0.5033655 -0.37318894 -16.64335)             (0.09455923 -0.022841256 -0.050208777)        (0.59792473 -0.39603019 -16.693558)           (0.00065108158 -0.00048270381 -0.021527455)   (0.00012230829 -2.9544181e-05 -6.4942889e-05) (0.00077338987 -0.00051224799 -0.021592398)  
zuoweiduo                 (-0.961323 -0.0068264064 0.061091151)         (0.15558796 -0.0091149081 -0.010713012)       (-0.80573504 -0.015941315 0.050378139)        (-0.0012434299 -8.8296625e-06 7.9018771e-05)  (0.00020124632 -1.1789741e-05 -1.385682e-05)  (-0.0010421836 -2.0619403e-05 6.5161951e-05) 
------------------------- --------------------------------------------- --------------------------------------------- --------------------------------------------- --------------------------------------------- --------------------------------------------- ---------------------------------------------
Net                       (16.328999 -17.269856 332.70748)              (12.633229 -0.74845434 0.075300925)           (28.962228 -18.018311 332.78279)              (0.021120857 -0.022337815 0.43034279)         (0.016340537 -0.00096809344 9.7398502e-05)    (0.037461394 -0.023305908 0.43044019)        

Forces - Direction Vector (0.99756405 -0.069756474 0)
                          Forces [N]                                      Coefficients                                   
Zone                      Pressure        Viscous         Total           Pressure        Viscous         Total          
jidi                      1141.7891       -0.00012410035  1141.789        1.476855        -1.6051845e-07  1.4768548      
jishen                    9058.9615       1.1789329       9060.1405       11.717376       0.001524899     11.718901      
jitou                     -11218.501      1.17252         -11217.328      -14.510647      0.0015166042    -14.509131     
liangan                   -80.878648      1.1108628       -79.767786      -0.10461305     0.0014368532    -0.10317619    
waiyi                     -132.97351      4.1794342       -128.79408      -0.17199551     0.0054059181    -0.16658959    
weiyi                     46.445586       1.5802635       48.025849       0.060075364     0.0020440028    0.062119367    
xiaoyi                    151.25138       0.31644841      151.56783       0.19563714      0.00040931239   0.19604646     
youfuyi                   -0.7715748      0.18062428      -0.59095052     -0.00099799876  0.00023362972   -0.00076436904 
youweiduo                 -0.95385256     0.15578187      -0.7980707      -0.0012337672   0.00020149713   -0.0010322701  
zhongyangyi               1053.555        2.5281538       1056.0831       1.3627279       0.0032700579    1.365998       
zuofuyi                   0.52817167      0.095922214     0.62409388      0.00068316729   0.00012407125   0.00080723854  
zuoweiduo                 -0.95850508     0.15584478      -0.8026603      -0.001239785    0.0002015785    -0.0010382065  
------------------------- --------------- --------------- --------------- --------------- --------------- ---------------
Net                       17.493907       12.654665       30.148572       0.022627615     0.016368264     0.038995878    
