                                    "Force Report"

Moments - Moment Center (0 0 0.05)
                          Moments [N m]                                                                                                                             Coefficients                                                                                                                             
Zone                      Pressure                                      Viscous                                       Total                                         Pressure                                      Viscous                                       Total                                        
jidi                      (6.113279e-09 -22.924097 0.010005697)         (2.1418594e-05 -0.0036641106 0.0024118491)    (2.1424707e-05 -22.927761 0.012417546)        (2.1681555e-11 -0.081303353 3.5486533e-05)    (7.5963886e-08 -1.2995255e-05 8.5539429e-06)  (7.5985568e-08 -0.081316348 4.4040476e-05)   
jishen                    (-0.25984086 -232.27226 3.6445563)            (-0.027479259 -0.082434296 0.019268635)       (-0.28732012 -232.35469 3.6638249)            (-0.0009215601 -0.82378439 0.012925903)       (-9.7458839e-05 -0.00029236417 6.8338772e-05) (-0.0010190189 -0.82407676 0.012994241)      
jitou                     (-1.3149658 553.48276 12.988042)              (-0.014456444 0.14000321 0.16484472)          (-1.3294222 553.62276 13.152887)              (-0.0046637006 1.9630001 0.046063816)         (-5.1271696e-05 0.00049653996 0.00058464367)  (-0.0047149723 1.9634966 0.04664846)         
liangan                   (2.9219724 651.77921 -2.4347402)              (0.049494464 0.14809523 -0.025146653)         (2.9714669 651.9273 -2.4598869)               (0.010363163 2.3116214 -0.0086351292)         (0.00017553868 0.0005252394 -8.9185943e-05)   (0.010538702 2.3121467 -0.0087243151)        
waiyi                     (90.512888 -44.692721 10.406525)              (0.16652409 0.47341846 -0.033623701)          (90.679412 -44.219302 10.372902)              (0.32101597 -0.15850867 0.036908123)          (0.00059059979 0.0016790414 -0.00011925092)   (0.32160657 -0.15682962 0.036788872)         
weiyi                     (-9.2252262 -739.11458 -29.349723)            (0.086783749 0.21174353 -0.38150782)          (-9.1384425 -738.90284 -29.731231)            (-0.032718489 -2.6213679 -0.10409269)         (0.00030779008 0.00075097652 -0.0013530681)   (-0.032410699 -2.620617 -0.10544576)         
xiaoyi                    (18.878341 55.749559 -1.7124025)              (0.14343563 0.034416859 -0.037066267)         (19.021777 55.783976 -1.7494688)              (0.066954542 0.19772321 -0.0060732628)        (0.00050871349 0.00012206396 -0.00013146043)  (0.067463256 0.19784527 -0.0062047232)       
youfuyi                   (29.4871 -4.148584 -0.49600942)               (0.062861593 0.0077514184 -0.16851608)        (29.549962 -4.1408326 -0.6645255)             (0.10457991 -0.014713504 -0.0017591632)       (0.00022294698 2.7491434e-05 -0.00059766465)  (0.10480286 -0.014686012 -0.0023568279)      
youweiduo                 (0.063911089 -1.6170788 1.0627113)            (0.020153128 0.010322543 -0.10990108)         (0.084064217 -1.6067563 0.9528102)            (0.00022666916 -0.0057351846 0.0037690466)    (7.1475744e-05 3.6610269e-05 -0.00038977875)  (0.0002981449 -0.0056985743 0.0033792678)    
zhongyangyi               (3.4930486 -276.55986 -1.7089265)             (0.006873313 0.28915503 0.0045264264)         (3.499922 -276.2707 -1.7044001)               (0.012388561 -0.98085623 -0.0060609346)       (2.4377117e-05 0.0010255267 1.6053572e-05)    (0.012412938 -0.97983071 -0.006044881)       
zuofuyi                   (-4.6518136 -0.95726192 -2.4725471)           (-0.0040787987 0.0068024893 0.064524933)      (-4.6558924 -0.95045944 -2.4080222)           (-0.016498274 -0.0033950564 -0.0087692164)    (-1.4466001e-05 2.4125931e-05 0.00022884624)  (-0.01651274 -0.0033709305 -0.0085403701)    
zuoweiduo                 (-0.42619598 -3.9155347 -2.4333258)           (0.010722775 0.039478417 0.0055556276)        (-0.41547321 -3.8760563 -2.4277702)           (-0.0015115606 -0.013886963 -0.0086301128)    (3.8029743e-05 0.00014001545 1.9703771e-05)   (-0.0014735309 -0.013746948 -0.0086104091)   
------------------------- --------------------------------------------- --------------------------------------------- --------------------------------------------- --------------------------------------------- --------------------------------------------- ---------------------------------------------
Net                       (129.47922 -65.190453 -12.495834)             (0.50085566 1.2750888 -0.49462941)            (129.98007 -63.915364 -12.990463)             (0.45921523 -0.23120659 -0.044318132)         (0.0017763511 0.0045222716 -0.0017542688)     (0.46099158 -0.22668432 -0.046072401)        

Moments - Moment Center (0 0 0.05) Moment Axis (0 1 0)
                          Moments [N m]                                   Coefficients                                   
Zone                      Pressure        Viscous         Total           Pressure        Viscous         Total          
jidi                      -22.924097      -0.0036641106   -22.927761      -0.081303353    -1.2995255e-05  -0.081316348   
jishen                    -232.27226      -0.082434296    -232.35469      -0.82378439     -0.00029236417  -0.82407676    
jitou                     553.48276       0.14000321      553.62276       1.9630001       0.00049653996   1.9634966      
liangan                   651.77921       0.14809523      651.9273        2.3116214       0.0005252394    2.3121467      
waiyi                     -44.692721      0.47341846      -44.219302      -0.15850867     0.0016790414    -0.15682962    
weiyi                     -739.11458      0.21174353      -738.90284      -2.6213679      0.00075097652   -2.620617      
xiaoyi                    55.749559       0.034416859     55.783976       0.19772321      0.00012206396   0.19784527     
youfuyi                   -4.148584       0.0077514184    -4.1408326      -0.014713504    2.7491434e-05   -0.014686012   
youweiduo                 -1.6170788      0.010322543     -1.6067563      -0.0057351846   3.6610269e-05   -0.0056985743  
zhongyangyi               -276.55986      0.28915503      -276.2707       -0.98085623     0.0010255267    -0.97983071    
zuofuyi                   -0.95726192     0.0068024893    -0.95045944     -0.0033950564   2.4125931e-05   -0.0033709305  
zuoweiduo                 -3.9155347      0.039478417     -3.8760563      -0.013886963    0.00014001545   -0.013746948   
------------------------- --------------- --------------- --------------- --------------- --------------- ---------------
Net                       -65.190453      1.2750888       -63.915364      -0.23120659     0.0045222716    -0.22668432    
