                                    "Force Report"

Forces
                          Forces [N]                                                                                                                                Coefficients                                                                                                                             
Zone                      Pressure                                      Viscous                                       Total                                         Pressure                                      Viscous                                       Total                                        
jidi                      (1145.8615 3.5842732e-07 0.00043603224)       (2.7414495e-08 0.0051163488 0.0060627689)     (1145.8615 0.0051167072 0.0064988011)         (1.4821224 4.6361029e-10 5.6398892e-07)       (3.5459467e-11 6.6177767e-06 7.8419303e-06)   (1.4821224 6.6182403e-06 8.4059192e-06)      
jishen                    (9090.0665 -0.89547795 -12499.952)            (1.1997858 -0.16491262 0.0026953076)          (9091.2663 -1.0603906 -12499.949)             (11.757609 -0.0011582621 -16.168149)          (0.0015518713 -0.00021330737 3.4862643e-06)   (11.759161 -0.0013715695 -16.168145)         
jitou                     (-11260.549 -19.812793 24.341487)             (1.0990269 -0.25401317 0.28216956)            (-11259.45 -20.066806 24.623657)              (-14.565034 -0.025626994 0.031484665)         (0.001421544 -0.00032855509 0.00036497416)    (-14.563613 -0.025955549 0.031849639)        
liangan                   (-81.123238 -2.8742304 -3065.1856)            (1.3007593 -0.18308014 0.19041905)            (-79.822479 -3.0573105 -3064.9952)            (-0.10492941 -0.0037176931 -3.9646855)        (0.0016824761 -0.00023680628 0.00024629884)   (-0.10324694 -0.0039544994 -3.9644392)       
waiyi                     (-206.28043 -0.22238947 1933.9495)            (3.3442527 -0.74870691 0.86223781)            (-202.93618 -0.97109638 1934.8117)            (-0.26681485 -0.0002876512 2.5014803)         (0.0043256467 -0.00096842012 0.0011152674)    (-0.26248921 -0.0012560713 2.5025956)        
weiyi                     (39.650279 -25.901145 584.06456)              (1.3683066 -0.28154936 0.10260894)            (41.018586 -26.182694 584.16717)              (0.051285927 -0.033502015 0.75546234)         (0.0017698456 -0.00036417197 0.00013272024)   (0.053055773 -0.033866187 0.75559506)        
xiaoyi                    (153.12184 -1.9744155 -367.58129)             (0.34523233 -0.070648923 0.060386323)         (153.46707 -2.0450645 -367.52091)             (0.1980565 -0.0025538214 -0.47545056)         (0.00044654314 -9.1381337e-05 7.8107107e-05)  (0.19850304 -0.0026452028 -0.47537245)       
youfuyi                   (-1.6719432 -0.70503228 18.356832)            (0.11804682 -0.070582125 0.044838856)         (-1.5538964 -0.77561441 18.401671)            (-0.0021625865 -0.00091192888 0.023743771)    (0.00015268848 -9.1294938e-05 5.7997127e-05)  (-0.002009898 -0.0010032238 0.023801768)     
youweiduo                 (-0.84903877 0.44724151 0.82774871)           (0.14916167 -0.044871382 0.024212992)         (-0.6998771 0.40237013 0.8519617)             (-0.0010981951 0.00057848762 0.0010706573)    (0.00019293419 -5.80392e-05 3.1318462e-05)    (-0.00090526087 0.00052044842 0.0011019757)  
zhongyangyi               (1026.1697 0.044697044 14363.123)             (2.0053419 -0.23021755 0.3616591)             (1028.175 -0.18552051 14363.485)              (1.3273063 5.7813701e-05 18.578081)           (0.0025938233 -0.00029777648 0.00046779046)   (1.3299001 -0.00023996278 18.578549)         
zuofuyi                   (0.10740896 0.87099464 21.825248)             (0.14595072 -0.088785671 0.042230831)         (0.25335969 0.78220897 21.867479)             (0.00013892886 0.001126594 0.028230018)       (0.00018878097 -0.00011484044 5.462376e-05)   (0.00032770984 0.0010117536 0.028284641)     
zuoweiduo                 (-0.86157139 -1.3766663 2.3920364)            (0.13700807 -0.034288886 -0.0066083013)       (-0.72456332 -1.4109552 2.3854281)            (-0.0011144055 -0.0017806585 0.0030939961)    (0.00017721403 -4.4351197e-05 -8.5475529e-06) (-0.00093719144 -0.0018250097 0.0030854485)  
------------------------- --------------------------------------------- --------------------------------------------- --------------------------------------------- --------------------------------------------- --------------------------------------------- ---------------------------------------------
Net                       (-96.357695 -52.399216 1016.1627)             (11.212873 -2.1665404 1.9729132)              (-85.144822 -54.565757 1018.1356)             (-0.12463453 -0.067776128 1.3143626)          (0.014503368 -0.0028023266 0.0025518782)      (-0.11013116 -0.070578455 1.3169145)         

Forces - Direction Vector (0.96328734 -0.20791169 0.16985355)
                          Forces [N]                                      Coefficients                                   
Zone                      Pressure        Viscous         Total           Pressure        Viscous         Total          
jidi                      1103.7939       -3.3939515e-05  1103.7939       1.4277099       -4.38993e-08    1.4277098      
jishen                    6633.371        1.1904836       6634.5615       8.5799796       0.0015398392    8.5815194      
jitou                     -10838.89       1.1594185       -10837.731      -14.019637      0.0014996579    -14.018138     
liangan                   -598.18005      1.3234129       -596.85663      -0.77372011     0.0017117775    -0.77200834    
waiyi                     129.82708       3.5235953       133.35068       0.16792574      0.0045576187    0.17248336     
weiyi                     142.7852        1.3940383       144.17924       0.1846865       0.0018031284    0.18648963     
xiaoyi                    85.475844       0.3575035       85.833348       0.11055932      0.00046241537   0.11102174     
youfuyi                   1.6539958       0.1360039       1.7899997       0.0021393723    0.00017591518   0.0023152875   
youweiduo                 -0.77025898     0.1571275       -0.61313149     -0.0009962968   0.00020323765   -0.00079305916 
zhongyangyi               3428.1145       2.0410145       3430.1555       4.4341183       0.0026399643    4.4367583      
zuofuyi                   3.6294715       0.16622512      3.7956966       0.004694565     0.00021500503   0.00490957     
zuoweiduo                 -0.13741992     0.13798475      0.0005648361    -0.00017774674  0.00017847733   7.3059115e-07  
------------------------- --------------- --------------- --------------- --------------- --------------- ---------------
Net                       90.673096       11.586774       102.25987       0.11728174      0.014986993     0.13226874     
