                                    "Force Report"

Forces
                          Forces [N]                                                                                                                                Coefficients                                                                                                                             
Zone                      Pressure                                      Viscous                                       Total                                         Pressure                                      Viscous                                       Total                                        
jidi                      (1143.8909 5.1940314e-08 0.00043523828)       (1.1981795e-08 -0.00049534547 -0.0012150858)  (1143.8909 -0.00049529353 -0.00077984752)     (1.4795736 6.7182558e-11 5.6296196e-07)       (1.5497936e-11 -6.4070802e-07 -1.5716611e-06) (1.4795736 -6.4064084e-07 -1.0086992e-06)    
jishen                    (9078.7807 0.42740881 -12499.944)             (1.1858857 0.0012365116 -0.053774186)         (9079.9666 0.42864533 -12499.998)             (11.743012 0.00055283488 -16.168139)          (0.001533892 1.5993745e-06 -6.9554592e-05)    (11.744545 0.00055443426 -16.168208)         
jitou                     (-11243.165 0.16842039 -3.6051677)            (1.1715269 0.00025350168 -0.01790626)         (-11241.994 0.16867389 -3.6230739)            (-14.54255 0.00021784451 -0.004663129)        (0.0015153196 3.278935e-07 -2.3160976e-05)    (-14.541035 0.00021817241 -0.00468629)       
liangan                   (-81.111207 -0.43134314 -3078.9316)           (1.0672447 -0.014964635 -0.027428839)         (-80.043962 -0.44630777 -3078.959)            (-0.10491385 -0.00055792376 -3.9824653)       (0.0013804351 -1.9356111e-05 -3.5478021e-05)  (-0.10353342 -0.00057727987 -3.9825008)      
waiyi                     (-128.48766 0.6387687 1562.2384)              (3.9828037 0.0048022078 0.08993075)           (-124.50485 0.64357091 1562.3283)             (-0.16619325 0.00082621979 2.0206881)         (0.0051515849 6.2114488e-06 0.00011632155)    (-0.16104166 0.00083243124 2.0208044)        
weiyi                     (45.791284 -0.96393784 503.86813)             (1.5847349 -0.0091378882 -0.089866536)        (47.376019 -0.97307573 503.77826)             (0.059229052 -0.0012468121 0.65173171)        (0.0020497862 -1.1819465e-05 -0.00011623849)  (0.061278839 -0.0012586315 0.65161547)       
xiaoyi                    (151.2876 -0.034347362 -371.61504)            (0.30842409 -0.00041113432 -0.010812877)      (151.59603 -0.034758497 -371.62586)           (0.19568399 -4.4426833e-05 -0.48066804)       (0.00039893327 -5.3178452e-07 -1.398599e-05)  (0.19608293 -4.4958618e-05 -0.48068203)      
youfuyi                   (-1.6159909 -0.11202123 2.7614708)            (0.20130907 -0.00025735172 -0.011942379)      (-1.4146819 -0.11227858 2.7495284)            (-0.0020902146 -0.00014489464 0.0035718435)   (0.0002603846 -3.3287337e-07 -1.5446953e-05)  (-0.00182983 -0.00014522751 0.0035563965)    
youweiduo                 (-0.99437197 -0.29115003 -0.44498113)         (0.15588572 -0.0027594964 -0.0069598791)      (-0.83848625 -0.29390953 -0.45194101)         (-0.0012861773 -0.00037659002 -0.00057556392) (0.00020163146 -3.5692896e-06 -9.0023037e-06) (-0.0010845458 -0.00038015931 -0.00058456622)
zhongyangyi               (1057.6019 0.0037076335 14139.115)            (2.4543175 -0.0031646948 0.0032254723)        (1060.0563 0.00054293878 14139.119)           (1.3679625 4.7956642e-06 18.288337)           (0.0031745539 -4.0933963e-06 4.1720095e-06)   (1.3711371 7.0226792e-07 18.288341)          
zuofuyi                   (-0.83159092 0.40515496 11.959351)            (0.19012728 -0.00032050851 0.0072501252)      (-0.64146365 0.40483445 11.966601)            (-0.001075627 0.00052405048 0.015468905)      (0.00024592144 -4.1456395e-07 9.3777246e-06)  (-0.00082970558 0.00052363592 0.015478283)   
zuoweiduo                 (-0.99625488 0.25805695 -0.38354322)          (0.15592002 -0.00015999771 -0.0081062892)     (-0.84033486 0.25789695 -0.3916495)           (-0.0012886128 0.00033378554 -0.00049609662)  (0.00020167583 -2.0695014e-07 -1.0485136e-05) (-0.0010869369 0.00033357859 -0.00050658176) 
------------------------- --------------------------------------------- --------------------------------------------- --------------------------------------------- --------------------------------------------- --------------------------------------------- ---------------------------------------------
Net                       (20.149907 0.068717891 265.01897)             (12.45818 -0.025378831 -0.12760598)           (32.608086 0.043339059 264.89136)             (0.026063036 8.888363e-05 0.34279061)         (0.016114118 -3.2826425e-05 -0.00016505284)   (0.042177155 5.6057206e-05 0.34262556)       

Forces - Direction Vector (0.99939086 0 -0.034899497)
                          Forces [N]                                      Coefficients                                   
Zone                      Pressure        Viscous         Total           Pressure        Viscous         Total          
jidi                      1143.194        4.2417856e-05   1143.1941       1.4786722       5.4865669e-08   1.4786723      
jishen                    9509.4919       1.18704         9510.6789       12.300118       0.001535385     12.301653      
jitou                     -11236.191      1.1714382       -11235.019      -14.533528      0.0015152048    -14.532013     
liangan                   26.391363       1.0675518       27.458915       0.034136091     0.0013808323    0.035516923    
waiyi                     -182.93072      3.9772389       -178.95348      -0.236613       0.0051443872    -0.23146862    
weiyi                     28.178645       1.5869058       29.765551       0.036447864     0.0020525942    0.038500458    
xiaoyi                    164.16462       0.30861357      164.47323       0.21233986      0.00039917836   0.21273904     
youfuyi                   -1.7113805      0.20160322      -1.5097772      -0.0022135969   0.00026076508   -0.0019528318  
youweiduo                 -0.97823661     0.15603366      -0.82220295     -0.0012653069   0.00020182281   -0.0010634841  
zhongyangyi               563.50967       2.4527098       565.96238       0.72887548      0.0031724744    0.73204795     
zuofuyi                   -1.2484596      0.18975843      -1.0587012      -0.0016148288   0.00024544435   -0.0013693844  
zuoweiduo                 -0.98226252     0.15610795      -0.82615458     -0.0012705142   0.0002019189    -0.0010685953  
------------------------- --------------- --------------- --------------- --------------- --------------- ---------------
Net                       10.888604       12.455044       23.343648       0.01408394      0.016110062     0.030194002    
