                                    "Force Report"

Forces
                          Forces [N]                                                                                                                                Coefficients                                                                                                                             
Zone                      Pressure                                      Viscous                                       Total                                         Pressure                                      Viscous                                       Total                                        
jidi                      (1146.1401 6.3770006e-07 0.00043609103)       (2.9402759e-08 0.0038640861 0.00613604)       (1146.1401 0.0038647238 0.006572131)          (1.4824829 8.2483754e-10 5.6406496e-07)       (3.8031202e-11 4.9980288e-06 7.9367033e-06)   (1.4824829 4.9988537e-06 8.5007682e-06)      
jishen                    (9093.8293 -1.8367233 -12499.228)             (1.2348425 -0.15481909 0.029045532)           (9095.0641 -1.9915424 -12499.199)             (11.762476 -0.0023757225 -16.167213)          (0.0015972156 -0.00020025182 3.7569144e-05)   (11.764074 -0.0025759743 -16.167176)         
jitou                     (-11260.331 -20.617738 25.152986)             (1.0758733 -0.25626044 0.31524888)            (-11259.255 -20.873999 25.468235)             (-14.564753 -0.026668156 0.032534303)         (0.0013915958 -0.00033146184 0.00040776084)   (-14.563362 -0.026999618 0.032942064)        
liangan                   (-81.240392 -2.8224921 -3061.5141)            (1.3492036 -0.17032918 0.22956713)            (-79.891189 -2.9928213 -3061.2845)            (-0.10508095 -0.0036507719 -3.9599366)        (0.0017451367 -0.00022031346 0.00029693519)   (-0.10333581 -0.0038710853 -3.9596396)       
waiyi                     (-223.78328 -0.33041939 1959.0483)            (3.0120058 -0.73155315 0.91410125)            (-220.77127 -1.0619725 1959.9624)             (-0.28945402 -0.00042738324 2.5339446)        (0.0038958997 -0.00094623248 0.0011823506)    (-0.28555812 -0.0013736157 2.5351269)        
weiyi                     (37.356977 -21.805684 587.84148)              (1.2372192 -0.26578865 0.139189)              (38.594196 -22.071472 587.98067)              (0.04831964 -0.028204712 0.76034762)          (0.0016002897 -0.00034378616 0.00018003497)   (0.049919929 -0.028548498 0.76052766)        
xiaoyi                    (153.34231 -2.0205478 -366.52346)             (0.34322928 -0.072195038 0.074089185)         (153.68554 -2.0927429 -366.44937)             (0.19834167 -0.0026134916 -0.4740823)         (0.00044395228 -9.3381171e-05 9.5831168e-05)  (0.19878562 -0.0027068727 -0.47398646)       
youfuyi                   (-1.2707682 -0.74672889 19.769358)            (0.12353151 -0.069139458 0.046827866)         (-1.1472367 -0.81586835 19.816186)            (-0.0016436839 -0.00096586164 0.025570813)    (0.00015978268 -8.942891e-05 6.0569827e-05)   (-0.0014839013 -0.0010552905 0.025631383)    
youweiduo                 (-0.82653172 0.70242371 1.2355652)            (0.1482012 -0.043105382 0.025921738)          (-0.67833052 0.65931833 1.261487)             (-0.0010690832 0.0009085548 0.0015981504)     (0.00019169187 -5.5754954e-05 3.3528651e-05)  (-0.00087739129 0.00085279985 0.001631679)   
zhongyangyi               (1032.0287 0.038978967 14345.061)             (1.8681821 -0.21464518 0.34449595)            (1033.8969 -0.17566621 14345.406)             (1.3348847 5.0417615e-05 18.554718)           (0.002416413 -0.00027763429 0.00044559067)    (1.3373011 -0.00022721668 18.555164)         
zuofuyi                   (0.24801238 0.90389501 23.544482)             (0.14252441 -0.095145831 0.046167583)         (0.39053679 0.80874917 23.590649)             (0.00032079333 0.0011691492 0.030453772)      (0.00018434918 -0.00012306703 5.9715779e-05)  (0.00050514251 0.0010460822 0.030513488)     
zuoweiduo                 (-0.73995739 -1.9081215 3.2612702)            (0.12345564 -0.03202059 -0.0020370987)        (-0.61650175 -1.9401421 3.2592331)            (-0.000957103 -0.0024680729 0.0042183124)     (0.00015968456 -4.1417253e-05 -2.6348994e-06) (-0.00079741844 -0.0025094902 0.0042156775)  
------------------------- --------------------------------------------- --------------------------------------------- --------------------------------------------- --------------------------------------------- --------------------------------------------- ---------------------------------------------
Net                       (-105.2466 -50.443157 1037.6491)              (10.658268 -2.1011379 2.1687531)              (-94.588329 -52.544294 1039.8179)             (-0.13613194 -0.065246049 1.3421544)          (0.013786011 -0.0027177313 0.0028051886)      (-0.12234593 -0.067963781 1.3449596)         

Forces - Direction Vector (0.95677273 -0.20791169 0.20336832)
                          Forces [N]                                      Coefficients                                   
Zone                      Pressure        Viscous         Total           Pressure        Viscous         Total          
jidi                      1096.5957       0.00044451561   1096.5962       1.4183993       5.7496178e-07   1.4183999      
jishen                    6159.1627       1.2195593       6160.3822       7.9666115       0.0015774474    7.9681889      
jitou                     -10764.176      1.1467574       -10763.029      -13.922997      0.0014832813    -13.921514     
liangan                   -699.75675      1.3729813       -698.38377      -0.9051052      0.0017758921    -0.90332931    
waiyi                     184.36733       3.2198027       187.58713       0.2384712       0.004164676     0.24263588     
weiyi                     159.82413       1.2673048       161.09143       0.20672562      0.0016392041    0.20836483     
xiaoyi                    72.594577       0.35847         72.953047       0.093897957     0.00046366549   0.094361623    
youfuyi                   2.9598785       0.14208979      3.1019683       0.0038284753    0.00018378701   0.0040122623   
youweiduo                 -0.68557028     0.15602864      -0.52954164     -0.00088675562  0.00020181632   -0.0006849393  
zhongyangyi               3904.7398       1.9021125       3906.642        5.0506127       0.0024603005    5.053073       
zuofuyi                   4.8375629       0.16553442      5.0030973       0.0062571791    0.00021411164   0.0064712907   
zuoweiduo                 0.35198876      0.12436217      0.47635093      0.00045528229   0.0001608571    0.0006161394   
------------------------- --------------- --------------- --------------- --------------- --------------- ---------------
Net                       120.81561       11.075447       131.89106       0.15626979      0.014325614     0.1705954      
