                                    "Force Report"

Forces
                          Forces [N]                                                                                                                                Coefficients                                                                                                                             
Zone                      Pressure                                      Viscous                                       Total                                         Pressure                                      Viscous                                       Total                                        
jidi                      (1143.279 -5.8929388e-08 0.00043474721)       (4.0297628e-09 -0.00034082554 -0.0015212986)  (1143.279 -0.00034088447 -0.0010865514)       (1.4787821 -7.6222624e-11 5.6232678e-07)      (5.2123245e-12 -4.4084315e-07 -1.9677342e-06) (1.4787821 -4.4091937e-07 -1.4054074e-06)    
jishen                    (9075.7093 1.9970222 -12500.649)              (1.2305638 -0.047713519 -0.10385225)          (9076.9399 1.9493087 -12500.753)              (11.739039 0.0025830622 -16.169051)           (0.0015916812 -6.171538e-05 -0.00013432841)   (11.740631 0.0025213468 -16.169185)          
jitou                     (-11238.532 -6.945231 -14.232581)             (1.1790891 -0.0844309 -0.12769941)            (-11237.353 -7.0296619 -14.36028)             (-14.536557 -0.008983357 -0.01840923)         (0.0015251009 -0.00010920773 -0.00016517368)  (-14.535032 -0.0090925647 -0.018574404)      
liangan                   (-81.181095 -0.5767398 -3083.2655)            (1.1962855 -0.05866773 -0.095703016)          (-79.98481 -0.63540753 -3083.3612)            (-0.10500425 -0.00074598808 -3.9880711)       (0.0015473437 -7.5884181e-05 -0.00012378773)  (-0.1034569 -0.00082187226 -3.9881949)       
waiyi                     (-134.17832 0.51586314 1391.4489)             (3.5310543 -0.27674142 -0.18574493)           (-130.64727 0.23912172 1391.2631)             (-0.17355387 0.00066724674 1.7997791)         (0.0045672666 -0.0003579531 -0.00024025306)   (-0.16898661 0.00030929364 1.7995389)        
weiyi                     (42.158214 -10.135598 477.26231)              (1.4911906 -0.10541484 -0.14497876)           (43.649405 -10.241013 477.11733)              (0.054529833 -0.013109959 0.61731823)         (0.0019287907 -0.00013634956 -0.00018752377)  (0.056458624 -0.013246309 0.61713071)        
xiaoyi                    (150.6822 -0.34176957 -373.31797)             (0.30773354 -0.020457647 -0.036292351)        (150.98993 -0.36222721 -373.35427)            (0.19490093 -0.0004420642 -0.48287071)        (0.00039804008 -2.6461085e-05 -4.6942593e-05) (0.19529897 -0.00046852529 -0.48291765)      
youfuyi                   (-1.6751894 0.0043263251 -0.51800049)         (0.17994392 -0.021763242 -0.030131232)        (-1.4952455 -0.017436917 -0.54813172)         (-0.0021667853 5.595915e-06 -0.00067001131)   (0.0002327497 -2.8149815e-05 -3.897345e-05)   (-0.0019340356 -2.25539e-05 -0.00070898476)  
youweiduo                 (-1.0833171 -0.90183978 -1.4987735)           (0.1551628 -0.014318126 -0.0061661843)        (-0.92815431 -0.91615791 -1.5049397)          (-0.001401224 -0.0011664909 -0.0019385989)    (0.0002006964 -1.8519879e-05 -7.9756936e-06)  (-0.0012005276 -0.0011850108 -0.0019465746)  
zhongyangyi               (1052.7467 -0.010641483 14032.979)            (2.1663698 -0.14049894 -0.13921347)           (1054.9131 -0.15114042 14032.84)              (1.3616825 -1.3764299e-05 18.151054)          (0.002802106 -0.00018172932 -0.00018006663)   (1.3644847 -0.00019549362 18.150874)         
zuofuyi                   (-0.84424959 0.30582327 8.4100076)            (0.17529967 -0.027273827 -0.0051210666)       (-0.66894992 0.27854944 8.4048866)            (-0.0010920005 0.00039556922 0.010877982)     (0.00022674257 -3.527752e-05 -6.623879e-06)   (-0.0008652579 0.0003602917 0.010871359)     
zuoweiduo                 (-1.0265546 0.48927332 -0.74828392)           (0.15506777 -0.017143705 -0.019845417)        (-0.87148688 0.47212962 -0.76812933)          (-0.0013278042 0.00063285396 -0.000967873)    (0.00020057348 -2.2174644e-05 -2.5669192e-05) (-0.0011272307 0.00061067931 -0.00099354219) 
------------------------- --------------------------------------------- --------------------------------------------- --------------------------------------------- --------------------------------------------- --------------------------------------------- ---------------------------------------------
Net                       (6.0549178 -15.599511 -64.12913)              (11.767761 -0.81476472 -0.89626939)           (17.822679 -16.414276 -65.025399)             (0.0078317753 -0.020177296 -0.082948266)      (0.015221091 -0.0010538631 -0.0011592858)     (0.023052867 -0.021231159 -0.084107552)      

Forces - Direction Vector (0.99209929 -0.069756474 -0.10427384)
                          Forces [N]                                      Coefficients                                   
Zone                      Pressure        Viscous         Total           Pressure        Viscous         Total          
jidi                      1134.2462       0.00018241043   1134.2464       1.4670986       2.3594003e-07   1.4670989      
jishen                    10307.356       1.2349988       10308.591       13.332121       0.0015974178    13.333718      
jitou                     -11147.771      1.1889788       -11146.582      -14.419161      0.0015378928    -14.417623     
liangan                   241.00445       1.2009058       242.20536       0.31172887      0.0015533199    0.31328219     
waiyi                     -278.24591      3.5418293       -274.70408      -0.3598991      0.0045812036    -0.35531789    
weiyi                     -7.2338142      1.5018799       -5.7319342      -0.0093566269   0.001942617     -0.0074140099  
xiaoyi                    188.44284       0.31051363      188.75335       0.24374269      0.000401636     0.24414433     
youfuyi                   -1.6082421      0.18318226      -1.4250598      -0.0020801919   0.00023693836   -0.0018432535  
youweiduo                 -0.85556611     0.15557866      -0.69998745     -0.0011066379   0.00020123429   -0.00090540361 
zhongyangyi               -418.84255      2.173571        -416.66898      -0.54175479     0.0028114204    -0.53894337    
zuofuyi                   -1.7358563      0.1763512       -1.5595051      -0.0022452554   0.00022810268   -0.0020171527  
zuoweiduo                 -0.97454768     0.15710787      -0.81743982     -0.0012605354   0.00020321226   -0.0010573232  
------------------------- --------------- --------------- --------------- --------------- --------------- ---------------
Net                       13.782237       11.82508        25.607317       0.01782673      0.015295231     0.033121961    
