                                    "Force Report"

Forces
                          Forces [N]                                                                                                                                Coefficients                                                                                                                             
Zone                      Pressure                                      Viscous                                       Total                                         Pressure                                      Viscous                                       Total                                        
jidi                      (1144.6722 1.6562013e-07 0.00043538073)       (2.5323767e-08 -0.00059229039 0.0036626759)   (1144.6722 -0.00059212477 0.0040980567)       (1.4805842 2.142225e-10 5.6314621e-07)        (3.2755202e-11 -7.661021e-07 4.7375135e-06)   (1.4805842 -7.6588787e-07 5.3006597e-06)     
jishen                    (9081.9943 0.36843164 -12500.006)             (1.1445315 0.0015939386 -0.01501897)          (9083.1388 0.37002558 -12500.021)             (11.747168 0.00047655045 -16.168219)          (0.0014804022 2.0616909e-06 -1.942639e-05)    (11.748649 0.00047861214 -16.168238)         
jitou                     (-11248.811 0.15203748 7.116421)              (1.1606418 0.00033356479 0.089143553)         (-11247.65 0.15237105 7.2055645)              (-14.549852 0.00019665393 0.0092047838)       (0.0015012402 4.3145168e-07 0.00011530334)    (-14.548351 0.00019708538 0.0093200872)      
liangan                   (-81.07567 -0.25529222 -3075.8248)            (1.1029016 -0.0074614194 0.024894003)         (-79.972768 -0.26275364 -3075.7999)           (-0.10486789 -0.00033020949 -3.9784468)       (0.0014265558 -9.6510245e-06 3.219932e-05)    (-0.10344133 -0.00033986051 -3.9784146)      
waiyi                     (-142.32179 0.42047021 1728.2868)             (4.4245272 0.00018132849 0.40232631)          (-137.89726 0.42065154 1728.6891)             (-0.1840871 0.0005438601 2.2354645)           (0.0057229352 2.3454059e-07 0.00052039174)    (-0.17836417 0.00054409464 2.2359848)        
weiyi                     (47.046953 -1.1900855 531.07801)              (1.58448 -0.0079741774 -0.027613525)          (48.631433 -1.1980597 531.0504)               (0.060853207 -0.0015393243 0.68692652)        (0.0020494566 -1.0314255e-05 -3.5716905e-05)  (0.062902664 -0.0015496386 0.68689081)       
xiaoyi                    (152.16963 -0.059863866 -370.01457)           (0.32521768 -0.00053292448 0.016069506)       (152.49485 -0.060396791 -369.9985)            (0.19682486 -7.7431331e-05 -0.4785979)        (0.00042065506 -6.8931485e-07 2.0785214e-05)  (0.19724551 -7.8120646e-05 -0.47857711)      
youfuyi                   (-1.6167516 -0.25402468 6.3099781)            (0.18511562 -0.00021077242 0.0048268018)      (-1.431636 -0.25423546 6.3148049)             (-0.0020911985 -0.00032856998 0.0081616848)   (0.00023943908 -2.7262504e-07 6.2432601e-06)  (-0.0018517594 -0.00032884261 0.008167928)   
youweiduo                 (-0.95688738 0.11135437 0.23295965)           (0.15558843 -0.0048943211 -0.0017709038)      (-0.80129895 0.10646004 0.23118874)           (-0.0012376926 0.00014403207 0.00030132327)   (0.00020124693 -6.3305934e-06 -2.2905878e-06) (-0.0010364457 0.00013770148 0.00029903268)  
zhongyangyi               (1051.5162 0.0043306843 14240.364)            (2.586178 -0.0021763851 0.16408852)           (1054.1023 0.0021542992 14240.528)            (1.3600908 5.6015536e-06 18.419297)           (0.0033451097 -2.8150604e-06 0.00021224143)   (1.3634359 2.7864932e-06 18.419509)          
zuofuyi                   (-0.6829075 0.5270769 14.743006)              (0.17156317 -0.0013235119 0.021177983)        (-0.51134433 0.52575339 14.764184)            (-0.00088331143 0.00068175126 0.019069443)    (0.00022190957 -1.7119056e-06 2.7392808e-05)  (-0.00066140185 0.00068003936 0.019096835)   
zuoweiduo                 (-0.95704296 -0.15557249 0.31539807)          (0.15503186 0.0027745029 -0.0023238304)       (-0.80201109 -0.15279799 0.31307424)          (-0.0012378938 -0.00020122631 0.00040795381)  (0.00020052703 3.5887e-06 -3.0057744e-06)     (-0.0010373668 -0.00019763761 0.00040494803) 
------------------------- --------------------------------------------- --------------------------------------------- --------------------------------------------- --------------------------------------------- --------------------------------------------- ---------------------------------------------
Net                       (0.97748123 -0.3311373 582.60149)             (12.995777 -0.020282467 0.67946213)           (13.973258 -0.35141976 583.28095)             (0.0012643299 -0.00042831182 0.75356992)      (0.016809477 -2.6234498e-05 0.00087885498)    (0.018073807 -0.00045454632 0.75444877)      

Forces - Direction Vector (0.99939086 0 0.034899497)
                          Forces [N]                                      Coefficients                                   
Zone                      Pressure        Viscous         Total           Pressure        Viscous         Total          
jidi                      1143.9749       0.00012785085   1143.9751       1.4796823       1.6536957e-07   1.4796824      
jishen                    8640.2179       1.1433101       8641.3612       11.175749       0.0014788224    11.177228      
jitou                     -11241.71       1.1630459       -11240.547      -14.540667      0.0015043497    -14.539163     
liangan                   -188.37101      1.1030986       -187.26792      -0.24364979     0.0014268105    -0.24222298    
waiyi                     -81.918757      4.4358728       -77.482884      -0.10595838     0.0057376104    -0.10022077    
weiyi                     65.552649       1.5825511       67.1352         0.084789526     0.0020469617    0.086836488    
xiaoyi                    139.16361       0.32558039      139.48919       0.18000213      0.0004211242    0.18042326     
youfuyi                   -1.3955516      0.1851713       -1.2103803      -0.0018050859   0.0002395111    -0.0015655748  
youweiduo                 -0.9481743      0.15543185      -0.79274245     -0.0012264226   0.0002010444    -0.0010253782  
zhongyangyi               1547.8571       2.5903291       1550.4474       2.0020865       0.0033504791    2.0054369      
zuofuyi                   -0.16796803     0.17219776      0.0042297365    -0.00021725941  0.00022273039   5.4709819e-06  
zuoweiduo                 -0.94545272     0.15485632      -0.7905964      -0.0012229023   0.00020029998   -0.0010226024  
------------------------- --------------- --------------- --------------- --------------- --------------- ---------------
Net                       21.309384       13.011573       34.320957       0.02756277      0.016829909     0.044392679    
