                                    "Force Report"

Forces
                          Forces [N]                                                                                                                                Coefficients                                                                                                                             
Zone                      Pressure                                      Viscous                                       Total                                         Pressure                                      Viscous                                       Total                                        
jidi                      (1144.7454 -9.9518982e-09 0.00043548138)      (3.2421483e-10 -0.0013966584 -0.0015664608)   (1144.7454 -0.0013966683 -0.0011309795)       (1.4806789 -1.2872351e-11 5.6327639e-07)      (4.1935791e-13 -1.8065174e-06 -2.0261496e-06) (1.4806789 -1.8065303e-06 -1.4628732e-06)    
jishen                    (9082.9275 2.1398602 -12502.468)              (1.1670802 -0.12030947 -0.03553652)           (9084.0946 2.0195507 -12502.503)              (11.748375 0.002767817 -16.171403)            (0.001509568 -0.00015561511 -4.5964957e-05)   (11.749885 0.0026122018 -16.171449)          
jitou                     (-11249.887 -13.495234 6.9664346)             (1.1517701 -0.16856418 0.089378777)           (-11248.735 -13.663798 7.0558134)             (-14.551244 -0.017455503 0.009010783)         (0.001489765 -0.0002180305 0.0001156076)      (-14.549754 -0.017673534 0.0091263906)       
liangan                   (-81.067752 -1.8005762 -3075.2626)            (1.1181889 -0.12198299 0.035122563)           (-79.949563 -1.9225592 -3075.2275)            (-0.10485764 -0.0023289677 -3.9777196)        (0.0014463291 -0.00015777974 4.5429521e-05)   (-0.10341131 -0.0024867474 -3.9776742)       
waiyi                     (-142.16152 0.1823471 1724.1933)              (4.3627919 -0.52780252 0.39613936)            (-137.79873 -0.34545542 1724.5894)            (-0.18387981 0.00023585811 2.2301697)         (0.0056430834 -0.00068268982 0.00051238919)   (-0.17823672 -0.0004468317 2.2306821)        
weiyi                     (45.038777 -19.808346 530.96836)              (1.4923818 -0.20464266 -0.021213064)          (46.531158 -20.012989 530.94715)              (0.058255717 -0.025621242 0.68678469)         (0.0019303315 -0.00026469646 -2.7438185e-05)  (0.060186048 -0.025885938 0.68675725)        
xiaoyi                    (152.01679 -0.81912818 -370.48409)            (0.32493249 -0.041821513 0.011027072)         (152.34172 -0.8609497 -370.47306)             (0.19662717 -0.001059507 -0.4792052)          (0.00042028617 -5.4094325e-05 1.4263042e-05)  (0.19704745 -0.0011136013 -0.47919094)       
youfuyi                   (-1.6379365 -0.30807229 6.5588553)            (0.18249019 -0.046699585 0.0040517251)        (-1.4554463 -0.35477188 6.562907)             (-0.0021186002 -0.00039847823 0.0084835967)   (0.0002360432 -6.0403901e-05 5.2407318e-06)   (-0.001882557 -0.00045888213 0.0084888374)   
youweiduo                 (-0.95484772 -0.29781699 -0.4771645)          (0.15260415 -0.036558658 0.012195125)         (-0.80224357 -0.33437565 -0.46496938)         (-0.0012350544 -0.00038521344 -0.00061719172) (0.00019738689 -4.7287048e-05 1.5773868e-05)  (-0.0010376675 -0.00043250049 -0.00060141786)
zhongyangyi               (1051.2327 -0.0053468419 14239.167)           (2.5504592 -0.23596634 0.15808429)            (1053.7832 -0.24131318 14239.325)             (1.3597242 -6.9159096e-06 18.417749)          (0.003298909 -0.00030521229 0.00020447522)    (1.3630231 -0.0003121282 18.417953)          
zuofuyi                   (-0.76584055 0.54534194 14.521135)            (0.17588085 -0.045285571 0.020265381)         (-0.5899597 0.50005637 14.541401)             (-0.00099058175 0.0007053763 0.018782463)     (0.00022749429 -5.8574935e-05 2.6212397e-05)  (-0.00076308745 0.00064680137 0.018808675)   
zuoweiduo                 (-0.94727459 -0.50417654 0.92409299)          (0.15179583 -0.023947169 -0.013623497)        (-0.79547877 -0.5281237 0.91046949)           (-0.0012252589 -0.00065213062 0.0011952745)   (0.00019634136 -3.0974631e-05 -1.7621407e-05) (-0.0010289175 -0.00068310525 0.0011776531)  
------------------------- --------------------------------------------- --------------------------------------------- --------------------------------------------- --------------------------------------------- --------------------------------------------- ---------------------------------------------
Net                       (-1.46104 -34.171147 574.60792)               (12.830376 -1.5749773 0.65432475)             (11.369336 -35.746125 575.26225)              (-0.0018897923 -0.044198907 0.74323059)       (0.016595538 -0.0020371653 0.00084634087)     (0.014705746 -0.046236072 0.74407693)        

Forces - Direction Vector (0.98966482 -0.1391731 0.034559857)
                          Forces [N]                                      Coefficients                                   
Zone                      Pressure        Viscous         Total           Pressure        Viscous         Total          
jidi                      1132.9143       0.00014024093   1132.9145       1.4653758       1.813956e-07    1.465376       
jishen                    8556.6725       1.170534        8557.8431       11.067687       0.0015140352    11.069201      
jitou                     -11131.499      1.1664149       -11130.332      -14.398114      0.0015087074    -14.396605     
liangan                   -186.25995      1.1248228       -185.13512      -0.24091921     0.0014549098    -0.2394643     
waiyi                     -81.129764      4.4048482       -76.724916      -0.10493785     0.0056974813    -0.099240372   
weiyi                     65.680272       1.5047054       67.184978       0.084954602     0.0019462716    0.086900874    
xiaoyi                    137.75579       0.32777578      138.08357       0.17818118      0.00042396385   0.17860514     
youfuyi                   -1.3514596      0.18724347      -1.1642162      -0.0017480548   0.00024219136   -0.0015058634  
youweiduo                 -0.92002182     0.1565364       -0.76348542     -0.0011900086   0.00020247309   -0.00098753549 
zhongyangyi               1532.4724       2.5624033       1535.0348       1.982187        0.0033143582    1.9855013      
zuofuyi                   -0.33197402     0.18106599      -0.15090803     -0.00042939408  0.00023420105   -0.00019519303 
zuoweiduo                 -0.83538001     0.15308897      -0.68229105     -0.001080528    0.00019801398   -0.00088251407 
------------------------- --------------- --------------- --------------- --------------- --------------- ---------------
Net                       23.168132       12.939579       36.107712       0.029966981     0.016736788     0.046703769    
