                                    "Force Report"

Forces
                          Forces [N]                                                                                                                                Coefficients                                                                                                                             
Zone                      Pressure                                      Viscous                                       Total                                         Pressure                                      Viscous                                       Total                                        
jidi                      (1143.1782 3.4008094e-07 0.00043467125)       (-2.0082474e-09 -0.0012547409 -0.00016606278) (1143.1782 -0.0012544008 0.00026860848)       (1.4786518 4.3988004e-10 5.6222854e-07)       (-2.5975814e-12 -1.6229533e-06 -2.1479505e-07) (1.4786518 -1.6225134e-06 3.4743349e-07)     
jishen                    (9073.7326 2.532927 -12500.805)               (1.2659078 -0.095391772 -0.11386707)          (9074.9985 2.4375352 -12500.918)              (11.736482 0.0032762319 -16.169252)           (0.0016373972 -0.00012338515 -0.00014728214)  (11.738119 0.0031528468 -16.169399)          
jitou                     (-11235.802 -13.716349 -14.254482)            (1.1687351 -0.16830194 -0.12620931)           (-11234.633 -13.884651 -14.380692)            (-14.533026 -0.017741506 -0.018437559)        (0.0015117085 -0.0002176913 -0.0001632463)    (-14.531514 -0.017959197 -0.018600805)       
liangan                   (-81.142527 -1.5260916 -3083.0434)            (1.2232153 -0.12584868 -0.10347283)           (-79.919312 -1.6519403 -3083.1469)            (-0.10495436 -0.0019739338 -3.9877838)        (0.0015821763 -0.00016277984 -0.00013383765)  (-0.10337219 -0.0021367136 -3.9879176)       
waiyi                     (-134.22804 0.26870998 1391.507)              (3.4919775 -0.54874405 -0.18383866)           (-130.73606 -0.28003408 1391.3231)            (-0.17361818 0.00034756478 1.7998543)         (0.0045167225 -0.00070977679 -0.00023778739)  (-0.16910146 -0.00036221201 1.7996165)       
weiyi                     (41.042889 -19.357904 478.95246)              (1.4283319 -0.19621773 -0.13220072)           (42.471221 -19.554122 478.82026)              (0.053087209 -0.025038614 0.61950437)         (0.0018474858 -0.00025379917 -0.00017099593)  (0.054934694 -0.025292414 0.61933337)        
xiaoyi                    (150.64625 -0.74444987 -373.43551)            (0.3106711 -0.041325913 -0.038251593)         (150.95692 -0.78577579 -373.47377)            (0.19485444 -0.00096291383 -0.48302275)       (0.00040183968 -5.3453288e-05 -4.9476788e-05) (0.19525627 -0.0010163671 -0.48307222)       
youfuyi                   (-1.6403183 0.033342932 -0.39791655)          (0.17756382 -0.044112327 -0.029471638)        (-1.4627545 -0.010769395 -0.42738819)         (-0.0021216811 4.3127646e-05 -0.00051468791)  (0.00022967115 -5.7057394e-05 -3.8120294e-05) (-0.0018920099 -1.3929749e-05 -0.0005528082) 
youweiduo                 (-1.0918487 -1.0405189 -1.7701837)            (0.15149216 -0.029149357 0.00015979683)       (-0.94035655 -1.0696682 -1.7700239)           (-0.0014122593 -0.0013458663 -0.0022896564)   (0.00019594858 -3.7703438e-05 2.0669031e-07)  (-0.0012163107 -0.0013835698 -0.0022894497)  
zhongyangyi               (1053.223 -0.026374847 14028.475)             (2.106215 -0.26333587 -0.12802884)            (1055.3292 -0.28971072 14028.347)             (1.3622986 -3.4114727e-05 18.145228)          (0.0027242984 -0.0003406136 -0.00016559979)   (1.3650229 -0.00037472833 18.145063)         
zuofuyi                   (-0.82209723 0.31087032 8.2539569)            (0.17193244 -0.048652713 -0.0049966198)       (-0.65016479 0.26221761 8.2489603)            (-0.0010633473 0.00040209736 0.010676138)     (0.0002223872 -6.2930187e-05 -6.4629124e-06)  (-0.00084096014 0.00033916717 0.010669675)   
zuoweiduo                 (-1.0134878 0.27371643 -0.37957897)           (0.15497538 -0.029064464 -0.024511584)        (-0.85851243 0.24465197 -0.40409055)          (-0.0013109028 0.00035404041 -0.00049096904)  (0.00020045398 -3.7593632e-05 -3.1704678e-05) (-0.0011104488 0.00031644678 -0.00052267372) 
------------------------- --------------------------------------------- --------------------------------------------- --------------------------------------------- --------------------------------------------- --------------------------------------------- ---------------------------------------------
Net                       (6.0826007 -32.992121 -66.896529)             (11.651018 -1.5913996 -0.88485513)            (17.733618 -34.58352 -67.781384)              (0.0078675819 -0.042673887 -0.086527777)      (0.015070089 -0.0020584067 -0.001144522)      (0.022937671 -0.044732293 -0.087672299)      

Forces - Direction Vector (0.98484328 -0.1391731 -0.1035112)
                          Forces [N]                                      Coefficients                                   
Zone                      Pressure        Viscous         Total           Pressure        Viscous         Total          
jidi                      1125.8513       0.00019181357   1125.8515       1.4562402       2.4810258e-07   1.4562404      
jishen                    10229.825       1.2717833       10231.097       13.231838       0.0016449969    13.233483      
jitou                     -11062.12       1.1875081       -11060.932      -14.308375      0.0015359905    -14.306839     
liangan                   239.42924       1.2329007       240.66214       0.3096914       0.0015947039    0.31128611     
waiyi                     -276.26753      3.5344504       -272.73308      -0.35734015     0.0045716592    -0.35276849    
weiyi                     -6.4620304      1.4476756       -5.0143548      -0.0083583579   0.0018725059    -0.0064858519  
xiaoyi                    187.12131       0.31567327      187.43699       0.24203336      0.00040830977   0.24244167     
youfuyi                   -1.5789081      0.18406243      -1.3948457      -0.0020422496   0.00023807682   -0.0018041728  
youweiduo                 -0.74725378     0.1532363       -0.59401748     -0.00096654056  0.00019820455   -0.00076833601 
zhongyangyi               -414.84104      2.1241934       -412.71684      -0.53657901     0.0027475526    -0.53383145    
zuofuyi                   -1.7072787      0.17661486      -1.5306638      -0.0022082914   0.00022844371   -0.0019798477  
zuoweiduo                 -0.99692995     0.15920868      -0.83772127     -0.0012894859   0.00020592957   -0.0010835564  
------------------------- --------------- --------------- --------------- --------------- --------------- ---------------
Net                       17.506564       11.787499       29.294063       0.022643986     0.015246622     0.037890608    
