                                    "Force Report"

Forces
                          Forces [N]                                                                                                                                Coefficients                                                                                                                             
Zone                      Pressure                                      Viscous                                       Total                                         Pressure                                      Viscous                                       Total                                        
jidi                      (1146.2458 9.769297e-07 0.00043628214)        (3.2412915e-08 0.0025919983 0.0048091512)     (1146.2458 0.0025929753 0.0052454334)         (1.4826196 1.2636165e-09 5.6431214e-07)       (4.1924709e-11 3.3526381e-06 6.2204299e-06)   (1.4826196 3.3539018e-06 6.784742e-06)       
jishen                    (9094.9217 -0.5162603 -12494.832)             (1.2553308 -0.092232349 0.088279654)          (9096.1771 -0.60849265 -12494.744)            (11.763889 -0.00066776045 -16.161527)         (0.0016237163 -0.00011929857 0.00011418593)   (11.765513 -0.00078705902 -16.161413)        
jitou                     (-11260.095 -14.468233 28.76263)              (1.0760981 -0.17294559 0.35798048)            (-11259.019 -14.641179 29.120611)             (-14.564448 -0.018714036 0.037203223)         (0.0013918865 -0.00022369767 0.00046303232)   (-14.563056 -0.018937734 0.037666255)        
liangan                   (-81.376804 -0.36139825 -3058.8747)           (1.3658875 -0.068704691 0.24841952)           (-80.010917 -0.43010294 -3058.6263)           (-0.10525739 -0.00046745306 -3.9565226)       (0.0017667166 -8.8866558e-05 0.00032131994)   (-0.10349067 -0.00055631962 -3.9562013)      
waiyi                     (-243.51005 -0.22820005 1991.5721)            (2.7021073 -0.48479637 0.94136393)            (-240.80794 -0.71299643 1992.5135)            (-0.31496975 -0.00029516693 2.5760127)        (0.0034950594 -0.00062706322 0.0012176137)    (-0.3114747 -0.00092223015 2.5772303)        
weiyi                     (37.883053 -11.566776 601.31882)              (1.0547541 -0.18040826 0.17622534)            (38.937807 -11.747184 601.49505)              (0.049000097 -0.014961126 0.77777999)         (0.001364279 -0.00023335031 0.00022793988)    (0.050364376 -0.015194477 0.77800793)        
xiaoyi                    (153.92936 -1.1938128 -365.02953)             (0.34148273 -0.050535281 0.093036686)         (154.27084 -1.2443481 -364.9365)              (0.19910099 -0.0015441454 -0.47214997)        (0.0004416932 -6.5365208e-05 0.00012033894)   (0.19954268 -0.0016095106 -0.47202963)       
youfuyi                   (-1.2135961 -0.73949314 21.294)               (0.1341472 -0.038587703 0.049380999)          (-1.0794489 -0.77808084 21.343381)            (-0.0015697342 -0.00095650251 0.027542872)    (0.00017351362 -4.9911531e-05 6.3872195e-05)  (-0.0013962206 -0.001006414 0.027606744)     
youweiduo                 (-0.80445776 1.3438322 2.3740346)             (0.14223924 -0.029640747 0.024742556)         (-0.66221853 1.3141915 2.3987772)             (-0.0010405314 0.0017381891 0.0030707115)     (0.00018398032 -3.8339029e-05 3.200343e-05)   (-0.00085655113 0.0016998501 0.0031027149)   
zhongyangyi               (1026.6646 0.049049643 14339.092)             (1.6828409 -0.14274892 0.3505454)             (1028.3475 -0.09369928 14339.442)             (1.3279464 6.34436e-05 18.546997)             (0.0021766821 -0.00018463958 0.00045341537)   (1.3301231 -0.00012119598 18.547451)         
zuofuyi                   (0.4447187 0.9621872 26.000545)               (0.14376595 -0.073512091 0.048644951)         (0.58848465 0.88867511 26.04919)              (0.00057522447 0.0012445477 0.033630584)      (0.00018595506 -9.5084722e-05 6.2920147e-05)  (0.00076117953 0.001149463 0.033693504)      
zuoweiduo                 (-0.82051171 -2.1857854 3.7228828)            (0.12400407 -0.021526936 0.0075585029)        (-0.69650764 -2.2073123 3.7304413)            (-0.0010612965 -0.0028272192 0.0048153884)    (0.00016039392 -2.7844165e-05 9.7765978e-06)  (-0.00090090262 -0.0028550634 0.004825165)   
------------------------- --------------------------------------------- --------------------------------------------- --------------------------------------------- --------------------------------------------- --------------------------------------------- ---------------------------------------------
Net                       (-127.73099 -28.904889 1095.4011)             (10.022658 -1.3530469 2.3909872)              (-117.70833 -30.257936 1097.7921)             (-0.16521453 -0.037387228 1.4168541)          (0.012963876 -0.0017501079 0.0030926389)      (-0.15225066 -0.039137336 1.4199467)         

Forces - Direction Vector (0.96085288 -0.1391731 0.23956753)
                          Forces [N]                                      Coefficients                                   
Zone                      Pressure        Viscous         Total           Pressure        Viscous         Total          
jidi                      1101.3737       0.00079141117   1101.3745       1.4245795       1.0236562e-06   1.4245805      
jishen                    5745.5975       1.2401734       5746.8377       7.4316828       0.0016041109    7.4332869      
jitou                     -10810.39       1.1438018       -10809.247      -13.982774      0.0014794584    -13.981295     
liangan                   -810.94789      1.381492        -809.56639      -1.0489261      0.0017869004    -1.0471392     
waiyi                     243.17043       2.8893184       246.05975       0.31453048      0.0037372089    0.31826768     
weiyi                     182.06629       1.0807894       183.14708       0.2354949       0.0013979545    0.23689285     
xiaoyi                    60.620388       0.35743639      60.977825       0.07840986      0.00046232857   0.078872189    
youfuyi                   4.0381813       0.14609618      4.1842775       0.0052232135    0.00018896911   0.0054121826   
youweiduo                 -0.39124924     0.14672369      -0.24452555     -0.00050606403  0.00018978077   -0.00031628327 
zhongyangyi               4421.6476       1.7208086       4423.3684       5.7192107       0.0022257918    5.7214365      
zuofuyi                   6.5222849       0.16002258      6.6823075       0.0084362944    0.00020698231   0.0086432768   
zuoweiduo                 0.40769332      0.12395641      0.53164973      0.00052733374   0.00016033227   0.00068766601  
------------------------- --------------- --------------- --------------- --------------- --------------- ---------------
Net                       143.71462       10.39141        154.10603       0.18588867      0.013440841     0.19932951     
