                                    "Force Report"

Moments - Moment Center (0 0 0.05)
                          Moments [N m]                                                                                                                             Coefficients                                                                                                                             
Zone                      Pressure                                      Viscous                                       Total                                         Pressure                                      Viscous                                       Total                                        
jidi                      (-1.5941809e-08 -22.910083 0.0019423781)      (5.7057929e-05 -0.0012873748 0.00082650685)   (5.7041987e-05 -22.91137 0.0027688849)        (-5.6539743e-11 -0.081253649 6.8889017e-06)   (2.0236352e-07 -4.5658455e-06 2.9313162e-06)  (2.0230698e-07 -0.081258215 9.8202179e-06)   
jishen                    (0.085101826 -228.94521 0.8889877)            (-0.0090666778 -0.0609593 0.0031602137)       (0.076035148 -229.00617 0.89214792)           (0.00030182492 -0.81198456 0.0031529129)      (-3.2156176e-05 -0.00021620025 1.1208117e-05) (0.00026966874 -0.81220076 0.003164121)      
jitou                     (-0.42076524 553.5523 4.1579874)              (-0.0044951891 0.12406621 0.053310844)        (-0.42526042 553.67636 4.2112982)             (-0.0014922997 1.9632467 0.014746854)         (-1.5942785e-05 0.00044001728 0.00018907398)  (-0.0015082425 1.9636867 0.014935928)        
liangan                   (0.083259543 649.37691 -0.2935539)            (-2.8164201e-05 0.12363797 0.015708818)       (0.083231379 649.50055 -0.27784508)           (0.00029529102 2.3031014 -0.0010411279)       (-9.9888077e-08 0.00043849845 5.5713409e-05)  (0.00029519113 2.3035399 -0.00098541444)     
waiyi                     (-18.529403 -44.674587 -4.2753304)            (0.0153632 0.52825241 -0.039903783)           (-18.51404 -44.146334 -4.3152342)             (-0.065716986 -0.15844435 -0.015163027)       (5.4487627e-05 0.0018735173 -0.00014152406)   (-0.065662499 -0.15657083 -0.015304551)      
weiyi                     (-5.5728559 -744.6023 -15.109229)             (0.017588068 0.26711317 -0.14374912)          (-5.5552679 -744.33518 -15.252978)            (-0.019764873 -2.6408309 -0.053586886)        (6.2378417e-05 0.00094735229 -0.00050982534)  (-0.019702495 -2.6398835 -0.054096712)       
xiaoyi                    (6.2106793 55.853958 -0.17386277)             (0.050425248 0.035350018 -0.011062752)        (6.2611046 55.889308 -0.18492552)             (0.022026998 0.19809347 -0.00061662738)       (0.00017883983 0.00012537353 -3.9235518e-05)  (0.022205838 0.19821885 -0.0006558629)       
youfuyi                   (22.356944 -3.4140152 1.8111066)              (0.058403026 0.005819178 -0.14319602)         (22.415347 -3.408196 1.6679105)               (0.079291869 -0.012108258 0.0064233298)       (0.00020713408 2.0638487e-05 -0.0005078637)   (0.079499003 -0.01208762 0.005915466)        
youweiduo                 (0.18698389 -2.1544603 1.3864221)             (0.0094286479 0.023545188 -0.079696957)       (0.19641254 -2.1309151 1.3067251)             (0.00066316319 -0.0076410792 0.0049171298)    (3.3439951e-05 8.3506132e-05 -0.00028265583)  (0.00069660315 -0.0075575731 0.004634474)    
zhongyangyi               (3.9962497 -273.6257 0.26833143)              (0.0061505392 0.31156191 -0.024802676)        (4.0024003 -273.31414 0.24352875)             (0.01417323 -0.97044986 0.00095167301)        (2.1813703e-05 0.0011049956 -8.7965983e-05)   (0.014195044 -0.96934486 0.00086370703)      
zuofuyi                   (-26.966033 -3.7970985 0.32157794)            (-0.04790676 0.0095369549 0.1602409)          (-27.01394 -3.7875616 0.48181884)             (-0.095638614 -0.013466914 0.0011405188)      (-0.00016990768 3.3824076e-05 0.00056831561)  (-0.095808521 -0.01343309 0.0017088345)      
zuoweiduo                 (-0.3911496 -3.1447432 -1.9899821)            (-0.0015239963 0.030109214 0.047559938)       (-0.3926736 -3.114634 -1.9424222)             (-0.001387264 -0.011153249 -0.0070577356)     (-5.4050552e-06 0.00010678632 0.00016867763)  (-0.001392669 -0.011046463 -0.006889058)     
------------------------- --------------------------------------------- --------------------------------------------- --------------------------------------------- --------------------------------------------- --------------------------------------------- ---------------------------------------------
Net                       (-18.960988 -68.485028 -13.005603)            (0.094394999 1.3967455 -0.1616041)            (-18.866593 -67.088282 -13.167207)            (-0.06724766 -0.24289124 -0.046126097)        (0.00033478439 0.0049537434 -0.00057315037)   (-0.066912875 -0.2379375 -0.046699247)       

Moments - Moment Center (0 0 0.05) Moment Axis (0 1 0)
                          Moments [N m]                                   Coefficients                                   
Zone                      Pressure        Viscous         Total           Pressure        Viscous         Total          
jidi                      -22.910083      -0.0012873748   -22.91137       -0.081253649    -4.5658455e-06  -0.081258215   
jishen                    -228.94521      -0.0609593      -229.00617      -0.81198456     -0.00021620025  -0.81220076    
jitou                     553.5523        0.12406621      553.67636       1.9632467       0.00044001728   1.9636867      
liangan                   649.37691       0.12363797      649.50055       2.3031014       0.00043849845   2.3035399      
waiyi                     -44.674587      0.52825241      -44.146334      -0.15844435     0.0018735173    -0.15657083    
weiyi                     -744.6023       0.26711317      -744.33518      -2.6408309      0.00094735229   -2.6398835     
xiaoyi                    55.853958       0.035350018     55.889308       0.19809347      0.00012537353   0.19821885     
youfuyi                   -3.4140152      0.005819178     -3.408196       -0.012108258    2.0638487e-05   -0.01208762    
youweiduo                 -2.1544603      0.023545188     -2.1309151      -0.0076410792   8.3506132e-05   -0.0075575731  
zhongyangyi               -273.6257       0.31156191      -273.31414      -0.97044986     0.0011049956    -0.96934486    
zuofuyi                   -3.7970985      0.0095369549    -3.7875616      -0.013466914    3.3824076e-05   -0.01343309    
zuoweiduo                 -3.1447432      0.030109214     -3.114634       -0.011153249    0.00010678632   -0.011046463   
------------------------- --------------- --------------- --------------- --------------- --------------- ---------------
Net                       -68.485028      1.3967455       -67.088282      -0.24289124     0.0049537434    -0.2379375     
