                                    "Force Report"

Moments - Moment Center (0 0 0.05)
                          Moments [N m]                                                                                                                             Coefficients                                                                                                                             
Zone                      Pressure                                      Viscous                                       Total                                         Pressure                                      Viscous                                       Total                                        
jidi                      (-7.5925187e-09 -22.922161 0.0075093233)      (8.6048164e-05 -0.0029814568 0.002336311)     (8.6040572e-05 -22.925142 0.0098456343)       (-2.6927875e-11 -0.081296484 2.6632812e-05)   (3.0518123e-07 -1.0574132e-05 8.2860369e-06)  (3.051543e-07 -0.081307059 3.4918849e-05)    
jishen                    (-0.06720256 -229.47507 2.1323277)            (-0.015838876 -0.071215205 0.011221586)       (-0.083041436 -229.54628 2.1435493)           (-0.0002383428 -0.81386379 0.0075625832)      (-5.6174674e-05 -0.00025257417 3.9798845e-05) (-0.00029451747 -0.81411636 0.0076023821)    
jitou                     (-0.86448703 555.33497 8.5343513)             (-0.0092307272 0.15029158 0.10833114)         (-0.87371775 555.48526 8.6426825)             (-0.003066018 1.9695692 0.030268209)          (-3.2737999e-05 0.00053302902 0.00038421078)  (-0.003098756 1.9701022 0.03065242)          
liangan                   (0.60332876 649.89109 -1.1612529)             (0.0042465594 0.12737422 0.021128901)         (0.60757532 650.01847 -1.140124)              (0.0021397855 2.304925 -0.0041185376)         (1.5060986e-05 0.00045174956 7.4936452e-05)   (0.0021548465 2.3053767 -0.0040436012)       
waiyi                     (-7.9196712 -45.366125 -4.5123947)            (0.059244291 0.47699366 -0.10127556)          (-7.8604269 -44.889131 -4.6136703)            (-0.028088165 -0.16089698 -0.016003807)       (0.00021011774 0.0016917213 -0.00035918721)   (-0.027878047 -0.15920526 -0.016362994)      
weiyi                     (-7.7133232 -753.93783 -24.886324)            (0.060381677 0.22480086 -0.28620194)          (-7.6529415 -753.71303 -25.172526)            (-0.027356324 -2.6739406 -0.08826265)         (0.00021415163 0.00079728607 -0.0010150532)   (-0.027142173 -2.6731433 -0.089277703)       
xiaoyi                    (13.459986 55.755001 -0.85746415)             (0.10315855 0.034106601 -0.026141466)         (13.563145 55.789107 -0.88360561)             (0.047737627 0.19774251 -0.0030411104)        (0.00036586548 0.00012096359 -9.2714178e-05)  (0.048103492 0.19786347 -0.0031338246)       
youfuyi                   (24.896794 -3.7638631 1.4984364)              (0.063837464 0.0060977047 -0.15328648)        (24.960632 -3.7577654 1.34515)                (0.088299784 -0.01334904 0.0053144037)        (0.00022640804 2.1626319e-05 -0.00054365085)  (0.088526192 -0.013327414 0.0047707528)      
youweiduo                 (0.15534854 -2.2338605 1.4413039)             (0.015101031 0.013596613 -0.094596168)        (0.17044957 -2.2202639 1.3467077)             (0.00055096421 -0.0079226827 0.0051117754)    (5.355781e-05 4.8222192e-05 -0.00033549786)   (0.00060452202 -0.0078744605 0.0047762776)   
zhongyangyi               (5.186853 -274.07934 -0.34941878)             (0.0051934337 0.28460149 -0.028332035)        (5.1920464 -273.79474 -0.37775082)            (0.018395862 -0.97205876 -0.0012392601)       (1.8419202e-05 0.001009377 -0.00010048332)    (0.018414282 -0.97104938 -0.0013397434)      
zuofuyi                   (-29.208415 -4.1378774 0.4486488)             (-0.049767274 0.0086589788 0.15189473)        (-29.258183 -4.1292185 0.60054353)            (-0.10359152 -0.014675531 0.0015911925)       (-0.00017650624 3.0710217e-05 0.00053871483)  (-0.10376803 -0.014644821 0.0021299073)      
zuoweiduo                 (-0.40850788 -3.7730094 -2.3660015)           (0.0060528771 0.035405317 0.019853153)        (-0.402455 -3.7376041 -2.3461483)             (-0.0014488274 -0.013381479 -0.0083913382)    (2.1467332e-05 0.00012556966 7.0411842e-05)   (-0.0014273601 -0.013255909 -0.0083209264)   
------------------------- --------------------------------------------- --------------------------------------------- --------------------------------------------- --------------------------------------------- --------------------------------------------- ---------------------------------------------
Net                       (-1.8792965 -78.708074 -20.070279)            (0.24246505 1.2877304 -0.37506782)            (-1.6368315 -77.420344 -20.445346)            (-0.0066651744 -0.27914863 -0.071181906)      (0.00085993448 0.0045671066 -0.0013302278)    (-0.00580524 -0.27458152 -0.072512134)       

Moments - Moment Center (0 0 0.05) Moment Axis (0 1 0)
                          Moments [N m]                                   Coefficients                                   
Zone                      Pressure        Viscous         Total           Pressure        Viscous         Total          
jidi                      -22.922161      -0.0029814568   -22.925142      -0.081296484    -1.0574132e-05  -0.081307059   
jishen                    -229.47507      -0.071215205    -229.54628      -0.81386379     -0.00025257417  -0.81411636    
jitou                     555.33497       0.15029158      555.48526       1.9695692       0.00053302902   1.9701022      
liangan                   649.89109       0.12737422      650.01847       2.304925        0.00045174956   2.3053767      
waiyi                     -45.366125      0.47699366      -44.889131      -0.16089698     0.0016917213    -0.15920526    
weiyi                     -753.93783      0.22480086      -753.71303      -2.6739406      0.00079728607   -2.6731433     
xiaoyi                    55.755001       0.034106601     55.789107       0.19774251      0.00012096359   0.19786347     
youfuyi                   -3.7638631      0.0060977047    -3.7577654      -0.01334904     2.1626319e-05   -0.013327414   
youweiduo                 -2.2338605      0.013596613     -2.2202639      -0.0079226827   4.8222192e-05   -0.0078744605  
zhongyangyi               -274.07934      0.28460149      -273.79474      -0.97205876     0.001009377     -0.97104938    
zuofuyi                   -4.1378774      0.0086589788    -4.1292185      -0.014675531    3.0710217e-05   -0.014644821   
zuoweiduo                 -3.7730094      0.035405317     -3.7376041      -0.013381479    0.00012556966   -0.013255909   
------------------------- --------------- --------------- --------------- --------------- --------------- ---------------
Net                       -78.708074      1.2877304       -77.420344      -0.27914863     0.0045671066    -0.27458152    
