                                    "Force Report"

Moments - Moment Center (0 0 0.05)
                          Moments [N m]                                                                                                                             Coefficients                                                                                                                             
Zone                      Pressure                                      Viscous                                       Total                                         Pressure                                      Viscous                                       Total                                        
jidi                      (3.9807565e-09 -22.898958 0.0013314058)       (-2.1972729e-05 -0.0025358412 -0.00031137047) (-2.1968748e-05 -22.901494 0.0010200353)      (1.4118281e-11 -0.081214193 4.7220073e-06)    (-7.7929198e-08 -8.9936974e-06 -1.1043167e-06) (-7.791508e-08 -0.081223186 3.6176906e-06)   
jishen                    (0.009413413 -230.26693 -0.030542084)         (0.00065098982 -0.070060989 -0.00047257547)   (0.010064403 -230.33699 -0.031014659)         (3.3385918e-05 -0.81667222 -0.00010832155)    (2.3088218e-06 -0.0002484806 -1.6760516e-06)  (3.569474e-05 -0.8169207 -0.00010999761)     
jitou                     (0.0081603036 544.84184 -0.075820672)         (4.2241103e-05 0.027461386 -0.00042292383)    (0.0082025447 544.8693 -0.076243596)          (2.8941599e-05 1.9323539 -0.00026890807)      (1.4981368e-07 9.739545e-05 -1.4999555e-06)   (2.9091413e-05 1.9324513 -0.00027040803)     
liangan                   (-0.24258628 647.49782 -0.021749478)          (-0.0009500428 0.12101637 0.0010080509)       (-0.24353633 647.61883 -0.020741428)          (-0.00086036444 2.2964369 -7.7137412e-05)     (-3.3694529e-06 0.00042920061 3.5751864e-06)  (-0.00086373389 2.2968661 -7.3562225e-05)    
waiyi                     (-27.64644 -45.27148 -0.81015469)             (-0.028513322 0.65001942 0.014151546)         (-27.674953 -44.621461 -0.79600315)           (-0.098051767 -0.16056131 -0.0028733211)      (-0.00010112628 0.0023053801 5.0190337e-05)   (-0.098152894 -0.15825593 -0.0028231308)     
weiyi                     (-0.68051558 -688.55245 -1.4664941)           (8.4535816e-05 0.45860719 -0.0068686751)      (-0.68043104 -688.09385 -1.4733627)           (-0.0024135388 -2.4420426 -0.0052011158)      (2.9981749e-07 0.0016265112 -2.4360668e-05)   (-0.002413239 -2.4404161 -0.0052254764)      
xiaoyi                    (-0.084380835 55.915438 0.05200519)           (-0.0012669594 0.037816626 0.0025860073)      (-0.085647795 55.953254 0.054591197)          (-0.00029926783 0.19831152 0.00018444331)     (-4.4934396e-06 0.00013412168 9.1716181e-06)  (-0.00030376127 0.19844564 0.00019361493)    
youfuyi                   (9.4878594 -1.596839 1.9555831)               (0.014808279 0.017436941 -0.20352553)         (9.5026677 -1.579402 1.7520576)               (0.033649952 -0.0056634013 0.0069357351)      (5.2519526e-05 6.1842424e-05 -0.0007218303)   (0.033702472 -0.0056015589 0.0062139048)     
youweiduo                 (0.10835204 -1.1171043 0.80553154)            (0.0016011735 0.043242183 -0.064919566)       (0.10995322 -1.0738621 0.74061197)            (0.0003842849 -0.0039619587 0.0028569245)     (5.6787743e-06 0.00015336414 -0.00023024586)  (0.00038996368 -0.0038085946 0.0026266786)   
zhongyangyi               (-1.6616635 -276.73803 -0.14059202)           (-0.0015325153 0.36490288 -0.0016973187)      (-1.663196 -276.37313 -0.14228934)            (-0.0058933101 -0.98148815 -0.00049862825)    (-5.4352688e-06 0.0012941765 -6.0197659e-06)  (-0.0058987453 -0.98019398 -0.00050464801)   
zuofuyi                   (-19.21907 -2.7695634 -0.56522747)            (-0.030865409 0.014452569 0.19386659)         (-19.249935 -2.7551108 -0.37136088)           (-0.068162981 -0.0098226241 -0.0020046542)    (-0.00010946827 5.1257953e-05 0.00068757357)  (-0.068272449 -0.0097713661 -0.0013170806)   
zuoweiduo                 (-0.12700503 -1.2238627 -0.8599059)           (-0.001499905 0.042661538 0.063059244)        (-0.12850493 -1.1812011 -0.79684665)          (-0.00045044017 -0.0043405913 -0.0030497704)  (-5.3196123e-06 0.00015130481 0.00022364798)  (-0.00045575979 -0.0041892865 -0.0028261224) 
------------------------- --------------------------------------------- --------------------------------------------- --------------------------------------------- --------------------------------------------- --------------------------------------------- ---------------------------------------------
Net                       (-40.047876 -22.180126 -1.1560351)            (-0.047462907 1.7050203 -0.0035465251)        (-40.095339 -20.475106 -1.1595816)            (-0.14203511 -0.078664762 -0.0041000318)      (-0.0001683335 0.0060470806 -1.2578222e-05)   (-0.14220344 -0.072617681 -0.0041126101)     

Moments - Moment Center (0 0 0.05) Moment Axis (0 1 0)
                          Moments [N m]                                   Coefficients                                   
Zone                      Pressure        Viscous         Total           Pressure        Viscous         Total          
jidi                      -22.898958      -0.0025358412   -22.901494      -0.081214193    -8.9936974e-06  -0.081223186   
jishen                    -230.26693      -0.070060989    -230.33699      -0.81667222     -0.0002484806   -0.8169207     
jitou                     544.84184       0.027461386     544.8693        1.9323539       9.739545e-05    1.9324513      
liangan                   647.49782       0.12101637      647.61883       2.2964369       0.00042920061   2.2968661      
waiyi                     -45.27148       0.65001942      -44.621461      -0.16056131     0.0023053801    -0.15825593    
weiyi                     -688.55245      0.45860719      -688.09385      -2.4420426      0.0016265112    -2.4404161     
xiaoyi                    55.915438       0.037816626     55.953254       0.19831152      0.00013412168   0.19844564     
youfuyi                   -1.596839       0.017436941     -1.579402       -0.0056634013   6.1842424e-05   -0.0056015589  
youweiduo                 -1.1171043      0.043242183     -1.0738621      -0.0039619587   0.00015336414   -0.0038085946  
zhongyangyi               -276.73803      0.36490288      -276.37313      -0.98148815     0.0012941765    -0.98019398    
zuofuyi                   -2.7695634      0.014452569     -2.7551108      -0.0098226241   5.1257953e-05   -0.0097713661  
zuoweiduo                 -1.2238627      0.042661538     -1.1812011      -0.0043405913   0.00015130481   -0.0041892865  
------------------------- --------------- --------------- --------------- --------------- --------------- ---------------
Net                       -22.180126      1.7050203       -20.475106      -0.078664762    0.0060470806    -0.072617681   
