                                    "Force Report"

Forces
                          Forces [N]                                                                                                                                Coefficients                                                                                                                             
Zone                      Pressure                                      Viscous                                       Total                                         Pressure                                      Viscous                                       Total                                        
jidi                      (1145.134 1.8456592e-07 0.0004351214)         (3.4955511e-08 -0.00055307038 0.0048455912)   (1145.134 -0.00055288582 0.0052807126)        (1.4811814 2.3872807e-10 5.6281079e-07)       (4.5213448e-11 -7.1537271e-07 6.2675634e-06)  (1.4811814 -7.1513398e-07 6.8303742e-06)     
jishen                    (9086.2981 0.6764517 -12495.653)              (1.1770083 0.0047912589 0.054350633)          (9087.4751 0.68124296 -12495.598)             (11.752735 0.00087496112 -16.162588)          (0.0015224095 6.197287e-06 7.0300202e-05)     (11.754257 0.00088115841 -16.162518)         
jitou                     (-11258.143 0.1652877 25.914713)              (1.133341 0.00054620796 0.28833288)           (-11257.009 0.16583391 26.203046)             (-14.561922 0.00021379251 0.033519565)        (0.0014659277 7.0649645e-07 0.00037294615)    (-14.560456 0.00021449901 0.033892511)       
liangan                   (-81.2313 0.81039112 -3068.5301)              (1.2501542 0.018085291 0.13207437)            (-79.981145 0.82847641 -3068.398)             (-0.10506919 0.001048206 -3.9690114)          (0.0016170206 2.3392544e-05 0.00017083251)    (-0.10345216 0.0010715985 -3.9688406)        
waiyi                     (-205.0343 0.23400125 1926.6586)              (3.4287155 -0.0081357968 0.86472841)          (-201.60558 0.22586545 1927.5233)             (-0.26520303 0.00030267053 2.4920498)         (0.0044348957 -1.0523303e-05 0.0011184889)    (-0.26076813 0.00029214723 2.4931683)        
weiyi                     (42.192488 -1.2170895 589.33606)              (1.3365205 0.008338978 0.12831991)            (43.529008 -1.2087505 589.46438)              (0.054574165 -0.0015742528 0.76228079)        (0.0017287316 1.0786109e-05 0.00016597628)    (0.056302896 -0.0015634666 0.76244677)       
xiaoyi                    (153.73458 -0.17552004 -366.85766)            (0.36005581 -0.00122308 0.074072484)          (154.09464 -0.17674312 -366.78359)            (0.19884906 -0.0002270276 -0.47451458)        (0.00046571668 -1.5820013e-06 9.5809565e-05)  (0.19931478 -0.0002286096 -0.47441877)       
youfuyi                   (-2.387401 -0.36357032 11.467932)             (0.10453979 0.015316612 0.034628363)          (-2.2828612 -0.34825371 11.502561)            (-0.0030880003 -0.00047026255 0.014833276)    (0.00013521771 1.9811377e-05 4.4790295e-05)   (-0.0029527826 -0.00045045117 0.014878066)   
youweiduo                 (-0.84364798 1.0476407 1.8308544)             (0.13774195 -0.0077151762 0.011022944)        (-0.70590603 1.0399255 1.8418773)             (-0.0010912223 0.0013550781 0.0023681312)     (0.00017816328 -9.9792479e-06 1.4257704e-05)  (-0.00091305903 0.0013450988 0.0023823889)   
zhongyangyi               (1019.9232 0.023903756 14360.521)             (2.0028848 -0.013331736 0.4085477)            (1021.9261 0.01057202 14360.93)               (1.3192267 3.0918478e-05 18.574715)           (0.0025906452 -1.7244026e-05 0.00052843885)   (1.3218173 1.3674452e-05 18.575244)          
zuofuyi                   (0.14311013 0.73016638 23.188402)             (0.14774772 -0.018723957 0.04240657)          (0.29085785 0.71144242 23.230809)             (0.00018510679 0.00094443874 0.029993199)     (0.00019110531 -2.4218631e-05 5.4851071e-05)  (0.0003762121 0.00092022011 0.03004805)      
zuoweiduo                 (-0.8214687 -1.0400756 1.8300621)             (0.13741855 0.012259811 0.014304951)          (-0.68405015 -1.0278158 1.844367)             (-0.0010625344 -0.001345293 0.0023671064)     (0.00017774497 1.5857538e-05 1.8502838e-05)   (-0.0008847894 -0.0013294355 0.0023856093)   
------------------------- --------------------------------------------- --------------------------------------------- --------------------------------------------- --------------------------------------------- --------------------------------------------- ---------------------------------------------
Net                       (-101.0353 0.89158735 1009.7078)              (11.216128 0.0096553428 2.0576348)            (-89.819172 0.9012427 1011.7655)              (-0.13068481 0.0011532298 1.3060136)          (0.014507578 1.248877e-05 0.002661462)        (-0.11617723 0.0011657186 1.308675)          

Forces - Direction Vector (0.98480865 0 0.17364311)
                          Forces [N]                                      Coefficients                                   
Zone                      Pressure        Viscous         Total           Pressure        Viscous         Total          
jidi                      1127.7379       0.00084143794   1127.7387       1.4586804       1.0883637e-06   1.4586815      
jishen                    6778.481        1.1685655       6779.6495       8.767673        0.0015114892    8.7691845      
jitou                     -11082.616      1.166191        -11081.45       -14.334887      0.0015084178    -14.333378     
liangan                   -612.82638      1.2540965       -611.57229      -0.79266452     0.0016221197    -0.7910424     
waiyi                     132.63143       3.5267828       136.15822       0.17155305      0.0045617415    0.17611479     
weiyi                     143.88567       1.3384988       145.22417       0.18610992      0.0017312905    0.18784121     
xiaoyi                    87.696843       0.36744825      88.064292       0.11343209      0.00047527848   0.11390737     
youfuyi                   -0.35980574     0.10896467      -0.25084107     -0.00046539322  0.0001409411    -0.00032445212 
youweiduo                 -0.51291658     0.13756352      -0.37535306     -0.0006634355   0.00017793249   -0.00048550301 
zhongyangyi               3498.0347       2.0433998       3500.0781       4.5245571       0.0026430496    4.5272002      
zuofuyi                   4.1674424       0.15286684      4.3203092       0.0053904071    0.00019772667   0.0055881338   
zuoweiduo                 -0.49121181     0.13781493      -0.35339688     -0.00063536131  0.00017825767   -0.00045710364 
------------------------- --------------- --------------- --------------- --------------- --------------- ---------------
Net                       75.828367       11.403034       87.231401       0.098080725     0.014749333     0.11283006     
