                                    "Force Report"

Forces
                          Forces [N]                                                                                                                                Coefficients                                                                                                                             
Zone                      Pressure                                      Viscous                                       Total                                         Pressure                                      Viscous                                       Total                                        
jidi                      (1143.2325 6.8573143e-08 0.00043472051)       (2.1930167e-08 -0.0008270682 -0.0005532166)   (1143.2325 -0.00082699963 -0.00011849609)     (1.4787219 8.8696405e-11 5.6229225e-07)       (2.8365726e-11 -1.0697771e-06 -7.1556184e-07) (1.4787219 -1.0696884e-06 -1.5326959e-07)    
jishen                    (9075.5299 1.7096356 -12501.451)              (1.2711081 -0.034160386 -0.089928972)         (9076.801 1.6754752 -12501.541)               (11.738807 0.0022113399 -16.170089)           (0.0016441236 -4.4184987e-05 -0.00011631925)  (11.740451 0.002167155 -16.170205)           
jitou                     (-11238.069 -6.8650605 -14.525018)            (1.1798716 -0.084149831 -0.13007379)          (-11236.889 -6.9492103 -14.655092)            (-14.535958 -0.0088796599 -0.018787485)       (0.0015261131 -0.00010884418 -0.00016824485)  (-14.534432 -0.0089885041 -0.01895573)       
liangan                   (-81.192416 -0.70899613 -3083.4337)           (1.2224423 -0.067201987 -0.097583257)         (-79.969974 -0.77619811 -3083.5313)           (-0.10501889 -0.00091705594 -3.9882886)       (0.0015811764 -8.6922875e-05 -0.00012621974)  (-0.10343771 -0.0010039788 -3.9884148)       
waiyi                     (-135.79246 1.234253 1369.9481)               (3.4095038 -0.26753129 -0.20724656)           (-132.38295 0.96672173 1369.7408)             (-0.17564169 0.0015964531 1.7719688)          (0.0044100463 -0.00034604019 -0.0002680645)   (-0.17123165 0.0012504129 1.7717007)         
weiyi                     (41.879492 -10.888138 476.44999)              (1.4776607 -0.11259152 -0.14054272)           (43.357153 -11.00073 476.30945)               (0.054169318 -0.014083338 0.61626753)         (0.0019112904 -0.00014563228 -0.00018178595)  (0.056080609 -0.01422897 0.61608575)         
xiaoyi                    (150.66759 -0.37148723 -373.36479)            (0.3080748 -0.020200208 -0.037203942)         (150.97566 -0.39168743 -373.402)              (0.19488203 -0.00048050272 -0.48293127)       (0.00039848148 -2.6128098e-05 -4.8121696e-05) (0.19528051 -0.00050663082 -0.48297939)      
youfuyi                   (-1.2365667 0.25698761 -11.037128)            (0.13089427 -0.018798374 -0.049527076)        (-1.1056724 0.23818923 -11.086655)            (-0.0015994457 0.00033240239 -0.014276049)    (0.0001693061 -2.4314887e-05 -6.4061139e-05)  (-0.0014301396 0.00030808751 -0.01434011)    
youweiduo                 (-1.0422123 -0.7988011 -1.3236011)            (0.15251673 -0.01702032 -0.0050830061)        (-0.8896956 -0.81582142 -1.3286841)           (-0.0013480567 -0.0010332148 -0.001712021)    (0.00019727382 -2.201505e-05 -6.5746493e-06)  (-0.0011507829 -0.0010552299 -0.0017185956)  
zhongyangyi               (1052.1459 -0.016421622 14027.044)            (2.0954401 -0.14172971 -0.1454735)            (1054.2413 -0.15815133 14026.899)             (1.3609054 -2.124066e-05 18.143378)           (0.0027103614 -0.00018332127 -0.0001881637)   (1.3636157 -0.00020456193 18.143189)         
zuofuyi                   (-0.77985693 0.32918243 8.8367956)            (0.16903357 -0.026620133 -0.0049080831)       (-0.61082336 0.3025623 8.8318875)             (-0.0010087113 0.00042578329 0.011430014)     (0.00021863764 -3.4431995e-05 -6.3483939e-06) (-0.00079007369 0.0003913513 0.011423666)    
zuoweiduo                 (-1.0321329 0.4599057 -0.70328844)            (0.15643061 -0.012007022 -0.017098092)        (-0.87570228 0.44789868 -0.72038654)          (-0.0013350194 0.0005948682 -0.0009096733)    (0.00020233626 -1.5530566e-05 -2.2115645e-05) (-0.0011326832 0.00057933764 -0.00093178894) 
------------------------- --------------------------------------------- --------------------------------------------- --------------------------------------------- --------------------------------------------- --------------------------------------------- ---------------------------------------------
Net                       (4.3104261 -15.658941 -103.55916)             (11.572977 -0.80283785 -0.92522222)           (15.883403 -16.461779 -104.48439)             (0.0055753504 -0.020254165 -0.13394932)       (0.014969147 -0.0010384362 -0.0011967351)     (0.020544497 -0.021292601 -0.13514605)       

Forces - Direction Vector (0.99209929 -0.069756474 -0.10427384)
                          Forces [N]                                      Coefficients                                   
Zone                      Pressure        Viscous         Total           Pressure        Viscous         Total          
jidi                      1134.2001       0.00011540114   1134.2002       1.4670389       1.492664e-07    1.4670391      
jishen                    10307.282       1.2728256       10308.555       13.332025       0.0016463451    13.333671      
jitou                     -11147.287      1.1899831       -11146.097      -14.418535      0.0015391919    -14.416996     
liangan                   241.01998       1.2276473       242.24763       0.31174896      0.0015879089    0.31333687     
waiyi                     -277.65544      3.4228388       -274.2326       -0.35913535     0.0044272944    -0.35470805    
weiyi                     -7.3731363      1.488495        -5.8846413      -0.0095368341   0.0019253042    -0.0076115299  
xiaoyi                    188.4353        0.31092929      188.74623       0.24373294      0.00040217363   0.24413511     
youfuyi                   -0.093839804    0.1363358       0.042495997     -0.00012137774  0.00017634448   5.4966741e-05  
youweiduo                 -0.8402396      0.15302904      -0.68721056     -0.0010868137   0.00019793647   -0.00088887725 
zhongyangyi               -418.8194       2.1039402       -416.71546      -0.54172484     0.002721356     -0.53900349    
zuofuyi                   -1.7181047      0.1700668       -1.5480379      -0.0022222944   0.00021997408   -0.0020023203  
zuoweiduo                 -0.98272512     0.15781515      -0.82490997     -0.0012711126   0.0002041271    -0.0010669855  
------------------------- --------------- --------------- --------------- --------------- --------------- ---------------
Net                       16.167194       11.634021       27.801216       0.020911569     0.015048105     0.035959675    
