                                    "Force Report"

Forces
                          Forces [N]                                                                                                                                Coefficients                                                                                                                             
Zone                      Pressure                                      Viscous                                       Total                                         Pressure                                      Viscous                                       Total                                        
jidi                      (1144.0631 7.3593199e-07 0.00043497703)       (2.0663868e-08 -0.0024933604 -0.00016537651)  (1144.0631 -0.0024926245 0.00026960052)       (1.4797963 9.5189631e-10 5.6262404e-07)       (2.6727823e-11 -3.2250543e-06 -2.1390738e-07) (1.4797963 -3.2241024e-06 3.4871665e-07)     
jishen                    (9080.1959 1.9342043 -12505.155)              (1.2485538 -0.08763695 -0.066330972)          (9081.4444 1.8465673 -12505.221)              (11.744842 0.0025018099 -16.174879)           (0.0016149505 -0.00011335462 -8.5796253e-05)  (11.746457 0.0023884553 -16.174965)          
jitou                     (-11244.595 -13.710757 -4.0114937)            (1.1657203 -0.1688072 -0.019472456)           (-11243.429 -13.879564 -4.0309662)            (-14.544399 -0.017734273 -0.0051886943)       (0.001507809 -0.00021834484 -2.5186783e-05)   (-14.542891 -0.017952618 -0.005213881)       
liangan                   (-81.119806 -2.105002 -3079.0041)             (1.1661337 -0.11837955 -0.017667758)          (-79.953672 -2.2233815 -3079.0217)            (-0.10492497 -0.0027227294 -3.9825591)        (0.0015083437 -0.00015311884 -2.2852484e-05)  (-0.10341663 -0.0028758482 -3.9825819)       
waiyi                     (-128.95952 0.87959532 1535.2816)             (3.8708523 -0.49740044 0.059596463)           (-125.08867 0.38219488 1535.3412)             (-0.16680358 0.0011377186 1.9858205)          (0.0050067806 -0.00064336604 7.7085456e-05)   (-0.1617968 0.00049435261 1.9858976)         
weiyi                     (43.626509 -20.144492 504.11399)              (1.4844578 -0.21226944 -0.07986116)           (45.110967 -20.356761 504.03413)              (0.05642901 -0.026056032 0.65204972)          (0.0019200822 -0.00027456137 -0.00010329697)  (0.058349092 -0.026330593 0.65194643)        
xiaoyi                    (151.23716 -0.77086296 -372.15345)            (0.3123648 -0.040134642 -0.015627214)         (151.54953 -0.8109976 -372.16908)             (0.19561875 -0.00099707802 -0.48136445)       (0.00040403041 -5.191243e-05 -2.0213128e-05)  (0.19602278 -0.0010489904 -0.48138466)       
youfuyi                   (-1.73917 0.20512925 -7.2338409)              (0.1424213 -0.042627823 -0.037253059)         (-1.5967487 0.16250143 -7.271094)             (-0.0022495414 0.00026532584 -0.0093566615)   (0.00018421582 -5.5137252e-05 -4.8185227e-05) (-0.0020653256 0.00021018859 -0.0094048468)  
youweiduo                 (-0.9883233 -0.60550787 -1.0035325)           (0.152268 -0.032651943 0.0055735247)          (-0.8360553 -0.63815981 -0.99795894)          (-0.0012783536 -0.00078319833 -0.001298026)   (0.00019695209 -4.2233881e-05 7.209114e-06)   (-0.0010814015 -0.00082543221 -0.0012908169) 
zhongyangyi               (1057.0225 -0.033003706 14131.922)            (2.3900637 -0.2523582 -0.0056090893)          (1059.4126 -0.28536191 14131.916)             (1.3672131 -4.2688871e-05 18.279032)          (0.0030914443 -0.00032641446 -7.2551153e-06)  (1.3703045 -0.00036910333 18.279025)         
zuofuyi                   (-1.0912923 0.44505737 12.306274)             (0.19911338 -0.044141033 0.0045654792)        (-0.89217897 0.40091634 12.31084)             (-0.0014115396 0.00057566253 0.015917636)     (0.00025754458 -5.7094524e-05 5.9052506e-06)  (-0.001153995 0.000518568 0.015923541)       
zuoweiduo                 (-0.97165722 -0.067279822 0.20009088)         (0.15615671 -0.02748962 -0.020009987)         (-0.81550051 -0.094769442 0.18008089)         (-0.0012567967 -8.7023551e-05 0.00025880893)  (0.00020198198 -3.5556638e-05 -2.5882055e-05) (-0.0010548148 -0.00012258019 0.00023292688) 
------------------------- --------------------------------------------- --------------------------------------------- --------------------------------------------- --------------------------------------------- --------------------------------------------- ---------------------------------------------
Net                       (16.680495 -33.972918 215.2628)               (12.288106 -1.5263902 -0.19226161)            (28.968601 -35.499308 215.07054)              (0.021575502 -0.043942505 0.27843316)         (0.015894135 -0.00197432 -0.0002486821)       (0.037469637 -0.045916825 0.27818448)        

Forces - Direction Vector (0.98966482 -0.1391731 -0.034559857)
                          Forces [N]                                      Coefficients                                   
Zone                      Pressure        Viscous         Total           Pressure        Viscous         Total          
jidi                      1132.2389       0.00035274454   1132.2393       1.4645023       4.5625987e-07   1.4645027      
jishen                    9418.2576       1.2501389       9419.5078       12.18211        0.0016170007    12.183727      
jitou                     -11126.333      1.1778388       -11125.155      -14.391433      0.0015234837    -14.389909     
liangan                   26.421482       1.1711674       27.592649       0.034175048     0.0015148545    0.035689903    
waiyi                     -180.80823      3.8980115       -176.91021      -0.23386765     0.0050419099    -0.22882574    
weiyi                     28.557086       1.5014179       30.058504       0.03693736      0.0019420193    0.038879379    
xiaoyi                    162.64295       0.31526219      162.95822       0.21037165      0.00040777806   0.21077943     
youfuyi                   -1.4997433      0.14816946      -1.3515739      -0.0019398534   0.00019165081   -0.0017482026  
youweiduo                 -0.85915646     0.15504593      -0.70411053     -0.0011112819   0.00020054523   -0.00091073662 
zhongyangyi               557.70539       2.4006772       560.10606       0.72136788      0.0031051726    0.72447306     
zuofuyi                   -1.5672567      0.20304097      -1.3642158      -0.0020271791   0.00026262475   -0.0017645543  
zuoweiduo                 -0.95916655     0.15906016      -0.80010638     -0.0012406406   0.00020573747   -0.0010349031  
------------------------- --------------- --------------- --------------- --------------- --------------- ---------------
Net                       13.796764       12.380183       26.176947       0.017845519     0.016013233     0.033858753    
