                                    "Force Report"

Forces
                          Forces [N]                                                                                                                                Coefficients                                                                                                                             
Zone                      Pressure                                      Viscous                                       Total                                         Pressure                                      Viscous                                       Total                                        
jidi                      (1144.6572 2.7924877e-07 0.00043529392)       (2.6871317e-08 -0.00093659668 0.0036702122)   (1144.6572 -0.00093631744 0.0041055061)       (1.4805647 3.6119625e-10 5.6303392e-07)       (3.475689e-11 -1.2114475e-06 4.7472614e-06)   (1.4805647 -1.2110863e-06 5.3102953e-06)     
jishen                    (9081.3738 0.6884339 -12499.578)              (1.1723488 0.0037855698 -0.019366437)         (9082.5461 0.69221947 -12499.597)             (11.746366 0.00089045958 -16.167665)          (0.0015163826 4.8964714e-06 -2.5049651e-05)   (11.747882 0.00089535605 -16.167691)         
jitou                     (-11247.879 0.25034381 6.6829724)             (1.1615513 0.00084826245 0.086528622)         (-11246.717 0.25119208 6.7695011)             (-14.548647 0.00032380894 0.0086441369)       (0.0015024166 1.0971909e-06 0.00011192104)    (-14.547144 0.00032490613 0.0087560579)      
liangan                   (-81.077829 -0.20169264 -3076.1868)           (1.1183025 -0.0045503012 0.018418462)         (-79.959526 -0.20624295 -3076.1684)           (-0.10487068 -0.00026088074 -3.9789151)       (0.001446476 -5.8856185e-06 2.3823488e-05)    (-0.1034242 -0.00026676636 -3.9788912)       
waiyi                     (-141.67025 0.81828991 1699.7694)             (4.3842362 0.0016406354 0.36835432)           (-137.28601 0.81993055 1700.1378)             (-0.18324436 0.0010584227 2.1985785)          (0.0056708206 2.1220912e-06 0.00047645044)    (-0.17757354 0.0010605448 2.199055)          
weiyi                     (46.955819 -2.458917 528.81023)               (1.5851985 -0.015253782 -0.030103062)         (48.541017 -2.4741708 528.78012)              (0.060735328 -0.0031805032 0.68399324)        (0.0020503859 -1.973011e-05 -3.8937014e-05)   (0.062785714 -0.0032002333 0.68395431)       
xiaoyi                    (152.08536 -0.12632686 -370.11832)            (0.32410164 -0.0010245106 0.015245716)        (152.40946 -0.12735137 -370.10308)            (0.19671586 -0.00016339834 -0.4787321)        (0.0004192115 -1.3251603e-06 1.9719677e-05)   (0.19713507 -0.0001647235 -0.47871238)       
youfuyi                   (-1.7336866 0.12239849 -4.2234334)            (0.13680232 -0.0012293659 -0.020371046)       (-1.5968842 0.12116912 -4.2438044)            (-0.0022424488 0.00015831717 -0.0054628291)   (0.00017694791 -1.5901319e-06 -2.634907e-05)  (-0.0020655009 0.00015672704 -0.0054891781)  
youweiduo                 (-0.9535253 0.066728994 0.14645784)           (0.15546853 -0.0063878497 -0.0016122689)      (-0.79805677 0.060341145 0.14484557)          (-0.0012333439 8.6311079e-05 0.00018943691)   (0.00020109185 -8.2624084e-06 -2.0854003e-06) (-0.001032252 7.804867e-05 0.00018735151)    
zhongyangyi               (1051.8344 0.0045526173 14230.374)            (2.5726975 -0.0036145602 0.1578095)           (1054.4071 0.00093805709 14230.532)           (1.3605024 5.8886142e-06 18.406376)           (0.0033276734 -4.6752778e-06 0.00020411978)   (1.3638301 1.2133364e-06 18.40658)           
zuofuyi                   (-0.68175296 0.5268355 14.569924)             (0.17391708 -0.0010595538 0.020843493)        (-0.50783587 0.52577595 14.590768)            (-0.00088181807 0.00068143902 0.018845569)    (0.00022495425 -1.3704872e-06 2.696016e-05)   (-0.00065686382 0.00068006853 0.018872529)   
zuoweiduo                 (-0.94705106 -0.14444833 0.29559926)          (0.15428944 0.0022848779 -0.0025943448)       (-0.79276162 -0.14216346 0.29300491)          (-0.0012249697 -0.0001868377 0.0003823449)    (0.00019956674 2.9553911e-06 -3.3556732e-06)  (-0.001025403 -0.00018388231 0.00037898923)  
------------------------- --------------------------------------------- --------------------------------------------- --------------------------------------------- --------------------------------------------- --------------------------------------------- ---------------------------------------------
Net                       (1.9633715 -0.45380137 530.54268)             (12.938914 -0.025497175 0.59682316)           (14.902285 -0.47929854 531.13951)             (0.0025395365 -0.00058697252 0.6862341)       (0.016735927 -3.2979497e-05 0.00077196504)    (0.019275464 -0.00061995201 0.68700606)      

Forces - Direction Vector (0.99939086 0 0.034899497)
                          Forces [N]                                      Coefficients                                   
Zone                      Pressure        Viscous         Total           Pressure        Viscous         Total          
jidi                      1143.9599       0.00012811541   1143.96         1.4796628       1.6571176e-07   1.479663       
jishen                    8639.6127       1.1709588       8640.7837       11.174967       0.0015145847    11.176481      
jitou                     -11240.794      1.1638635       -11239.63       -14.539482      0.0015054073    -14.537977     
liangan                   -188.38581      1.118264        -187.26754      -0.24366892     0.0014464263    -0.2422225     
waiyi                     -82.262849      4.3944208       -77.868428      -0.10640345     0.0056839939    -0.10071946    
weiyi                     65.382425       1.5831823       66.965607       0.084569349     0.002047778     0.086617127    
xiaoyi                    139.07577       0.32443627      139.40021       0.17988852      0.00041964434   0.18030816     
youfuyi                   -1.8800261      0.13600805      -1.7440181      -0.0024317328   0.00017592055   -0.0022558122  
youweiduo                 -0.94783314     0.15531756      -0.79251558     -0.0012259813   0.00020089657   -0.0010250848  
zhongyangyi               1547.8265       2.5766378       1550.4031       2.0020469       0.0033327699    2.0053796      
zuofuyi                   -0.17285465     0.17453857      0.0016839174    -0.00022358004  0.00022575811   2.1780746e-06  
zuoweiduo                 -0.93615788     0.15410491      -0.78205297     -0.0012108799   0.00019932806   -0.0010115518  
------------------------- --------------- --------------- --------------- --------------- --------------- ---------------
Net                       20.477848       12.951861       33.429708       0.026487213     0.016752674     0.043239887    
