                                    "Force Report"

Moments - Moment Center (0 0 0.05)
                          Moments [N m]                                                                                                                             Coefficients                                                                                                                             
Zone                      Pressure                                      Viscous                                       Total                                         Pressure                                      Viscous                                       Total                                        
jidi                      (9.5566817e-09 -22.895946 0.0049645937)       (1.924851e-05 -0.0015100658 -0.00059962275)   (1.9258067e-05 -22.897456 0.0043649709)       (3.389404e-11 -0.08120351 1.760759e-05)       (6.8267395e-08 -5.3556488e-06 -2.1266417e-06) (6.8301289e-08 -0.081208866 1.5480949e-05)   
jishen                    (0.13818933 -231.12067 0.88654539)            (-0.011095655 -0.073662132 -0.00056970938)    (0.12709367 -231.19433 0.88597568)            (0.00049010679 -0.81970011 0.0031442509)      (-3.9352212e-05 -0.00026125253 -2.0205499e-06) (0.00045075458 -0.81996136 0.0031422303)     
jitou                     (-0.42501989 541.30558 4.1821332)             (-0.0046374981 -0.0084267384 0.053012005)     (-0.42965739 541.29716 4.2351452)             (-0.0015073894 1.9198121 0.01483249)          (-1.6447502e-05 -2.9886546e-05 0.00018801411) (-0.001523837 1.9197822 0.015020505)         
liangan                   (0.2814537 646.26373 -0.053596545)            (0.010241704 0.10289226 0.0020818811)         (0.2916954 646.36662 -0.051514664)            (0.00099821289 2.2920601 -0.00019008726)      (3.6323561e-05 0.00036492104 7.3836676e-06)   (0.0010345364 2.292425 -0.00018270359)       
waiyi                     (-57.99528 -46.067322 -0.28788878)            (-0.040441484 0.64066616 0.068283303)         (-58.035721 -45.426656 -0.21960548)           (-0.20568796 -0.16338387 -0.0010210358)       (-0.00014343109 0.0022722075 0.0002421758)    (-0.20583139 -0.16111166 -0.00077885998)     
weiyi                     (-4.7513323 -668.72955 -14.32774)             (0.036195876 0.49521657 -0.13936659)          (-4.7151365 -668.23433 -14.467106)            (-0.016851231 -2.3717381 -0.050815231)        (0.00012837348 0.0017563513 -0.00049428211)   (-0.016722857 -2.3699817 -0.051309513)       
xiaoyi                    (2.5071513 55.911974 -0.098423561)            (0.02704732 0.038863017 -0.010170197)         (2.5341986 55.950837 -0.10859376)             (0.0088919447 0.19829924 -0.00034907222)      (9.592691e-05 0.00013783285 -3.6069952e-05)   (0.0089878716 0.19843707 -0.00038514217)     
youfuyi                   (-5.0743545 0.29734222 2.0805887)             (-0.021464367 0.018752858 -0.16859667)        (-5.0958189 0.31609508 1.911992)              (-0.017996872 0.0010545636 0.0073790839)      (-7.6126225e-05 6.6509499e-05 -0.00059795046) (-0.018072998 0.0011210731 0.0067811334)     
youweiduo                 (-0.040006566 -0.096234455 0.21508567)        (0.0067842948 0.038775908 -0.083605274)       (-0.033222271 -0.057458548 0.1314804)         (-0.0001418886 -0.00034130827 0.00076282987)  (2.4061402e-05 0.0001375239 -0.0002965172)    (-0.00011782719 -0.00020378436 0.00046631267)
zhongyangyi               (-0.78195813 -279.82335 0.070618178)          (0.013981664 0.3562044 -0.0061026263)         (-0.76797646 -279.46715 0.064515552)          (-0.0027733183 -0.99243066 0.00025045674)     (4.9587826e-05 0.0012633262 -2.1643774e-05)   (-0.0027237304 -0.99116733 0.00022881297)    
zuofuyi                   (-17.674136 -2.5755531 -0.92140818)           (-0.019894819 0.017766717 0.21086799)         (-17.694031 -2.5577864 -0.71054019)           (-0.062683668 -0.0091345408 -0.0032678964)    (-7.0559616e-05 6.3012019e-05 0.0007478713)   (-0.062754228 -0.0090715288 -0.0025200251)   
zuoweiduo                 (-0.13320842 -1.0294291 -0.73600082)          (0.0055931518 0.054321084 0.042298748)        (-0.12761527 -0.97510802 -0.69370207)         (-0.00047244135 -0.0036510069 -0.0026103246)  (1.9836855e-05 0.00019265693 0.00015001812)   (-0.00045260449 -0.00345835 -0.0024603064)   
------------------------- --------------------------------------------- --------------------------------------------- --------------------------------------------- --------------------------------------------- --------------------------------------------- ---------------------------------------------
Net                       (-83.948501 -8.5594289 -8.985122)             (0.0023294359 1.67986 -0.032466764)           (-83.946172 -6.8795688 -9.0175887)            (-0.2977345 -0.03035715 -0.031866927)         (8.2616534e-06 0.0059578465 -0.00011514769)   (-0.29772624 -0.024399304 -0.031982075)      

Moments - Moment Center (0 0 0.05) Moment Axis (0 1 0)
                          Moments [N m]                                   Coefficients                                   
Zone                      Pressure        Viscous         Total           Pressure        Viscous         Total          
jidi                      -22.895946      -0.0015100658   -22.897456      -0.08120351     -5.3556488e-06  -0.081208866   
jishen                    -231.12067      -0.073662132    -231.19433      -0.81970011     -0.00026125253  -0.81996136    
jitou                     541.30558       -0.0084267384   541.29716       1.9198121       -2.9886546e-05  1.9197822      
liangan                   646.26373       0.10289226      646.36662       2.2920601       0.00036492104   2.292425       
waiyi                     -46.067322      0.64066616      -45.426656      -0.16338387     0.0022722075    -0.16111166    
weiyi                     -668.72955      0.49521657      -668.23433      -2.3717381      0.0017563513    -2.3699817     
xiaoyi                    55.911974       0.038863017     55.950837       0.19829924      0.00013783285   0.19843707     
youfuyi                   0.29734222      0.018752858     0.31609508      0.0010545636    6.6509499e-05   0.0011210731   
youweiduo                 -0.096234455    0.038775908     -0.057458548    -0.00034130827  0.0001375239    -0.00020378436 
zhongyangyi               -279.82335      0.3562044       -279.46715      -0.99243066     0.0012633262    -0.99116733    
zuofuyi                   -2.5755531      0.017766717     -2.5577864      -0.0091345408   6.3012019e-05   -0.0090715288  
zuoweiduo                 -1.0294291      0.054321084     -0.97510802     -0.0036510069   0.00019265693   -0.00345835    
------------------------- --------------- --------------- --------------- --------------- --------------- ---------------
Net                       -8.5594289      1.67986         -6.8795688      -0.03035715     0.0059578465    -0.024399304   
