                                    "Force Report"

Moments - Moment Center (0 0 0.05)
                          Moments [N m]                                                                                                                             Coefficients                                                                                                                             
Zone                      Pressure                                      Viscous                                       Total                                         Pressure                                      Viscous                                       Total                                        
jidi                      (3.2678432e-09 -22.905841 0.0035411557)       (3.6477875e-05 -0.001294881 -0.00035277975)   (3.6481143e-05 -22.907136 0.0031883759)       (1.1589839e-11 -0.081238604 1.2559178e-05)    (1.2937362e-07 -4.5924673e-06 -1.2511802e-06) (1.2938521e-07 -0.081243196 1.1307998e-05)   
jishen                    (0.16749303 -230.37799 1.6843328)             (-0.02218135 -0.065913546 0.0016379921)       (0.14531168 -230.44391 1.6859707)             (0.00059403627 -0.81706612 0.0059737096)      (-7.86691e-05 -0.00023377114 5.8093563e-06)   (0.00051536717 -0.81729989 0.005979519)      
jitou                     (-0.84963137 544.55078 8.3753536)             (-0.0093238964 0.025781854 0.1069313)         (-0.85895526 544.57656 8.4822849)             (-0.0030133304 1.9313216 0.029704303)         (-3.3068436e-05 9.1438767e-05 0.00037924603)  (-0.0030463988 1.931413 0.030083549)         
liangan                   (1.1809673 647.35537 -0.37621657)             (0.027650504 0.11363284 0.0060351937)         (1.2086178 647.469 -0.37018137)               (0.0041884572 2.2959317 -0.001334302)         (9.806618e-05 0.00040301396 2.1404615e-05)    (0.0042865234 2.2963347 -0.0013128974)       
waiyi                     (-52.091241 -45.011814 -1.9663304)            (-0.0022023337 0.63593439 0.019843009)        (-52.093443 -44.37588 -1.9464874)             (-0.1847485 -0.15964037 -0.0069738517)        (-7.8108687e-06 0.0022554257 7.0375864e-05)   (-0.18475631 -0.15738495 -0.0069034758)      
weiyi                     (-7.1472521 -687.27628 -24.659038)            (0.06687731 0.42520568 -0.26424704)           (-7.0803748 -686.85107 -24.923285)            (-0.025348678 -2.4375165 -0.08745655)         (0.00023718925 0.0015080484 -0.00093718718)   (-0.025111489 -2.4360085 -0.088393738)       
xiaoyi                    (6.6660609 55.970102 -0.35907968)             (0.063246737 0.039001488 -0.017943955)        (6.7293077 56.009104 -0.37702364)             (0.02364207 0.19850539 -0.0012735237)         (0.00022431294 0.00013832395 -6.3640616e-05)  (0.023866383 0.19864372 -0.0013371644)       
youfuyi                   (-1.9664273 -0.13141503 2.0704083)            (-0.0031812494 0.015854085 -0.16608104)       (-1.9696085 -0.11556095 1.9043272)            (-0.0069741953 -0.00046608085 0.0073429777)   (-1.1282723e-05 5.6228616e-05 -0.00058902846) (-0.006985478 -0.00040985224 0.0067539493)   
youweiduo                 (-0.039963583 -0.23678556 0.28155338)         (0.012887702 0.028239948 -0.098530606)        (-0.027075882 -0.20854561 0.18302277)         (-0.00014173615 -0.0008397914 0.00099856641)  (4.5707944e-05 0.00010015672 -0.00034945187)  (-9.6028207e-05 -0.00073963468 0.00064911454)
zhongyangyi               (2.2799842 -277.38063 0.53677608)             (0.028307225 0.3575692 -0.0029377059)         (2.3082914 -277.02306 0.53383837)             (0.0080862665 -0.98376721 0.0019037476)       (0.00010039533 0.0012681666 -1.0418964e-05)   (0.0081866619 -0.98249904 0.0018933286)      
zuofuyi                   (-18.953511 -2.7741397 -0.86370709)           (-0.022245346 0.016220013 0.19790202)         (-18.975757 -2.7579197 -0.66580507)           (-0.067221142 -0.0098388545 -0.0030632518)    (-7.8896071e-05 5.7526427e-05 0.00070188578)  (-0.067300039 -0.009781328 -0.002361366)     
zuoweiduo                 (-0.23940381 -1.7918915 -1.1721857)           (0.0095145847 0.056162722 0.02426814)         (-0.22988922 -1.7357288 -1.1479176)           (-0.00084907737 -0.0063551809 -0.0041573123)  (3.3744737e-05 0.00019918855 8.6070179e-05)   (-0.00081533264 -0.0061559924 -0.0040712421) 
------------------------- --------------------------------------------- --------------------------------------------- --------------------------------------------- --------------------------------------------- --------------------------------------------- ---------------------------------------------
Net                       (-70.992925 -20.010534 -16.444592)            (0.14938636 1.6463938 -0.19347547)            (-70.843538 -18.36414 -16.638068)             (-0.25178583 -0.070970014 -0.058322928)       (0.00052981857 0.0058391541 -0.00068618644)   (-0.25125601 -0.06513086 -0.059009115)       

Moments - Moment Center (0 0 0.05) Moment Axis (0 1 0)
                          Moments [N m]                                   Coefficients                                   
Zone                      Pressure        Viscous         Total           Pressure        Viscous         Total          
jidi                      -22.905841      -0.001294881    -22.907136      -0.081238604    -4.5924673e-06  -0.081243196   
jishen                    -230.37799      -0.065913546    -230.44391      -0.81706612     -0.00023377114  -0.81729989    
jitou                     544.55078       0.025781854     544.57656       1.9313216       9.1438767e-05   1.931413       
liangan                   647.35537       0.11363284      647.469         2.2959317       0.00040301396   2.2963347      
waiyi                     -45.011814      0.63593439      -44.37588       -0.15964037     0.0022554257    -0.15738495    
weiyi                     -687.27628      0.42520568      -686.85107      -2.4375165      0.0015080484    -2.4360085     
xiaoyi                    55.970102       0.039001488     56.009104       0.19850539      0.00013832395   0.19864372     
youfuyi                   -0.13141503     0.015854085     -0.11556095     -0.00046608085  5.6228616e-05   -0.00040985224 
youweiduo                 -0.23678556     0.028239948     -0.20854561     -0.0008397914   0.00010015672   -0.00073963468 
zhongyangyi               -277.38063      0.3575692       -277.02306      -0.98376721     0.0012681666    -0.98249904    
zuofuyi                   -2.7741397      0.016220013     -2.7579197      -0.0098388545   5.7526427e-05   -0.009781328   
zuoweiduo                 -1.7918915      0.056162722     -1.7357288      -0.0063551809   0.00019918855   -0.0061559924  
------------------------- --------------- --------------- --------------- --------------- --------------- ---------------
Net                       -20.010534      1.6463938       -18.36414       -0.070970014    0.0058391541    -0.06513086    
