                                    "Force Report"

Moments - Moment Center (0 0 0.05)
                          Moments [N m]                                                                                                                             Coefficients                                                                                                                             
Zone                      Pressure                                      Viscous                                       Total                                         Pressure                                      Viscous                                       Total                                        
jidi                      (-1.5291416e-09 -22.869958 0.0040126845)      (-9.1681385e-06 -0.00014152474 -0.00080132927) (-9.1696676e-06 -22.8701 0.0032113552)        (-5.4233035e-12 -0.081111342 1.4231518e-05)   (-3.251602e-08 -5.0193628e-07 -2.8420206e-06) (-3.2521443e-08 -0.081111844 1.1389497e-05)  
jishen                    (0.44903281 -232.80837 2.5507585)             (-0.024390815 -0.10542648 -0.0024187889)      (0.42464199 -232.91379 2.5483397)             (0.0015925544 -0.82568576 0.0090466034)       (-8.6505264e-05 -0.00037390901 -8.5785557e-06) (0.0015060492 -0.82605967 0.0090380248)      
jitou                     (-0.87104295 528.23013 8.5178398)             (-0.0096741331 -0.14900954 0.10701094)        (-0.88071708 528.08112 8.6248508)             (-0.0030892694 1.8734383 0.030209649)         (-3.4310597e-05 -0.00052848212 0.0003795285)  (-0.00312358 1.8729098 0.030589178)          
liangan                   (0.62566116 644.23205 -0.68634796)            (0.016773439 0.11460587 -0.0022002068)        (0.6424346 644.34666 -0.68854817)             (0.0022189903 2.2848545 -0.0024342241)        (5.9489226e-05 0.00040646493 -7.8033255e-06)  (0.0022784796 2.2852609 -0.0024420274)       
waiyi                     (-49.142834 -55.510107 4.3388957)             (0.009719887 0.47468896 0.089391558)          (-49.133114 -55.035418 4.4282873)             (-0.17429158 -0.19687396 0.01538847)          (3.4472869e-05 0.0016835474 0.00031703902)    (-0.17425711 -0.19519041 0.015705509)        
weiyi                     (-7.2619765 -607.31821 -22.102456)            (0.079720993 0.58186248 -0.20654924)          (-7.1822555 -606.73635 -22.309005)            (-0.025755563 -2.1539346 -0.078389293)        (0.00028274108 0.0020636525 -0.00073255428)   (-0.025472822 -2.151871 -0.079121847)        
xiaoyi                    (-1.1473695 55.930565 -0.5095327)             (0.009111523 0.043730609 -0.016514228)        (-1.138258 55.974296 -0.52604693)             (-0.0040692982 0.19836517 -0.0018071253)      (3.2315225e-05 0.00015509641 -5.8569899e-05)  (-0.004036983 0.19852027 -0.0018656952)      
youfuyi                   (-12.510367 1.4965131 1.3862451)              (-0.052160706 0.023035538 -0.16299171)        (-12.562527 1.5195487 1.2232533)              (-0.044369675 0.0053075823 0.004916502)       (-0.00018499487 8.1698593e-05 -0.00057807174) (-0.04455467 0.0053892809 0.0043384303)      
youweiduo                 (-0.25613661 1.8647486 -0.9204916)            (0.0095333695 0.040367546 -0.098399217)       (-0.24660324 1.9051161 -1.0188908)            (-0.00090842248 0.0066135783 -0.0032646456)   (3.381136e-05 0.00014316886 -0.00034898588)   (-0.00087461112 0.0067567472 -0.0036136315)  
zhongyangyi               (3.6004846 -294.06148 -0.47706423)            (0.035926503 0.26411801 -0.056469663)         (3.6364111 -293.79736 -0.5335339)             (0.012769596 -1.0429281 -0.0016919716)        (0.00012741811 0.00093672956 -0.00020027715)  (0.012897014 -1.0419913 -0.0018922488)       
zuofuyi                   (-10.073366 -1.5370718 -1.3489391)            (0.015737579 0.02188436 0.19872083)           (-10.057629 -1.5151875 -1.1502182)            (-0.03572653 -0.0054514292 -0.0047841914)     (5.581541e-05 7.7615786e-05 0.00070478979)    (-0.035670715 -0.0053738134 -0.0040794016)   
zuoweiduo                 (-0.046404977 0.24033939 0.03627879)          (0.018033155 0.079943267 0.014018393)         (-0.028371822 0.32028266 0.050297183)         (-0.00016458141 0.00085239553 0.00012866754)  (6.3956977e-05 0.00028352941 4.9718091e-05)   (-0.00010062443 0.0011359249 0.00017838563)  
------------------------- --------------------------------------------- --------------------------------------------- --------------------------------------------- --------------------------------------------- --------------------------------------------- ---------------------------------------------
Net                       (-76.634319 17.889156 -9.2108009)             (0.10832163 1.3896591 -0.13720267)            (-76.525997 19.278815 -9.3480036)             (-0.27179378 0.063446265 -0.032667328)        (0.00038417702 0.0049286104 -0.00048660746)   (-0.2714096 0.068374875 -0.033153935)        

Moments - Moment Center (0 0 0.05) Moment Axis (0 1 0)
                          Moments [N m]                                   Coefficients                                   
Zone                      Pressure        Viscous         Total           Pressure        Viscous         Total          
jidi                      -22.869958      -0.00014152474  -22.8701        -0.081111342    -5.0193628e-07  -0.081111844   
jishen                    -232.80837      -0.10542648     -232.91379      -0.82568576     -0.00037390901  -0.82605967    
jitou                     528.23013       -0.14900954     528.08112       1.8734383       -0.00052848212  1.8729098      
liangan                   644.23205       0.11460587      644.34666       2.2848545       0.00040646493   2.2852609      
waiyi                     -55.510107      0.47468896      -55.035418      -0.19687396     0.0016835474    -0.19519041    
weiyi                     -607.31821      0.58186248      -606.73635      -2.1539346      0.0020636525    -2.151871      
xiaoyi                    55.930565       0.043730609     55.974296       0.19836517      0.00015509641   0.19852027     
youfuyi                   1.4965131       0.023035538     1.5195487       0.0053075823    8.1698593e-05   0.0053892809   
youweiduo                 1.8647486       0.040367546     1.9051161       0.0066135783    0.00014316886   0.0067567472   
zhongyangyi               -294.06148      0.26411801      -293.79736      -1.0429281      0.00093672956   -1.0419913     
zuofuyi                   -1.5370718      0.02188436      -1.5151875      -0.0054514292   7.7615786e-05   -0.0053738134  
zuoweiduo                 0.24033939      0.079943267     0.32028266      0.00085239553   0.00028352941   0.0011359249   
------------------------- --------------- --------------- --------------- --------------- --------------- ---------------
Net                       17.889156       1.3896591       19.278815       0.063446265     0.0049286104    0.068374875    
