                                    "Force Report"

Moments - Moment Center (0 0 0.05)
                          Moments [N m]                                                                                                                             Coefficients                                                                                                                             
Zone                      Pressure                                      Viscous                                       Total                                         Pressure                                      Viscous                                       Total                                        
jidi                      (4.3977091e-09 -22.886739 0.0017414341)       (-3.4320642e-05 0.00038716018 -0.00054407889) (-3.4316244e-05 -22.886352 0.0011973552)      (1.5597059e-11 -0.081170857 6.1762271e-06)    (-1.2172271e-07 1.373115e-06 -1.929648e-06)   (-1.2170711e-07 -0.081169484 4.2465791e-06)  
jishen                    (0.020567647 -231.87265 -0.077555403)         (0.0012261446 -0.079746741 -0.00085111955)    (0.021793792 -231.9524 -0.078406523)          (7.294589e-05 -0.82236712 -0.00027506053)     (4.3486845e-06 -0.0002828324 -3.0186084e-06)  (7.7294575e-05 -0.82264996 -0.00027807914)   
jitou                     (0.013913873 538.02586 -0.1407836)            (6.3104347e-05 -0.042745182 -0.00077656369)   (0.013976977 537.98312 -0.14156017)           (4.9347397e-05 1.9081801 -0.00049930774)      (2.2380794e-07 -0.00015160146 -2.7541862e-06) (4.9571205e-05 1.9080285 -0.00050206192)     
liangan                   (-0.66418516 646.22428 -0.26846261)           (-0.014229655 0.10810676 -0.022077927)        (-0.67841482 646.33239 -0.29054054)           (-0.0023556208 2.2919202 -0.00095213827)      (-5.046736e-05 0.00038341499 -7.8302299e-05)  (-0.0024060882 2.2923036 -0.0010304406)      
waiyi                     (-61.251534 -47.736697 1.3889564)             (-0.070217004 0.62029675 0.1361164)           (-61.321751 -47.1164 1.5250728)               (-0.21723669 -0.16930453 0.0049261181)        (-0.00024903392 0.0021999647 0.00048275487)   (-0.21748573 -0.16710456 0.0054088729)       
weiyi                     (-1.3931057 -649.52041 -2.8059943)            (0.0032730996 0.55266781 -0.01573483)         (-1.3898326 -648.96775 -2.8217291)            (-0.0049408343 -2.3036103 -0.009951831)       (1.1608482e-05 0.0019601097 -5.5805662e-05)   (-0.0049292259 -2.3016502 -0.010007637)      
xiaoyi                    (-0.25700483 55.866009 0.11275055)            (-0.0027610283 0.038933694 0.0022172992)      (-0.25976585 55.904942 0.11496785)            (-0.00091150172 0.19813621 0.0003998848)      (-9.7923532e-06 0.00013808351 7.8639458e-06)  (-0.00092129407 0.1982743 0.00040774874)     
youfuyi                   (-6.9136219 0.58361041 1.9392156)             (-0.036142469 0.020452189 -0.16014153)        (-6.9497644 0.60406259 1.7790741)             (-0.024520078 0.0020698517 0.0068776856)      (-0.00012818406 7.2536401e-05 -0.0005679632)  (-0.024648262 0.0021423881 0.0063097224)     
youweiduo                 (-0.019027004 0.04317007 0.12627802)          (9.3065055e-05 0.049940619 -0.064856114)      (-0.018933939 0.093110689 0.061421901)        (-6.7481796e-05 0.00015310838 0.00044786174)  (3.3006757e-07 0.00017712103 -0.00023002082)  (-6.7151729e-05 0.00033022941 0.00021784092) 
zhongyangyi               (-3.7568084 -283.02265 -0.049534333)          (-0.0030767461 0.34496125 0.0021778248)       (-3.7598852 -282.67769 -0.047356508)          (-0.01332402 -1.0037774 -0.00017568008)       (-1.0912088e-05 0.0012234508 7.7239446e-06)   (-0.013334932 -1.0025539 -0.00016795614)     
zuofuyi                   (-15.983567 -2.3124566 -0.91146435)           (-0.016664179 0.018576654 0.21599066)         (-16.000231 -2.2938799 -0.69547369)           (-0.05668784 -0.0082014341 -0.0032326293)     (-5.9101722e-05 6.5884567e-05 0.00076603953)  (-0.056746942 -0.0081355495 -0.0024665897)   
zuoweiduo                 (-0.027620324 -0.19985517 -0.26236557)        (0.0014418865 0.051572222 0.059850999)        (-0.026178438 -0.14828295 -0.20251457)        (-9.7959146e-05 -0.00070881288 -0.00093051431) (5.1138418e-06 0.00018290773 0.00021226951)   (-9.2845304e-05 -0.00052590515 -0.0007182448)
------------------------- --------------------------------------------- --------------------------------------------- --------------------------------------------- --------------------------------------------- --------------------------------------------- ---------------------------------------------
Net                       (-90.231993 3.1914715 -0.94721813)            (-0.1370281 1.6834032 0.15137101)             (-90.369021 4.8748747 -0.79584712)            (-0.32001974 0.011318977 -0.0033594348)       (-0.00048598835 0.0059704128 0.00053685739)   (-0.32050572 0.01728939 -0.0028225774)       

Moments - Moment Center (0 0 0.05) Moment Axis (0 1 0)
                          Moments [N m]                                   Coefficients                                   
Zone                      Pressure        Viscous         Total           Pressure        Viscous         Total          
jidi                      -22.886739      0.00038716018   -22.886352      -0.081170857    1.373115e-06    -0.081169484   
jishen                    -231.87265      -0.079746741    -231.9524       -0.82236712     -0.0002828324   -0.82264996    
jitou                     538.02586       -0.042745182    537.98312       1.9081801       -0.00015160146  1.9080285      
liangan                   646.22428       0.10810676      646.33239       2.2919202       0.00038341499   2.2923036      
waiyi                     -47.736697      0.62029675      -47.1164        -0.16930453     0.0021999647    -0.16710456    
weiyi                     -649.52041      0.55266781      -648.96775      -2.3036103      0.0019601097    -2.3016502     
xiaoyi                    55.866009       0.038933694     55.904942       0.19813621      0.00013808351   0.1982743      
youfuyi                   0.58361041      0.020452189     0.60406259      0.0020698517    7.2536401e-05   0.0021423881   
youweiduo                 0.04317007      0.049940619     0.093110689     0.00015310838   0.00017712103   0.00033022941  
zhongyangyi               -283.02265      0.34496125      -282.67769      -1.0037774      0.0012234508    -1.0025539     
zuofuyi                   -2.3124566      0.018576654     -2.2938799      -0.0082014341   6.5884567e-05   -0.0081355495  
zuoweiduo                 -0.19985517     0.051572222     -0.14828295     -0.00070881288  0.00018290773   -0.00052590515 
------------------------- --------------- --------------- --------------- --------------- --------------- ---------------
Net                       3.1914715       1.6834032       4.8748747       0.011318977     0.0059704128    0.01728939     
