                                    "Force Report"

Moments - Moment Center (0 0 0.05)
                          Moments [N m]                                                                                                                             Coefficients                                                                                                                             
Zone                      Pressure                                      Viscous                                       Total                                         Pressure                                      Viscous                                       Total                                        
jidi                      (1.3394244e-08 -22.936496 0.0099755161)       (-5.2259764e-05 -0.0029984419 0.0016847855)   (-5.224637e-05 -22.939495 0.011660302)        (4.7504464e-11 -0.081347327 3.5379491e-05)    (-1.8534619e-07 -1.0634372e-05 5.9753152e-06) (-1.8529868e-07 -0.081357961 4.1354807e-05)  
jishen                    (-0.40291732 -232.34484 2.9753616)            (-0.024590318 -0.096101519 0.021431704)       (-0.42750764 -232.44094 2.9967933)            (-0.0014289997 -0.82404179 0.010552515)       (-8.7212825e-05 -0.00034083679 7.6010383e-05) (-0.0015162126 -0.82438263 0.010628525)      
jitou                     (-1.2983992 555.2684 12.843929)               (-0.0144676 0.16283784 0.16414567)            (-1.3128668 555.43124 13.008075)              (-0.004604945 1.9693331 0.0455527)            (-5.1311262e-05 0.000577526 0.00058216441)    (-0.0046562563 1.9699106 0.046134864)        
liangan                   (0.82203483 649.60068 -2.4814627)             (0.017029686 0.12068337 -0.014993644)         (0.83906451 649.72137 -2.4964563)             (0.0029154556 2.303895 -0.0088008366)         (6.039804e-05 0.00042801959 -5.3176949e-05)   (0.0029758536 2.304323 -0.0088540136)        
waiyi                     (-13.966261 -45.821476 -6.2340205)            (0.094381901 0.43522559 -0.16096949)          (-13.871879 -45.38625 -6.39499)               (-0.049533197 -0.16251194 -0.022109781)       (0.00033473794 0.0015435853 -0.00057089966)   (-0.049198459 -0.16096836 -0.022680681)      
weiyi                     (-7.1549267 -746.99977 -18.084513)            (0.076651054 0.10437262 -0.32675011)          (-7.0782756 -746.8954 -18.411263)             (-0.025375897 -2.6493338 -0.064139126)        (0.00027185314 0.00037017136 -0.0011588626)   (-0.025104044 -2.6489636 -0.065297989)       
xiaoyi                    (19.803666 55.710153 -1.615866)               (0.13501865 0.03223055 0.01149396)            (19.938685 55.742384 -1.604372)               (0.07023633 0.19758345 -0.0057308832)         (0.00047886155 0.00011430992 4.0764854e-05)   (0.070715191 0.19769776 -0.0056901184)       
youfuyi                   (17.833104 -2.9059318 2.5055191)              (0.05424762 0.0063407811 -0.14828279)         (17.887351 -2.8995911 2.3572364)              (0.063247468 -0.010306273 0.0088861561)       (0.00019239638 2.2488421e-05 -0.00052590459)  (0.063439865 -0.010283784 0.0083602515)      
youweiduo                 (0.15561486 -2.8909206 1.7725675)             (0.021440681 0.0030723519 -0.10963547)        (0.17705555 -2.8878483 1.662932)              (0.00055190877 -0.010253034 0.0062866457)     (7.6042222e-05 1.0896504e-05 -0.00038883675)  (0.00062795099 -0.010242137 0.0058978089)    
zhongyangyi               (-10.237371 -276.62318 -2.8119588)            (-0.0089745916 0.26295917 0.0045809421)       (-10.246346 -276.36022 -2.8073778)            (-0.036308196 -0.98108082 -0.0099729849)      (-3.182958e-05 0.00093261959 1.6246919e-05)   (-0.036340026 -0.9801482 -0.0099567379)      
zuofuyi                   (-29.717967 -4.2267094 0.43953968)            (-0.046940215 0.0088813842 0.14676073)        (-29.764907 -4.2178281 0.5863004)             (-0.10539871 -0.014990586 0.0015588858)       (-0.0001664797 3.1499008e-05 0.00052050639)   (-0.10556519 -0.014959087 0.0020793922)      
zuoweiduo                 (-0.39135956 -6.6575486 -3.8751507)           (0.0093390072 0.025451462 0.005574047)        (-0.38202055 -6.6320972 -3.8695766)           (-0.0013880086 -0.02361188 -0.013743736)      (3.3122028e-05 9.0266988e-05 1.9769097e-05)   (-0.0013548866 -0.023521613 -0.013723967)    
------------------------- --------------------------------------------- --------------------------------------------- --------------------------------------------- --------------------------------------------- --------------------------------------------- ---------------------------------------------
Net                       (-24.554782 -80.827631 -14.556079)            (0.31308361 1.0629552 -0.40495967)            (-24.241699 -79.764676 -14.961039)            (-0.087086794 -0.28666592 -0.051625066)       (0.0011103926 0.0037699115 -0.0014362432)     (-0.085976402 -0.28289601 -0.053061309)      

Moments - Moment Center (0 0 0.05) Moment Axis (0 1 0)
                          Moments [N m]                                   Coefficients                                   
Zone                      Pressure        Viscous         Total           Pressure        Viscous         Total          
jidi                      -22.936496      -0.0029984419   -22.939495      -0.081347327    -1.0634372e-05  -0.081357961   
jishen                    -232.34484      -0.096101519    -232.44094      -0.82404179     -0.00034083679  -0.82438263    
jitou                     555.2684        0.16283784      555.43124       1.9693331       0.000577526     1.9699106      
liangan                   649.60068       0.12068337      649.72137       2.303895        0.00042801959   2.304323       
waiyi                     -45.821476      0.43522559      -45.38625       -0.16251194     0.0015435853    -0.16096836    
weiyi                     -746.99977      0.10437262      -746.8954       -2.6493338      0.00037017136   -2.6489636     
xiaoyi                    55.710153       0.03223055      55.742384       0.19758345      0.00011430992   0.19769776     
youfuyi                   -2.9059318      0.0063407811    -2.8995911      -0.010306273    2.2488421e-05   -0.010283784   
youweiduo                 -2.8909206      0.0030723519    -2.8878483      -0.010253034    1.0896504e-05   -0.010242137   
zhongyangyi               -276.62318      0.26295917      -276.36022      -0.98108082     0.00093261959   -0.9801482     
zuofuyi                   -4.2267094      0.0088813842    -4.2178281      -0.014990586    3.1499008e-05   -0.014959087   
zuoweiduo                 -6.6575486      0.025451462     -6.6320972      -0.02361188     9.0266988e-05   -0.023521613   
------------------------- --------------- --------------- --------------- --------------- --------------- ---------------
Net                       -80.827631      1.0629552       -79.764676      -0.28666592     0.0037699115    -0.28289601    
