                                    "Force Report"

Forces
                          Forces [N]                                                                                                                                Coefficients                                                                                                                             
Zone                      Pressure                                      Viscous                                       Total                                         Pressure                                      Viscous                                       Total                                        
jidi                      (1143.739 3.4887806e-07 0.00043492984)        (8.9777124e-09 0.0016348234 -0.0015550966)    (1143.739 0.0016351723 -0.0011201668)         (1.4793771 4.5125873e-10 5.6256301e-07)       (1.1612284e-11 2.1145737e-06 -2.0114504e-06)  (1.4793771 2.1150249e-06 -1.4488874e-06)     
jishen                    (9077.0392 0.38170608 -12501.512)             (1.236913 -0.050158464 -0.092389697)          (9078.2761 0.33154761 -12501.604)             (11.740759 0.00049372036 -16.170166)          (0.0015998936 -6.4877811e-05 -0.00011950209)  (11.742359 0.00042884255 -16.170286)         
jitou                     (-11240.105 -7.4064612 -13.059795)            (1.1750715 -0.086733827 -0.11852923)          (-11238.929 -7.493195 -13.178324)             (-14.538591 -0.0095799384 -0.016892282)       (0.0015199043 -0.00011218647 -0.00015331246)  (-14.537071 -0.0096921249 -0.017045594)      
liangan                   (-81.200948 1.2388418 -3083.8004)             (1.2270891 -0.019403977 -0.11405671)          (-79.973859 1.2194379 -3083.9144)             (-0.10502993 0.0016023885 -3.9887629)         (0.0015871868 -2.5098208e-05 -0.00014752743)  (-0.10344274 0.0015772903 -3.9889104)        
waiyi                     (-127.48948 -1.7770928 1471.5946)             (3.6933055 -0.2970495 -0.097718971)           (-123.79617 -2.0741423 1471.4968)             (-0.16490215 -0.002298593 1.9034441)          (0.0047771315 -0.00038422073 -0.00012639528)  (-0.16012502 -0.0026828137 1.9033178)        
weiyi                     (42.642269 -9.1208673 479.46749)              (1.5142936 -0.074504787 -0.15240182)          (44.156562 -9.1953721 479.31509)              (0.055155937 -0.011797449 0.62017053)         (0.0019586735 -9.6368732e-05 -0.00019712519)  (0.05711461 -0.011893818 0.61997341)         
xiaoyi                    (150.75443 -0.31679649 -373.10754)            (0.30795976 -0.020536793 -0.033594238)        (151.06239 -0.33733328 -373.14114)            (0.19499436 -0.0004097626 -0.48259853)        (0.00039833267 -2.6563457e-05 -4.3452699e-05) (0.19539269 -0.00043632606 -0.48264198)      
youfuyi                   (10.064751 -1.2885203 28.666035)              (0.12083955 -0.030389318 0.030103833)         (10.18559 -1.3189096 28.696139)               (0.013018321 -0.0016666454 0.037078281)       (0.00015630076 -3.9307274e-05 3.8938011e-05)  (0.013174622 -0.0017059527 0.037117219)      
youweiduo                 (-1.0778929 -0.8581827 -1.4135379)            (0.15578026 -0.0053035481 -0.010961198)       (-0.92211265 -0.86348625 -1.4244991)          (-0.001394208 -0.0011100223 -0.0018283503)    (0.00020149506 -6.8599109e-06 -1.4177837e-05) (-0.001192713 -0.0011168822 -0.0018425282)   
zhongyangyi               (1054.5764 -0.010579156 14058.493)            (2.238695 -0.13327784 -0.11953151)            (1056.8151 -0.14385699 14058.373)             (1.3640491 -1.3683682e-05 18.184054)          (0.0028956555 -0.00017238914 -0.00015460885)  (1.3669448 -0.00018607282 18.1839)           
zuofuyi                   (-0.82860796 0.3258052 8.7700126)             (0.17267706 -0.026310444 -0.0036636576)       (-0.6559309 0.29949476 8.766349)              (-0.0010717687 0.00042141499 0.011343633)     (0.00022335034 -3.4031426e-05 -4.7387832e-06) (-0.00084841836 0.00038738357 0.011338895)   
zuoweiduo                 (-1.0211076 0.47297529 -0.72232249)           (0.15520397 -0.015700576 -0.019017455)        (-0.86590364 0.45727471 -0.74133995)          (-0.0013207587 0.00061177316 -0.00093429302)  (0.00020074964 -2.0308019e-05 -2.4598259e-05) (-0.001120009 0.00059146514 -0.00095889128)  
------------------------- --------------------------------------------- --------------------------------------------- --------------------------------------------- --------------------------------------------- --------------------------------------------- ---------------------------------------------
Net                       (27.093454 -18.359171 73.376081)              (11.997828 -0.75773425 -0.73331575)           (39.091282 -19.116905 72.642765)              (0.035044216 -0.023746797 0.094908799)        (0.015518674 -0.0009800966 -0.00094851232)    (0.050562889 -0.024726893 0.093960286)       

Forces - Direction Vector (0.99209929 -0.069756474 -0.10427384)
                          Forces [N]                                      Coefficients                                   
Zone                      Pressure        Viscous         Total           Pressure        Viscous         Total          
jidi                      1134.7026       4.8125277e-05   1134.7027       1.4676889       6.2247972e-08   1.467689       
jishen                    10308.878       1.2402732       10310.118       13.33409        0.0016042399    13.335694      
jitou                     -11149.421      1.1841973       -11148.237      -14.421296      0.0015317082    -14.419764     
liangan                   240.91388       1.2306409       242.14452       0.31161172      0.0015917809    0.3132035      
waiyi                     -279.80707      3.6950364       -276.11203      -0.36191839     0.0047793704    -0.35713902    
weiyi                     -7.0543107      1.5234183       -5.5308924      -0.0091244469   0.0019704759    -0.007153971   
xiaoyi                    188.49082       0.31046223      188.80128       0.24380475      0.00040156952   0.24420632     
youfuyi                   7.0859972       0.11886565      7.2048628       0.009165432     0.00015374759   0.0093191796   
youweiduo                 -0.86211798     0.15606241      -0.70605557     -0.0011151125   0.00020186001   -0.00091325245 
zhongyangyi               -419.68776      2.2427687       -417.44499      -0.54284803     0.0029009247    -0.5399471     
zuofuyi                   -1.7592713      0.17353014      -1.5857411      -0.0022755416   0.00022445375   -0.0020510878  
zuoweiduo                 -0.97071388     0.15705598      -0.81365789     -0.0012555766   0.00020314515   -0.0010524314  
------------------------- --------------- --------------- --------------- --------------- --------------- ---------------
Net                       20.508862       12.032359       32.541222       0.02652733      0.015563338     0.042090668    
