                                    "Force Report"

Forces
                          Forces [N]                                                                                                                                Coefficients                                                                                                                             
Zone                      Pressure                                      Viscous                                       Total                                         Pressure                                      Viscous                                       Total                                        
jidi                      (1145.2271 -1.9414487e-07 0.0004354703)       (2.9882938e-08 0.0015256612 0.0048534837)     (1145.2271 0.0015254671 0.005288954)          (1.4813019 -2.5111803e-10 5.6326207e-07)      (3.8652292e-11 1.9733771e-06 6.2777721e-06)   (1.4813019 1.973126e-06 6.8410341e-06)       
jishen                    (9085.7837 0.036146799 -12499.118)            (1.1472343 -0.061717001 0.014670576)          (9086.9309 -0.025570202 -12499.104)           (11.75207 4.6754327e-05 -16.167071)           (0.0014838981 -7.9828281e-05 1.8975758e-05)   (11.753554 -3.3073955e-05 -16.167052)        
jitou                     (-11255.735 -6.8808152 18.067616)             (1.1450547 -0.085877909 0.19853965)           (-11254.59 -6.9666931 18.266155)              (-14.558808 -0.0089000379 0.023369682)        (0.0014810789 -0.00011107937 0.00025680248)   (-14.557327 -0.0090111173 0.023626485)       
liangan                   (-81.103126 0.5074187 -3071.6482)             (1.1589613 -0.026864865 0.077496972)          (-79.944165 0.48055383 -3071.5707)            (-0.1049034 0.00065632422 -3.9730445)         (0.0014990665 -3.4748545e-05 0.00010023899)   (-0.10340433 0.00062157568 -3.9729443)       
waiyi                     (-178.65259 -0.49959111 1933.6391)            (4.0874057 -0.25827151 0.7559556)             (-174.56518 -0.75786262 1934.395)             (-0.23107942 -0.00064619957 2.5010788)        (0.0052868832 -0.00033406307 0.000977796)     (-0.22579254 -0.00098026264 2.5020566)       
weiyi                     (45.155544 -8.0553049 567.40348)              (1.4666588 -0.076851902 0.051151337)          (46.622203 -8.1321568 567.45464)              (0.05840675 -0.01041919 0.73391196)           (0.0018970599 -9.9404623e-05 6.616205e-05)    (0.06030381 -0.010518594 0.73397812)         
xiaoyi                    (153.11531 -0.29244256 -368.40208)            (0.34741086 -0.022525693 0.045097863)         (153.46272 -0.31496825 -368.35698)            (0.19804806 -0.00037826185 -0.47651222)       (0.00044936098 -2.9136013e-05 5.8332142e-05)  (0.19849742 -0.00040739786 -0.47645389)      
youfuyi                   (9.4446931 -1.3581432 32.92683)               (0.14034975 -0.017327026 0.021084184)         (9.5850429 -1.3754702 32.947914)              (0.012216304 -0.0017566997 0.042589436)       (0.00018153635 -2.2411761e-05 2.7271483e-05)  (0.01239784 -0.0017791114 0.042616707)       
youweiduo                 (-0.91141848 0.55425862 1.0045415)            (0.15175993 -0.014620851 0.0081827314)        (-0.75965855 0.53963777 1.0127242)            (-0.0011788805 0.00071690964 0.0012993312)    (0.00019629493 -1.891144e-05 1.058401e-05)    (-0.0009825856 0.0006979982 0.0013099152)    
zhongyangyi               (1034.0938 -0.0051830146 14333.898)           (2.3423843 -0.080365709 0.33993622)           (1036.4362 -0.085548723 14334.238)            (1.3375558 -6.704006e-06 18.540279)           (0.0030297731 -0.00010394958 0.00043969285)   (1.3405856 -0.00011065359 18.540719)         
zuofuyi                   (-0.22004041 0.61371811 17.468893)            (0.15865199 -0.02924054 0.03001559)           (-0.061388417 0.58447757 17.498909)           (-0.00028461279 0.00079381792 0.02259526)     (0.00020520952 -3.7821378e-05 3.8823873e-05)  (-7.9403272e-05 0.00075599654 0.022634084)   
zuoweiduo                 (-0.89112138 -0.80075856 1.415194)            (0.14480729 -0.0053307271 0.00071086867)      (-0.74631409 -0.80608928 1.4159049)           (-0.0011526271 -0.0010357467 0.0018304925)    (0.00018730198 -6.8950658e-06 9.1947799e-07)  (-0.00096532512 -0.0010426418 0.001831412)   
------------------------- --------------------------------------------- --------------------------------------------- --------------------------------------------- --------------------------------------------- --------------------------------------------- ---------------------------------------------
Net                       (-44.692964 -16.180696 966.65537)             (12.290679 -0.67746807 1.5476951)             (-32.402285 -16.858165 968.20307)             (-0.057808423 -0.020929034 1.2503271)         (0.015897464 -0.00087627575 0.0020018769)     (-0.04191096 -0.021805309 1.2523289)         

Forces - Direction Vector (0.99209929 -0.069756474 0.10427384)
                          Forces [N]                                      Coefficients                                   
Zone                      Pressure        Viscous         Total           Pressure        Viscous         Total          
jidi                      1136.179        0.00039969627   1136.1794       1.4695986       5.169899e-07    1.4695991      
jishen                    7710.666        1.1440052       7711.81         9.9734142       0.0014797215    9.9748939      
jitou                     -11164.443      1.1627009       -11163.28       -14.440725      0.0015039036    -14.439221     
liangan                   -400.79029      1.1597596       -399.63053      -0.51840497     0.0015000991    -0.51690487    
waiyi                     24.421709       4.1519548       28.573664       0.031588429     0.0053703747    0.036958803    
weiyi                     104.52603       1.4657658       105.9918        0.13519992      0.0018959049    0.13709582     
xiaoyi                    113.51129       0.35093991      113.86223       0.14682196      0.00045392565   0.14727589     
youfuyi                   12.89822        0.14264808      13.040868       0.016683291     0.00018450915   0.0168678      
youweiduo                 -0.83813336     0.15243406      -0.68569929     -0.0010840894   0.00019716689   -0.00088692249 
zhongyangyi               2520.5747       2.3649302       2522.9396       3.2602547       0.0030589354    3.2633136      
zuofuyi                   1.5604358       0.16256809      1.7230039       0.0020183564    0.00021027482   0.0022286312   
zuoweiduo                 -0.68065508     0.14410918      -0.5365459      -0.00088039802  0.00018639902   -0.000693999   
------------------------- --------------- --------------- --------------- --------------- --------------- ---------------
Net                       57.585715       12.402216       69.987931       0.074484641     0.016041732     0.090526372    
