                                    "Force Report"

Forces
                          Forces [N]                                                                                                                                Coefficients                                                                                                                             
Zone                      Pressure                                      Viscous                                       Total                                         Pressure                                      Viscous                                       Total                                        
jidi                      (1146.13 2.5194524e-07 0.00043633708)         (3.4074998e-08 0.0044473556 0.0051259031)     (1146.13 0.0044476076 0.0055622402)           (1.4824698 3.2588031e-10 5.6438322e-07)       (4.4074541e-11 5.7524628e-06 6.6301347e-06)   (1.4824698 5.7527887e-06 7.194518e-06)       
jishen                    (9091.8196 -0.45596838 -12497.332)            (1.192729 -0.10885905 0.056469024)            (9093.0123 -0.56482743 -12497.276)            (11.759877 -0.00058977545 -16.16476)          (0.0015427435 -0.00014080449 7.3040249e-05)   (11.76142 -0.00073057994 -16.164687)         
jitou                     (-11262.67 -13.837447 29.044336)              (1.1056304 -0.17163315 0.33549502)            (-11261.564 -14.00908 29.379831)              (-14.567778 -0.017898142 0.037567597)         (0.0014300852 -0.00022200009 0.00043394836)   (-14.566348 -0.018120142 0.038001545)        
liangan                   (-81.24323 -0.39536623 -3063.2284)            (1.2825005 -0.07426283 0.19315279)            (-79.960729 -0.46962906 -3063.0352)           (-0.10508462 -0.00051138918 -3.9621539)       (0.0016588591 -9.605577e-05 0.00024983481)    (-0.10342576 -0.00060744495 -3.9619041)      
waiyi                     (-238.48411 -0.21190767 2034.4296)            (2.8967873 -0.48651464 0.98971379)            (-235.58732 -0.6984223 2035.4193)             (-0.30846891 -0.00027409344 2.6314471)        (0.0037468695 -0.00062928572 0.0012801521)    (-0.30472204 -0.00090337915 2.6327272)       
weiyi                     (37.857748 -17.391351 600.54269)              (1.2846396 -0.17234776 0.14818138)            (39.142388 -17.563699 600.69087)              (0.048967366 -0.022494963 0.77677609)         (0.001661626 -0.0002229244 0.00019166623)     (0.050628992 -0.022717887 0.77696775)        
xiaoyi                    (153.8141 -0.96730073 -365.79109)             (0.35413817 -0.049323636 0.08554198)          (154.16823 -1.0166244 -365.70555)             (0.19895191 -0.0012511618 -0.47313501)        (0.00045806247 -6.3797997e-05 0.00011064486)  (0.19940997 -0.0013149598 -0.47302437)       
youfuyi                   (8.6451429 -1.3445342 33.996954)              (0.12023238 -0.036745838 0.020531172)         (8.7653753 -1.38128 34.017485)                (0.01118212 -0.0017390971 0.043973595)        (0.0001555154 -4.7529158e-05 2.6556187e-05)   (0.011337635 -0.0017866262 0.044000152)      
youweiduo                 (-0.7942169 0.85257197 1.5266659)             (0.13622068 -0.026395187 0.019629574)         (-0.65799622 0.82617678 1.5462955)            (-0.0010272853 0.0011027651 0.0019746766)     (0.00017619558 -3.4141038e-05 2.5390008e-05)  (-0.00085108975 0.0010686241 0.0020000666)   
zhongyangyi               (1017.8935 0.0079265569 14387.486)            (1.7584749 -0.13779294 0.41324819)            (1019.652 -0.12986638 14387.899)              (1.3166014 1.025266e-05 18.609593)            (0.0022745115 -0.00017822923 0.00053451873)   (1.3188759 -0.00016797657 18.610127)         
zuofuyi                   (0.31128211 0.85125431 24.574673)             (0.13940782 -0.071078328 0.047835531)         (0.45068993 0.78017598 24.622508)             (0.00040262999 0.0011010608 0.03178628)       (0.00018031801 -9.1936754e-05 6.1873198e-05)  (0.000582948 0.001009124 0.031848153)        
zuoweiduo                 (-0.80766275 -1.4494245 2.4786756)            (0.13423042 -0.021227546 0.0021260159)        (-0.67343233 -1.470652 2.4808017)             (-0.001044677 -0.0018747681 0.0032060601)     (0.00017362127 -2.7456917e-05 2.7499099e-06)  (-0.0008710557 -0.001902225 0.00320881)      
------------------------- --------------------------------------------- --------------------------------------------- --------------------------------------------- --------------------------------------------- --------------------------------------------- ---------------------------------------------
Net                       (-127.5279 -34.341547 1187.7284)              (10.404991 -1.3517335 2.3170504)              (-117.12291 -35.69328 1190.0455)              (-0.16495184 -0.044419311 1.5362755)          (0.013458408 -0.0017484091 0.0029970048)      (-0.15149343 -0.04616772 1.5392725)          

Forces - Direction Vector (0.96862834 -0.1391731 0.20588831)
                          Forces [N]                                      Coefficients                                   
Zone                      Pressure        Viscous         Total           Pressure        Viscous         Total          
jidi                      1110.1741       0.00043644425   1110.1745       1.4359623       5.6452183e-07   1.4359629      
jishen                    6233.603        1.1820876       6234.7851       8.0628969       0.0015289794    8.0644258      
jitou                     -10901.436      1.1639061       -10900.272      -14.100537      0.0015054624    -14.099032     
liangan                   -709.32238      1.2923696       -708.03001      -0.91747794     0.0016716244    -0.91580631    
waiyi                     187.89231       3.0773905       190.9697        0.2430306       0.003980472     0.24701107     
weiyi                     162.73521       1.2988333       164.03405       0.21049099      0.0016799849    0.21217097     
xiaoyi                    73.811205       0.36750489      74.17871        0.095471613     0.00047535174   0.095946965    
youfuyi                   15.560629       0.12580165      15.68643        0.020127003     0.00016271901   0.020289722    
youweiduo                 -0.57363341     0.13966221      -0.4339712      -0.0007419701   0.00018064706   -0.00056132305 
zhongyangyi               3948.1745       1.8075687       3949.9821       5.1067936       0.0023380122    5.1091316      
zuofuyi                   5.2426828       0.15477533      5.3974581       0.0067811842    0.00020019522   0.0069813795   
zuoweiduo                 -0.070273793    0.13341142      0.063137625     -9.0896123e-05  0.00017256192   8.1665797e-05  
------------------------- --------------- --------------- --------------- --------------- --------------- ---------------
Net                       125.79168       10.743748       136.53543       0.16270612      0.013896575     0.17660269     
