                                    "Force Report"

Forces
                          Forces [N]                                                                                                                                Coefficients                                                                                                                             
Zone                      Pressure                                      Viscous                                       Total                                         Pressure                                      Viscous                                       Total                                        
jidi                      (1144.0189 1.8403066e-07 0.00043500143)       (1.0217517e-08 0.0011563352 -0.0012873585)    (1144.0189 0.0011565192 -0.00085235703)       (1.4797391 2.3803573e-10 5.626556e-07)        (1.3215918e-11 1.4956697e-06 -1.6651427e-06)  (1.4797391 1.4959077e-06 -1.1024871e-06)     
jishen                    (9078.6352 0.4075429 -12501.506)              (1.2073068 -0.056250498 -0.072719455)         (9079.8426 0.3512924 -12501.579)              (11.742823 0.00052713918 -16.17016)           (0.0015615993 -7.2757595e-05 -9.4059482e-05)  (11.744385 0.00045438158 -16.170254)         
jitou                     (-11242.497 -7.3430217 -7.8144252)            (1.1729029 -0.086719805 -0.063687403)         (-11241.324 -7.4297415 -7.8781126)            (-14.541685 -0.0094978821 -0.010107622)       (0.0015170994 -0.00011216833 -8.2376911e-05)  (-14.540168 -0.0096100504 -0.010189999)      
liangan                   (-81.154675 0.88933622 -3081.4561)            (1.1669879 -0.025031115 -0.08087168)          (-79.987687 0.8643051 -3081.537)              (-0.10497008 0.0011503181 -3.9857307)         (0.0015094486 -3.2376668e-05 -0.00010460403)  (-0.10346063 0.0011179414 -3.9858353)        
waiyi                     (-124.67689 -1.5359104 1555.0373)             (3.8928022 -0.28090278 0.034958464)           (-120.78409 -1.8168131 1555.0722)             (-0.16126419 -0.0019866339 2.0113737)         (0.0050351719 -0.00036333564 4.5217267e-05)   (-0.15622901 -0.0023499695 2.0114189)        
weiyi                     (44.405719 -9.1382743 493.41405)              (1.5576293 -0.07641439 -0.12262942)           (45.963348 -9.2146886 493.29142)              (0.057436884 -0.011819964 0.63820981)         (0.0020147264 -9.8838721e-05 -0.00015861586)  (0.059451611 -0.011918803 0.63805119)        
xiaoyi                    (151.03466 -0.25136691 -372.32193)            (0.30709395 -0.019990931 -0.021579245)        (151.34176 -0.27135784 -372.34351)            (0.19535683 -0.00032513226 -0.48158237)       (0.00039721279 -2.5857407e-05 -2.7911823e-05) (0.19575404 -0.00035098967 -0.48161028)      
youfuyi                   (10.314945 -1.3387264 29.972799)              (0.1391216 -0.031075079 0.024714582)          (10.454066 -1.3698015 29.997513)              (0.013341936 -0.001731585 0.038768524)        (0.00017994779 -4.0194276e-05 3.1967247e-05)  (0.013521884 -0.0017717792 0.038800491)      
youweiduo                 (-1.0418102 -0.65133866 -1.0611092)           (0.15619873 -0.0068227138 -0.0080715415)      (-0.88561146 -0.65816138 -1.0691808)          (-0.0013475366 -0.00084247849 -0.001372499)   (0.00020203633 -8.8248864e-06 -1.0440191e-05) (-0.0011455003 -0.00085130338 -0.0013829392) 
zhongyangyi               (1057.4578 -0.022218982 14110.824)            (2.3565815 -0.12655128 -0.047676616)          (1059.8143 -0.14877027 14110.777)             (1.367776 -2.8739295e-05 18.251743)           (0.0030481366 -0.00016368863 -6.1667648e-05)  (1.3708242 -0.00019242793 18.251681)         
zuofuyi                   (-0.84387074 0.38069347 10.446602)            (0.18780559 -0.024348309 0.0017771239)        (-0.65606515 0.35634516 10.448379)            (-0.0010915104 0.0004924106 0.013512229)      (0.00024291844 -3.1493488e-05 2.2986331e-06)  (-0.000848592 0.00046091711 0.013514528)     
zuoweiduo                 (-0.99557447 0.26447524 -0.37234392)          (0.15550918 -0.013748668 -0.015935066)        (-0.84006529 0.25072657 -0.38827898)          (-0.0012877327 0.00034208732 -0.00048161081)  (0.00020114442 -1.778331e-05 -2.0611322e-05)  (-0.0010865883 0.00032430401 -0.00050222213) 
------------------------- --------------------------------------------- --------------------------------------------- --------------------------------------------- --------------------------------------------- --------------------------------------------- ---------------------------------------------
Net                       (34.657631 -18.338809 235.16327)              (12.29994 -0.74669924 -0.37300761)            (46.95757 -19.085509 234.79026)               (0.044828152 -0.02372046 0.30417355)          (0.015909442 -0.00096582329 -0.00048246927)   (0.060737593 -0.024686283 0.30369108)        

Forces - Direction Vector (0.99513403 -0.069756474 -0.06958655)
                          Forces [N]                                      Coefficients                                   
Zone                      Pressure        Viscous         Total           Pressure        Viscous         Total          
jidi                      1138.4521       8.9311377e-06   1138.4521       1.4725387       1.1552042e-08   1.4725387      
jishen                    9904.3672       1.2104162       9905.5776       12.810872       0.0015656212    12.812438      
jitou                     -11186.735      1.1776766       -11185.557      -14.46956       0.001523274     -14.468037     
liangan                   133.60608       1.168683        134.77477       0.17281371      0.0015116412    0.17432535     
waiyi                     -232.17276      3.8910221       -228.28173      -0.30030546     0.0050328694    -0.29527259    
weiyi                     10.492115       1.5639137       12.056029       0.013571098     0.002022855     0.015593953    
xiaoyi                    176.22586       0.30849576      176.53436       0.22794056      0.00039902597   0.22833959     
youfuyi                   8.2724337       0.13889252      8.4113262       0.010700036     0.00017965149   0.010879688    
youweiduo                 -0.91746677     0.15647628      -0.76099049     -0.0011867037   0.00020239532   -0.00098430841 
zhongyangyi               70.390175       2.3572598       72.747434       0.091046657     0.003049014     0.094095671    
zuofuyi                   -1.5932633      0.18846653      -1.4047968      -0.0020608174   0.00024377333   -0.0018170441  
zuoweiduo                 -0.98326877     0.1568204       -0.82644837     -0.0012718158   0.00020284043   -0.0010689754  
------------------------- --------------- --------------- --------------- --------------- --------------- ---------------
Net                       19.404038       12.318132       31.72217        0.025098287     0.015932973     0.04103126     
