                                    "Force Report"

Forces
                          Forces [N]                                                                                                                                Coefficients                                                                                                                             
Zone                      Pressure                                      Viscous                                       Total                                         Pressure                                      Viscous                                       Total                                        
jidi                      (1145.1092 3.7901664e-07 0.00043595727)       (3.9071688e-09 -0.002443314 -8.5326064e-05)   (1145.1092 -0.002442935 0.0003506312)         (1.4811494 4.9024169e-10 5.6389194e-07)       (5.0537544e-12 -3.1603214e-06 -1.1036559e-07) (1.4811494 -3.1598311e-06 4.5352635e-07)     
jishen                    (9085.5898 1.2858573 -12510.923)              (1.228861 -0.17896636 -0.07512359)            (9086.8187 1.1068909 -12510.998)              (11.751819 0.0016632009 -16.182339)           (0.0015894787 -0.00023148528 -9.7169126e-05)  (11.753408 0.0014317157 -16.182436)          
jitou                     (-11252.103 -20.506714 2.5707755)             (1.13745 -0.25517507 0.044138429)             (-11250.966 -20.761889 2.6149139)             (-14.554111 -0.026524551 0.0033251873)        (0.0014712425 -0.00033005796 5.7091156e-05)   (-14.552639 -0.026854609 0.0033822785)       
liangan                   (-81.12147 -1.9038411 -3080.1134)             (1.2480279 -0.17851119 -0.048991082)          (-79.873442 -2.0823523 -3080.1624)            (-0.10492713 -0.0024625364 -3.983994)         (0.0016142704 -0.00023089653 -6.3367854e-05)  (-0.10331286 -0.0026934329 -3.9840573)       
waiyi                     (-133.34498 -1.2877682 1710.0772)             (4.2583958 -0.77900448 0.32007024)            (-129.08659 -2.0667727 1710.3973)             (-0.17247599 -0.0016656727 2.2119112)         (0.0055080514 -0.0010076087 0.00041399706)    (-0.16696794 -0.0026732815 2.2123252)        
weiyi                     (42.467523 -28.915502 518.10176)              (1.4179548 -0.26741685 -0.055475228)          (43.885478 -29.182919 518.04629)              (0.054929911 -0.037400956 0.6701423)          (0.0018340634 -0.00034589217 -7.1754816e-05)  (0.056763974 -0.037746848 0.67007055)        
xiaoyi                    (151.64226 -1.2083555 -371.58859)             (0.31770304 -0.061554207 -0.0034989396)       (151.95997 -1.2699097 -371.59209)             (0.19614273 -0.0015629557 -0.48063382)        (0.00041093519 -7.9617714e-05 -4.5257276e-06) (0.19655367 -0.0016425734 -0.48063835)       
youfuyi                   (9.9499594 -1.3180578 30.697144)              (0.14195564 -0.080139605 0.020083359)         (10.091915 -1.3981974 30.717228)              (0.012869844 -0.0017048509 0.039705433)       (0.0001836135 -0.00010365713 2.5976959e-05)   (0.013053457 -0.001808508 0.03973141)        
youweiduo                 (-1.0112721 -0.70168217 -1.2009739)           (0.15435319 -0.039618324 0.0095561398)        (-0.85691893 -0.74130049 -1.1914177)          (-0.0013080369 -0.00090759564 -0.0015534079)  (0.00019964919 -5.1244595e-05 1.2360455e-05)  (-0.0011083877 -0.00095884024 -0.0015410475) 
zhongyangyi               (1054.3418 -0.034418142 14212.885)            (2.4930639 -0.35127409 0.097517967)           (1056.8349 -0.38569223 14212.982)             (1.3637457 -4.4518384e-05 18.383754)          (0.0032246707 -0.0004543579 0.00012613529)    (1.3669704 -0.00049887629 18.38388)          
zuofuyi                   (-0.81755338 0.47732682 13.008677)            (0.18561822 -0.059111678 0.012796224)         (-0.63193516 0.41821514 13.021473)            (-0.0010574701 0.00061740167 0.016826163)     (0.00024008917 -7.6458408e-05 1.6551364e-05)  (-0.00081738089 0.00054094327 0.016842715)   
zuoweiduo                 (-0.92588678 -0.46687698 0.88419203)          (0.15066865 -0.037403592 -0.021233153)        (-0.77521812 -0.50428057 0.86295888)          (-0.0011975946 -0.00060388525 0.0011436643)   (0.00019488341 -4.8379934e-05 -2.7464169e-05) (-0.0010027112 -0.00065226518 0.0011162001)  
------------------------- --------------------------------------------- --------------------------------------------- --------------------------------------------- --------------------------------------------- --------------------------------------------- ---------------------------------------------
Net                       (19.776212 -54.580032 524.39947)              (12.734052 -2.2906188 0.29975504)             (32.510264 -56.870651 524.69923)              (0.025579679 -0.070596919 0.67828812)         (0.016470948 -0.0029628167 0.00038772022)     (0.042050626 -0.073559736 0.67867584)        

Forces - Direction Vector (0.9781476 -0.20791169 0)
                          Forces [N]                                      Coefficients                                   
Zone                      Pressure        Viscous         Total           Pressure        Viscous         Total          
jidi                      1120.0858       0.00050799737   1120.0863       1.4487827       6.570727e-07    1.4487834      
jishen                    8886.7805       1.2392166       8888.0197       11.494668       0.0016028733    11.496271      
jitou                     -11001.954      1.1656478       -11000.788      -14.230554      0.0015077152    -14.229046     
liangan                   -78.95294       1.2578701       -77.69507       -0.10212223     0.0016270008    -0.10049523    
waiyi                     -130.16333      4.3273038       -125.83603      -0.16836066     0.0055971809    -0.16276348    
weiyi                     47.551377       1.4425682       48.993945       0.061505657     0.0018658998    0.063371556    
xiaoyi                    148.57975       0.32355831      148.90331       0.1921815       0.00041850873   0.19260001     
youfuyi                   10.006569       0.15551553      10.162084       0.012943065     0.00020115263   0.013144218    
youweiduo                 -0.84328547     0.15921731      -0.68406816     -0.0010907534   0.00020594073   -0.00088481269 
zhongyangyi               1031.3091       2.5116184       1033.8207       1.3339538       0.0032486702    1.3372025      
zuofuyi                   -0.8989297      0.19385203      -0.70507768     -0.0011627268   0.00025073924   -0.00091198759 
zuoweiduo                 -0.80858475     0.15515282      -0.65343192     -0.0010458695   0.00020068349   -0.00084518603 
------------------------- --------------- --------------- --------------- --------------- --------------- ---------------
Net                       30.691881       12.932029       43.62391        0.039698626     0.016727022     0.056425648    
