                                    "Force Report"

Moments - Moment Center (0 0 0.05)
                          Moments [N m]                                                                                                                             Coefficients                                                                                                                             
Zone                      Pressure                                      Viscous                                       Total                                         Pressure                                      Viscous                                       Total                                        
jidi                      (1.8062845e-08 -22.929951 0.012448989)        (-2.2588835e-05 -0.0030270271 0.0014310091)   (-2.2570773e-05 -22.932978 0.013879998)       (6.4062277e-11 -0.081324113 4.415199e-05)     (-8.0114302e-08 -1.0735753e-05 5.0752638e-06) (-8.005024e-08 -0.081334848 4.9227254e-05)   
jishen                    (-0.19823988 -232.59325 2.9057013)            (-0.01570359 -0.092658022 0.021041743)        (-0.21394347 -232.6859 2.926743)              (-0.00070308405 -0.82492281 0.010305455)      (-5.5694866e-05 -0.00032862397 7.4627334e-05) (-0.00075877892 -0.82525143 0.010380082)     
jitou                     (-0.92615455 556.02834 9.1247279)             (-0.0097548178 0.17010533 0.11200398)         (-0.93590937 556.19844 9.2367319)             (-0.00328473 1.9720283 0.032362058)           (-3.4596756e-05 0.00060330114 0.00039723696)  (-0.0033193268 1.9726316 0.032759295)        
liangan                   (-0.62427076 650.95831 -1.9016816)            (-0.017874376 0.13968094 0.029284355)         (-0.64214514 651.09799 -1.8723972)            (-0.0022140591 2.30871 -0.006744566)          (-6.3393847e-05 0.000495397 0.00010386085)    (-0.002277453 2.3092054 -0.0066407051)       
waiyi                     (64.105863 -47.757288 8.571117)               (0.12016574 0.42151952 0.065370182)           (64.226029 -47.335768 8.6364872)              (0.22735995 -0.16937756 0.030398604)          (0.00042618375 0.0014949749 0.00023184402)    (0.22778613 -0.16788258 0.030630448)         
weiyi                     (-8.5375752 -762.81101 -16.624538)            (0.063157066 0.048500384 -0.2728557)          (-8.4744181 -762.76251 -16.897394)            (-0.030279643 -2.7054105 -0.05896113)         (0.00022399492 0.00017201305 -0.00096771895)  (-0.030055648 -2.7052385 -0.059928849)       
xiaoyi                    (15.561152 55.603031 -1.1222445)              (0.10568949 0.031700295 -0.0096108079)        (15.666841 55.634732 -1.1318553)              (0.055189689 0.19720353 -0.0039801889)        (0.00037484181 0.0001124293 -3.4086006e-05)   (0.055564531 0.19731596 -0.0040142749)       
youfuyi                   (42.331224 -4.9487578 -10.855392)             (0.024879536 0.011742866 -0.15717128)         (42.356103 -4.937015 -11.012563)              (0.1501333 -0.017551426 -0.038500089)         (8.8238574e-05 4.1647632e-05 -0.00055742881)  (0.15022154 -0.017509779 -0.039057517)       
youweiduo                 (0.14261041 -3.2736635 1.9975333)             (0.017069386 -0.0010994951 -0.091875495)      (0.1596798 -3.274763 1.9056578)               (0.00050578674 -0.011610482 0.0070845169)     (6.0538844e-05 -3.8995051e-06 -0.00032584863) (0.00056632558 -0.011614382 0.0067586683)    
zhongyangyi               (-3.9877183 -276.54822 -3.7099311)            (-0.0075075416 0.25950543 0.0010208224)       (-3.9952258 -276.28872 -3.7089103)            (-0.014142972 -0.98081497 -0.013157763)       (-2.6626493e-05 0.00092037046 3.6204822e-06)  (-0.014169599 -0.9798946 -0.013154143)       
zuofuyi                   (-31.03522 -4.4193308 0.60882811)             (-0.050813487 0.0089732052 0.15410617)        (-31.086034 -4.4103576 0.76293428)            (-0.11007053 -0.015673743 0.0021592897)       (-0.00018021677 3.1824663e-05 0.000546558)    (-0.11025074 -0.015641918 0.0027058477)      
zuoweiduo                 (-0.76093321 -5.6335166 -3.5560665)           (0.0024528774 0.020287324 0.019581175)        (-0.75848033 -5.6132293 -3.5364853)           (-0.0026987506 -0.019980014 -0.012612062)     (8.6994553e-06 7.1951685e-05 6.9447235e-05)   (-0.0026900511 -0.019908063 -0.012542614)    
------------------------- --------------------------------------------- --------------------------------------------- --------------------------------------------- --------------------------------------------- --------------------------------------------- ---------------------------------------------
Net                       (76.070737 -98.325312 -14.549497)             (0.2317377 1.0152308 -0.12767385)             (76.302474 -97.310081 -14.677171)             (0.26979496 -0.34872377 -0.051601723)         (0.0008218885 0.0036006506 -0.00045281225)    (0.27061685 -0.34512312 -0.052054535)        

Moments - Moment Center (0 0 0.05) Moment Axis (0 1 0)
                          Moments [N m]                                   Coefficients                                   
Zone                      Pressure        Viscous         Total           Pressure        Viscous         Total          
jidi                      -22.929951      -0.0030270271   -22.932978      -0.081324113    -1.0735753e-05  -0.081334848   
jishen                    -232.59325      -0.092658022    -232.6859       -0.82492281     -0.00032862397  -0.82525143    
jitou                     556.02834       0.17010533      556.19844       1.9720283       0.00060330114   1.9726316      
liangan                   650.95831       0.13968094      651.09799       2.30871         0.000495397     2.3092054      
waiyi                     -47.757288      0.42151952      -47.335768      -0.16937756     0.0014949749    -0.16788258    
weiyi                     -762.81101      0.048500384     -762.76251      -2.7054105      0.00017201305   -2.7052385     
xiaoyi                    55.603031       0.031700295     55.634732       0.19720353      0.0001124293    0.19731596     
youfuyi                   -4.9487578      0.011742866     -4.937015       -0.017551426    4.1647632e-05   -0.017509779   
youweiduo                 -3.2736635      -0.0010994951   -3.274763       -0.011610482    -3.8995051e-06  -0.011614382   
zhongyangyi               -276.54822      0.25950543      -276.28872      -0.98081497     0.00092037046   -0.9798946     
zuofuyi                   -4.4193308      0.0089732052    -4.4103576      -0.015673743    3.1824663e-05   -0.015641918   
zuoweiduo                 -5.6335166      0.020287324     -5.6132293      -0.019980014    7.1951685e-05   -0.019908063   
------------------------- --------------- --------------- --------------- --------------- --------------- ---------------
Net                       -98.325312      1.0152308       -97.310081      -0.34872377     0.0036006506    -0.34512312    
