                                    "Force Report"

Moments - Moment Center (0 0 0.05)
                          Moments [N m]                                                                                                                             Coefficients                                                                                                                             
Zone                      Pressure                                      Viscous                                       Total                                         Pressure                                      Viscous                                       Total                                        
jidi                      (-8.182757e-09 -22.900864 -0.00049873671)     (7.2553677e-06 -0.0031870779 0.00030419177)   (7.2471849e-06 -22.904051 -0.00019454494)     (-2.9021234e-11 -0.081220952 -1.7688359e-06)  (2.5732124e-08 -1.1303395e-05 1.0788565e-06)  (2.5703103e-08 -0.081232255 -6.8997946e-07)  
jishen                    (-0.021684133 -230.0912 0.094155848)          (-0.0012863011 -0.067551053 -0.00077529189)   (-0.022970434 -230.15875 0.093380556)         (-7.6905655e-05 -0.81604897 0.00033393621)    (-4.5620376e-06 -0.00023957877 -2.7496756e-06) (-8.1467692e-05 -0.81628855 0.00033118653)   
jitou                     (-0.010075662 545.40567 0.099914605)          (-6.7171944e-05 0.031818708 0.00090554845)    (-0.010142834 545.43749 0.10082015)           (-3.5734671e-05 1.9343536 0.0003543604)       (-2.3823421e-07 0.00011284927 3.2116478e-06)  (-3.5972905e-05 1.9344664 0.00035757205)     
liangan                   (0.1685216 647.78887 0.2925436)               (-0.0085933585 0.12912357 0.0068406833)       (0.15992825 647.91799 0.29938429)             (0.00059768423 2.2974692 0.0010375447)        (-3.0477486e-05 0.00045795387 2.4261391e-05)  (0.00056720675 2.2979271 0.0010618061)       
waiyi                     (59.686623 -45.887635 4.0137442)              (0.068409874 0.65540499 0.045572659)          (59.755033 -45.23223 4.0593168)               (0.21168653 -0.16274659 0.014235276)          (0.0002426247 0.0023244808 0.00016162948)     (0.21192915 -0.1604221 0.014396906)          
weiyi                     (1.0753494 -698.72701 2.559094)               (-0.0029253184 0.43769448 0.030411794)        (1.0724241 -698.28932 2.5895058)              (0.0038138694 -2.4781281 0.0090761666)        (-1.037503e-05 0.0015523415 0.00010785946)    (0.0038034943 -2.4765757 0.0091840261)       
xiaoyi                    (0.26643474 55.919808 -0.1320454)             (0.0037296261 0.037823199 -0.0037219334)      (0.27016436 55.957631 -0.13576733)            (0.00094494615 0.19832702 -0.00046831653)     (1.3227614e-05 0.00013414499 -1.3200331e-05)  (0.00095817376 0.19846116 -0.00048151686)    
youfuyi                   (39.420152 -4.5111159 -12.005878)             (0.025459201 0.013436054 -0.17307341)         (39.445612 -4.4976798 -12.178951)             (0.1398088 -0.015999271 -0.04258044)          (9.0294434e-05 4.7652749e-05 -0.0006138278)   (0.1398991 -0.015951618 -0.043194267)        
youweiduo                 (0.16414541 -1.5275903 1.0232583)             (0.00051025651 0.04290498 -0.055819359)       (0.16465566 -1.4846853 0.96743895)            (0.00058216346 -0.0054178017 0.0036291214)    (1.8096924e-06 0.00015216821 -0.00019797077)  (0.00058397316 -0.0052656335 0.0034311506)   
zhongyangyi               (3.9629416 -276.16611 0.28773842)             (0.0038252123 0.36482831 0.005524572)         (3.9667668 -275.80128 0.29326299)             (0.014055098 -0.97945977 0.0010205025)        (1.3566623e-05 0.001293912 1.9593628e-05)     (0.014068665 -0.97816585 0.0010400961)       
zuofuyi                   (-19.244292 -2.7764889 -0.54045624)           (-0.030800684 0.014349674 0.19281072)         (-19.275092 -2.7621392 -0.34764552)           (-0.068252434 -0.0098471864 -0.0019167998)    (-0.00010923871 5.0893021e-05 0.0006838288)   (-0.068361673 -0.0097962934 -0.001232971)    
zuoweiduo                 (-0.13789975 -1.3474736 -0.9277184)           (-0.0023323331 0.040719276 0.064210084)       (-0.14023209 -1.3067543 -0.86350832)          (-0.00048907978 -0.004778994 -0.0032902764)   (-8.2719287e-06 0.00014441632 0.00022772958)  (-0.00049735171 -0.0046345777 -0.0030625468) 
------------------------- --------------------------------------------- --------------------------------------------- --------------------------------------------- --------------------------------------------- --------------------------------------------- ---------------------------------------------
Net                       (85.330217 -34.821148 -5.2361478)             (0.055936259 1.6973651 0.11319026)            (85.386153 -33.123783 -5.1229575)             (0.30263494 -0.12349782 -0.018570693)         (0.00019838536 0.0060199306 0.00040144427)    (0.30283332 -0.11747789 -0.018169249)        

Moments - Moment Center (0 0 0.05) Moment Axis (0 1 0)
                          Moments [N m]                                   Coefficients                                   
Zone                      Pressure        Viscous         Total           Pressure        Viscous         Total          
jidi                      -22.900864      -0.0031870779   -22.904051      -0.081220952    -1.1303395e-05  -0.081232255   
jishen                    -230.0912       -0.067551053    -230.15875      -0.81604897     -0.00023957877  -0.81628855    
jitou                     545.40567       0.031818708     545.43749       1.9343536       0.00011284927   1.9344664      
liangan                   647.78887       0.12912357      647.91799       2.2974692       0.00045795387   2.2979271      
waiyi                     -45.887635      0.65540499      -45.23223       -0.16274659     0.0023244808    -0.1604221     
weiyi                     -698.72701      0.43769448      -698.28932      -2.4781281      0.0015523415    -2.4765757     
xiaoyi                    55.919808       0.037823199     55.957631       0.19832702      0.00013414499   0.19846116     
youfuyi                   -4.5111159      0.013436054     -4.4976798      -0.015999271    4.7652749e-05   -0.015951618   
youweiduo                 -1.5275903      0.04290498      -1.4846853      -0.0054178017   0.00015216821   -0.0052656335  
zhongyangyi               -276.16611      0.36482831      -275.80128      -0.97945977     0.001293912     -0.97816585    
zuofuyi                   -2.7764889      0.014349674     -2.7621392      -0.0098471864   5.0893021e-05   -0.0097962934  
zuoweiduo                 -1.3474736      0.040719276     -1.3067543      -0.004778994    0.00014441632   -0.0046345777  
------------------------- --------------- --------------- --------------- --------------- --------------- ---------------
Net                       -34.821148      1.6973651       -33.123783      -0.12349782     0.0060199306    -0.11747789    
