                                    "Force Report"

Moments - Moment Center (0 0 0.05)
                          Moments [N m]                                                                                                                             Coefficients                                                                                                                             
Zone                      Pressure                                      Viscous                                       Total                                         Pressure                                      Viscous                                       Total                                        
jidi                      (-1.7470089e-08 -22.909346 0.002486224)       (6.0362642e-05 -0.0026810641 0.00079914977)   (6.0345172e-05 -22.912028 0.0032853738)       (-6.1959988e-11 -0.081251037 8.8177234e-06)   (2.1408412e-07 -9.5087496e-06 2.8342907e-06)  (2.1402216e-07 -0.081260546 1.1652014e-05)   
jishen                    (0.03830259 -228.81694 0.82804949)            (-0.011916543 -0.059711351 -0.00096008909)    (0.026386047 -228.87665 0.8270894)            (0.00013584522 -0.81152965 0.0029367874)      (-4.2263602e-05 -0.00021177423 -3.4050834e-06) (9.3581615e-05 -0.81174143 0.0029333823)     
jitou                     (-0.4349375 551.36196 4.2903939)              (-0.0046120989 0.096331801 0.054348471)       (-0.4395496 551.45829 4.3447424)              (-0.0015425636 1.9554784 0.015216451)         (-1.6357421e-05 0.00034165352 0.00019275407)  (-0.001558921 1.95582 0.015409205)           
liangan                   (-0.045993612 649.47832 -0.62844646)          (-0.012973855 0.1363305 0.018002742)          (-0.058967467 649.61465 -0.61044372)          (-0.00016312245 2.303461 -0.0022288688)       (-4.60135e-05 0.00048351422 6.3849113e-05)    (-0.00020913595 2.3039446 -0.0021650196)     
waiyi                     (67.449519 -45.876686 6.6025734)              (0.084577127 0.58135491 0.047515187)          (67.534096 -45.295331 6.6500886)              (0.23921867 -0.16270775 0.023416903)          (0.000299964 0.0020618523 0.00016851892)      (0.23951863 -0.1606459 0.023585422)          
weiyi                     (-3.8621557 -734.79689 -10.631881)            (0.018536547 0.28703598 -0.1237272)           (-3.8436192 -734.50985 -10.755608)            (-0.013697648 -2.6060547 -0.037707377)        (6.5742324e-05 0.0010180112 -0.00043881492)   (-0.013631905 -2.6050367 -0.038146192)       
xiaoyi                    (5.8402331 55.892002 -0.19061017)             (0.05157804 0.036512394 -0.014227955)         (5.8918112 55.928514 -0.20483813)             (0.020713162 0.1982284 -0.00067602426)        (0.00018292836 0.00012949605 -5.0461332e-05)  (0.02089609 0.1983579 -0.0007264856)         
youfuyi                   (39.86568 -4.6552475 -10.803786)              (0.027488525 0.012052158 -0.16062531)         (39.893169 -4.6431953 -10.964412)             (0.14138893 -0.016510453 -0.038317062)        (9.7491703e-05 4.2744579e-05 -0.00056967897)  (0.14148642 -0.016467708 -0.038886741)       
youweiduo                 (0.21848312 -2.162575 1.3759172)              (0.0091521569 0.023123149 -0.075792428)       (0.22763528 -2.1394518 1.3001247)             (0.00077487938 -0.0076698592 0.0048798728)    (3.2459339e-05 8.2009316e-05 -0.00026880791)  (0.00080733872 -0.0075878498 0.0046110649)   
zhongyangyi               (5.3914197 -273.77022 1.1737842)              (0.010890282 0.32491786 0.012500028)          (5.4023099 -273.44531 1.1862842)              (0.019121385 -0.97096243 0.0041629814)        (3.8623831e-05 0.0011523643 4.4333009e-05)    (0.019160009 -0.96981006 0.0042073144)       
zuofuyi                   (-23.436966 -3.3428488 0.094559938)           (-0.038497743 0.012035971 0.17581469)         (-23.475464 -3.3308129 0.27037463)            (-0.08312231 -0.011855857 0.00033536937)      (-0.00013653736 4.268717e-05 0.00062355014)   (-0.083258847 -0.01181317 0.0009589195)      
zuoweiduo                 (-0.30185842 -2.6535351 -1.6748108)           (-0.0013623775 0.032743853 0.047305249)       (-0.3032208 -2.6207912 -1.6275055)            (-0.0010705809 -0.0094111143 -0.0059399386)   (-4.8318525e-06 0.00011613042 0.00016777434)  (-0.0010754128 -0.0092949839 -0.0057721643)  
------------------------- --------------------------------------------- --------------------------------------------- --------------------------------------------- --------------------------------------------- --------------------------------------------- ---------------------------------------------
Net                       (90.721727 -62.252012 -9.5617704)             (0.13292042 1.4800462 -0.019047459)           (90.854647 -60.771966 -9.5808179)             (0.32175664 -0.22078502 -0.033912088)         (0.00047141992 0.0052491801 -6.7554339e-05)   (0.32222806 -0.21553584 -0.033979642)        

Moments - Moment Center (0 0 0.05) Moment Axis (0 1 0)
                          Moments [N m]                                   Coefficients                                   
Zone                      Pressure        Viscous         Total           Pressure        Viscous         Total          
jidi                      -22.909346      -0.0026810641   -22.912028      -0.081251037    -9.5087496e-06  -0.081260546   
jishen                    -228.81694      -0.059711351    -228.87665      -0.81152965     -0.00021177423  -0.81174143    
jitou                     551.36196       0.096331801     551.45829       1.9554784       0.00034165352   1.95582        
liangan                   649.47832       0.1363305       649.61465       2.303461        0.00048351422   2.3039446      
waiyi                     -45.876686      0.58135491      -45.295331      -0.16270775     0.0020618523    -0.1606459     
weiyi                     -734.79689      0.28703598      -734.50985      -2.6060547      0.0010180112    -2.6050367     
xiaoyi                    55.892002       0.036512394     55.928514       0.1982284       0.00012949605   0.1983579      
youfuyi                   -4.6552475      0.012052158     -4.6431953      -0.016510453    4.2744579e-05   -0.016467708   
youweiduo                 -2.162575       0.023123149     -2.1394518      -0.0076698592   8.2009316e-05   -0.0075878498  
zhongyangyi               -273.77022      0.32491786      -273.44531      -0.97096243     0.0011523643    -0.96981006    
zuofuyi                   -3.3428488      0.012035971     -3.3308129      -0.011855857    4.268717e-05    -0.01181317    
zuoweiduo                 -2.6535351      0.032743853     -2.6207912      -0.0094111143   0.00011613042   -0.0092949839  
------------------------- --------------- --------------- --------------- --------------- --------------- ---------------
Net                       -62.252012      1.4800462       -60.771966      -0.22078502     0.0052491801    -0.21553584    
