                                    "Force Report"

Moments - Moment Center (0 0 0.05)
                          Moments [N m]                                                                                                                             Coefficients                                                                                                                             
Zone                      Pressure                                      Viscous                                       Total                                         Pressure                                      Viscous                                       Total                                        
jidi                      (1.4153697e-08 -22.896869 0.011451703)        (-7.9298352e-05 0.0012356144 -0.0020556445)   (-7.9284198e-05 -22.895633 0.0093960583)      (5.0197964e-11 -0.081206783 4.0614984e-05)    (-2.8124213e-07 4.3822705e-06 -7.290616e-06)  (-2.8119193e-07 -0.081202401 3.3324368e-05)  
jishen                    (0.57106793 -232.35093 3.8498373)             (-0.040902047 -0.097846255 -0.0092424211)     (0.53016588 -232.44878 3.8405949)             (0.0020253682 -0.8240634 0.013653959)         (-0.00014506454 -0.00034702473 -3.2779473e-05) (0.0018803037 -0.82441043 0.013621179)       
jitou                     (-1.3059255 529.28617 12.748918)              (-0.01458755 -0.13925811 0.16159975)          (-1.320513 529.14691 12.910518)               (-0.0046316379 1.8771836 0.04521573)          (-5.1736682e-05 -0.00049389735 0.00057313497) (-0.0046833746 1.8766897 0.045788865)        
liangan                   (-0.27960946 646.68044 0.29941871)            (-0.0094583709 0.15917037 -0.023762493)       (-0.28906783 646.83961 0.27565621)            (-0.00099167204 2.293538 0.0010619282)        (-3.3545368e-05 0.00056451883 -8.4276836e-05) (-0.0010252174 2.2941025 0.00097765134)      
waiyi                     (74.559356 -54.306023 -6.2522516)             (0.17123355 0.50271922 -0.21857281)           (74.73059 -53.803304 -6.4708245)              (0.26443465 -0.19260352 -0.02217444)          (0.00060730249 0.0017829604 -0.00077519748)   (0.26504195 -0.19082056 -0.022949638)        
weiyi                     (-11.566463 -608.61334 -32.91357)             (0.093070493 0.57482809 -0.26953979)          (-11.473393 -608.03851 -33.183109)            (-0.041021996 -2.158528 -0.11673234)          (0.00033008685 0.0020387041 -0.00095595865)   (-0.040691909 -2.1564893 -0.1176883)         
xiaoyi                    (-0.64191922 55.972769 -0.92144643)           (0.022805351 0.044279904 -0.024322058)        (-0.61911387 56.017049 -0.94576848)           (-0.0022766517 0.19851485 -0.003268032)       (8.0882203e-05 0.00015704455 -8.6261404e-05)  (-0.0021957695 0.1986719 -0.0033542934)      
youfuyi                   (33.57981 -3.5877881 -11.972753)              (0.039278302 0.010914184 -0.16266205)         (33.619089 -3.576874 -12.135415)              (0.11909525 -0.012724567 -0.042462958)        (0.00013930571 3.8708602e-05 -0.00057690254)  (0.11923456 -0.012685858 -0.04303986)        
youweiduo                 (-0.44313121 2.642526 -1.3121181)             (0.0087838338 0.042841536 -0.099345487)       (-0.43434738 2.6853675 -1.4114636)            (-0.0015716237 0.009372069 -0.0046536009)     (3.1153032e-05 0.00015194319 -0.00035234195)  (-0.0015404706 0.0095240122 -0.0050059429)   
zhongyangyi               (16.108723 -291.73897 -1.2552246)             (0.058091042 0.27518869 -0.074611081)         (16.166814 -291.46378 -1.3298357)             (0.057131725 -1.034691 -0.0044518206)         (0.00020602759 0.00097599322 -0.0002646181)   (0.057337752 -1.033715 -0.0047164387)        
zuofuyi                   (-9.5841131 -1.4311157 -0.9258626)            (0.012783274 0.02046481 0.18901839)           (-9.5713298 -1.4106509 -0.73684421)           (-0.033991329 -0.0050756419 -0.0032836946)    (4.5337578e-05 7.2581165e-05 0.0006703788)    (-0.033945991 -0.0050030607 -0.0026133158)   
zuoweiduo                 (-0.12738631 -0.21297971 -0.20393575)         (0.022411041 0.084667465 -0.0014046979)       (-0.10497527 -0.12831225 -0.20534045)         (-0.00045179246 -0.00075536082 -0.00072328522) (7.9483729e-05 0.0003002844 -4.9819476e-06)   (-0.00037230873 -0.00045507642 -0.00072826716)
------------------------- --------------------------------------------- --------------------------------------------- --------------------------------------------- --------------------------------------------- --------------------------------------------- ---------------------------------------------
Net                       (100.87041 19.443895 -38.847536)              (0.36342962 1.4792055 -0.53490039)            (101.23384 20.923101 -39.382436)              (0.35775029 0.068960355 -0.13777794)          (0.0012889514 0.0052461987 -0.0018970952)     (0.35903924 0.074206554 -0.13967504)         

Moments - Moment Center (0 0 0.05) Moment Axis (0 1 0)
                          Moments [N m]                                   Coefficients                                   
Zone                      Pressure        Viscous         Total           Pressure        Viscous         Total          
jidi                      -22.896869      0.0012356144    -22.895633      -0.081206783    4.3822705e-06   -0.081202401   
jishen                    -232.35093      -0.097846255    -232.44878      -0.8240634      -0.00034702473  -0.82441043    
jitou                     529.28617       -0.13925811     529.14691       1.8771836       -0.00049389735  1.8766897      
liangan                   646.68044       0.15917037      646.83961       2.293538        0.00056451883   2.2941025      
waiyi                     -54.306023      0.50271922      -53.803304      -0.19260352     0.0017829604    -0.19082056    
weiyi                     -608.61334      0.57482809      -608.03851      -2.158528       0.0020387041    -2.1564893     
xiaoyi                    55.972769       0.044279904     56.017049       0.19851485      0.00015704455   0.1986719      
youfuyi                   -3.5877881      0.010914184     -3.576874       -0.012724567    3.8708602e-05   -0.012685858   
youweiduo                 2.642526        0.042841536     2.6853675       0.009372069     0.00015194319   0.0095240122   
zhongyangyi               -291.73897      0.27518869      -291.46378      -1.034691       0.00097599322   -1.033715      
zuofuyi                   -1.4311157      0.02046481      -1.4106509      -0.0050756419   7.2581165e-05   -0.0050030607  
zuoweiduo                 -0.21297971     0.084667465     -0.12831225     -0.00075536082  0.0003002844    -0.00045507642 
------------------------- --------------- --------------- --------------- --------------- --------------- ---------------
Net                       19.443895       1.4792055       20.923101       0.068960355     0.0052461987    0.074206554    
