                                    "Force Report"

Moments - Moment Center (0 0 0.05)
                          Moments [N m]                                                                                                                             Coefficients                                                                                                                             
Zone                      Pressure                                      Viscous                                       Total                                         Pressure                                      Viscous                                       Total                                        
jidi                      (-1.7049058e-09 -22.885188 0.0034821671)      (3.7143388e-05 0.00072092027 0.00064754739)   (3.7141683e-05 -22.884467 0.0041297145)       (-6.0466746e-12 -0.081165357 1.2349968e-05)   (1.3173395e-07 2.5568394e-06 2.2966128e-06)   (1.3172791e-07 -0.0811628 1.464658e-05)      
jishen                    (0.19390821 -232.61076 1.5359381)             (-0.015273506 -0.089541778 -0.0049483677)     (0.17863471 -232.7003 1.5309897)              (0.00068772121 -0.82498492 0.0054474082)      (-5.4169516e-05 -0.0003175718 -1.7550043e-05) (0.0006335517 -0.82530249 0.0054298581)      
jitou                     (-0.46247393 532.29714 4.5384758)             (-0.0048993386 -0.10620647 0.055119853)       (-0.46737327 532.19093 4.5935957)             (-0.0016402252 1.8878624 0.016096307)         (-1.7376154e-05 -0.00037667535 0.00019548987) (-0.0016576013 1.8874858 0.016291797)        
liangan                   (-0.2425234 646.10716 0.45515132)             (-0.016021865 0.13494094 -0.0019071265)       (-0.25854527 646.2421 0.45324419)             (-0.00086014143 2.2915048 0.0016142545)       (-5.6823672e-05 0.00047858593 -6.7638771e-06) (-0.0009169651 2.2919834 0.0016074907)       
waiyi                     (67.738606 -51.817531 -3.1112867)             (0.10727572 0.56047482 -0.033756273)          (67.845882 -51.257056 -3.145043)              (0.24024396 -0.18377775 -0.011034591)         (0.00038046757 0.0019877983 -0.0001197211)    (0.24062442 -0.18178995 -0.011154312)        
weiyi                     (-3.644404 -624.7097 -10.546493)              (0.023679328 0.61489556 -0.081575968)         (-3.6207247 -624.0948 -10.628069)             (-0.012925362 -2.2156158 -0.037404537)        (8.3981881e-05 0.0021808087 -0.00028932)      (-0.012841381 -2.213435 -0.037693857)        
xiaoyi                    (0.80684593 55.86826 -0.37314173)             (0.014664141 0.040807116 -0.015375322)        (0.82151007 55.909067 -0.38851706)            (0.0028615861 0.1981442 -0.0013233967)        (5.2008322e-05 0.00014472785 -5.453062e-05)   (0.0029135945 0.19828893 -0.0013779273)      
youfuyi                   (35.957093 -3.9298158 -12.478823)             (0.033697441 0.012378348 -0.17094986)         (35.990791 -3.9174375 -12.649773)             (0.1275266 -0.013937613 -0.044257802)         (0.00011951245 4.3901454e-05 -0.00060629636)  (0.12764611 -0.013893712 -0.044864099)       
youweiduo                 (-0.14873453 1.1398088 -0.51192657)           (-0.00080210833 0.055563807 -0.067224756)     (-0.14953664 1.1953726 -0.57915133)           (-0.00052750675 0.0040424832 -0.0018156155)   (-2.8447836e-06 0.00019706441 -0.00023842152) (-0.00053035154 0.0042395476 -0.002054037)   
zhongyangyi               (8.433434 -289.04287 -0.56346081)             (0.022181977 0.30976218 -0.018889377)         (8.4556159 -288.73311 -0.58235019)            (0.029910293 -1.0251289 -0.0019983885)        (7.8671326e-05 0.0010986127 -6.6993681e-05)   (0.029988964 -1.0240303 -0.0020653822)       
zuofuyi                   (-12.484426 -1.8327478 -0.97655423)           (0.00099898247 0.021405128 0.21975892)        (-12.483427 -1.8113427 -0.75679531)           (-0.044277673 -0.0065000833 -0.0034634792)    (3.5430239e-06 7.5916129e-05 0.00077940417)   (-0.04427413 -0.0064241672 -0.002684075)     
zuoweiduo                 (-0.014054181 0.21690893 0.0043621563)        (0.0094140174 0.066184403 0.038661088)        (-0.0046401638 0.28309333 0.043023245)        (-4.9845019e-05 0.0007692963 1.5470966e-05)   (3.3388062e-05 0.00023473177 0.00013711668)   (-1.6456957e-05 0.0010040281 0.00015258765)  
------------------------- --------------------------------------------- --------------------------------------------- --------------------------------------------- --------------------------------------------- --------------------------------------------- ---------------------------------------------
Net                       (96.133272 8.8006605 -22.024277)              (0.17495193 1.621385 -0.080439644)            (96.308224 10.422045 -22.104716)              (0.3409494 0.03121271 -0.07811202)            (0.00062049024 0.0057504569 -0.00028528987)   (0.34156989 0.036963167 -0.07839731)         

Moments - Moment Center (0 0 0.05) Moment Axis (0 1 0)
                          Moments [N m]                                   Coefficients                                   
Zone                      Pressure        Viscous         Total           Pressure        Viscous         Total          
jidi                      -22.885188      0.00072092027   -22.884467      -0.081165357    2.5568394e-06   -0.0811628     
jishen                    -232.61076      -0.089541778    -232.7003       -0.82498492     -0.0003175718   -0.82530249    
jitou                     532.29714       -0.10620647     532.19093       1.8878624       -0.00037667535  1.8874858      
liangan                   646.10716       0.13494094      646.2421        2.2915048       0.00047858593   2.2919834      
waiyi                     -51.817531      0.56047482      -51.257056      -0.18377775     0.0019877983    -0.18178995    
weiyi                     -624.7097       0.61489556      -624.0948       -2.2156158      0.0021808087    -2.213435      
xiaoyi                    55.86826        0.040807116     55.909067       0.1981442       0.00014472785   0.19828893     
youfuyi                   -3.9298158      0.012378348     -3.9174375      -0.013937613    4.3901454e-05   -0.013893712   
youweiduo                 1.1398088       0.055563807     1.1953726       0.0040424832    0.00019706441   0.0042395476   
zhongyangyi               -289.04287      0.30976218      -288.73311      -1.0251289      0.0010986127    -1.0240303     
zuofuyi                   -1.8327478      0.021405128     -1.8113427      -0.0065000833   7.5916129e-05   -0.0064241672  
zuoweiduo                 0.21690893      0.066184403     0.28309333      0.0007692963    0.00023473177   0.0010040281   
------------------------- --------------- --------------- --------------- --------------- --------------- ---------------
Net                       8.8006605       1.621385        10.422045       0.03121271      0.0057504569    0.036963167    
