                                    "Force Report"

Moments - Moment Center (0 0 0.05)
                          Moments [N m]                                                                                                                             Coefficients                                                                                                                             
Zone                      Pressure                                      Viscous                                       Total                                         Pressure                                      Viscous                                       Total                                        
jidi                      (-1.5654546e-08 -22.924794 0.005376915)       (-2.3199851e-05 0.00036493454 -0.00085901257) (-2.3215505e-05 -22.924429 0.0045179025)      (-5.5520925e-11 -0.081305825 1.9069943e-05)   (-8.2281349e-08 1.2942888e-06 -3.0466021e-06) (-8.233687e-08 -0.08130453 1.6023341e-05)    
jishen                    (0.23029934 -230.51025 2.9958036)             (-0.038442323 -0.071789393 -0.0035911083)     (0.19185702 -230.58204 2.9922125)             (0.00081678717 -0.81753519 0.010625015)       (-0.0001363408 -0.00025461061 -1.2736342e-05) (0.00068044637 -0.8177898 0.010612279)       
jitou                     (-1.2889295 542.22112 12.68665)               (-0.014238826 -0.0015323803 0.16215876)       (-1.3031683 542.21959 12.848809)              (-0.0045713595 1.9230592 0.044994887)         (-5.0499886e-05 -5.4347901e-06 0.00057511757) (-0.0046218593 1.9230537 0.045570005)        
liangan                   (0.36476234 649.34208 -0.44735872)            (-0.00086246708 0.16390705 -0.041092249)      (0.36389987 649.50599 -0.48845097)            (0.001293678 2.3029779 -0.0015866171)         (-3.058854e-06 0.0005813181 -0.00014573912)   (0.0012906192 2.3035592 -0.0017323562)       
waiyi                     (65.218648 -46.501054 2.0067326)              (0.15941062 0.64106902 -0.046248406)          (65.378058 -45.859985 1.9604842)              (0.23130659 -0.16492216 0.0071171436)         (0.0005653709 0.0022736363 -0.00016402611)    (0.23187196 -0.16264852 0.0069531175)        
weiyi                     (-11.253589 -672.37812 -35.007618)            (0.087562082 0.45389083 -0.3485795)           (-11.166027 -671.92423 -35.356197)            (-0.039912346 -2.3846782 -0.12415916)         (0.00031055054 0.0016097841 -0.0012362834)    (-0.039601795 -2.3830684 -0.12539545)        
xiaoyi                    (8.3903077 56.002827 -1.0133962)              (0.081920537 0.039893605 -0.041307434)        (8.4722282 56.04272 -1.0547036)               (0.02975734 0.19862146 -0.003594144)          (0.00029054205 0.00014148797 -0.0001465023)   (0.030047882 0.19876294 -0.0037406462)       
youfuyi                   (37.932745 -4.2261981 -11.938463)             (0.031600308 0.013537277 -0.18313)            (37.964345 -4.2126608 -12.121593)             (0.13453351 -0.014988772 -0.042341343)        (0.00011207468 4.801175e-05 -0.00064949486)   (0.13464559 -0.014940761 -0.042990838)       
youweiduo                 (-0.19311033 0.79849582 -0.28075189)          (0.016213603 0.026329637 -0.11453338)         (-0.17689672 0.82482546 -0.39528527)          (-0.0006848914 0.0028319714 -0.00099572384)   (5.7503696e-05 9.338155e-05 -0.00040620784)   (-0.00062738771 0.0029253529 -0.0014019317)  
zhongyangyi               (13.443654 -279.34348 1.2181146)              (0.055376371 0.35391871 -0.022630144)         (13.49903 -278.98956 1.1954845)               (0.047679702 -0.99072873 0.0043202051)        (0.00019639965 0.0012552197 -8.0260809e-05)   (0.047876102 -0.98947351 0.0042399443)       
zuofuyi                   (-16.998137 -2.4766911 -0.82549379)           (-0.017164999 0.017005839 0.19629059)         (-17.015302 -2.4596852 -0.62920319)           (-0.06028615 -0.0087839135 -0.0029277233)     (-6.0877947e-05 6.0313466e-05 0.00069617064)  (-0.060347028 -0.0087236001 -0.0022315526)   
zuoweiduo                 (-0.2682758 -1.8836646 -1.2108992)            (0.016542402 0.067600009 0.0049325113)        (-0.2517334 -1.8160646 -1.2059667)            (-0.00095147572 -0.0066806665 -0.0042946147)  (5.8669823e-05 0.0002397524 1.7493806e-05)    (-0.0008928059 -0.0064409141 -0.0042771209)  
------------------------- --------------------------------------------- --------------------------------------------- --------------------------------------------- --------------------------------------------- --------------------------------------------- ---------------------------------------------
Net                       (95.578374 -11.879729 -31.811303)             (0.3778941 1.7041951 -0.43858937)             (95.956268 -10.175534 -32.249892)             (0.33898139 -0.042133037 -0.11282301)         (0.0013402516 0.0060441542 -0.0015555154)     (0.34032164 -0.036088882 -0.11437852)        

Moments - Moment Center (0 0 0.05) Moment Axis (0 1 0)
                          Moments [N m]                                   Coefficients                                   
Zone                      Pressure        Viscous         Total           Pressure        Viscous         Total          
jidi                      -22.924794      0.00036493454   -22.924429      -0.081305825    1.2942888e-06   -0.08130453    
jishen                    -230.51025      -0.071789393    -230.58204      -0.81753519     -0.00025461061  -0.8177898     
jitou                     542.22112       -0.0015323803   542.21959       1.9230592       -5.4347901e-06  1.9230537      
liangan                   649.34208       0.16390705      649.50599       2.3029779       0.0005813181    2.3035592      
waiyi                     -46.501054      0.64106902      -45.859985      -0.16492216     0.0022736363    -0.16264852    
weiyi                     -672.37812      0.45389083      -671.92423      -2.3846782      0.0016097841    -2.3830684     
xiaoyi                    56.002827       0.039893605     56.04272        0.19862146      0.00014148797   0.19876294     
youfuyi                   -4.2261981      0.013537277     -4.2126608      -0.014988772    4.801175e-05    -0.014940761   
youweiduo                 0.79849582      0.026329637     0.82482546      0.0028319714    9.338155e-05    0.0029253529   
zhongyangyi               -279.34348      0.35391871      -278.98956      -0.99072873     0.0012552197    -0.98947351    
zuofuyi                   -2.4766911      0.017005839     -2.4596852      -0.0087839135   6.0313466e-05   -0.0087236001  
zuoweiduo                 -1.8836646      0.067600009     -1.8160646      -0.0066806665   0.0002397524    -0.0064409141  
------------------------- --------------- --------------- --------------- --------------- --------------- ---------------
Net                       -11.879729      1.7041951       -10.175534      -0.042133037    0.0060441542    -0.036088882   
