                                    "Force Report"

Forces
                          Forces [N]                                                                                                                                Coefficients                                                                                                                             
Zone                      Pressure                                      Viscous                                       Total                                         Pressure                                      Viscous                                       Total                                        
jidi                      (1143.5509 1.1199876e-08 0.00043602033)       (1.0961079e-08 1.7823735e-05 -0.0012929247)   (1143.5509 1.7834935e-05 -0.00085690442)      (1.4791338 1.4486557e-11 5.6397351e-07)       (1.4177683e-11 2.3054234e-08 -1.6723424e-06)  (1.4791338 2.306872e-08 -1.1083689e-06)      
jishen                    (9077.0506 -0.043932964 -12499.284)           (1.1990328 -0.00025770614 -0.072948144)       (9078.2497 -0.04419067 -12499.357)            (11.740774 -5.6825396e-05 -16.167286)         (0.0015508973 -3.3333179e-07 -9.435528e-05)   (11.742325 -5.7158728e-05 -16.16738)         
jitou                     (-11240.793 0.061986042 -8.5517108)           (1.1741019 -0.00018465056 -0.069778102)       (-11239.619 0.061801392 -8.6214889)           (-14.539482 8.0176275e-05 -0.011061269)       (0.0015186502 -2.3883754e-07 -9.0254968e-05)  (-14.537963 7.9937437e-05 -0.011151524)      
liangan                   (-81.14702 0.058814997 -3080.2736)            (1.1213727 0.0008498529 -0.047211774)         (-80.025648 0.05966485 -3080.3208)            (-0.10496017 7.6074664e-05 -3.9842012)        (0.0014504472 1.0992481e-06 -6.1066395e-05)   (-0.10350973 7.7173912e-05 -3.9842622)       
waiyi                     (-126.93562 -0.0016173763 1502.7813)          (3.902935 0.00019813503 -0.026254581)         (-123.03269 -0.0014192413 1502.7551)          (-0.16418575 -2.0920065e-06 1.9437829)        (0.0050482782 2.5627912e-07 -3.3959169e-05)   (-0.15913748 -1.8357274e-06 1.9437489)       
weiyi                     (46.246705 7.403244 511.54973)                (1.5694022 0.0085754129 -0.099915894)         (47.816107 7.4118194 511.44982)               (0.05981812 0.0095757771 0.66166754)          (0.0020299541 1.1091927e-05 -0.0001292369)    (0.061848074 0.009586869 0.6615383)          
xiaoyi                    (150.97182 0.0084788249 -372.36499)           (0.30420568 -0.00012114243 -0.022620402)      (151.27602 0.0083576824 -372.38761)           (0.19527554 1.0966995e-05 -0.48163806)        (0.00039347694 -1.5669251e-07 -2.9258515e-05) (0.19566901 1.0810302e-05 -0.48166732)       
youfuyi                   (-0.85569381 -0.34912563 10.358087)           (0.18638957 0.00095112049 0.00094618386)      (-0.66930424 -0.34817451 10.359033)           (-0.0011068031 -0.00045157896 0.013397739)    (0.00024108688 1.2302334e-06 1.2238481e-06)   (-0.00086571619 -0.00045034872 0.013398963)  
youweiduo                 (0.61005157 4.2059784 7.3165605)              (0.1053758 0.013751502 0.013973486)           (0.71542737 4.2197299 7.330534)               (0.00078907541 0.0054402518 0.0094636557)     (0.00013629906 1.7786975e-05 1.8074102e-05)   (0.00092537447 0.0054580388 0.0094817298)    
zhongyangyi               (1056.641 -0.00010838493 14093.085)           (2.3366822 0.0006153633 -0.059876209)         (1058.9777 0.00050697837 14093.025)           (1.3667196 -1.4019124e-07 18.228798)          (0.0030223978 7.9594591e-07 -7.7447296e-05)   (1.369742 6.5575467e-07 18.22872)            
zuofuyi                   (-0.8579201 0.34516264 10.330747)             (0.18618133 -0.00089482588 0.000869821)       (-0.67173877 0.34426781 10.331617)            (-0.0011096827 0.000446453 0.013362376)       (0.00024081753 -1.1574187e-06 1.125076e-06)   (-0.00086886515 0.00044529558 0.013363501)   
zuoweiduo                 (-0.986421 0.29073103 -0.45301428)            (0.15512203 -0.0026321015 -0.0099263675)      (-0.83129897 0.28809893 -0.46294064)          (-0.0012758931 0.00037604806 -0.00058595444)  (0.00020064366 -3.4045099e-06 -1.2839329e-05) (-0.0010752494 0.00037264355 -0.00059879377) 
------------------------- --------------------------------------------- --------------------------------------------- --------------------------------------------- --------------------------------------------- --------------------------------------------- ---------------------------------------------
Net                       (23.494924 11.979612 174.49376)               (12.240801 0.020868784 -0.39403491)           (35.735725 12.00048 174.09973)                (0.030389671 0.015495111 0.22570016)          (0.015832949 2.6992872e-05 -0.00050966717)    (0.04622262 0.015522104 0.22519049)          

Forces - Direction Vector (0.99756419 0 -0.069756474)
                          Forces [N]                                      Coefficients                                   
Zone                      Pressure        Viscous         Total           Pressure        Viscous         Total          
jidi                      1140.7653       9.0200793e-05   1140.7653       1.4755307       1.1667084e-07   1.4755308      
jishen                    9926.8453       1.2012006       9928.0465       12.839947       0.0015537012    12.8415        
jitou                     -11212.815      1.1761093       -11211.639      -14.503293      0.0015212468    -14.501772     
liangan                   133.91964       1.1219344       135.04158       0.17321929      0.0014511738    0.17467046     
waiyi                     -231.45512      3.895259        -227.55986      -0.29937723     0.0050383497    -0.29433888    
weiyi                     10.45015        1.572549        12.022699       0.013516819     0.0020340243    0.015550843    
xiaoyi                    176.57892       0.30504257      176.88396       0.22839722      0.00039455942   0.22879178     
youfuyi                   -1.5761529      0.18586953      -1.3902834      -0.0020386859   0.00024041423   -0.0017982717  
youweiduo                 0.098188126     0.10414437      0.2023325       0.00012700211   0.00013470626   0.00026170837  
zhongyangyi               70.983306       2.3351669       73.318473       0.091813848     0.0030204378    0.094834286    
zuofuyi                   -1.5764666      0.18566713      -1.3907995      -0.0020390917   0.00024015243   -0.0017989392  
zuoweiduo                 -0.95241746     0.15543659      -0.79698087     -0.0012319109   0.00020105053   -0.0010308604  
------------------------- --------------- --------------- --------------- --------------- --------------- ---------------
Net                       11.265624       12.23847        23.504093       0.014571599     0.015829933     0.030401532    
