                                    "Force Report"

Forces
                          Forces [N]                                                                                                                                Coefficients                                                                                                                             
Zone                      Pressure                                      Viscous                                       Total                                         Pressure                                      Viscous                                       Total                                        
jidi                      (1145.2528 -1.2807934e-08 0.00043665559)      (2.7237581e-08 0.0011092555 0.0042625012)     (1145.2528 0.0011092427 0.0046991568)         (1.4813351 -1.656651e-11 5.6479519e-07)       (3.5230638e-11 1.4347742e-06 5.5133617e-06)   (1.4813351 1.4347576e-06 6.0781569e-06)      
jishen                    (9086.3935 0.65434958 -12498.02)              (1.1534105 -0.053977919 0.032243073)          (9087.5469 0.60037166 -12497.988)             (11.752858 0.00084637298 -16.165651)          (0.0014918868 -6.9818112e-05 4.1705025e-05)   (11.75435 0.00077655487 -16.165609)          
jitou                     (-11257.457 -6.6230325 22.130665)             (1.1392435 -0.084295026 0.24430558)           (-11256.318 -6.7073275 22.37497)              (-14.561036 -0.0085666071 0.028625061)        (0.0014735624 -0.00010903198 0.00031599874)   (-14.559562 -0.0086756391 0.02894106)        
liangan                   (-81.068808 0.15431013 -3069.0226)            (1.1958596 -0.034028975 0.12834524)           (-79.872948 0.12028116 -3068.8943)            (-0.10485901 0.00019959351 -3.9696485)        (0.0015467928 -4.4015013e-05 0.00016600903)   (-0.10331222 0.00015557849 -3.9694825)       
waiyi                     (-193.27975 -0.088895883 1938.5749)           (3.7987328 -0.25427681 0.82020965)            (-189.48101 -0.34317269 1939.3951)            (-0.24999902 -0.00011498299 2.507463)         (0.0049134972 -0.00032889609 0.0010609058)    (-0.24508552 -0.00044387908 2.5085239)       
weiyi                     (43.256974 -3.5199958 593.9276)               (1.3646795 -0.074195061 0.10439577)           (44.621654 -3.5941908 594.03199)              (0.055951032 -0.0045529629 0.76821975)        (0.0017651542 -9.5968114e-05 0.00013503143)   (0.057716186 -0.004648931 0.76835478)        
xiaoyi                    (153.44133 -0.51485143 -367.66979)            (0.35372933 -0.024352328 0.058145355)         (153.79506 -0.53920376 -367.61165)            (0.19846975 -0.00066593814 -0.47556504)       (0.00045753364 -3.1498686e-05 7.520851e-05)   (0.19892728 -0.00069743682 -0.47548983)      
youfuyi                   (-0.10321186 -0.72292411 20.409279)           (0.14893324 -0.011826528 0.036944312)         (0.04572138 -0.73475063 20.446223)            (-0.00013350009 -0.00093507118 0.026398523)   (0.00019263873 -1.5297104e-05 4.7785876e-05)  (5.9138635e-05 -0.00095036828 0.026446309)   
youweiduo                 (0.8068224 4.6731749 8.0414402)               (0.10533076 -0.0057320707 0.027170197)        (0.91215316 4.6674428 8.0686104)              (0.00104359 0.0060445504 0.010401256)         (0.0001362408 -7.4141865e-06 3.5143479e-05)   (0.0011798308 0.0060371362 0.0104364)        
zhongyangyi               (1026.7046 0.02572242 14350.859)              (2.1649817 -0.073232292 0.38263539)           (1028.8696 -0.047509872 14351.242)            (1.3279981 3.3270842e-05 18.562218)           (0.0028003105 -9.4722814e-05 0.00049492238)   (1.3307984 -6.1451972e-05 18.562713)         
zuofuyi                   (0.0015535733 0.67259623 19.561261)           (0.15345684 -0.034892474 0.034904871)         (0.15501041 0.63770376 19.596166)             (2.0094801e-06 0.00086997424 0.025301648)     (0.0001984898 -4.5131911e-05 4.5147947e-05)   (0.00020049928 0.00082484233 0.025346796)    
zuoweiduo                 (-0.87094276 -1.1315576 1.9798863)            (0.13932173 -0.0054019703 0.0049859117)       (-0.73162103 -1.1369596 1.9848722)            (-0.0011265269 -0.001463621 0.0025608976)     (0.00018020665 -6.9872158e-06 6.4490619e-06)  (-0.00094632028 -0.0014706082 0.0025673467)  
------------------------- --------------------------------------------- --------------------------------------------- --------------------------------------------- --------------------------------------------- --------------------------------------------- ---------------------------------------------
Net                       (-76.92258 -6.421104 1020.7715)               (11.71768 -0.65510219 1.8785478)              (-65.2049 -7.0762062 1022.6501)               (-0.099496042 -0.0083054213 1.320324)         (0.015156313 -0.00084734646 0.0024298207)     (-0.084339728 -0.0091527678 1.3227538)       

Forces - Direction Vector (0.98785583 -0.069756474 0.13883408)
                          Forces [N]                                      Coefficients                                   
Zone                      Pressure        Viscous         Total           Pressure        Viscous         Total          
jidi                      1131.3447       0.0005144296    1131.3452       1.4633456       6.6539252e-07   1.4633463      
jishen                    7240.8499       1.147645        7241.9975       9.3657273       0.0014844294    9.3672117      
jitou                     -11117.21       1.1652064       -11116.045      -14.379633      0.0015071443    -14.378125     
liangan                   -506.18         1.2015293       -504.97847      -0.65472202     0.0015541264    -0.65316789    
waiyi                     78.21394        3.8842108       82.09815        0.10116636      0.0050240593    0.10619042     
weiyi                     125.43459       1.3677759       126.80237       0.16224424      0.0017691592    0.16401339     
xiaoyi                    100.56873       0.35920487      100.92793       0.13008132      0.00046461602   0.13054593     
youfuyi                   2.7819737       0.15307867      2.9350524       0.0035983631    0.00019800067   0.0037963638   
youweiduo                 1.587466        0.1082236       1.6956896       0.0020533188    0.00013998256   0.0021933014   
zhongyangyi               3006.6226       2.196921        3008.8196       3.8889368       0.0028416227    3.8917784      
zuofuyi                   2.6703865       0.15887319      2.8292597       0.0034540299    0.00020549563   0.0036595255   
zuoweiduo                 -0.50655671     0.13869882      -0.3678579      -0.00065520928  0.00017940094   -0.00047580834 
------------------------- --------------- --------------- --------------- --------------- --------------- ---------------
Net                       66.177376       11.881882       78.059258       0.085597584     0.015368702     0.10096629     
