                                    "Force Report"

Forces
                          Forces [N]                                                                                                                                Coefficients                                                                                                                             
Zone                      Pressure                                      Viscous                                       Total                                         Pressure                                      Viscous                                       Total                                        
jidi                      (1145.0381 1.0718579e-09 0.00043774926)       (-3.4950869e-09 -3.1714124e-05 -0.002915231)  (1145.0381 -3.1713053e-05 -0.0024774817)      (1.4810574 1.3864021e-12 5.6620981e-07)       (-4.5207443e-12 -4.1020853e-08 -3.7707256e-06) (1.4810574 -4.1019467e-08 -3.2045158e-06)    
jishen                    (9084.4879 2.1477017 -12510.294)              (1.2200579 -0.18935228 -0.077204855)          (9085.708 1.9583494 -12510.372)               (11.750394 0.0027779596 -16.181527)           (0.0015780924 -0.00024491901 -9.9861153e-05)  (11.751972 0.0025330406 -16.181627)          
jitou                     (-11251.069 -20.291393 1.8960626)             (1.1394649 -0.25351273 0.039434451)           (-11249.929 -20.544905 1.9354971)             (-14.552773 -0.026246042 0.0024524753)        (0.0014738488 -0.0003279078 5.1006763e-05)    (-14.551299 -0.02657395 0.0025034821)        
liangan                   (-81.097629 -2.7729819 -3078.8769)            (1.1808467 -0.19676657 -0.017220007)          (-79.916782 -2.9697485 -3078.8941)            (-0.10489629 -0.0035867326 -3.9823946)        (0.0015273743 -0.00025450907 -2.2273337e-05)  (-0.10336891 -0.0038412417 -3.9824169)       
waiyi                     (-132.46302 -0.4103389 1662.196)              (4.2327051 -0.77311984 0.26175286)            (-128.23031 -1.1834587 1662.4578)             (-0.17133521 -0.00053075569 2.1499789)        (0.0054748216 -0.0009999972 0.00033856604)    (-0.16586038 -0.0015307529 2.1503175)        
weiyi                     (44.139772 -21.304022 538.61339)              (1.4165531 -0.28275099 -0.027803354)          (45.556325 -21.586773 538.58559)              (0.057092892 -0.027555835 0.69667321)         (0.0018322504 -0.00036572622 -3.596244e-05)   (0.058925143 -0.027921561 0.69663725)        
xiaoyi                    (151.59496 -1.2748054 -371.72779)             (0.31684983 -0.06162826 -0.005254982)         (151.91181 -1.3364336 -371.73304)             (0.19608155 -0.0016489058 -0.48081388)        (0.0004098316 -7.9713498e-05 -6.7970928e-06)  (0.19649138 -0.0017286193 -0.48082067)       
youfuyi                   (-0.79329105 -0.44406798 13.14549)            (0.17433769 -0.070534408 0.013406537)         (-0.61895336 -0.51460239 13.158896)           (-0.0010260878 -0.0005743828 0.017003124)     (0.0002254983 -9.1233217e-05 1.7340778e-05)   (-0.0008005895 -0.00066561602 0.017020465)   
youweiduo                 (0.47614336 3.8458445 6.6124419)              (0.10247454 -0.032565752 0.037700554)         (0.5786179 3.8132787 6.6501425)               (0.00061587092 0.0049744341 0.0085529087)     (0.0001325464 -4.2122397e-05 4.8764043e-05)   (0.00074841732 0.0049323117 0.0086016728)    
zhongyangyi               (1054.7141 -0.033848796 14196.848)            (2.4649018 -0.34924012 0.083964379)           (1057.179 -0.38308891 14196.932)              (1.3642272 -4.3781959e-05 18.363011)          (0.0031882442 -0.00045172704 0.00010860431)   (1.3674155 -0.000495509 18.36312)            
zuofuyi                   (-0.81923795 0.49456067 12.798353)            (0.18240591 -0.063409982 0.012952987)         (-0.63683204 0.43115069 12.811306)            (-0.001059649 0.00063969292 0.016554118)      (0.00023593418 -8.2018079e-05 1.6754131e-05)  (-0.00082371481 0.00055767484 0.016570872)   
zuoweiduo                 (-0.91828808 -0.6995156 1.2742427)            (0.15050042 -0.040472909 -0.021201613)        (-0.76778766 -0.73998851 1.2530411)           (-0.0011877661 -0.00090479328 0.001648178)    (0.00019466581 -5.2349963e-05 -2.7423373e-05) (-0.00099310025 -0.00095714324 0.0016207546) 
------------------------- --------------------------------------------- --------------------------------------------- --------------------------------------------- --------------------------------------------- --------------------------------------------- ---------------------------------------------
Net                       (13.2908 -40.742866 472.48526)                (12.581098 -2.3133855 0.29761173)             (25.871898 -43.056252 472.78287)              (0.017191077 -0.052699142 0.61113932)         (0.016273108 -0.0029922645 0.00038494794)     (0.033464185 -0.055691407 0.61152427)        

Forces - Direction Vector (0.9781476 -0.20791169 0)
                          Forces [N]                                      Coefficients                                   
Zone                      Pressure        Viscous         Total           Pressure        Viscous         Total          
jidi                      1120.0163       6.5903185e-06   1120.0163       1.4486928       8.524293e-09    1.4486928      
jishen                    8885.5235       1.2327653       8886.7563       11.493042       0.0015945288    11.494636      
jitou                     -11000.987      1.1672732       -10999.82       -14.229303      0.0015098175    -14.227793     
liangan                   -78.748916      1.1959525       -77.552963      -0.10185833     0.001546913     -0.10031142    
waiyi                     -129.48307      4.300951        -125.18212      -0.16748077     0.0055630947    -0.16191767    
weiyi                     47.604567       1.4443853       49.048952       0.061574456     0.0018682501    0.063442706    
xiaoyi                    148.54729       0.32273914      148.87003       0.19213952      0.00041744917   0.19255697     
youfuyi                   -0.68362882     0.18519293      -0.49843589     -0.00088424441  0.00023953907   -0.00064470534 
youweiduo                 -0.33385755     0.10700603      -0.22685152     -0.00043183035  0.00013840768   -0.00029342266 
zhongyangyi               1031.6731       2.4836488       1034.1567       1.3344247       0.0032124928    1.3376372      
zuofuyi                   -0.90416058     0.19160358      -0.712557       -0.0011694927   0.00024783097   -0.00092166178 
zuoweiduo                 -0.75278381     0.15562642      -0.59715739     -0.00097369342  0.00020129607   -0.00077239735 
------------------------- --------------- --------------- --------------- --------------- --------------- ---------------
Net                       21.471283       12.787151       34.258433       0.027772179     0.016539628     0.044311807    
