                                    "Force Report"

Forces
                          Forces [N]                                                                                                                                Coefficients                                                                                                                             
Zone                      Pressure                                      Viscous                                       Total                                         Pressure                                      Viscous                                       Total                                        
jidi                      (1145.339 -1.9852577e-07 0.00043688013)       (2.4926503e-08 0.00149518 0.0025010258)       (1145.339 0.0014949815 0.0029379059)          (1.4814466 -2.5678453e-10 5.6508563e-07)      (3.2241357e-11 1.9339509e-06 3.234969e-06)    (1.4814466 1.9336941e-06 3.8000547e-06)      
jishen                    (9087.8032 1.0167237 -12495.92)               (1.164388 -0.048981165 0.055489791)           (9088.9676 0.9677425 -12495.865)              (11.754682 0.0013150882 -16.162934)           (0.0015060857 -6.3355026e-05 7.1773653e-05)   (11.756188 0.0012517332 -16.162863)          
jitou                     (-11259.614 -6.6247803 26.288433)             (1.1312714 -0.084481022 0.29275692)           (-11258.483 -6.7092613 26.58119)              (-14.563826 -0.0085688679 0.034002956)        (0.0014632508 -0.00010927256 0.00037866846)   (-14.562362 -0.0086781404 0.034381624)       
liangan                   (-81.112315 0.49469675 -3066.6087)            (1.236711 -0.0249232 0.15930469)              (-79.875604 0.46977355 -3066.4494)            (-0.10491528 0.00063986893 -3.9665262)        (0.0015996324 -3.2237086e-05 0.00020605375)   (-0.10331565 0.00060763185 -3.9663201)       
waiyi                     (-211.41923 -0.0055369307 1968.9052)          (3.3907028 -0.24929041 0.90703005)            (-208.02853 -0.25482734 1969.8122)            (-0.27346166 -7.1617813e-06 2.546694)         (0.004385728 -0.00032244641 0.0011732043)     (-0.26907594 -0.00032960819 2.5478672)       
weiyi                     (40.718039 -4.8264877 606.56686)              (1.3350502 -0.066918676 0.1348751)            (42.05309 -4.8934064 606.70174)               (0.052667029 -0.0062428538 0.7845681)         (0.0017268299 -8.6556424e-05 0.00017445513)   (0.054393859 -0.0063294103 0.78474255)       
xiaoyi                    (153.83063 -0.54309619 -366.71302)            (0.36157848 -0.025534691 0.074712759)         (154.19221 -0.56863088 -366.63831)            (0.19897329 -0.00070247152 -0.47432749)       (0.00046768619 -3.3028022e-05 9.6637734e-05)  (0.19944098 -0.00073549954 -0.47423085)      
youfuyi                   (0.1154327 -0.8805081 24.248745)              (0.13634413 -0.011525327 0.046717188)         (0.25177683 -0.89203342 24.295462)            (0.00014930723 -0.0011388993 0.031364707)     (0.00017635525 -1.4907514e-05 6.042667e-05)   (0.00032566248 -0.0011538068 0.031425133)    
youweiduo                 (0.83044729 4.6541938 7.9923067)              (0.10645585 -0.0052273119 0.026669568)        (0.93690314 4.6489665 8.0189763)              (0.0010741478 0.0060199991 0.010337704)       (0.00013769606 -6.7613027e-06 3.4495936e-05)  (0.0012118438 0.0060132378 0.0103722)        
zhongyangyi               (1018.8239 0.035200212 14372.817)             (1.9815386 -0.090873189 0.41429409)           (1020.8055 -0.055672977 14373.232)            (1.3178049 4.5529957e-05 18.59062)            (0.0025630348 -0.00011754055 0.00053587155)   (1.3203679 -7.2010597e-05 18.591156)         
zuofuyi                   (0.20784987 0.71578191 22.510152)             (0.14149809 -0.043855731 0.043460776)         (0.34934796 0.67192618 22.553612)             (0.00026884485 0.00092583305 0.029115911)     (0.00018302168 -5.6725498e-05 5.6214641e-05)  (0.00045186653 0.00086910755 0.029172126)    
zuoweiduo                 (-0.8871627 -1.3619996 2.3561587)             (0.13950124 -0.0047207791 0.0081587912)       (-0.74766146 -1.3667204 2.3643175)            (-0.0011475067 -0.0017616878 0.0030475898)    (0.00018043884 -6.1061243e-06 1.0553045e-05)  (-0.00096706789 -0.0017677939 0.0030581428)  
------------------------- --------------------------------------------- --------------------------------------------- --------------------------------------------- --------------------------------------------- --------------------------------------------- ---------------------------------------------
Net                       (-105.3643 -7.3258127 1102.4438)              (11.12504 -0.65483633 2.1659707)              (-94.239259 -7.980649 1104.6097)              (-0.13628418 -0.0094756231 1.4259635)         (0.01438976 -0.00084700257 0.0028015898)      (-0.12189442 -0.010322626 1.4287651)         

Forces - Direction Vector (0.98240881 -0.069756474 0.17322518)
                          Forces [N]                                      Coefficients                                   
Zone                      Pressure        Viscous         Total           Pressure        Viscous         Total          
jidi                      1125.1912       0.00032896664   1125.1915       1.4553863       4.2550417e-07   1.4553867      
jishen                    6763.259        1.156934        6764.416        8.7479841       0.0014964443    8.7494806      
jitou                     -11056.528      1.1679769       -11055.36       -14.301143      0.0015107278    -14.299632     
liangan                   -610.9338       1.2442899       -609.68951      -0.79021654     0.0016094354    -0.7886071     
waiyi                     133.36422       3.5055664       136.86979       0.17250088      0.0045342991    0.17703518     
weiyi                     145.41109       1.3395969       146.75069       0.18808298      0.0017327108    0.18981569     
xiaoyi                    87.638524       0.36994123      88.008465       0.11335665      0.00047850304   0.11383516     
youfuyi                   4.3753164       0.14284223      4.5181587       0.0056592833    0.00018476027   0.0058440435   
youweiduo                 1.8756473       0.10956765      1.985215        0.002426069     0.00014172103   0.0025677901   
zhongyangyi               3490.633        2.0247861       3492.6578       4.5149834       0.0026189736    4.5176024      
zuofuyi                   4.0535882       0.14959669      4.2031848       0.0052431416    0.00019349687   0.0054366385   
zuoweiduo                 -0.36840215     0.13878986      -0.22961229     -0.0004765123   0.0001795187    -0.00029699361 
------------------------- --------------- --------------- --------------- --------------- --------------- ---------------
Net                       87.971227       11.350217       99.321444       0.11378699      0.014681016     0.12846801     
