                                    "Force Report"

Forces
                          Forces [N]                                                                                                                                Coefficients                                                                                                                             
Zone                      Pressure                                      Viscous                                       Total                                         Pressure                                      Viscous                                       Total                                        
jidi                      (1145.8455 3.7701495e-08 0.00043749115)       (2.6945614e-08 0.0031828465 0.0029147466)     (1145.8455 0.0031828842 0.0033522377)         (1.4821017 4.8765259e-11 5.6587595e-07)       (3.485299e-11 4.1168748e-06 3.7700991e-06)    (1.4821017 4.1169236e-06 4.3359751e-06)      
jishen                    (9090.0543 0.2682417 -12498.27)               (1.185766 -0.10322854 0.037400017)            (9091.24 0.16501315 -12498.232)               (11.757593 0.00034695908 -16.165973)          (0.0015337372 -0.00013352167 4.837531e-05)    (11.759127 0.0002134374 -16.165925)          
jitou                     (-11261.178 -13.257611 25.603486)             (1.119726 -0.16892431 0.2896088)              (-11260.059 -13.426535 25.893095)             (-14.565849 -0.017148148 0.033117006)         (0.0014483173 -0.00021849631 0.0003745965)    (-14.564401 -0.017366645 0.033491602)        
liangan                   (-81.068217 -0.42568484 -3065.8866)           (1.2659356 -0.096575802 0.17736173)           (-79.802281 -0.52226064 -3065.7093)           (-0.10485825 -0.000550605 -3.9655923)         (0.0016374332 -0.00012491664 0.00022940976)   (-0.10322081 -0.00067552163 -3.9653628)      
waiyi                     (-210.49286 -0.17976265 1961.9859)            (3.3576159 -0.5024318 0.89638935)             (-207.13525 -0.68219445 1962.8823)            (-0.27226345 -0.00023251524 2.5377442)        (0.0043429314 -0.00064987389 0.001159441)     (-0.26792052 -0.00088238912 2.5389037)       
weiyi                     (40.43523 -13.457433 602.30273)               (1.3749013 -0.17362953 0.12340142)            (41.810131 -13.631063 602.42613)              (0.052301227 -0.01740661 0.77905263)          (0.0017783756 -0.00022458232 0.00015961442)   (0.054079603 -0.017631192 0.77921224)        
xiaoyi                    (153.52627 -1.1460836 -367.01871)             (0.35517987 -0.048423781 0.068451756)         (153.88145 -1.1945074 -366.95026)             (0.19857961 -0.0014824098 -0.47472289)        (0.00045940986 -6.2634074e-05 8.8539397e-05)  (0.19903902 -0.0015450438 -0.47463435)       
youfuyi                   (0.15403862 -0.84509314 23.658613)            (0.13188947 -0.040662235 0.046042386)         (0.2859281 -0.88575537 23.704655)             (0.00019924232 -0.0010930916 0.030601396)     (0.00017059335 -5.2594849e-05 5.9553843e-05)  (0.00036983567 -0.0011456864 0.03066095)     
youweiduo                 (0.70160113 4.4590466 7.6724065)              (0.10499946 -0.016209139 0.032653262)         (0.80660059 4.4428375 7.7050598)              (0.00090749083 0.0057675847 0.0099239272)     (0.00013581228 -2.0965822e-05 4.2235587e-05)  (0.0010433031 0.0057466188 0.0099661628)     
zhongyangyi               (1021.6025 0.028917734 14372.312)             (2.0137104 -0.16246903 0.39453694)            (1023.6162 -0.13355129 14372.706)             (1.3213988 3.7403843e-05 18.589966)           (0.0026046476 -0.00021014668 0.00051031653)   (1.3240035 -0.00017274284 18.590476)         
zuofuyi                   (0.14433578 0.77985095 22.181079)             (0.14465585 -0.064878247 0.042358751)         (0.28899163 0.7149727 22.223438)              (0.00018669211 0.0010087036 0.02869027)       (0.00018710611 -8.3917216e-05 5.478922e-05)   (0.00037379822 0.00092478638 0.028745059)    
zuoweiduo                 (-0.87962919 -1.4045638 2.4363508)            (0.1373278 -0.022243041 0.00016104375)        (-0.74230139 -1.4268069 2.4365118)            (-0.0011377624 -0.0018167428 0.0031513147)    (0.00017762759 -2.8770415e-05 2.0830315e-07)  (-0.00096013486 -0.0018455132 0.003151523)   
------------------------- --------------------------------------------- --------------------------------------------- --------------------------------------------- --------------------------------------------- --------------------------------------------- ---------------------------------------------
Net                       (-101.15543 -25.180175 1086.9779)             (11.191708 -1.3964926 2.1112802)              (-89.963722 -26.576668 1089.0892)             (-0.13084019 -0.032569472 1.4059591)          (0.014475992 -0.001806303 0.00273085)         (-0.1163642 -0.034375775 1.40869)            

Forces - Direction Vector (0.97522367 -0.1391731 0.17195825)
                          Forces [N]                                      Coefficients                                   
Zone                      Pressure        Viscous         Total           Pressure        Viscous         Total          
jidi                      1117.4557       5.827437e-05    1117.4558       1.4453808       7.5375386e-08   1.4453809      
jishen                    6715.6183       1.177185        6716.7954       8.6863628       0.001522638     8.6878855      
jitou                     -10975.92       1.1652937       -10974.755      -14.196879      0.0015072571    -14.195372     
liangan                   -606.20489      1.2785099       -604.92638      -0.7840999      0.0016536975    -0.78244621    
waiyi                     132.12705       3.498493        135.62554       0.17090065      0.00452515      0.1754258      
weiyi                     144.87723       1.3862207       146.26345       0.18739245      0.0017930168    0.18918547     
xiaoyi                    86.770062       0.36488995      87.134952       0.11223334      0.00047196942   0.11270531     
youfuyi                   4.3361299       0.14219819      4.4783281       0.0056085972    0.00018392724   0.0057925244   
youweiduo                 1.3829722       0.11026883      1.4932411       0.001788815     0.00014262798   0.001931443    
zhongyangyi               3467.7245       2.0542733       3469.7787       4.4853522       0.0026571139    4.4880093      
zuofuyi                   3.8464448       0.15738505      4.0038299       0.0049752106    0.00020357078   0.0051787814   
zuoweiduo                 -0.2434071      0.13704864      -0.10635845     -0.00031483659  0.00017726652   -0.00013757007 
------------------------- --------------- --------------- --------------- --------------- --------------- ---------------
Net                       91.770055       11.471825       103.24188       0.11870061      0.014838311     0.13353892     
