                                    "Force Report"

Forces
                          Forces [N]                                                                                                                                Coefficients                                                                                                                             
Zone                      Pressure                                      Viscous                                       Total                                         Pressure                                      Viscous                                       Total                                        
jidi                      (1143.6726 -1.8287005e-08 0.00043605835)      (3.1802256e-09 -0.00067728002 -0.00085185361) (1143.6726 -0.00067729831 -0.00041579526)     (1.4792913 -2.3653453e-11 5.6402268e-07)      (4.1134848e-12 -8.7603252e-07 -1.1018359e-06) (1.4792913 -8.7605618e-07 -5.3781326e-07)    
jishen                    (9077.6187 1.4790964 -12500.77)               (1.2082189 -0.054199567 -0.076542058)         (9078.8269 1.4248969 -12500.847)              (11.741509 0.0019131475 -16.169208)           (0.0015627791 -7.0104804e-05 -9.9003853e-05)  (11.743071 0.0018430427 -16.169307)          
jitou                     (-11241.466 -7.035408 -8.5217457)             (1.1752619 -0.084947894 -0.069046811)         (-11240.291 -7.1203559 -8.5907925)            (-14.540352 -0.0090999971 -0.011022511)       (0.0015201506 -0.00010987644 -8.9309074e-05)  (-14.538832 -0.0092098736 -0.01111182)       
liangan                   (-81.148484 -0.47689186 -3080.5784)           (1.1318517 -0.047701298 -0.054233636)         (-80.016632 -0.52459315 -3080.6326)           (-0.10496207 -0.00061683906 -3.9845953)       (0.0014640014 -6.1699573e-05 -7.0148872e-05)  (-0.10349807 -0.00067853864 -3.9846655)      
waiyi                     (-126.96993 -0.18979971 1502.8406)            (3.8867369 -0.27425104 -0.026179087)          (-123.0832 -0.46405074 1502.8144)             (-0.16423014 -0.00024549774 1.9438596)        (0.0050273267 -0.0003547319 -3.3861521e-05)   (-0.15920281 -0.00060022964 1.9438257)       
weiyi                     (46.080389 -2.0761532 512.1851)               (1.5567404 -0.090839577 -0.097355146)         (47.637129 -2.1669928 512.08774)              (0.059602997 -0.0026854147 0.66248935)        (0.0020135766 -0.00011749708 -0.00012592469)  (0.061616574 -0.0028029118 0.66236343)       
xiaoyi                    (150.97657 -0.30070444 -372.46487)            (0.30658337 -0.020119014 -0.023389275)        (151.28315 -0.32082345 -372.48826)            (0.19528169 -0.00038894823 -0.48176725)       (0.00039655238 -2.6023077e-05 -3.0253019e-05) (0.19567824 -0.00041497131 -0.48179751)      
youfuyi                   (-0.86145003 -0.34210556 10.476146)           (0.18699525 -0.023181579 0.00075356224)       (-0.67445478 -0.36528713 10.4769)             (-0.0011142485 -0.00044249879 0.013550444)    (0.0002418703 -2.9984374e-05 9.7470029e-07)   (-0.00087237819 -0.00047248317 0.013551418)  
youweiduo                 (0.51382017 4.0359676 7.0173769)              (0.10437503 -0.00011663872 0.021231703)       (0.6181952 4.035851 7.0386086)                (0.00066460424 0.0052203502 0.0090766746)     (0.0001350046 -1.5086716e-07 2.7462293e-05)   (0.00079960885 0.0052201993 0.0091041369)    
zhongyangyi               (1056.5628 -0.018125519 14094.065)            (2.3290604 -0.13369142 -0.06043527)           (1058.8919 -0.15181694 14094.005)             (1.3666185 -2.3444578e-05 18.230066)          (0.0030125393 -0.00017292409 -7.8170417e-05)  (1.369631 -0.00019636867 18.229988)          
zuofuyi                   (-0.84235964 0.37487414 10.308032)            (0.18824718 -0.026116089 0.0010630367)        (-0.65411246 0.34875806 10.309095)            (-0.0010895559 0.00048488355 0.013332996)     (0.00024348962 -3.3780035e-05 1.3749921e-06)  (-0.00084606628 0.00045110352 0.013334371)   
zuoweiduo                 (-0.96740695 0.088754095 -0.093007392)        (0.15472387 -0.016890798 -0.016061473)        (-0.81268308 0.071863297 -0.10906887)         (-0.0012512992 0.0001147996 -0.00012030105)   (0.00020012866 -2.1847519e-05 -2.0774823e-05) (-0.0010511705 9.2952078e-05 -0.00014107588) 
------------------------- --------------------------------------------- --------------------------------------------- --------------------------------------------- --------------------------------------------- --------------------------------------------- ---------------------------------------------
Net                       (23.169391 -4.460496 174.46451)               (12.228795 -0.77273219 -0.40104631)           (35.398186 -5.2332282 174.06346)              (0.029968609 -0.0057694594 0.22566232)        (0.015817419 -0.00099949579 -0.00051873612)   (0.045786028 -0.0067689552 0.22514359)       

Forces - Direction Vector (0.99513403 -0.069756474 -0.06958655)
                          Forces [N]                                      Coefficients                                   
Zone                      Pressure        Viscous         Total           Pressure        Viscous         Total          
jidi                      1138.1075       0.00010652539   1138.1076       1.472093        1.37786e-07     1.4720932      
jishen                    9903.2296       1.2114468       9904.441        12.809401       0.0015669543    12.810968      
jitou                     -11185.682      1.1802735       -11184.501      -14.468197      0.0015266329    -14.46667      
liangan                   133.64647       1.1334456       134.77991       0.17286595      0.001466063     0.17433201     
waiyi                     -230.91636      3.8887767       -227.02758      -0.29868036     0.005029965     -0.29365039    
weiyi                     10.359794       1.5622766       11.922071       0.013399948     0.0020207375    0.015420685    
xiaoyi                    176.18144       0.30812256      176.48957       0.22788311      0.00039854325   0.22828165     
youfuyi                   -1.562393       0.18764997      -1.3747431      -0.0020208881   0.00024271714   -0.0017781709  
youweiduo                 -0.25852998     0.10239784      -0.15613214     -0.00033439739  0.00013244719   -0.0002019502  
zhongyangyi               70.665507       2.3312586       72.996766       0.091402788     0.0030153825    0.094418171    
zuofuyi                   -1.5817111      0.18907897      -1.3926321      -0.0020458751   0.0002445655    -0.0018013096  
zuoweiduo                 -0.96241869     0.15626689      -0.8061518      -0.0012448471   0.00020212449   -0.0010427226  
------------------------- --------------- --------------- --------------- --------------- --------------- ---------------
Net                       11.227415       12.251101       23.478515       0.014522177     0.015846271     0.030368447    
