                                    "Force Report"

Moments - Moment Center (0 0 0.05)
                          Moments [N m]                                                                                                                             Coefficients                                                                                                                             
Zone                      Pressure                                      Viscous                                       Total                                         Pressure                                      Viscous                                       Total                                        
jidi                      (1.5147701e-09 -22.905836 0.00070394768)      (2.2890498e-05 -0.00093776372 0.0001054925)   (2.2892013e-05 -22.906774 0.00080944018)      (5.3723331e-12 -0.081238587 2.4966439e-06)    (8.1184189e-08 -3.3259035e-06 3.7414315e-07)  (8.1189562e-08 -0.081241912 2.870787e-06)    
jishen                    (-0.02694751 -227.69109 -0.16900365)          (-0.00016670079 -0.054570315 -0.00083100181)  (-0.027114211 -227.74566 -0.16983465)         (-9.5572921e-05 -0.80753667 -0.00059939387)   (-5.9122646e-07 -0.00019354086 -2.9472582e-06) (-9.6164147e-05 -0.80773021 -0.00060234113)  
jitou                     (0.0038054974 558.71787 -0.02134772)          (1.7900142e-05 0.18479051 1.4258052e-05)      (0.0038233975 558.90266 -0.021333462)         (1.3496702e-05 1.9815671 -7.5712522e-05)      (6.3485228e-08 0.00065538407 5.0568073e-08)   (1.3560187e-05 1.9822224 -7.5661954e-05)     
liangan                   (-0.060626048 651.55299 0.50581187)           (-0.00043984283 0.13443114 0.0040774111)      (-0.061065891 651.68743 0.50988928)           (-0.00021501832 2.3108192 0.0017939289)       (-1.559961e-06 0.00047677789 1.446108e-05)    (-0.00021657828 2.3112959 0.00180839)        
waiyi                     (2.1253422 -46.542201 0.39392167)             (0.0020616257 0.42806954 0.0027688855)        (2.1274038 -46.114131 0.39669055)             (0.007537808 -0.16506809 0.0013970955)        (7.3118292e-06 0.0015182054 9.8202198e-06)    (0.0075451198 -0.16354988 0.0014069157)      
weiyi                     (1.6733856 -782.8937 3.4614655)               (-0.0019455153 0.046029074 0.014314544)       (1.6714401 -782.84767 3.47578)                (0.005934884 -2.7766364 0.012276547)          (-6.9000282e-06 0.00016324822 5.0768431e-05)  (0.005927984 -2.7764731 0.012327315)         
xiaoyi                    (0.063972911 55.673201 0.0058181523)          (0.0013524347 0.031338471 0.00049194341)      (0.065325346 55.704539 0.0063100957)          (0.00022688842 0.19745239 2.0634849e-05)      (4.7965891e-06 0.00011114605 1.7447426e-06)   (0.00023168501 0.19756354 2.2379592e-05)     
youfuyi                   (32.439494 -4.5943268 -0.61791242)            (0.056271561 0.0090407458 -0.16391821)        (32.495765 -4.585286 -0.78183063)             (0.11505097 -0.01629439 -0.0021915084)        (0.00019957456 3.2064205e-05 -0.0005813577)   (0.11525054 -0.016262325 -0.0027728661)      
youweiduo                 (2.1575589 -13.39527 7.6703481)               (0.014833899 -0.018420902 -0.050748068)       (2.1723928 -13.413691 7.6196)                 (0.0076520689 -0.047508101 0.027203907)       (5.2610393e-05 -6.5332173e-05 -0.00017998476) (0.0077046793 -0.047573433 0.027023923)      
zhongyangyi               (0.73038374 -273.25314 0.13562747)            (0.00036077464 0.26400076 -0.0024273418)      (0.73074452 -272.98913 0.13320013)            (0.0025904029 -0.96912851 0.00048102083)      (1.2795351e-06 0.00093631374 -8.6088897e-06)  (0.0025916824 -0.96819219 0.00047241195)     
zuofuyi                   (-32.177497 -4.5577745 0.60059777)            (-0.0549918 0.0093659908 0.16574097)          (-32.232488 -4.5484085 0.76633874)            (-0.11412176 -0.016164752 0.0021300997)       (-0.00019503572 3.3217729e-05 0.00058782234)  (-0.1143168 -0.016131534 0.002717922)        
zuoweiduo                 (-0.72376729 -6.0893501 -3.7125528)           (-0.014623006 -0.0065471714 0.070610144)      (-0.7383903 -6.0958972 -3.6419427)            (-0.0025669367 -0.021596688 -0.013167061)     (-5.1862432e-05 -2.3220412e-05 0.00025042825) (-0.0026187992 -0.021619908 -0.012916633)    
------------------------- --------------------------------------------- --------------------------------------------- --------------------------------------------- --------------------------------------------- --------------------------------------------- ---------------------------------------------
Net                       (6.205105 -115.97862 8.2534779)               (0.0027542212 1.0265901 0.040199023)          (6.2078592 -114.95203 8.2936769)              (0.022007228 -0.41133357 0.029272055)         (9.7682109e-06 0.003640938 0.00014257117)     (0.022016997 -0.40769263 0.029414626)        

Moments - Moment Center (0 0 0.05) Moment Axis (0 1 0)
                          Moments [N m]                                   Coefficients                                   
Zone                      Pressure        Viscous         Total           Pressure        Viscous         Total          
jidi                      -22.905836      -0.00093776372  -22.906774      -0.081238587    -3.3259035e-06  -0.081241912   
jishen                    -227.69109      -0.054570315    -227.74566      -0.80753667     -0.00019354086  -0.80773021    
jitou                     558.71787       0.18479051      558.90266       1.9815671       0.00065538407   1.9822224      
liangan                   651.55299       0.13443114      651.68743       2.3108192       0.00047677789   2.3112959      
waiyi                     -46.542201      0.42806954      -46.114131      -0.16506809     0.0015182054    -0.16354988    
weiyi                     -782.8937       0.046029074     -782.84767      -2.7766364      0.00016324822   -2.7764731     
xiaoyi                    55.673201       0.031338471     55.704539       0.19745239      0.00011114605   0.19756354     
youfuyi                   -4.5943268      0.0090407458    -4.585286       -0.01629439     3.2064205e-05   -0.016262325   
youweiduo                 -13.39527       -0.018420902    -13.413691      -0.047508101    -6.5332173e-05  -0.047573433   
zhongyangyi               -273.25314      0.26400076      -272.98913      -0.96912851     0.00093631374   -0.96819219    
zuofuyi                   -4.5577745      0.0093659908    -4.5484085      -0.016164752    3.3217729e-05   -0.016131534   
zuoweiduo                 -6.0893501      -0.0065471714   -6.0958972      -0.021596688    -2.3220412e-05  -0.021619908   
------------------------- --------------- --------------- --------------- --------------- --------------- ---------------
Net                       -115.97862      1.0265901       -114.95203      -0.41133357     0.003640938     -0.40769263    
