                                    "Force Report"

Moments - Moment Center (0 0 0.05)
                          Moments [N m]                                                                                                                             Coefficients                                                                                                                             
Zone                      Pressure                                      Viscous                                       Total                                         Pressure                                      Viscous                                       Total                                        
jidi                      (-6.347603e-09 -22.923875 0.0076864768)       (8.1924951e-05 -0.0030238701 0.0023122609)    (8.1918603e-05 -22.926899 0.0099987377)       (-2.2512616e-11 -0.081302564 2.726111e-05)    (2.9055771e-07 -1.0724557e-05 8.2007401e-06)  (2.905352e-07 -0.081313289 3.546185e-05)     
jishen                    (-0.020000184 -230.13268 2.4737759)           (-0.016133722 -0.070849494 0.011613406)       (-0.036133906 -230.20353 2.4853893)           (-7.0933306e-05 -0.81619608 0.0087735746)     (-5.7220385e-05 -0.00025127713 4.1188486e-05) (-0.00012815369 -0.81644736 0.0088147631)    
jitou                     (-0.87165296 555.33958 8.6002412)             (-0.0092642011 0.15107677 0.10867264)         (-0.88091716 555.49066 8.7089139)             (-0.0030914329 1.9695855 0.030501897)         (-3.2856719e-05 0.0005358138 0.00038542195)   (-0.0031242896 1.9701213 0.030887319)        
liangan                   (0.35579997 650.20699 -0.93872009)            (0.0014322582 0.12937409 0.02204254)          (0.35723223 650.33636 -0.91667755)            (0.0012618918 2.3060454 -0.0033292954)        (5.0796937e-06 0.00045884237 7.8176795e-05)   (0.0012669715 2.3065042 -0.0032511186)       
waiyi                     (15.386637 -45.837914 -0.51474112)            (0.081683335 0.47556372 -0.077917713)         (15.46832 -45.36235 -0.59265884)              (0.054570749 -0.16257024 -0.0018255977)       (0.00028970079 0.0016866498 -0.00027634551)   (0.054860449 -0.16088359 -0.0021019432)      
weiyi                     (-5.3943267 -772.00422 -17.532935)            (0.058300372 0.18229851 -0.26838173)          (-5.3360264 -771.82193 -17.801316)            (-0.019131696 -2.7380154 -0.062182879)        (0.00020677 0.00064654585 -0.0009518514)      (-0.018924926 -2.7373689 -0.063134731)       
xiaoyi                    (13.696707 55.750078 -0.89922121)             (0.1056868 0.03401742 -0.029689129)           (13.802394 55.784096 -0.92891033)             (0.048577189 0.19772505 -0.0031892073)        (0.00037483226 0.00012064729 -0.00010529644)  (0.048952021 0.1978457 -0.0032945038)        
youfuyi                   (30.472322 -4.298075 -0.54375486)             (0.061136633 0.0078943675 -0.16634834)        (30.533459 -4.2901806 -0.7101032)             (0.10807413 -0.015243693 -0.0019284988)       (0.00021682918 2.7998422e-05 -0.00058997647)  (0.10829096 -0.015215695 -0.0025184752)      
youweiduo                 (1.6455837 -10.265918 5.8662215)              (0.016533533 -0.016065134 -0.0607022)         (1.6621172 -10.281983 5.8055193)              (0.005836281 -0.036409439 0.020805333)        (5.863837e-05 -5.6977131e-05 -0.00021528841)  (0.0058949193 -0.036466416 0.020590045)      
zhongyangyi               (5.0923443 -274.28343 -0.3077868)             (0.0065836562 0.28430015 -0.025708581)        (5.0989279 -273.99913 -0.33349538)            (0.018060675 -0.97278259 -0.0010916067)       (2.334981e-05 0.0010083082 -9.1178892e-05)    (0.018084025 -0.97177428 -0.0011827856)      
zuofuyi                   (-29.266645 -4.1493494 0.46590931)            (-0.048908328 0.0087844674 0.1522463)         (-29.315553 -4.140565 0.61815561)             (-0.10379804 -0.014716218 0.0016524092)       (-0.00017345987 3.1155279e-05 0.0005399617)   (-0.1039715 -0.014685063 0.0021923709)       
zuoweiduo                 (-0.43666967 -3.8622775 -2.3993875)           (0.0061688033 0.033929474 0.01846248)         (-0.43050086 -3.8283481 -2.380925)            (-0.0015487069 -0.01369808 -0.0085097462)     (2.1878479e-05 0.00012033538 6.5479637e-05)   (-0.0015268284 -0.013577744 -0.0084442666)   
------------------------- --------------------------------------------- --------------------------------------------- --------------------------------------------- --------------------------------------------- --------------------------------------------- ---------------------------------------------
Net                       (30.660099 -106.4611 -5.7227117)              (0.26330106 1.2173005 -0.31339806)            (30.9234 -105.2438 -6.0361098)                (0.10874011 -0.3775784 -0.020296356)          (0.00093383216 0.0043173176 -0.0011115078)    (0.10967394 -0.37326108 -0.021407864)        

Moments - Moment Center (0 0 0.05) Moment Axis (0 1 0)
                          Moments [N m]                                   Coefficients                                   
Zone                      Pressure        Viscous         Total           Pressure        Viscous         Total          
jidi                      -22.923875      -0.0030238701   -22.926899      -0.081302564    -1.0724557e-05  -0.081313289   
jishen                    -230.13268      -0.070849494    -230.20353      -0.81619608     -0.00025127713  -0.81644736    
jitou                     555.33958       0.15107677      555.49066       1.9695855       0.0005358138    1.9701213      
liangan                   650.20699       0.12937409      650.33636       2.3060454       0.00045884237   2.3065042      
waiyi                     -45.837914      0.47556372      -45.36235       -0.16257024     0.0016866498    -0.16088359    
weiyi                     -772.00422      0.18229851      -771.82193      -2.7380154      0.00064654585   -2.7373689     
xiaoyi                    55.750078       0.03401742      55.784096       0.19772505      0.00012064729   0.1978457      
youfuyi                   -4.298075       0.0078943675    -4.2901806      -0.015243693    2.7998422e-05   -0.015215695   
youweiduo                 -10.265918      -0.016065134    -10.281983      -0.036409439    -5.6977131e-05  -0.036466416   
zhongyangyi               -274.28343      0.28430015      -273.99913      -0.97278259     0.0010083082    -0.97177428    
zuofuyi                   -4.1493494      0.0087844674    -4.140565       -0.014716218    3.1155279e-05   -0.014685063   
zuoweiduo                 -3.8622775      0.033929474     -3.8283481      -0.01369808     0.00012033538   -0.013577744   
------------------------- --------------- --------------- --------------- --------------- --------------- ---------------
Net                       -106.4611       1.2173005       -105.2438       -0.3775784      0.0043173176    -0.37326108    
