                                    "Force Report"

Moments - Moment Center (0 0 0.05)
                          Moments [N m]                                                                                                                             Coefficients                                                                                                                             
Zone                      Pressure                                      Viscous                                       Total                                         Pressure                                      Viscous                                       Total                                        
jidi                      (-1.8152298e-08 -22.904682 0.00098275175)     (6.6787765e-05 -0.0011737792 0.0012919152)    (6.6769613e-05 -22.905855 0.002274667)        (-6.4379533e-11 -0.081234493 3.4854595e-06)   (2.3687167e-07 -4.1629637e-06 4.5819489e-06)  (2.3680729e-07 -0.081238656 8.0674083e-06)   
jishen                    (0.10650537 -230.88572 0.97864179)            (-0.012509993 -0.07336843 -0.0068610164)      (0.093995379 -230.95909 0.97178078)           (0.00037773543 -0.81886683 0.003470883)       (-4.436835e-05 -0.00026021087 -2.4333505e-05) (0.00033336708 -0.81912704 0.0034465495)     
jitou                     (-0.43355378 541.85946 4.2656573)             (-0.004651395 -0.0044071236 0.053475178)      (-0.43820517 541.85506 4.3191325)             (-0.001537656 1.9217765 0.01512872)           (-1.6496789e-05 -1.5630449e-05 0.00018965682) (-0.0015541528 1.9217609 0.015318376)        
liangan                   (0.40472467 646.68134 -0.057302618)           (0.010092637 0.10904784 0.0082229348)         (0.41481731 646.79039 -0.049079683)           (0.0014354097 2.2935412 -0.00020323134)       (3.5794876e-05 0.00038675264 2.916373e-05)    (0.0014712046 2.2939279 -0.00017406761)      
waiyi                     (4.0696408 -46.265634 -0.06118289)            (0.033876296 0.65589887 -0.025155652)         (4.1035171 -45.609735 -0.086338542)           (0.014433521 -0.16408721 -0.00021699324)      (0.00012014678 0.0023262324 -8.9217858e-05)   (0.014553668 -0.16176098 -0.0003062111)      
weiyi                     (-1.0086841 -694.80383 -3.6650352)            (0.035355821 0.46706811 -0.11387529)          (-0.97332829 -694.33676 -3.7789105)           (-0.0035774321 -2.464214 -0.012998534)        (0.00012539411 0.001656519 -0.00040387381)    (-0.0034520379 -2.4625574 -0.013402408)      
xiaoyi                    (2.9849561 55.906257 -0.16160515)             (0.032716348 0.038873423 -0.01698557)         (3.0176724 55.945131 -0.17859072)             (0.010586543 0.19827896 -0.00057315411)       (0.00011603287 0.00013786975 -6.0241579e-05)  (0.010702576 0.19841683 -0.00063339569)      
youfuyi                   (17.907944 -2.5859922 0.82429396)             (0.027499146 0.015964302 -0.20607523)         (17.935443 -2.5700279 0.61821873)             (0.063512899 -0.0091715644 0.0029234679)      (9.7529372e-05 5.6619516e-05 -0.00073087314)  (0.063610429 -0.0091149449 0.0021925948)     
youweiduo                 (1.5301079 -9.9635118 5.6210551)              (0.010521177 -0.0048026268 -0.044946)         (1.5406291 -9.9683145 5.5761091)              (0.0054267308 -0.035336917 0.019935818)       (3.7314752e-05 -1.7033153e-05 -0.00015940695) (0.0054640456 -0.03535395 0.019776411)       
zhongyangyi               (3.2835445 -279.34598 0.32809064)             (0.018080007 0.36222188 -0.0081407517)        (3.3016245 -278.98375 0.31994989)             (0.011645526 -0.99073757 0.001163617)         (6.4123143e-05 0.001284668 -2.8872256e-05)    (0.011709649 -0.9894529 0.0011347447)        
zuofuyi                   (-17.584627 -2.5469423 -0.81594781)           (-0.022366123 0.016441216 0.2004081)          (-17.606993 -2.5305011 -0.61553971)           (-0.062366213 -0.009033069 -0.0028938672)     (-7.9324423e-05 5.8310956e-05 0.00071077392)  (-0.062445537 -0.008974758 -0.0021830933)    
zuoweiduo                 (-0.14885742 -1.554042 -1.0416663)            (0.0063302 0.054140734 0.04035814)            (-0.14252722 -1.4999013 -1.0013082)           (-0.00052794258 -0.0055116163 -0.0036944078)  (2.2450894e-05 0.0001920173 0.0001431355)     (-0.00050549169 -0.005319599 -0.0035512723)  
------------------------- --------------------------------------------- --------------------------------------------- --------------------------------------------- --------------------------------------------- --------------------------------------------- ---------------------------------------------
Net                       (11.111701 -46.409262 6.2159815)              (0.13501091 1.6359044 -0.11828324)            (11.246712 -44.773358 6.0976983)              (0.039409122 -0.16459661 0.022045803)         (0.00047883411 0.0058019521 -0.00041950719)   (0.039887956 -0.15879465 0.021626296)        

Moments - Moment Center (0 0 0.05) Moment Axis (0 1 0)
                          Moments [N m]                                   Coefficients                                   
Zone                      Pressure        Viscous         Total           Pressure        Viscous         Total          
jidi                      -22.904682      -0.0011737792   -22.905855      -0.081234493    -4.1629637e-06  -0.081238656   
jishen                    -230.88572      -0.07336843     -230.95909      -0.81886683     -0.00026021087  -0.81912704    
jitou                     541.85946       -0.0044071236   541.85506       1.9217765       -1.5630449e-05  1.9217609      
liangan                   646.68134       0.10904784      646.79039       2.2935412       0.00038675264   2.2939279      
waiyi                     -46.265634      0.65589887      -45.609735      -0.16408721     0.0023262324    -0.16176098    
weiyi                     -694.80383      0.46706811      -694.33676      -2.464214       0.001656519     -2.4625574     
xiaoyi                    55.906257       0.038873423     55.945131       0.19827896      0.00013786975   0.19841683     
youfuyi                   -2.5859922      0.015964302     -2.5700279      -0.0091715644   5.6619516e-05   -0.0091149449  
youweiduo                 -9.9635118      -0.0048026268   -9.9683145      -0.035336917    -1.7033153e-05  -0.03535395    
zhongyangyi               -279.34598      0.36222188      -278.98375      -0.99073757     0.001284668     -0.9894529     
zuofuyi                   -2.5469423      0.016441216     -2.5305011      -0.009033069    5.8310956e-05   -0.008974758   
zuoweiduo                 -1.554042       0.054140734     -1.4999013      -0.0055116163   0.0001920173    -0.005319599   
------------------------- --------------- --------------- --------------- --------------- --------------- ---------------
Net                       -46.409262      1.6359044       -44.773358      -0.16459661     0.0058019521    -0.15879465    
