                                    "Force Report"

Moments - Moment Center (0 0 0.05)
                          Moments [N m]                                                                                                                             Coefficients                                                                                                                             
Zone                      Pressure                                      Viscous                                       Total                                         Pressure                                      Viscous                                       Total                                        
jidi                      (7.4744183e-10 -22.894751 0.00057000977)      (-1.1720081e-05 -0.001390414 -0.00013182043)  (-1.1719334e-05 -22.896141 0.00043818934)     (2.6509016e-12 -0.081199271 2.0216153e-06)    (-4.1566823e-08 -4.9312878e-06 -4.6751865e-07) (-4.1564173e-08 -0.081204202 1.5540966e-06)  
jishen                    (-0.00031155249 -230.94829 0.0039402044)      (8.0893765e-05 -0.074191554 -0.00050652642)   (-0.00023065873 -231.02248 0.003433678)       (-1.1049623e-06 -0.81908875 1.3974458e-05)    (2.8690047e-07 -0.00026313019 -1.7964632e-06) (-8.1806179e-07 -0.81935188 1.2177995e-05)   
jitou                     (0.0039819757 541.82903 -0.039236035)         (2.1444825e-05 -0.004740769 -0.00017238083)   (0.0040034205 541.82428 -0.039408416)         (1.4122605e-05 1.9216685 -0.00013915581)      (7.6056917e-08 -1.6813766e-05 -6.1137149e-07) (1.4198662e-05 1.9216517 -0.00013976718)     
liangan                   (0.051727572 646.57087 0.21163879)            (0.001343416 0.1078171 0.001510035)           (0.053070988 646.67868 0.21314883)            (0.0001834587 2.2931494 0.00075060506)        (4.764603e-06 0.00038238765 5.3555396e-06)    (0.0001882233 2.2935318 0.00075596059)       
waiyi                     (0.50363953 -46.268315 0.038155387)           (0.0011432414 0.65797676 -0.0022818106)       (0.50478277 -45.610338 0.035873576)           (0.0017862244 -0.16409672 0.00013532314)      (4.0546575e-06 0.0023336019 -8.0927441e-06)   (0.0017902791 -0.16176312 0.0001272304)      
weiyi                     (2.5725791 -694.87766 8.2457344)              (0.0016592371 0.473895 0.010814657)           (2.5742383 -694.40377 8.2565491)              (0.0091239931 -2.4644758 0.029244591)         (5.8847045e-06 0.0016807315 3.8355616e-05)    (0.0091298778 -2.4627951 0.029282947)        
xiaoyi                    (0.019071299 55.891521 0.00093795547)         (0.00051004036 0.038331641 -0.001879007)      (0.019581339 55.929853 -0.00094105151)        (6.7638892e-05 0.1982267 3.3265835e-06)       (1.8089258e-06 0.00013594825 -6.6641476e-06)  (6.9447818e-05 0.19836264 -3.337564e-06)     
youfuyi                   (17.769565 -2.5672406 0.7967906)              (0.025206998 0.016107661 -0.20326736)         (17.794772 -2.551133 0.59352324)              (0.063022119 -0.0091050596 0.0028259236)      (8.9399964e-05 5.7127957e-05 -0.00072091466)  (0.063111519 -0.0090479316 0.0021050089)     
youweiduo                 (1.6127981 -10.511191 5.9119171)              (0.0037374483 0.0060928198 -0.027211232)      (1.6165356 -10.505098 5.8847058)              (0.0057200026 -0.037279333 0.020967398)       (1.3255356e-05 2.1608994e-05 -9.6508245e-05)  (0.0057332579 -0.037257724 0.02087089)       
zhongyangyi               (0.04835083 -279.27548 0.0037761357)          (2.0504635e-05 0.36317021 7.0493355e-05)      (0.048371334 -278.91231 0.0038466291)         (0.00017148263 -0.99048753 1.3392566e-05)     (7.2722407e-08 0.0012880314 2.5001404e-07)    (0.00017155536 -0.9891995 1.364258e-05)      
zuofuyi                   (-17.727069 -2.5615127 -0.80072791)           (-0.024994773 0.01614723 0.2033696)           (-17.752064 -2.5453654 -0.59735831)           (-0.062871404 -0.0090847446 -0.0028398878)    (-8.864728e-05 5.7268294e-05 0.00072127728)   (-0.062960051 -0.0090274763 -0.0021186105)   
zuoweiduo                 (-0.075610833 -1.0823438 -0.77524568)         (0.00013603783 0.045931528 0.060377925)       (-0.075474795 -1.0364123 -0.71486775)         (-0.00026816385 -0.003838676 -0.0027495117)   (4.8247623e-07 0.00016290226 0.00021413832)   (-0.00026768138 -0.0036757737 -0.0025353733) 
------------------------- --------------------------------------------- --------------------------------------------- --------------------------------------------- --------------------------------------------- --------------------------------------------- ---------------------------------------------
Net                       (4.7787212 -46.695369 13.598251)              (0.008852769 1.6451472 0.040692576)           (4.7875739 -45.050222 13.638944)              (0.016948369 -0.16561132 0.048228001)         (3.139752e-05 0.0058347329 0.00014432162)     (0.016979766 -0.15977659 0.048372323)        

Moments - Moment Center (0 0 0.05) Moment Axis (0 1 0)
                          Moments [N m]                                   Coefficients                                   
Zone                      Pressure        Viscous         Total           Pressure        Viscous         Total          
jidi                      -22.894751      -0.001390414    -22.896141      -0.081199271    -4.9312878e-06  -0.081204202   
jishen                    -230.94829      -0.074191554    -231.02248      -0.81908875     -0.00026313019  -0.81935188    
jitou                     541.82903       -0.004740769    541.82428       1.9216685       -1.6813766e-05  1.9216517      
liangan                   646.57087       0.1078171       646.67868       2.2931494       0.00038238765   2.2935318      
waiyi                     -46.268315      0.65797676      -45.610338      -0.16409672     0.0023336019    -0.16176312    
weiyi                     -694.87766      0.473895        -694.40377      -2.4644758      0.0016807315    -2.4627951     
xiaoyi                    55.891521       0.038331641     55.929853       0.1982267       0.00013594825   0.19836264     
youfuyi                   -2.5672406      0.016107661     -2.551133       -0.0091050596   5.7127957e-05   -0.0090479316  
youweiduo                 -10.511191      0.0060928198    -10.505098      -0.037279333    2.1608994e-05   -0.037257724   
zhongyangyi               -279.27548      0.36317021      -278.91231      -0.99048753     0.0012880314    -0.9891995     
zuofuyi                   -2.5615127      0.01614723      -2.5453654      -0.0090847446   5.7268294e-05   -0.0090274763  
zuoweiduo                 -1.0823438      0.045931528     -1.0364123      -0.003838676    0.00016290226   -0.0036757737  
------------------------- --------------- --------------- --------------- --------------- --------------- ---------------
Net                       -46.695369      1.6451472       -45.050222      -0.16561132     0.0058347329    -0.15977659    
