                                    "Force Report"

Moments - Moment Center (0 0 0.05)
                          Moments [N m]                                                                                                                             Coefficients                                                                                                                             
Zone                      Pressure                                      Viscous                                       Total                                         Pressure                                      Viscous                                       Total                                        
jidi                      (-1.2692313e-08 -22.909364 0.002582814)       (-0.00010662745 -4.5343711e-05 -0.0011358315) (-0.00010664014 -22.909409 0.0014469825)      (-4.5014974e-11 -0.081251098 9.1602926e-06)   (-3.7816839e-07 -1.6081749e-07 -4.0283771e-06) (-3.782134e-07 -0.081251259 5.1319156e-06)   
jishen                    (0.11206723 -229.62354 1.7367342)             (-0.02123248 -0.063910731 -0.0016441143)      (0.090834753 -229.68745 1.7350901)            (0.00039746131 -0.81439035 0.0061595582)      (-7.5303807e-05 -0.00022666789 -5.8310694e-06) (0.0003221575 -0.81461702 0.0061537271)      
jitou                     (-0.84691741 548.21874 8.3555233)             (-0.0092193722 0.062856451 0.10693454)        (-0.85613679 548.28159 8.4624579)             (-0.003003705 1.9443305 0.029633972)          (-3.2697727e-05 0.00022292874 0.00037925753)  (-0.0030364027 1.9445534 0.03001323)         
liangan                   (0.7567713 648.59832 -0.92504547)             (0.013153827 0.1189253 -0.0092261823)         (0.76992513 648.71725 -0.93427165)            (0.0026839898 2.30034 -0.0032807965)          (4.6651794e-05 0.00042178437 -3.272188e-05)   (0.0027306416 2.3007618 -0.0033135184)       
waiyi                     (6.6535413 -45.160021 -0.97159917)            (0.064523785 0.6223161 -0.04654231)           (6.7180651 -44.537705 -1.0181415)             (0.023597667 -0.16016601 -0.0034459054)       (0.00022884216 0.0022071266 -0.00016506848)   (0.023826509 -0.15795888 -0.0036109739)      
weiyi                     (-4.7064062 -727.70037 -16.697883)            (0.063830708 0.34514392 -0.25631725)          (-4.6425755 -727.35523 -16.954201)            (-0.016691894 -2.5808859 -0.05922126)         (0.00022638408 0.0012240987 -0.00090906313)   (-0.01646551 -2.5796618 -0.060130323)        
xiaoyi                    (8.9181848 55.943639 -0.45889468)             (0.08062699 0.038387443 -0.023217812)         (8.9988118 55.982026 -0.48211249)             (0.031629526 0.19841154 -0.0016275309)        (0.00028595432 0.00013614616 -8.2345052e-05)  (0.03191548 0.19854768 -0.0017098759)        
youfuyi                   (21.813095 -3.1625391 0.48390629)             (0.043892726 0.011698805 -0.18749613)         (21.856988 -3.1508403 0.29641016)             (0.077363036 -0.011216365 0.0017162379)       (0.00015567138 4.1491366e-05 -0.0006649799)   (0.077518708 -0.011174873 0.001051258)       
youweiduo                 (1.4524793 -9.8001031 5.5840899)              (0.01739621 -0.016425547 -0.063933025)        (1.4698756 -9.8165286 5.5201569)              (0.0051514107 -0.034757366 0.019804716)       (6.1697966e-05 -5.8255381e-05 -0.00022674696) (0.0052131087 -0.034815621 0.019577969)      
zhongyangyi               (5.6772417 -275.40513 1.281175)               (0.02287701 0.35009002 -0.013776986)          (5.7001187 -275.05504 1.267398)               (0.020135091 -0.97676084 0.0045438572)        (8.1136351e-05 0.0012416407 -4.8861909e-05)   (0.020216227 -0.9755192 0.0044949953)        
zuofuyi                   (-20.96894 -3.0463695 -0.31230835)            (-0.031906914 0.013125177 0.17757156)         (-21.000847 -3.0332443 -0.13473679)           (-0.074369127 -0.010804354 -0.001107643)      (-0.0001131621 4.655018e-05 0.00062978111)    (-0.074482289 -0.010757803 -0.00047786191)   
zuoweiduo                 (-0.31381419 -2.8859044 -1.8031074)           (0.0090515484 0.050591031 0.020954136)        (-0.30476264 -2.8353134 -1.7821533)           (-0.0011129837 -0.010235243 -0.0063949597)    (3.2102518e-05 0.0001794278 7.4316624e-05)    (-0.0010808812 -0.010055815 -0.0063206431)   
------------------------- --------------------------------------------- --------------------------------------------- --------------------------------------------- --------------------------------------------- --------------------------------------------- ---------------------------------------------
Net                       (18.547303 -66.932643 -3.7248271)             (0.25288741 1.5327526 -0.2978294)             (18.800191 -65.39989 -4.0226565)              (0.065780472 -0.2373855 -0.013210593)         (0.00089689876 0.0054361106 -0.0010562915)    (0.066677371 -0.23194939 -0.014266885)       

Moments - Moment Center (0 0 0.05) Moment Axis (0 1 0)
                          Moments [N m]                                   Coefficients                                   
Zone                      Pressure        Viscous         Total           Pressure        Viscous         Total          
jidi                      -22.909364      -4.5343711e-05  -22.909409      -0.081251098    -1.6081749e-07  -0.081251259   
jishen                    -229.62354      -0.063910731    -229.68745      -0.81439035     -0.00022666789  -0.81461702    
jitou                     548.21874       0.062856451     548.28159       1.9443305       0.00022292874   1.9445534      
liangan                   648.59832       0.1189253       648.71725       2.30034         0.00042178437   2.3007618      
waiyi                     -45.160021      0.6223161       -44.537705      -0.16016601     0.0022071266    -0.15795888    
weiyi                     -727.70037      0.34514392      -727.35523      -2.5808859      0.0012240987    -2.5796618     
xiaoyi                    55.943639       0.038387443     55.982026       0.19841154      0.00013614616   0.19854768     
youfuyi                   -3.1625391      0.011698805     -3.1508403      -0.011216365    4.1491366e-05   -0.011174873   
youweiduo                 -9.8001031      -0.016425547    -9.8165286      -0.034757366    -5.8255381e-05  -0.034815621   
zhongyangyi               -275.40513      0.35009002      -275.05504      -0.97676084     0.0012416407    -0.9755192     
zuofuyi                   -3.0463695      0.013125177     -3.0332443      -0.010804354    4.655018e-05    -0.010757803   
zuoweiduo                 -2.8859044      0.050591031     -2.8353134      -0.010235243    0.0001794278    -0.010055815   
------------------------- --------------- --------------- --------------- --------------- --------------- ---------------
Net                       -66.932643      1.5327526       -65.39989       -0.2373855      0.0054361106    -0.23194939    
