                                    "Force Report"

Moments - Moment Center (0 0 0.05)
                          Moments [N m]                                                                                                                             Coefficients                                                                                                                             
Zone                      Pressure                                      Viscous                                       Total                                         Pressure                                      Viscous                                       Total                                        
jidi                      (-1.8475479e-08 -22.905664 0.0088795694)      (-5.0566191e-05 0.0016335442 -0.0014252011)   (-5.0584666e-05 -22.904031 0.0074543683)      (-6.5525736e-11 -0.081237977 3.1492571e-05)   (-1.7933971e-07 5.7935814e-06 -5.0546649e-06) (-1.7940523e-07 -0.081232184 2.6437906e-05)  
jishen                    (0.5075823 -232.27622 3.7583257)              (-0.038671048 -0.089392211 -0.012668683)      (0.46891126 -232.36562 3.7456571)             (0.001800208 -0.82379845 0.013329401)         (-0.000137152 -0.00031704134 -4.4931167e-05)  (0.001663056 -0.82411549 0.01328447)         
jitou                     (-1.3019491 532.06944 12.721583)              (-0.014458819 -0.10777574 0.16111055)         (-1.3164079 531.96167 12.882694)              (-0.0046175351 1.8870549 0.045118783)         (-5.128012e-05 -0.00038224095 0.00057139995)  (-0.0046688152 1.8866726 0.045690183)        
liangan                   (0.82837773 645.95044 -0.21086279)            (0.020196811 0.13339024 -0.016374496)         (0.84857454 646.08383 -0.22723729)            (0.0029379515 2.290949 -0.00074785288)        (7.1630669e-05 0.00047308619 -5.8074325e-05)  (0.0030095822 2.291422 -0.00080592721)       
waiyi                     (13.648408 -51.855265 -1.3912084)             (0.10000928 0.53542651 -0.067212531)          (13.748417 -51.319839 -1.4584209)             (0.048405889 -0.18391158 -0.0049341052)       (0.00035469618 0.0018989612 -0.00023837816)   (0.048760585 -0.18201262 -0.0051724834)      
weiyi                     (-7.9507668 -650.00649 -24.413221)            (0.1026367 0.52038481 -0.31247068)            (-7.8481301 -649.48611 -24.725691)            (-0.02819845 -2.3053343 -0.086584726)         (0.00036401468 0.0018456138 -0.0011082187)    (-0.027834435 -2.3034887 -0.087692945)       
xiaoyi                    (1.0437327 55.983989 -0.93022918)             (0.032508066 0.042811601 -0.040432755)        (1.0762408 56.026801 -0.97066193)             (0.0037017366 0.19855465 -0.0032991812)       (0.00011529417 0.00015183703 -0.00014340013)  (0.0038170307 0.19870648 -0.0034425814)      
youfuyi                   (12.311841 -1.7924049 0.9619361)              (0.0066420609 0.021307283 -0.23386861)        (12.318483 -1.7710976 0.72806749)             (0.043665577 -0.0063570017 0.003411634)       (2.355695e-05 7.5569108e-05 -0.00082944605)   (0.043689134 -0.0062814326 0.002582188)      
youweiduo                 (1.3239686 -8.155161 4.6882792)               (0.020092149 -0.015932351 -0.078288689)       (1.3440607 -8.1710933 4.6099905)              (0.0046956302 -0.028923361 0.016627604)       (7.1259473e-05 -5.6506198e-05 -0.00027766123) (0.0047668896 -0.028979867 0.016349943)      
zhongyangyi               (10.829986 -289.43781 -0.75498348)            (0.058233414 0.29255762 -0.042502766)         (10.888219 -289.14525 -0.79748624)            (0.038409982 -1.0265296 -0.0026776491)        (0.00020653253 0.0010375944 -0.0001507417)    (0.038616514 -1.025492 -0.0028283908)        
zuofuyi                   (-11.426457 -1.6860871 -0.92016514)           (0.0071218551 0.021022486 0.20564751)         (-11.419335 -1.6650646 -0.71451762)           (-0.040525446 -0.0059799318 -0.0032634878)    (2.5258604e-05 7.4559038e-05 0.00072935619)   (-0.040500187 -0.0059053727 -0.0025341316)   
zuoweiduo                 (-0.16920022 -1.0893928 -0.74186797)          (0.022190995 0.080335331 -0.0037429003)       (-0.14700922 -1.0090575 -0.74561087)          (-0.00060009102 -0.0038636762 -0.0026311332)  (7.8703307e-05 0.00028491991 -1.3274693e-05)  (-0.00052138771 -0.0035787563 -0.0026444079) 
------------------------- --------------------------------------------- --------------------------------------------- --------------------------------------------- --------------------------------------------- --------------------------------------------- ---------------------------------------------
Net                       (19.645523 -25.20063 -7.2235337)              (0.3164509 1.4357691 -0.44222924)             (19.961973 -23.764861 -7.6657629)             (0.069675453 -0.089377378 -0.025619221)       (0.0011223351 0.0050921457 -0.0015684247)     (0.070797788 -0.084285232 -0.027187645)      

Moments - Moment Center (0 0 0.05) Moment Axis (0 1 0)
                          Moments [N m]                                   Coefficients                                   
Zone                      Pressure        Viscous         Total           Pressure        Viscous         Total          
jidi                      -22.905664      0.0016335442    -22.904031      -0.081237977    5.7935814e-06   -0.081232184   
jishen                    -232.27622      -0.089392211    -232.36562      -0.82379845     -0.00031704134  -0.82411549    
jitou                     532.06944       -0.10777574     531.96167       1.8870549       -0.00038224095  1.8866726      
liangan                   645.95044       0.13339024      646.08383       2.290949        0.00047308619   2.291422       
waiyi                     -51.855265      0.53542651      -51.319839      -0.18391158     0.0018989612    -0.18201262    
weiyi                     -650.00649      0.52038481      -649.48611      -2.3053343      0.0018456138    -2.3034887     
xiaoyi                    55.983989       0.042811601     56.026801       0.19855465      0.00015183703   0.19870648     
youfuyi                   -1.7924049      0.021307283     -1.7710976      -0.0063570017   7.5569108e-05   -0.0062814326  
youweiduo                 -8.155161       -0.015932351    -8.1710933      -0.028923361    -5.6506198e-05  -0.028979867   
zhongyangyi               -289.43781      0.29255762      -289.14525      -1.0265296      0.0010375944    -1.025492      
zuofuyi                   -1.6860871      0.021022486     -1.6650646      -0.0059799318   7.4559038e-05   -0.0059053727  
zuoweiduo                 -1.0893928      0.080335331     -1.0090575      -0.0038636762   0.00028491991   -0.0035787563  
------------------------- --------------- --------------- --------------- --------------- --------------- ---------------
Net                       -25.20063       1.4357691       -23.764861      -0.089377378    0.0050921457    -0.084285232   
