                                    "Force Report"

Forces
                          Forces [N]                                                                                                                                Coefficients                                                                                                                             
Zone                      Pressure                                      Viscous                                       Total                                         Pressure                                      Viscous                                       Total                                        
jidi                      (1144.2107 4.7395458e-07 0.00043510539)       (2.8318808e-09 -0.0033198402 0.0012526133)    (1144.2107 -0.0033193663 0.0016877187)        (1.4799872 6.1303983e-10 5.6279007e-07)       (3.6629158e-12 -4.2940703e-06 1.6202013e-06)  (1.4799872 -4.2934573e-06 2.1829914e-06)     
jishen                    (9081.51 1.1119163 -12513.157)                (1.3116179 -0.15744308 -0.1102885)            (9082.8217 0.95447321 -12513.267)             (11.746542 0.0014382158 -16.185229)           (0.0016965213 -0.00020364584 -0.00014265343)  (11.748238 0.00123457 -16.185372)            
jitou                     (-11245.274 -20.999567 -9.4872948)            (1.1523273 -0.25604107 -0.073139406)          (-11244.121 -21.255608 -9.5604342)            (-14.545277 -0.027162035 -0.012271407)        (0.0014904857 -0.00033117809 -9.460267e-05)   (-14.543786 -0.027493213 -0.01236601)        
liangan                   (-81.206741 -2.7931386 -3086.175)             (1.26317 -0.1848811 -0.12042466)              (-79.943571 -2.9780197 -3086.2955)            (-0.10503742 -0.0036128044 -3.9918344)        (0.001633856 -0.00023913573 -0.0001557641)    (-0.10340356 -0.0038519402 -3.9919902)       
waiyi                     (-132.61609 -2.5869408 1428.4292)             (3.6130444 -0.82660967 -0.1103188)            (-129.00305 -3.4135505 1428.3189)             (-0.1715332 -0.0033460965 1.8476116)          (0.0046733172 -0.001069184 -0.00014269261)    (-0.16685988 -0.0044152805 1.8474689)        
weiyi                     (40.677014 -26.222542 488.64002)              (1.3949132 -0.26776807 -0.10531339)           (42.071928 -26.490311 488.53471)              (0.052613965 -0.033917729 0.63203482)         (0.0018042601 -0.00034634646 -0.00013621833)  (0.054418225 -0.034264075 0.6318986)         
xiaoyi                    (150.93776 -1.1348916 -373.17515)             (0.31538148 -0.062511983 -0.030342981)        (151.25315 -1.1974036 -373.20549)             (0.19523149 -0.0014679334 -0.48268597)        (0.00040793235 -8.0856557e-05 -3.9247338e-05) (0.19563943 -0.0015487899 -0.48272522)       
youfuyi                   (-0.86286607 -0.34192745 10.664585)           (0.19003652 -0.068907899 -0.0010815369)       (-0.67282956 -0.41083535 10.663503)           (-0.0011160801 -0.00044226843 0.013794181)    (0.00024580405 -8.9129398e-05 -1.3989214e-06) (-0.00087027604 -0.00053139782 0.013792782)  
youweiduo                 (-1.0408032 -0.97205521 -1.6822006)           (0.14690055 -0.040196789 0.0059083026)        (-0.89390266 -1.012252 -1.6762923)            (-0.0013462341 -0.0012573115 -0.002175854)    (0.00019000954 -5.1992814e-05 7.6421349e-06)  (-0.0011562246 -0.0013093043 -0.0021682119)  
zhongyangyi               (1055.1391 -0.040625612 14077.631)            (2.1872635 -0.38368946 -0.073884907)          (1057.3264 -0.42431507 14077.557)             (1.364777 -5.2547479e-05 18.208809)           (0.002829131 -0.00049628578 -9.5566943e-05)   (1.3676061 -0.00054883326 18.208713)         
zuofuyi                   (0.30323197 -0.45281241 -18.793624)           (0.12010578 -0.076142355 -0.055481823)        (0.42333775 -0.52895476 -18.849106)           (0.00039221749 -0.00058569334 -0.024308742)   (0.00015535165 -9.8486855e-05 -7.1763348e-05) (0.00054756913 -0.00068418019 -0.024380506)  
zuoweiduo                 (-0.95395031 0.029670387 0.049966184)         (0.15409855 -0.039049271 -0.027324324)        (-0.79985176 -0.0093788843 0.02264186)        (-0.0012338936 3.8377367e-05 6.4629106e-05)   (0.00019931983 -5.050855e-05 -3.5342836e-05)  (-0.0010345738 -1.2131183e-05 2.928627e-05)  
------------------------- --------------------------------------------- --------------------------------------------- --------------------------------------------- --------------------------------------------- --------------------------------------------- ---------------------------------------------
Net                       (10.823826 -54.402914 2.9452586)              (11.848859 -2.3665606 -0.7004394)             (22.672685 -56.769475 2.2448192)              (0.014000153 -0.070367825 0.0038095651)       (0.015325989 -0.0030610441 -0.00090598819)    (0.029326142 -0.073428869 0.002903577)       

Forces - Direction Vector (0.97576488 -0.20791169 -0.068232127)
                          Forces [N]                                      Coefficients                                   
Zone                      Pressure        Viscous         Total           Pressure        Viscous         Total          
jidi                      1116.4806       0.00060476789   1116.4812       1.4441195       7.8224121e-07   1.4441203      
jishen                    9714.9867       1.3200902       9716.3068       12.565917       0.0017074798    12.567624      
jitou                     -10967.73       1.1826249       -10966.547      -14.186286      0.0015296744    -14.184756     
liangan                   131.91833       1.2792127       133.19754       0.17063067      0.0016546065    0.17228528     
waiyi                     -226.32903      3.7048709       -222.62416      -0.29274685     0.0047920909    -0.28795476    
weiyi                     11.802227       1.4239652       13.226192       0.015265672     0.0018418376    0.01710751     
xiaoyi                    172.97826       0.32280551      173.30107       0.22373993      0.00041753501   0.22415746     
youfuyi                   -1.498531       0.19983151      -1.2986995      -0.0019382853   0.00025847345   -0.0016798118  
youweiduo                 -0.69869745     0.15129465      -0.5474028      -0.00090373505  0.00019569311   -0.00070804194 
zhongyangyi               69.02945        2.2190697       71.248519       0.089286618     0.0028702711    0.092156889    
zuofuyi                   1.672357        0.13681153      1.8091686       0.0021631217    0.00017695981   0.0023400816   
zuoweiduo                 -0.94040933     0.16034715      -0.78006218     -0.0012163789   0.00020740213   -0.0010089768  
------------------------- --------------- --------------- --------------- --------------- --------------- ---------------
Net                       21.67155        12.101529       33.773079       0.028031216     0.015652806     0.043684022    
