                                    "Force Report"

Forces
                          Forces [N]                                                                                                                                Coefficients                                                                                                                             
Zone                      Pressure                                      Viscous                                       Total                                         Pressure                                      Viscous                                       Total                                        
jidi                      (1146.1303 3.9994824e-07 0.00043613061)       (2.6219972e-08 0.0050614855 0.0060495791)     (1146.1303 0.0050618855 0.0064857097)         (1.4824701 5.1731581e-10 5.6411615e-07)       (3.3914403e-11 6.5468134e-06 7.8248698e-06)   (1.4824701 6.5473307e-06 8.388986e-06)       
jishen                    (9092.1384 -2.6191576 -12504.538)             (1.211123 -0.17316267 -0.0010200109)          (9093.3495 -2.7923203 -12504.539)             (11.760289 -0.0033877675 -16.174081)          (0.0015665355 -0.00022397846 -1.3193401e-06)  (11.761856 -0.003611746 -16.174082)          
jitou                     (-11263.348 -20.021512 24.126429)             (1.1010351 -0.25565548 0.27979383)            (-11262.247 -20.277167 24.406223)             (-14.568655 -0.025896962 0.031206496)         (0.0014241415 -0.00033067934 0.00036190126)   (-14.567231 -0.026227642 0.031568397)        
liangan                   (-81.169095 -3.3531867 -3069.9861)            (1.2443559 -0.20001318 0.12120639)            (-79.924739 -3.5531999 -3069.8649)            (-0.10498873 -0.0043372025 -3.9708947)        (0.0016095208 -0.00025870842 0.00015677524)   (-0.10337921 -0.0045959109 -3.970738)        
waiyi                     (-201.29557 -0.55797777 1896.2464)            (3.3611321 -0.73355953 0.82966405)            (-197.93444 -1.2915373 1897.0761)             (-0.26036715 -0.0007217202 2.452713)          (0.0043474796 -0.00094882764 0.0010731347)    (-0.25601967 -0.0016705478 2.4537861)        
weiyi                     (40.14363 -26.15496 580.11229)                (1.3719177 -0.2769639 0.09369963)             (41.515548 -26.431924 580.20599)              (0.051924056 -0.033830314 0.75035025)         (0.0017745165 -0.00035824087 0.00012119643)   (0.053698573 -0.034188555 0.75047145)        
xiaoyi                    (153.09199 -1.5436185 -367.61161)             (0.34285085 -0.06846237 0.059731738)          (153.43484 -1.6120808 -367.55187)             (0.19801789 -0.001996604 -0.47548977)         (0.00044346279 -8.8553126e-05 7.7260429e-05)  (0.19846135 -0.0020851571 -0.47541251)       
youfuyi                   (0.080223111 -0.81587725 23.222617)           (0.12688687 -0.068341411 0.045800578)         (0.20710998 -0.88421867 23.268417)            (0.00010376514 -0.0010553021 0.030037454)     (0.0001641227 -8.839667e-05 5.9241075e-05)    (0.00026788784 -0.0011436987 0.030096695)    
youweiduo                 (-0.82536158 0.33278231 0.62640504)           (0.14267337 -0.043504663 0.022803599)         (-0.68268821 0.28927765 0.64920864)           (-0.0010675696 0.00043043958 0.00081022792)   (0.00018454185 -5.6271407e-05 2.9495473e-05)  (-0.00088302778 0.00037416818 0.0008397234)  
zhongyangyi               (1026.355 -0.024614005 14359.919)             (2.0187966 -0.21193537 0.35660953)            (1028.3738 -0.23654937 14360.275)             (1.327546 -3.1837154e-05 18.573936)           (0.0026112264 -0.00027412927 0.00046125906)   (1.3301572 -0.00030596642 18.574397)         
zuofuyi                   (-2.0933286 -0.041928122 0.91901604)          (0.063544108 -0.083729707 0.006089098)        (-2.0297845 -0.12565783 0.92510514)           (-0.0027076303 -5.423222e-05 0.0011887076)    (8.2191565e-05 -0.00010830077 7.8759859e-06)  (-0.0026254387 -0.00016253299 0.0011965836)  
zuoweiduo                 (-0.86471363 -1.3376411 2.326335)             (0.13986242 -0.033276218 -0.0065005949)       (-0.72485121 -1.3709173 2.3198344)            (-0.0011184698 -0.0017301811 0.0030090141)    (0.00018090601 -4.3041354e-05 -8.4082394e-06) (-0.0009375638 -0.0017732224 0.0030006059)   
------------------------- --------------------------------------------- --------------------------------------------- --------------------------------------------- --------------------------------------------- --------------------------------------------- ---------------------------------------------
Net                       (-91.656376 -56.13769 945.36279)              (11.124178 -2.143543 1.8139274)               (-80.532197 -58.281233 947.17671)             (-0.11855357 -0.072611683 1.222786)           (0.014388645 -0.0027725805 0.0023462369)      (-0.10416493 -0.075384263 1.2251323)         

Forces - Direction Vector (0.96328734 -0.20791169 0.16985355)
                          Forces [N]                                      Coefficients                                   
Zone                      Pressure        Viscous         Total           Pressure        Viscous         Total          
jidi                      1104.0528       -2.4774289e-05  1104.0528       1.4280448       -3.2044476e-08  1.4280447      
jishen                    6634.9462       1.2024888       6636.1487       8.5820171       0.0015553674    8.5835724      
jitou                     -10841.58       1.1612909       -10840.418      -14.023116      0.0015020798    -14.021614     
liangan                   -598.94003      1.2608447       -597.67918      -0.77470312     0.0016308483    -0.77307227    
waiyi                     128.29471       3.531173        131.82589       0.16594368      0.0045674201    0.1705111      
weiyi                     142.6419        1.3950502       144.03695       0.18450116      0.0018044374    0.18630559     
xiaoyi                    85.352376       0.35464365      85.70702        0.11039962      0.00045871628   0.11085834     
youfuyi                   4.1913522       0.14421689      4.3355691       0.0054213335    0.00018653833   0.0056078718   
youweiduo                 -0.75785257     0.15035385      -0.60749873     -0.00098024965  0.00019447622   -0.00078577342 
zhongyangyi               3427.763        2.0493165       3429.8123       4.4336637       0.0026507025    4.4363144      
zuofuyi                   -1.8516614      0.079653874     -1.7720076      -0.0023950443   0.00010302885   -0.0022920154  
zuoweiduo                 -0.15972022     0.14054206      -0.019178157    -0.00020659122  0.0001817851    -2.4806119e-05 
------------------------- --------------- --------------- --------------- --------------- --------------- ---------------
Net                       83.953479       11.46955        95.423029       0.10859021      0.014835368     0.12342558     
