                                    "Force Report"

Forces
                          Forces [N]                                                                                                                                Coefficients                                                                                                                             
Zone                      Pressure                                      Viscous                                       Total                                         Pressure                                      Viscous                                       Total                                        
jidi                      (1144.1811 1.0549988e-07 0.00043516806)       (7.3556183e-09 0.00037315107 -0.0013766793)   (1144.1811 0.00037325657 -0.00094151129)      (1.479949 1.3645955e-10 5.6287113e-07)        (9.5141753e-12 4.8265483e-07 -1.7806754e-06)  (1.479949 4.8279129e-07 -1.2178043e-06)      
jishen                    (9079.366 0.11913812 -12502.321)              (1.2008073 -0.062744327 -0.061728976)         (9080.5668 0.056393793 -12502.382)            (11.743769 0.00015410002 -16.171213)          (0.0015531925 -8.1157083e-05 -7.9843771e-05)  (11.745322 7.2942941e-05 -16.171293)         
jitou                     (-11243.617 -7.3127602 -4.2670285)            (1.1750801 -0.086694475 -0.022182157)         (-11242.442 -7.3994547 -4.2892107)            (-14.543134 -0.0094587402 -0.0055192175)      (0.0015199155 -0.00011213557 -2.8691664e-05)  (-14.541614 -0.0095708758 -0.0055479092)     
liangan                   (-81.140026 -0.5839923 -3081.3835)            (1.1318199 -0.041712256 -0.074595473)         (-80.008206 -0.62570455 -3081.4581)           (-0.10495113 -0.00075536887 -3.9856367)       (0.0014639603 -5.3953005e-05 -9.6486029e-05)  (-0.10348717 -0.00080932187 -3.9857332)      
waiyi                     (-130.52296 -1.850839 1515.8634)              (3.9021497 -0.27765604 0.032563204)           (-126.62082 -2.128495 1515.8959)              (-0.16882583 -0.0023939804 1.9607039)         (0.0050472625 -0.00035913612 4.2119101e-05)   (-0.16377857 -0.0027531166 1.960746)         
weiyi                     (45.081962 -6.6071927 499.08019)              (1.5651687 -0.07848335 -0.095850381)          (46.647131 -6.685676 498.98434)               (0.058311576 -0.008546119 0.64553871)         (0.0020244782 -0.00010151483 -0.00012397834)  (0.060336054 -0.0086476339 0.64541474)       
xiaoyi                    (151.22744 -0.17148049 -371.78747)            (0.30952078 -0.019546118 -0.012683301)        (151.53696 -0.19102661 -371.80015)            (0.19560617 -0.00022180263 -0.48089107)       (0.00040035179 -2.5282062e-05 -1.6405303e-05) (0.19600653 -0.00024708469 -0.48090747)      
youfuyi                   (-0.84070606 -0.40827316 11.937855)           (0.18843759 -0.023496871 0.006824203)         (-0.65226848 -0.43177003 11.94468)            (-0.0010874171 -0.00052808374 0.015441102)    (0.0002437359 -3.039219e-05 8.8268125e-06)    (-0.00084368117 -0.00055847593 0.015449928)  
youweiduo                 (-1.0049459 -0.47751724 -0.77185535)          (0.15538849 -0.013855043 -0.002422274)        (-0.84955736 -0.49137228 -0.77427762)         (-0.0012998542 -0.00061764797 -0.00099836163) (0.00020098832 -1.7920902e-05 -3.133107e-06)  (-0.0010988658 -0.00063556887 -0.0010014947) 
zhongyangyi               (1057.1561 -0.019391129 14126.981)            (2.4059973 -0.11957862 -0.0089567133)         (1059.5621 -0.13896975 14126.972)             (1.3673858 -2.5081589e-05 18.272641)          (0.0031120538 -0.00015466979 -1.1585123e-05)  (1.3704979 -0.00017975138 18.27263)          
zuofuyi                   (0.68891908 -0.38405158 -17.061902)           (0.10538862 -0.025136294 -0.052624595)        (0.7943077 -0.40918787 -17.114527)            (0.00089108715 -0.00049675416 -0.022068835)   (0.00013631563 -3.2512714e-05 -6.8067645e-05) (0.0010274028 -0.00052926688 -0.022136903)   
zuoweiduo                 (-0.976666 0.18847927 -0.2648522)             (0.15518172 -0.0098451993 -0.0131074)         (-0.82148428 0.17863407 -0.2779596)           (-0.0012632754 0.00024378982 -0.0003425749)   (0.00020072087 -1.2734341e-05 -1.6953856e-05) (-0.0010625545 0.00023105548 -0.00035952876) 
------------------------- --------------------------------------------- --------------------------------------------- --------------------------------------------- --------------------------------------------- --------------------------------------------- ---------------------------------------------
Net                       (19.59931 -17.50788 176.00561)                (12.29494 -0.75837544 -0.30614054)            (31.89425 -18.266256 175.69947)               (0.025350863 -0.022645689 0.22765567)         (0.015902975 -0.00098092595 -0.0003959796)    (0.041253838 -0.023626615 0.22725969)        

Forces - Direction Vector (0.99695636 -0.069756474 -0.034814483)
                          Forces [N]                                      Coefficients                                   
Zone                      Pressure        Viscous         Total           Pressure        Viscous         Total          
jidi                      1140.6986       2.190601e-05    1140.6986       1.4754445       2.833448e-08    1.4754445      
jishen                    9486.9852       1.2036783       9488.1889       12.271007       0.0015569061    12.272563      
jitou                     -11208.737      1.1783234       -11207.558      -14.498018      0.0015241105    -14.496494     
liangan                   26.424445       1.1338818       27.558327       0.034178881     0.0014666272    0.035645508    
waiyi                     -182.77059      3.9085076       -178.86208      -0.23640588     0.0050554862    -0.2313504     
weiyi                     28.030425       1.5692166       29.599641       0.036256147     0.002029714     0.038285861    
xiaoyi                    163.72271       0.31038374      164.03309       0.21176827      0.00040146799   0.21216973     
youfuyi                   -1.2252778      0.18926553      -1.0360123      -0.0015848441   0.0002448068    -0.0013400373  
youweiduo                 -0.9417055      0.15596635      -0.78573914     -0.0012180555   0.00020173576   -0.0010163197  
zhongyangyi               562.11629       2.4073275       564.52361       0.72707319      0.0031137744    0.73018697     
zuofuyi                   1.3076137       0.10865337      1.416267        0.0016913419    0.00014053845   0.0018318804   
zuoweiduo                 -0.97762034     0.1558525       -0.82176784     -0.0012645098   0.00020158849   -0.0010629213  
------------------------- --------------- --------------- --------------- --------------- --------------- ---------------
Net                       14.633401       12.321079       26.954479       0.018927673     0.015936784     0.034864457    
