                                    "Force Report"

Forces
                          Forces [N]                                                                                                                                Coefficients                                                                                                                             
Zone                      Pressure                                      Viscous                                       Total                                         Pressure                                      Viscous                                       Total                                        
jidi                      (1146.1155 1.4320181e-07 0.00043627173)       (3.1141979e-08 0.0044648537 0.0047974075)     (1146.1155 0.0044649969 0.0052336792)         (1.482451 1.8522537e-10 5.6429869e-07)        (4.0280808e-11 5.7750958e-06 6.2052399e-06)   (1.482451 5.775281e-06 6.7695385e-06)        
jishen                    (9091.823 -1.2894073 -12498.315)              (1.1964993 -0.11193287 0.053377365)           (9093.0195 -1.4013401 -12498.262)             (11.759881 -0.0016677927 -16.166032)          (0.0015476202 -0.00014478035 6.9041322e-05)   (11.761429 -0.0018125731 -16.165963)         
jitou                     (-11262.388 -13.704701 28.174728)             (1.109179 -0.17140909 0.32886561)             (-11261.279 -13.87611 28.503594)              (-14.567414 -0.01772644 0.036442797)          (0.0014346752 -0.00022171028 0.0004253735)    (-14.565979 -0.01794815 0.03686817)          
liangan                   (-81.318391 -1.9580815 -3066.8274)            (1.261275 -0.12861207 0.15098862)             (-80.057116 -2.0866936 -3066.6764)            (-0.10518183 -0.0025326941 -3.966809)         (0.0016314048 -0.00016635418 0.00019529728)   (-0.10355043 -0.0026990483 -3.9666137)       
waiyi                     (-221.32844 -0.17152664 1935.9692)            (3.036763 -0.47394715 0.9059074)              (-218.29168 -0.64547379 1936.8751)            (-0.2862788 -0.00022186232 2.5040928)         (0.003927922 -0.00061303022 0.0011717522)     (-0.28235088 -0.00083489254 2.5052645)       
weiyi                     (38.905019 -17.868233 595.52373)              (1.3518737 -0.16943523 0.13987384)            (40.256893 -18.037668 595.66361)              (0.050321966 -0.023111789 0.77028429)         (0.0017485904 -0.00021915717 0.00018092079)   (0.052070556 -0.023330946 0.77046521)        
xiaoyi                    (153.66971 -0.77332188 -366.12811)            (0.35228678 -0.047899753 0.081286262)         (154.022 -0.82122164 -366.04683)              (0.19876515 -0.0010002585 -0.47357094)        (0.00045566777 -6.1956266e-05 0.00010514028)  (0.19922082 -0.0010622148 -0.4734658)        
youfuyi                   (0.27778753 -0.91051396 25.237018)            (0.13219618 -0.035921632 0.048543428)         (0.40998372 -0.94643559 25.285562)            (0.00035930621 -0.0011777106 0.032642996)     (0.00017099007 -4.6463083e-05 6.2788833e-05)  (0.00053029627 -0.0012241737 0.032705784)    
youweiduo                 (-0.82461633 0.78506008 1.392016)             (0.14249633 -0.027298254 0.018839062)         (-0.68211999 0.75776183 1.410855)             (-0.0010666057 0.0010154414 0.0018005127)     (0.00018431287 -3.5309116e-05 2.4367515e-05)  (-0.00088229282 0.00098013227 0.0018248802)  
zhongyangyi               (1017.1138 -0.010245905 14369.61)             (1.8322488 -0.13787078 0.39380279)            (1018.9461 -0.14811669 14370.004)             (1.3155929 -1.3252637e-05 18.586472)          (0.0023699348 -0.00017832991 0.00050936694)   (1.3179629 -0.00019158255 18.586981)         
zuofuyi                   (-2.190199 0.021839775 4.2061853)             (0.06534389 -0.066570575 0.014629002)         (-2.1248552 -0.0447308 4.2208143)             (-0.0028329281 2.8248808e-05 0.0054405194)    (8.4519506e-05 -8.610617e-05 1.8921984e-05)   (-0.0027484086 -5.7857363e-05 0.0054594414)  
zuoweiduo                 (-0.8348451 -1.4966102 2.5678644)             (0.13611615 -0.019452468 0.0027967112)        (-0.69872896 -1.5160627 2.5706611)            (-0.0010798362 -0.0019358008 0.003321422)     (0.00017606037 -2.5160929e-05 3.6174254e-06)  (-0.00090377579 -0.0019609617 0.0033250394)  
------------------------- --------------------------------------------- --------------------------------------------- --------------------------------------------- --------------------------------------------- --------------------------------------------- ---------------------------------------------
Net                       (-120.97995 -37.375741 1031.411)              (10.616278 -1.385885 2.1437075)               (-110.36367 -38.761626 1033.5547)             (-0.15648235 -0.048343911 1.3340856)          (0.013731698 -0.0017925826 0.0027727933)      (-0.14275065 -0.050136493 1.3368584)         

Forces - Direction Vector (0.96862834 -0.1391731 0.20588831)
                          Forces [N]                                      Coefficients                                   
Zone                      Pressure        Viscous         Total           Pressure        Viscous         Total          
jidi                      1110.16         0.00036637275   1110.1604       1.4359442       4.7388737e-07   1.4359446      
jishen                    6233.5198       1.1855309       6234.7054       8.0627893       0.0015334332    8.0643227      
jitou                     -10901.36       1.1659473       -10900.194      -14.10044       0.0015081026    -14.098932     
liangan                   -709.91868      1.2706928       -708.64799      -0.91824923     0.0016435864    -0.91660564    
waiyi                     184.2323        3.1939711       187.42627       0.23829655      0.004131264     0.24242781     
weiyi                     162.78266       1.3618424       164.1445        0.21055235      0.0017614845    0.21231383     
xiaoyi                    73.574967       0.3646372       73.939604       0.095166049     0.00047164251   0.095637692    
youfuyi                   5.5917989       0.14304282      5.7348418       0.007232751     0.00018501972   0.0074177707   
youweiduo                 -0.62140617     0.14570391      -0.47570226     -0.0008037621   0.00018846173   -0.00061530037 
zhongyangyi               3943.7415       1.8750354       3945.6165       5.1010597       0.0024252774    5.1034849      
zuofuyi                   -1.258524       0.075570718     -1.1829533      -0.0016278465   9.7747467e-05   -0.0015300991  
zuoweiduo                 -0.071673473    0.13512903      0.063455553     -9.2706549e-05  0.00017478357   8.2077023e-05  
------------------------- --------------- --------------- --------------- --------------- --------------- ---------------
Net                       100.37256       10.91747        111.29003       0.12982758      0.014121277     0.14394885     
