                                    "Force Report"

Moments - Moment Center (0 0 0.05)
                          Moments [N m]                                                                                                                             Coefficients                                                                                                                             
Zone                      Pressure                                      Viscous                                       Total                                         Pressure                                      Viscous                                       Total                                        
jidi                      (-1.8684854e-09 -22.882208 0.0034088228)      (-6.8161881e-06 0.00068619778 0.00038149867)  (-6.8180565e-06 -22.881521 0.0037903215)      (-6.6268316e-12 -0.081154785 1.2089842e-05)   (-2.4174515e-08 2.4336915e-06 1.3530356e-06)  (-2.4181142e-08 -0.081152352 1.3442878e-05)  
jishen                    (0.19913956 -232.86427 1.6361026)             (-0.015518617 -0.092432798 -0.0056885503)     (0.18362094 -232.95671 1.630414)              (0.00070627488 -0.82588405 0.0058026549)      (-5.5038835e-05 -0.00032782518 -2.0175198e-05) (0.00065123604 -0.82621187 0.0057824797)     
jitou                     (-0.46459988 531.23883 4.5617283)             (-0.0049255763 -0.11536626 0.055193999)       (-0.46952545 531.12347 4.6169223)             (-0.0016477651 1.884109 0.016178775)          (-1.746921e-05 -0.00040916175 0.00019575284)  (-0.0016652343 1.8836999 0.016374527)        
liangan                   (2.0640827 646.00409 -0.22013349)             (0.03350076 0.14428611 0.044514214)           (2.0975835 646.14837 -0.17561927)             (0.0073205433 2.2911392 -0.00078073262)       (0.00011881489 0.00051172985 0.00015787557)   (0.0074393582 2.291651 -0.00062285706)       
waiyi                     (86.963352 -52.885854 -6.9825362)             (0.1289771 0.52700242 -0.18989618)            (87.092329 -52.358851 -7.1724324)             (0.30842707 -0.1875667 -0.024764491)          (0.00045743439 0.001869084 -0.000673492)      (0.3088845 -0.18569761 -0.025437983)         
weiyi                     (-2.1036555 -616.03233 -7.8978304)            (0.02943681 0.61104043 -0.08368614)           (-2.0742187 -615.42129 -7.9815165)            (-0.0074608934 -2.1848404 -0.028010703)       (0.00010440155 0.002167136 -0.000296804)      (-0.0073564918 -2.1826733 -0.028307507)      
xiaoyi                    (0.62406677 55.868509 -0.3946266)             (0.01373914 0.041256163 -0.012907618)         (0.63780591 55.909765 -0.40753422)            (0.0022133356 0.19814508 -0.0013995956)       (4.8727682e-05 0.00014632046 -4.5778581e-05)  (0.0022620633 0.1982914 -0.0014453742)       
youfuyi                   (12.429062 -1.8141941 0.99611225)             (0.0022750206 0.021516237 -0.22743024)        (12.431337 -1.7926779 0.76868201)             (0.044081318 -0.0064342803 0.0035328443)      (8.0686624e-06 7.6310188e-05 -0.00080661153)  (0.044089387 -0.0063579701 0.0027262327)     
youweiduo                 (-0.14340158 1.2150499 -0.55823303)           (0.0017642582 0.051339817 -0.07416041)        (-0.14163732 1.2663897 -0.63239344)           (-0.00050859272 0.0043093357 -0.0019798475)   (6.2571759e-06 0.00018208347 -0.00026301974)  (-0.00050233554 0.0044914191 -0.0022428673)  
zhongyangyi               (9.3977472 -290.80661 -0.72768547)            (0.025563864 0.29562072 -0.019350478)         (9.423311 -290.51099 -0.74703594)             (0.033330357 -1.0313842 -0.0025808331)        (9.0665636e-05 0.0010484581 -6.8629037e-05)   (0.033421023 -1.0303358 -0.0026494621)       
zuofuyi                   (20.560395 2.8962292 0.88503376)              (0.066965862 0.022168845 0.13632474)          (20.627361 2.9183981 1.0213585)               (0.07292017 0.010271861 0.0031388897)         (0.00023750332 7.862475e-05 0.00048349377)    (0.073157673 0.010350486 0.0036223834)       
zuoweiduo                 (0.020663682 0.51624339 0.16917536)           (0.0083400712 0.065499596 0.042579133)        (0.029003754 0.58174298 0.2117545)            (7.3286492e-05 0.0018309257 0.00060000288)    (2.9579169e-05 0.00023230301 0.00015101255)   (0.00010286566 0.0020632287 0.00075101543)   
------------------------- --------------------------------------------- --------------------------------------------- --------------------------------------------- --------------------------------------------- --------------------------------------------- ---------------------------------------------
Net                       (129.54685 20.453485 -8.5294841)              (0.29011187 1.5726175 -0.33412604)            (129.83696 22.026102 -8.8636101)              (0.4594551 0.072540997 -0.030250947)          (0.0010289203 0.0055774966 -0.0011850223)     (0.46048402 0.078118494 -0.03143597)         

Moments - Moment Center (0 0 0.05) Moment Axis (0 1 0)
                          Moments [N m]                                   Coefficients                                   
Zone                      Pressure        Viscous         Total           Pressure        Viscous         Total          
jidi                      -22.882208      0.00068619778   -22.881521      -0.081154785    2.4336915e-06   -0.081152352   
jishen                    -232.86427      -0.092432798    -232.95671      -0.82588405     -0.00032782518  -0.82621187    
jitou                     531.23883       -0.11536626     531.12347       1.884109        -0.00040916175  1.8836999      
liangan                   646.00409       0.14428611      646.14837       2.2911392       0.00051172985   2.291651       
waiyi                     -52.885854      0.52700242      -52.358851      -0.1875667      0.001869084     -0.18569761    
weiyi                     -616.03233      0.61104043      -615.42129      -2.1848404      0.002167136     -2.1826733     
xiaoyi                    55.868509       0.041256163     55.909765       0.19814508      0.00014632046   0.1982914      
youfuyi                   -1.8141941      0.021516237     -1.7926779      -0.0064342803   7.6310188e-05   -0.0063579701  
youweiduo                 1.2150499       0.051339817     1.2663897       0.0043093357    0.00018208347   0.0044914191   
zhongyangyi               -290.80661      0.29562072      -290.51099      -1.0313842      0.0010484581    -1.0303358     
zuofuyi                   2.8962292       0.022168845     2.9183981       0.010271861     7.862475e-05    0.010350486    
zuoweiduo                 0.51624339      0.065499596     0.58174298      0.0018309257    0.00023230301   0.0020632287   
------------------------- --------------- --------------- --------------- --------------- --------------- ---------------
Net                       20.453485       1.5726175       22.026102       0.072540997     0.0055774966    0.078118494    
