                                    "Force Report"

Moments - Moment Center (0 0 0.05)
                          Moments [N m]                                                                                                                             Coefficients                                                                                                                             
Zone                      Pressure                                      Viscous                                       Total                                         Pressure                                      Viscous                                       Total                                        
jidi                      (-1.8466052e-08 -22.907769 0.0027954306)      (6.1679556e-05 -0.0025482102 0.0007905291)    (6.166109e-05 -22.910317 0.0035859597)        (-6.5492302e-11 -0.081245441 9.9143656e-06)   (2.1875473e-07 -9.0375656e-06 2.8037164e-06)  (2.1868924e-07 -0.081254479 1.2718082e-05)   
jishen                    (0.034074544 -229.11802 0.84748029)           (-0.01244573 -0.061738139 -0.00090872583)     (0.021628814 -229.17976 0.84657157)           (0.00012084989 -0.81259746 0.0030057013)      (-4.4140433e-05 -0.0002189625 -3.2229167e-06) (7.6709459e-05 -0.81281643 0.0030024784)     
jitou                     (-0.43741172 550.5713 4.3128363)              (-0.0046459556 0.090304751 0.054365214)       (-0.44205768 550.66161 4.3672015)             (-0.0015513387 1.9526742 0.015296046)         (-1.6477498e-05 0.00032027778 0.00019281345)  (-0.0015678162 1.9529945 0.01548886)         
liangan                   (1.9990878 649.5535 -0.28030809)              (0.037170961 0.1521202 0.015836369)           (2.0362588 649.70562 -0.26447172)             (0.0070900303 2.3037277 -0.00099414985)       (0.00013183174 0.00053951448 5.6165784e-05)   (0.007221862 2.3042672 -0.00093798406)       
waiyi                     (86.45521 -44.016903 8.1684213)               (0.10206458 0.57995578 -0.0056186916)         (86.557274 -43.436947 8.1628027)              (0.30662487 -0.15611179 0.02897039)           (0.00036198558 0.0020568901 -1.9927435e-05)   (0.30698686 -0.1540549 0.028950463)          
weiyi                     (-3.7539382 -724.42597 -10.75688)             (0.027679525 0.3373921 -0.12940686)           (-3.7262586 -724.08858 -10.886287)            (-0.01331384 -2.5692728 -0.038150702)         (9.8169109e-05 0.0011966059 -0.0004589586)    (-0.013215671 -2.5680762 -0.038609661)       
xiaoyi                    (5.6490286 55.899745 -0.23753048)             (0.051830171 0.036684628 -0.016084502)        (5.7008588 55.93643 -0.25361499)              (0.02003503 0.19825586 -0.00084243338)        (0.00018382258 0.0001301069 -5.7045821e-05)   (0.020218852 0.19838597 -0.0008994792)       
youfuyi                   (23.903087 -3.4231657 0.11819768)             (0.044381172 0.011566744 -0.18174702)         (23.947468 -3.4115989 -0.063549338)           (0.084775469 -0.012140711 0.00041920377)      (0.00015740371 4.1022993e-05 -0.00064458993)  (0.084932872 -0.012099688 -0.00022538616)    
youweiduo                 (0.15572921 -1.7839206 1.1737136)             (0.0087434935 0.02677992 -0.07917781)         (0.1644727 -1.7571407 1.0945357)              (0.0005523143 -0.0063269112 0.0041627309)     (3.100996e-05 9.497854e-05 -0.00028081461)    (0.00058332426 -0.0062319326 0.0038819163)   
zhongyangyi               (6.2628631 -274.08706 1.139423)               (0.012964093 0.33331546 0.016533829)          (6.2758272 -273.75375 1.1559568)              (0.022212075 -0.97208614 0.0040411148)        (4.5978877e-05 0.0011821475 5.863942e-05)     (0.022258054 -0.97090399 0.0040997543)       
zuofuyi                   (3.1556417 0.10131137 -1.9790047)             (0.0082413445 0.0041040084 0.030830427)       (3.163883 0.10541537 -1.9481742)              (0.011191902 0.0003593142 -0.0070188027)      (2.9229022e-05 1.455541e-05 0.0001093442)     (0.011221131 0.00037386961 -0.0069094585)    
zuoweiduo                 (-0.33751076 -2.6255958 -1.6721375)           (0.0013089012 0.039115618 0.042564738)        (-0.33620186 -2.5864802 -1.6295728)           (-0.0011970267 -0.0093120238 -0.0059304577)   (4.6421918e-06 0.00013872873 0.00015096149)   (-0.0011923845 -0.0091732951 -0.0057794962)  
------------------------- --------------------------------------------- --------------------------------------------- --------------------------------------------- --------------------------------------------- --------------------------------------------- ---------------------------------------------
Net                       (123.08586 -46.262548 0.83700694)             (0.27735424 1.5470529 -0.2520225)             (123.36321 -44.715496 0.58498444)             (0.43654034 -0.16407627 0.0029685562)         (0.0009836736 0.0054868282 -0.00089383125)    (0.43752401 -0.15858944 0.0020747249)        

Moments - Moment Center (0 0 0.05) Moment Axis (0 1 0)
                          Moments [N m]                                   Coefficients                                   
Zone                      Pressure        Viscous         Total           Pressure        Viscous         Total          
jidi                      -22.907769      -0.0025482102   -22.910317      -0.081245441    -9.0375656e-06  -0.081254479   
jishen                    -229.11802      -0.061738139    -229.17976      -0.81259746     -0.0002189625   -0.81281643    
jitou                     550.5713        0.090304751     550.66161       1.9526742       0.00032027778   1.9529945      
liangan                   649.5535        0.1521202       649.70562       2.3037277       0.00053951448   2.3042672      
waiyi                     -44.016903      0.57995578      -43.436947      -0.15611179     0.0020568901    -0.1540549     
weiyi                     -724.42597      0.3373921       -724.08858      -2.5692728      0.0011966059    -2.5680762     
xiaoyi                    55.899745       0.036684628     55.93643        0.19825586      0.0001301069    0.19838597     
youfuyi                   -3.4231657      0.011566744     -3.4115989      -0.012140711    4.1022993e-05   -0.012099688   
youweiduo                 -1.7839206      0.02677992      -1.7571407      -0.0063269112   9.497854e-05    -0.0062319326  
zhongyangyi               -274.08706      0.33331546      -273.75375      -0.97208614     0.0011821475    -0.97090399    
zuofuyi                   0.10131137      0.0041040084    0.10541537      0.0003593142    1.455541e-05    0.00037386961  
zuoweiduo                 -2.6255958      0.039115618     -2.5864802      -0.0093120238   0.00013872873   -0.0091732951  
------------------------- --------------- --------------- --------------- --------------- --------------- ---------------
Net                       -46.262548      1.5470529       -44.715496      -0.16407627     0.0054868282    -0.15858944    
