                                    "Force Report"

Moments - Moment Center (0 0 0.05)
                          Moments [N m]                                                                                                                             Coefficients                                                                                                                             
Zone                      Pressure                                      Viscous                                       Total                                         Pressure                                      Viscous                                       Total                                        
jidi                      (-1.7693963e-08 -22.901535 0.002488097)       (7.872339e-05 -0.0024404407 0.00079073115)    (7.8705696e-05 -22.903976 0.0032788282)       (-6.2753988e-11 -0.081223334 8.8243662e-06)   (2.7920295e-07 -8.6553468e-06 2.804433e-06)   (2.791402e-07 -0.081231989 1.1628799e-05)    
jishen                    (0.067207071 -230.46706 1.0775772)            (-0.014234687 -0.070018801 -0.0033870984)     (0.052972384 -230.53708 1.0741901)            (0.0002383588 -0.817382 0.0038217707)         (-5.0485207e-05 -0.00024833097 -1.2012794e-05) (0.00018787359 -0.81763033 0.0038097579)     
jitou                     (-0.44579023 544.48471 4.3903791)             (-0.0047296351 0.024536161 0.054580924)       (-0.45051986 544.50925 4.44496)               (-0.0015810542 1.9310873 0.015571062)         (-1.6774278e-05 8.7020752e-05 0.00019357849)  (-0.0015978285 1.9311743 0.01576464)         
liangan                   (1.9545021 647.99676 -0.35121311)             (0.039926997 0.14173332 0.018621564)          (1.9944291 648.13849 -0.33259155)             (0.0069319012 2.2982065 -0.0012456239)        (0.00014160639 0.00050267602 6.6043849e-05)   (0.0070735076 2.2987092 -0.0011795801)       
waiyi                     (91.57075 -45.048712 3.3595642)               (0.1400229 0.6357107 -0.091807831)            (91.710773 -44.413002 3.2677564)              (0.32476782 -0.15977124 0.01191514)           (0.0004966098 0.0022546324 -0.00032560865)    (0.32526443 -0.1575166 0.011589532)          
weiyi                     (-2.5251636 -682.34217 -8.8696749)            (0.032037831 0.46921991 -0.10124969)          (-2.4931257 -681.87295 -8.9709246)            (-0.0089558277 -2.4200171 -0.031457479)       (0.00011362642 0.0016641507 -0.00035909546)   (-0.0088422012 -2.4183529 -0.031816575)      
xiaoyi                    (3.9481048 55.912869 -0.29718016)             (0.041940717 0.038222617 -0.019623588)        (3.9900455 55.951092 -0.31680374)             (0.014002478 0.19830241 -0.0010539889)        (0.00014874832 0.00013556158 -6.9597659e-05)  (0.014151226 0.19843797 -0.0011235865)       
youfuyi                   (19.490576 -2.8195477 0.62010213)             (0.033431617 0.014068743 -0.19544721)         (19.524007 -2.8054789 0.42465492)             (0.069125913 -0.0099999 0.0021992745)         (0.00011856966 4.9896662e-05 -0.00069317947)  (0.069244482 -0.0099500034 0.001506095)      
youweiduo                 (0.041659613 -0.65132949 0.53161098)          (0.0067550125 0.036378219 -0.080713513)       (0.048414625 -0.61495127 0.45089747)          (0.00014775134 -0.0023100265 0.0018854289)    (2.3957548e-05 0.00012902018 -0.00028626119)  (0.00017170889 -0.0021810063 0.0015991677)   
zhongyangyi               (8.1817077 -277.29647 0.86909469)             (0.021019714 0.36377034 -0.0031231133)        (8.2027274 -276.9327 0.86597158)              (0.029017512 -0.98346872 0.0030823597)        (7.4549205e-05 0.0012901598 -1.1076536e-05)   (0.029092061 -0.98217856 0.0030712831)       
zuofuyi                   (15.622347 1.9899848 0.057305956)             (0.045152716 0.013305382 0.074691952)         (15.6675 2.0032901 0.13199791)                (0.055406727 0.007057745 0.00020324318)       (0.0001601401 4.7189301e-05 0.00026490492)    (0.055566867 0.0071049343 0.0004681481)      
zuoweiduo                 (-0.16624932 -1.3609603 -0.95390993)          (0.0045899287 0.052206394 0.046129652)        (-0.16165939 -1.3087539 -0.90778028)          (-0.00058962529 -0.0048268262 -0.0033831681)  (1.6278791e-05 0.0001851569 0.00016360493)    (-0.0005733465 -0.0046416693 -0.0032195632)  
------------------------- --------------------------------------------- --------------------------------------------- --------------------------------------------- --------------------------------------------- --------------------------------------------- ---------------------------------------------
Net                       (137.73965 -12.503458 0.43614425)             (0.34599183 1.7166925 -0.30053722)            (138.08564 -10.786766 0.13560703)             (0.48851195 -0.044345174 0.0015468435)        (0.001227106 0.0060884779 -0.0010658951)      (0.48973906 -0.038256696 0.00048094832)      

Moments - Moment Center (0 0 0.05) Moment Axis (0 1 0)
                          Moments [N m]                                   Coefficients                                   
Zone                      Pressure        Viscous         Total           Pressure        Viscous         Total          
jidi                      -22.901535      -0.0024404407   -22.903976      -0.081223334    -8.6553468e-06  -0.081231989   
jishen                    -230.46706      -0.070018801    -230.53708      -0.817382       -0.00024833097  -0.81763033    
jitou                     544.48471       0.024536161     544.50925       1.9310873       8.7020752e-05   1.9311743      
liangan                   647.99676       0.14173332      648.13849       2.2982065       0.00050267602   2.2987092      
waiyi                     -45.048712      0.6357107       -44.413002      -0.15977124     0.0022546324    -0.1575166     
weiyi                     -682.34217      0.46921991      -681.87295      -2.4200171      0.0016641507    -2.4183529     
xiaoyi                    55.912869       0.038222617     55.951092       0.19830241      0.00013556158   0.19843797     
youfuyi                   -2.8195477      0.014068743     -2.8054789      -0.0099999      4.9896662e-05   -0.0099500034  
youweiduo                 -0.65132949     0.036378219     -0.61495127     -0.0023100265   0.00012902018   -0.0021810063  
zhongyangyi               -277.29647      0.36377034      -276.9327       -0.98346872     0.0012901598    -0.98217856    
zuofuyi                   1.9899848       0.013305382     2.0032901       0.007057745     4.7189301e-05   0.0071049343   
zuoweiduo                 -1.3609603      0.052206394     -1.3087539      -0.0048268262   0.0001851569    -0.0046416693  
------------------------- --------------- --------------- --------------- --------------- --------------- ---------------
Net                       -12.503458      1.7166925       -10.786766      -0.044345174    0.0060884779    -0.038256696   
