                                    "Force Report"

Moments - Moment Center (0 0 0.05)
                          Moments [N m]                                                                                                                             Coefficients                                                                                                                             
Zone                      Pressure                                      Viscous                                       Total                                         Pressure                                      Viscous                                       Total                                        
jidi                      (-4.0319832e-09 -22.879896 0.0046942299)      (3.7571848e-05 -1.416738e-05 -0.00077004594)  (3.7567816e-05 -22.87991 0.003924184)         (-1.4299963e-11 -0.081146588 1.6648709e-05)   (1.3325354e-07 -5.0246493e-08 -2.7310701e-06) (1.3323924e-07 -0.081146638 1.3917639e-05)   
jishen                    (0.37530386 -232.44833 2.9036759)             (-0.02842334 -0.095523266 -0.0012493676)      (0.34688052 -232.54385 2.9024265)             (0.001331065 -0.82440885 0.010298272)         (-0.00010080715 -0.00033878594 -4.4310479e-06) (0.0012302578 -0.82474763 0.010293841)       
jitou                     (-0.90758201 531.3668 8.8987781)              (-0.0097721633 -0.1143025 0.1093297)          (-0.91735417 531.2525 9.0081078)              (-0.00321886 1.8845629 0.031560697)           (-3.4658274e-05 -0.00040538898 0.00038775228) (-0.0032535183 1.8841575 0.03194845)         
liangan                   (2.2121777 646.04853 -0.16700661)             (0.033556755 0.13917291 0.027260078)          (2.2457345 646.1877 -0.13974653)              (0.0078457818 2.2912968 -0.00059231111)       (0.00011901348 0.00049359519 9.6681485e-05)   (0.0079647953 2.2917904 -0.00049562962)      
waiyi                     (97.740152 -52.710176 -7.5206357)             (0.17213352 0.51970574 -0.2425911)            (97.912286 -52.190471 -7.7632268)             (0.34664842 -0.18694363 -0.026672933)         (0.00061049438 0.0018432054 -0.00086038151)   (0.34725891 -0.18510043 -0.027533314)        
weiyi                     (-6.1068835 -618.33394 -19.348831)            (0.065039778 0.58586367 -0.18182592)          (-6.0418437 -617.74808 -19.530657)            (-0.021658873 -2.1930034 -0.068623196)        (0.0002306722 0.0020778433 -0.00064486974)    (-0.0214282 -2.1909255 -0.069268066)         
xiaoyi                    (0.82358488 55.901749 -0.70318478)            (0.02434579 0.042199484 -0.022590967)         (0.84793067 55.943948 -0.72577575)            (0.0029209531 0.19826297 -0.0024939381)       (8.6345574e-05 0.00014966607 -8.0121861e-05)  (0.0030072986 0.19841264 -0.00257406)        
youfuyi                   (12.773529 -1.8653538 0.99206666)             (0.0046774756 0.021745776 -0.23261044)        (12.778206 -1.843608 0.75945621)              (0.045303014 -0.0066157247 0.003518496)       (1.6589288e-05 7.712428e-05 -0.0008249838)    (0.045319604 -0.0065386005 0.0026935122)     
youweiduo                 (-0.22822374 1.5829925 -0.74682413)           (0.0081837318 0.041964179 -0.094066771)       (-0.22004001 1.6249567 -0.8408909)            (-0.00080942577 0.005614293 -0.0026487109)    (2.9024691e-05 0.00014883153 -0.00033362029)  (-0.00078040108 0.0057631245 -0.0029823312)  
zhongyangyi               (13.018791 -290.676 -1.0822589)               (0.045939146 0.2905156 -0.03615589)           (13.064731 -290.38549 -1.1184148)             (0.046172872 -1.030921 -0.0038383748)         (0.00016292928 0.0010303521 -0.00012823166)   (0.046335801 -1.0298907 -0.0039666065)       
zuofuyi                   (22.553776 3.142666 0.58172785)               (0.073861949 0.022183157 0.12797654)          (22.627638 3.1648492 0.70970439)              (0.079989958 0.011145882 0.002063175)         (0.0002619612 7.8675511e-05 0.00045388579)    (0.080251919 0.011224558 0.0025170608)       
zuoweiduo                 (-0.061806204 0.017845836 -0.10543342)        (0.014875151 0.074145918 0.021943912)         (-0.046931053 0.091991754 -0.083489507)       (-0.0002192039 6.3292626e-05 -0.00037393361)  (5.2756699e-05 0.00026296834 7.7826995e-05)   (-0.00016644721 0.00032626096 -0.00029610661)
------------------------- --------------------------------------------- --------------------------------------------- --------------------------------------------- --------------------------------------------- --------------------------------------------- ---------------------------------------------
Net                       (142.19282 19.146878 -16.293232)              (0.40445537 1.5276565 -0.52535026)            (142.59727 20.674535 -16.818582)              (0.5043057 0.067906945 -0.057786108)          (0.0014344546 0.0054180365 -0.0018632244)     (0.50574016 0.073324981 -0.059649333)        

Moments - Moment Center (0 0 0.05) Moment Axis (0 1 0)
                          Moments [N m]                                   Coefficients                                   
Zone                      Pressure        Viscous         Total           Pressure        Viscous         Total          
jidi                      -22.879896      -1.416738e-05   -22.87991       -0.081146588    -5.0246493e-08  -0.081146638   
jishen                    -232.44833      -0.095523266    -232.54385      -0.82440885     -0.00033878594  -0.82474763    
jitou                     531.3668        -0.1143025      531.2525        1.8845629       -0.00040538898  1.8841575      
liangan                   646.04853       0.13917291      646.1877        2.2912968       0.00049359519   2.2917904      
waiyi                     -52.710176      0.51970574      -52.190471      -0.18694363     0.0018432054    -0.18510043    
weiyi                     -618.33394      0.58586367      -617.74808      -2.1930034      0.0020778433    -2.1909255     
xiaoyi                    55.901749       0.042199484     55.943948       0.19826297      0.00014966607   0.19841264     
youfuyi                   -1.8653538      0.021745776     -1.843608       -0.0066157247   7.712428e-05    -0.0065386005  
youweiduo                 1.5829925       0.041964179     1.6249567       0.005614293     0.00014883153   0.0057631245   
zhongyangyi               -290.676        0.2905156       -290.38549      -1.030921       0.0010303521    -1.0298907     
zuofuyi                   3.142666        0.022183157     3.1648492       0.011145882     7.8675511e-05   0.011224558    
zuoweiduo                 0.017845836     0.074145918     0.091991754     6.3292626e-05   0.00026296834   0.00032626096  
------------------------- --------------- --------------- --------------- --------------- --------------- ---------------
Net                       19.146878       1.5276565       20.674535       0.067906945     0.0054180365    0.073324981    
