                                    "Force Report"

Moments - Moment Center (0 0 0.05)
                          Moments [N m]                                                                                                                             Coefficients                                                                                                                             
Zone                      Pressure                                      Viscous                                       Total                                         Pressure                                      Viscous                                       Total                                        
jidi                      (-2.2176852e-08 -22.92638 0.0036699975)       (-1.5986409e-05 0.00031799672 -0.00040889597) (-1.6008586e-05 -22.926062 0.0032611016)      (-7.8653148e-11 -0.081311449 1.3016133e-05)   (-5.669792e-08 1.1278176e-06 -1.4502038e-06)  (-5.6776573e-08 -0.081310322 1.1565929e-05)  
jishen                    (0.13205326 -230.18199 2.8091043)             (-0.037551132 -0.067599309 -0.0028863832)     (0.094502127 -230.24959 2.8062179)            (0.00046834441 -0.81637097 0.0099628611)      (-0.00013318007 -0.00023974992 -1.0236941e-05) (0.00033516433 -0.81661072 0.0099526241)     
jitou                     (-1.2840592 544.42876 12.657974)              (-0.014277276 0.024366716 0.16238744)         (-1.2983365 544.45313 12.820362)              (-0.0045540863 1.9308889 0.044893185)         (-5.0636255e-05 8.6419792e-05 0.00057592862)  (-0.0046047225 1.9309753 0.045469114)        
liangan                   (2.8907862 649.71568 -0.97484941)             (0.051269245 0.1610667 0.016390584)           (2.9420554 649.87674 -0.95845882)             (0.010252557 2.3043029 -0.0034574328)         (0.00018183318 0.00057124444 5.8131381e-05)   (0.01043439 2.3048741 -0.0033993014)         
waiyi                     (100.10754 -44.920559 3.4426248)              (0.20240654 0.61974151 -0.13855204)           (100.30994 -44.300818 3.3040728)              (0.35504466 -0.15931672 0.012209726)          (0.00071786165 0.0021979955 -0.00049139319)   (0.35576252 -0.15711873 0.011718333)         
weiyi                     (-9.9778664 -682.62238 -32.933091)            (0.094774927 0.4174333 -0.35811398)           (-9.8830914 -682.20494 -33.291205)            (-0.035387827 -2.4210108 -0.11680158)         (0.00033613185 0.0014804826 -0.0012700987)    (-0.035051695 -2.4195304 -0.11807168)        
xiaoyi                    (10.017354 55.986053 -1.1071203)              (0.094403351 0.03926284 -0.040378491)         (10.111757 56.025315 -1.1474988)              (0.035527875 0.19856196 -0.0039265492)        (0.00033481401 0.00013925087 -0.00014320768)  (0.035862689 0.19870122 -0.0040697568)       
youfuyi                   (19.231896 -2.78718 0.77328209)               (0.035637203 0.015104231 -0.20740282)         (19.267533 -2.7720758 0.56587927)             (0.068208472 -0.0098851037 0.0027425475)      (0.00012639207 5.3569158e-05 -0.00073558161)  (0.068334864 -0.0098315346 0.0020069659)     
youweiduo                 (-0.12041704 0.33356003 -0.042389181)         (0.018937277 0.019678828 -0.11724967)         (-0.10147977 0.35323885 -0.15963885)          (-0.00042707502 0.0011830149 -0.00015033886)  (6.7163565e-05 6.9793573e-05 -0.00041584152)  (-0.00035991146 0.0012528085 -0.00056618038) 
zhongyangyi               (14.555118 -277.98698 1.630817)               (0.053428302 0.35112428 -0.0029488827)        (14.608546 -277.63586 1.6278681)              (0.051621656 -0.98591773 0.005783909)         (0.00018949056 0.0012453089 -1.0458604e-05)   (0.051811146 -0.98467242 0.0057734504)       
zuofuyi                   (15.790827 1.9516517 -0.2857493)              (0.048336782 0.014915235 0.085060895)         (15.839164 1.9665669 -0.2006884)              (0.056004263 0.0069217916 -0.0010134478)      (0.00017143281 5.2898861e-05 0.00030167975)   (0.056175696 0.0069746905 -0.00071176805)    
zuoweiduo                 (-0.28469882 -2.0877536 -1.3419824)           (0.015500072 0.064918097 0.0075227897)        (-0.26919875 -2.0228355 -1.3344596)           (-0.0010097221 -0.0074044952 -0.0047595187)   (5.4973061e-05 0.00023024065 2.6680572e-05)   (-0.00095474909 -0.0071742545 -0.0047328382) 
------------------------- --------------------------------------------- --------------------------------------------- --------------------------------------------- --------------------------------------------- --------------------------------------------- ---------------------------------------------
Net                       (151.05853 -11.097517 -15.367709)             (0.5628493 1.6603304 -0.59657944)             (151.62138 -9.437187 -15.964289)              (0.53574912 -0.039358818 -0.05450362)         (0.0019962197 0.0058885822 -0.0021158482)     (0.53774534 -0.033470236 -0.056619468)       

Moments - Moment Center (0 0 0.05) Moment Axis (0 1 0)
                          Moments [N m]                                   Coefficients                                   
Zone                      Pressure        Viscous         Total           Pressure        Viscous         Total          
jidi                      -22.92638       0.00031799672   -22.926062      -0.081311449    1.1278176e-06   -0.081310322   
jishen                    -230.18199      -0.067599309    -230.24959      -0.81637097     -0.00023974992  -0.81661072    
jitou                     544.42876       0.024366716     544.45313       1.9308889       8.6419792e-05   1.9309753      
liangan                   649.71568       0.1610667       649.87674       2.3043029       0.00057124444   2.3048741      
waiyi                     -44.920559      0.61974151      -44.300818      -0.15931672     0.0021979955    -0.15711873    
weiyi                     -682.62238      0.4174333       -682.20494      -2.4210108      0.0014804826    -2.4195304     
xiaoyi                    55.986053       0.03926284      56.025315       0.19856196      0.00013925087   0.19870122     
youfuyi                   -2.78718        0.015104231     -2.7720758      -0.0098851037   5.3569158e-05   -0.0098315346  
youweiduo                 0.33356003      0.019678828     0.35323885      0.0011830149    6.9793573e-05   0.0012528085   
zhongyangyi               -277.98698      0.35112428      -277.63586      -0.98591773     0.0012453089    -0.98467242    
zuofuyi                   1.9516517       0.014915235     1.9665669       0.0069217916    5.2898861e-05   0.0069746905   
zuoweiduo                 -2.0877536      0.064918097     -2.0228355      -0.0074044952   0.00023024065   -0.0071742545  
------------------------- --------------- --------------- --------------- --------------- --------------- ---------------
Net                       -11.097517      1.6603304       -9.437187       -0.039358818    0.0058885822    -0.033470236   
