                                    "Force Report"

Forces
                          Forces [N]                                                                                                                                Coefficients                                                                                                                             
Zone                      Pressure                                      Viscous                                       Total                                         Pressure                                      Viscous                                       Total                                        
jidi                      (1144.567 4.6770259e-07 0.00043513753)        (2.0693364e-08 -0.0011614547 0.0029725989)    (1144.567 -0.001160987 0.0034077364)          (1.4804481 6.0495315e-10 5.6283165e-07)       (2.6765975e-11 -1.5022916e-06 3.8449286e-06)  (1.4804481 -1.5016867e-06 4.4077602e-06)     
jishen                    (9081.3354 2.3281407 -12500.646)              (1.1638008 -0.050559755 -0.023970715)         (9082.4992 2.2775809 -12500.67)               (11.746316 0.0030113496 -16.169047)           (0.0015053262 -6.5396865e-05 -3.1005087e-05)  (11.747821 0.0029459527 -16.169078)          
jitou                     (-11247.707 -6.4822802 6.0157348)             (1.163665 -0.082957493 0.081843468)           (-11246.543 -6.5652377 6.0975783)             (-14.548424 -0.0083845501 0.0077810937)       (0.0015051505 -0.00010730194 0.000105861)     (-14.546919 -0.0084918521 0.0078869547)      
liangan                   (-81.082755 1.2842227 -3074.7304)             (1.1430198 -0.0051051674 0.050145587)         (-79.939735 1.2791175 -3074.6803)             (-0.10487705 0.0016610867 -3.9770313)         (0.0014784468 -6.6033141e-06 6.4861156e-05)   (-0.1033986 0.0016544834 -3.9769665)         
waiyi                     (-140.50717 1.42886 1655.6723)                (4.2789188 -0.26198331 0.30173976)            (-136.22825 1.1668767 1655.9741)              (-0.18173997 0.0018481688 2.1415408)          (0.0055345971 -0.00033886412 0.00039028738)   (-0.17620538 0.0015093047 2.1419311)         
weiyi                     (45.731366 -14.009234 523.18233)              (1.5540923 -0.12481798 -0.03734382)           (47.285458 -14.134052 523.14498)              (0.059151551 -0.01812034 0.67671379)          (0.0020101514 -0.00016144668 -4.8302621e-05)  (0.061161703 -0.018281787 0.67666549)        
xiaoyi                    (152.01943 -0.52654623 -370.35628)            (0.3235236 -0.021483208 0.011385207)          (152.34295 -0.54802944 -370.3449)             (0.19663058 -0.00068106486 -0.47903989)       (0.00041846384 -2.7787603e-05 1.4726274e-05)  (0.19704904 -0.00070885247 -0.47902517)      
youfuyi                   (3.6885698 0.3978083 -23.96905)               (0.060063522 -0.030796482 -0.056065507)       (3.7486333 0.36701182 -24.025116)             (0.0047710061 0.00051454789 -0.031002933)     (7.7689577e-05 -3.9833923e-05 -7.2518317e-05) (0.0048486957 0.00047471397 -0.031075452)    
youweiduo                 (-0.96909137 -0.24670509 -0.40253311)         (0.15529644 -0.021598814 0.0035701938)        (-0.81379493 -0.26830391 -0.39896291)         (-0.0012534779 -0.00031910241 -0.00052065923) (0.00020086925 -2.7937135e-05 4.6178919e-06)  (-0.0010526087 -0.00034703954 -0.00051604134)
zhongyangyi               (1052.8166 0.002824003 14219.082)             (2.5654464 -0.12423971 0.13707035)            (1055.3821 -0.12141571 14219.219)             (1.3617729 3.6527262e-06 18.39177)            (0.0033182944 -0.00016069872 0.00017729459)   (1.3650912 -0.00015704599 18.391947)         
zuofuyi                   (-0.73596113 0.50831966 14.442736)            (0.17491357 -0.023903729 0.019960814)         (-0.56104756 0.48441593 14.462697)            (-0.00095193401 0.00065748957 0.018681056)    (0.00022624317 -3.0918443e-05 2.5818453e-05)  (-0.00072569084 0.00062657113 0.018706875)   
zuoweiduo                 (-0.93818568 -0.26923 0.52197314)             (0.15390842 -0.012325437 -0.0094848279)       (-0.78427726 -0.28155543 0.51248831)          (-0.0012135027 -0.0003482374 0.00067514976)   (0.0001990739 -1.5942422e-05 -1.2268216e-05)  (-0.0010144288 -0.00036417982 0.00066288154) 
------------------------- --------------------------------------------- --------------------------------------------- --------------------------------------------- --------------------------------------------- --------------------------------------------- ---------------------------------------------
Net                       (8.2180947 -15.58382 448.81312)               (12.736649 -0.76093255 0.48182311)            (20.954743 -16.344752 449.29494)              (0.010629751 -0.020156999 0.58052042)         (0.016474306 -0.00098423346 0.00062321744)    (0.027104057 -0.021141233 0.58114364)        

Forces - Direction Vector (0.99695636 -0.06971398 0.034814483)
                          Forces [N]                                      Coefficients                                   
Zone                      Pressure        Viscous         Total           Pressure        Viscous         Total          
jidi                      1141.0867       0.0001844803    1141.0869       1.4759465       2.3861732e-07   1.4759468      
jishen                    8618.3548       1.1629523       8619.5177       11.147471       0.0015042286    11.148975      
jitou                     -11212.845      1.1687593       -11211.676      -14.503332      0.0015117398    -14.50182      
liangan                   -187.9712       1.1416459       -186.82956      -0.24313265     0.0014766698    -0.24165598    
waiyi                     -82.537999      4.2946768       -78.243322      -0.10675934     0.0055549794    -0.10120436    
weiyi                     64.78333        1.5567682       66.340098       0.083794446     0.0020136126    0.085808058    
xiaoyi                    138.70009       0.32443393      139.02452       0.17940259      0.0004196413    0.17982223     
youfuyi                   2.8151486       0.060075942     2.8752245       0.0036412734    7.7705642e-05   0.003718979    
youweiduo                 -0.96295985     0.15645427      -0.80650557     -0.0012455471   0.00020236686   -0.0010431802  
zhongyangyi               1544.6466       2.571079        1547.2177       1.9979338       0.0033255799    2.0012594      
zuofuyi                   -0.26634252     0.17674307      -0.089599452    -0.00034450258  0.00022860955   -0.00011589303 
zuoweiduo                 -0.89839152     0.15396948      -0.74442205     -0.0011620307   0.00019915288   -0.00096287784 
------------------------- --------------- --------------- --------------- --------------- --------------- ---------------
Net                       24.904762       12.767743       37.672505       0.032213237     0.016514525     0.048727762    
