                                    "Force Report"

Forces
                          Forces [N]                                                                                                                                Coefficients                                                                                                                             
Zone                      Pressure                                      Viscous                                       Total                                         Pressure                                      Viscous                                       Total                                        
jidi                      (1146.155 6.5373957e-07 0.00043602102)        (3.2516732e-08 0.0047002379 0.0070059115)     (1146.155 0.0047008916 0.0074419325)          (1.4825021 8.4558397e-10 5.6397441e-07)       (4.2058991e-11 6.0795552e-06 9.0618446e-06)   (1.4825021 6.0804008e-06 9.6258191e-06)      
jishen                    (9093.305 -1.1466878 -12500.902)              (1.2146234 -0.14965532 0.025532092)           (9094.5196 -1.2963431 -12500.877)             (11.761798 -0.0014831913 -16.169378)          (0.001571063 -0.0001935727 3.3024661e-05)     (11.763369 -0.001676764 -16.169345)          
jitou                     (-11261.077 -20.358465 24.967259)             (1.0796828 -0.25495993 0.3128641)             (-11259.997 -20.613425 25.280123)             (-14.565718 -0.026332797 0.032294074)         (0.0013965231 -0.00032977969 0.00040467623)   (-14.564321 -0.026662577 0.03269875)         
liangan                   (-81.306614 -1.9591776 -3060.4342)            (1.384782 -0.1538066 0.25183323)              (-79.921832 -2.1129842 -3060.1823)            (-0.1051666 -0.0025341118 -3.9585397)         (0.0017911558 -0.00019894222 0.00032573543)   (-0.10337545 -0.002733054 -3.958214)         
waiyi                     (-215.39255 -0.28987723 1906.0576)            (3.0491369 -0.74002419 0.8599209)             (-212.34341 -1.0299014 1906.9175)             (-0.27860098 -0.00037494371 2.4654033)        (0.0039439271 -0.0009571894 0.0011122706)     (-0.27465705 -0.0013321331 2.4665156)        
weiyi                     (37.022118 -20.533803 590.43332)              (1.3042687 -0.28363649 0.14334674)            (38.326387 -20.81744 590.57666)               (0.047886515 -0.02655959 0.76370005)          (0.0016870153 -0.00036687158 0.00018541283)   (0.04957353 -0.026926461 0.76388547)         
xiaoyi                    (153.29904 -2.2141427 -366.84707)             (0.34434364 -0.072756555 0.071969878)         (153.64338 -2.2868993 -366.7751)              (0.1982857 -0.0028638982 -0.47450088)         (0.00044539366 -9.4107468e-05 9.3089936e-05)  (0.19873109 -0.0029580057 -0.47440779)       
youfuyi                   (-0.24137682 0.0068073292 -3.9497751)         (-0.040392508 -0.078575677 -0.018202237)      (-0.28176933 -0.071768348 -3.9679773)         (-0.00031221051 8.8049869e-06 -0.0051088639)  (-5.2245969e-05 -0.00010163425 -2.3543809e-05) (-0.00036445648 -9.2829266e-05 -0.0051324077)
youweiduo                 (-0.83985246 0.80568021 1.3931335)            (0.15171178 -0.045238506 0.028073178)         (-0.68814068 0.76044171 1.4212067)            (-0.001086313 0.0010421126 0.0018019581)      (0.00019623265 -5.8514058e-05 3.6311446e-05)  (-0.00089008032 0.00098359858 0.0018382696)  
zhongyangyi               (1033.1965 0.047605314 14342.561)             (1.8889481 -0.21598573 0.34192929)            (1035.0854 -0.16838042 14342.903)             (1.3363951 6.1575423e-05 18.551485)           (0.002443273 -0.00027936824 0.0004422708)     (1.3388384 -0.00021779281 18.551927)         
zuofuyi                   (0.23794776 0.90911959 23.496239)             (0.14192118 -0.094291555 0.045735467)         (0.37986895 0.81482804 23.541974)             (0.00030777518 0.001175907 0.030391373)       (0.00018356893 -0.00012196206 5.9156856e-05)  (0.00049134411 0.001053945 0.030450529)      
zuoweiduo                 (-0.78683524 -1.7666916 3.0241397)            (0.13184134 -0.034490063 -0.0040526272)       (-0.6549939 -1.8011817 3.0200871)             (-0.0010177375 -0.0022851395 0.0039115944)    (0.0001705311 -4.461141e-05 -5.2418987e-06)   (-0.00084720638 -0.0023297509 0.0039063525)  
------------------------- --------------------------------------------- --------------------------------------------- --------------------------------------------- --------------------------------------------- --------------------------------------------- ---------------------------------------------
Net                       (-96.428423 -46.499632 959.80029)             (10.650867 -2.1187204 2.0659559)              (-85.777556 -48.618353 961.86625)             (-0.12472601 -0.06014527 1.2414603)           (0.013776438 -0.0027404735 0.002672225)       (-0.11094957 -0.062885744 1.2441325)         

Forces - Direction Vector (0.95677273 -0.20791169 0.20336832)
                          Forces [N]                                      Coefficients                                   
Zone                      Pressure        Viscous         Total           Pressure        Viscous         Total          
jidi                      1096.6099       0.00044757717   1096.6104       1.4184177       5.7892178e-07   1.4184183      
jishen                    6158.1771       1.1984261       6159.3755       7.9653367       0.0015501125    7.9668868      
jitou                     -10764.981      1.1496468       -10763.831      -13.924039      0.0014870186    -13.922552     
liangan                   -699.77997      1.4081147       -698.37186      -0.90513524     0.0018213357    -0.9033139     
waiyi                     181.61028       3.2460713       184.85635       0.23490507      0.0041986534    0.23910373     
weiyi                     159.7664        1.3360122       161.10242       0.20665096      0.0017280742    0.20837903     
xiaoyi                    72.527612       0.35922194      72.886834       0.093811341     0.00046463809   0.094275979    
youfuyi                   -1.0356172      -0.026011407    -1.0616286      -0.0013395262   -3.3644633e-05  -0.0013731709  
youweiduo                 -0.68773905     0.1602685       -0.52747055     -0.00088956082  0.0002073004    -0.00068226042 
zhongyangyi               3905.347        1.9217376       3907.2687       5.051398        0.0024856847    5.0538837      
zuofuyi                   4.817036        0.16469178      4.9817278       0.0062306285    0.00021302172   0.0064436503   
zuoweiduo                 0.22950755      0.13248891      0.36199647      0.00029685813   0.0001713687    0.00046822683  
------------------------- --------------- --------------- --------------- --------------- --------------- ---------------
Net                       112.60071       11.051116       123.65182       0.14564416      0.014294142     0.1599383      
