                                    "Force Report"

Moments - Moment Center (0 0 0.05)
                          Moments [N m]                                                                                                                             Coefficients                                                                                                                             
Zone                      Pressure                                      Viscous                                       Total                                         Pressure                                      Viscous                                       Total                                        
jidi                      (5.7802652e-09 -22.88543 0.0042888576)        (-1.8657876e-06 -4.2296816e-05 -0.00097637833) (-1.8600073e-06 -22.885472 0.0033124793)      (2.0500478e-11 -0.081166214 1.5211003e-05)    (-6.6172633e-09 -1.5001127e-07 -3.4628553e-06) (-6.5967628e-09 -0.081166364 1.1748147e-05)  
jishen                    (0.1869399 -231.91191 0.96264781)             (-0.010672409 -0.081935373 -0.0054156264)     (0.17626749 -231.99385 0.95723219)            (0.00066300715 -0.82250637 0.0034141582)      (-3.7851115e-05 -0.00029059467 -1.9207238e-05) (0.00062515604 -0.82279697 0.003394951)      
jitou                     (-0.41992832 537.60478 4.1193507)             (-0.004640449 -0.046487771 0.052340927)       (-0.42456877 537.55829 4.1716916)             (-0.0014893315 1.9066867 0.014609824)         (-1.6457968e-05 -0.00016487505 0.00018563404) (-0.0015057895 1.9065218 0.014795458)        
liangan                   (0.27517761 644.96509 0.6877183)              (0.018578074 0.085305385 0.0027810994)        (0.29375568 645.0504 0.6904994)               (0.0009759539 2.2874543 0.0024390842)         (6.5889604e-05 0.00030254687 9.8635382e-06)   (0.0010418435 2.2877568 0.0024489478)        
waiyi                     (-107.19218 -48.078834 2.3176991)             (-0.10959875 0.59363081 0.2917511)            (-107.30178 -47.485203 2.6094502)             (-0.38017129 -0.17051796 0.0082200274)        (-0.0003887065 0.0021053904 0.001034734)      (-0.38055999 -0.16841257 0.0092547614)       
weiyi                     (-5.6935443 -644.64593 -16.34897)             (0.043019791 0.54211269 -0.14653224)          (-5.6505245 -644.10382 -16.495502)            (-0.02019291 -2.2863223 -0.057983791)         (0.0001525754 0.0019226746 -0.00051969604)    (-0.020040335 -2.2843997 -0.058503487)       
xiaoyi                    (1.389357 55.894052 -0.058311467)             (0.017154486 0.039452578 -0.011688338)        (1.4065115 55.933505 -0.069999805)            (0.004927539 0.19823567 -0.00020680935)       (6.0840661e-05 0.0001399238 -4.1454242e-05)   (0.0049883797 0.1983756 -0.0002482636)       
youfuyi                   (-28.503626 4.3835417 -4.5950262)             (-0.066926661 0.01804064 -0.10173543)         (-28.570553 4.4015823 -4.6967617)             (-0.10109189 0.015546812 -0.01629687)         (-0.00023736428 6.3983522e-05 -0.00036081822) (-0.10132926 0.015610796 -0.016657689)       
youweiduo                 (-0.13947992 0.7180594 -0.24620887)           (0.0069450013 0.041307976 -0.088115057)       (-0.13253492 0.75936737 -0.33432392)          (-0.00049468404 0.0025466929 -0.00087321242)  (2.4631369e-05 0.00014650422 -0.00031251174)  (-0.00047005267 0.0026931972 -0.0011857242)  
zhongyangyi               (-4.261127 -283.70878 -0.055769312)           (0.012243069 0.33824047 -0.0043152614)        (-4.2488839 -283.37054 -0.060084574)          (-0.015112652 -1.0062108 -0.00019779327)      (4.3421669e-05 0.0011996147 -1.5304647e-05)   (-0.015069231 -1.0050112 -0.00021309791)     
zuofuyi                   (-15.707793 -2.2800964 -0.93824802)           (-0.013172417 0.019115867 0.21516189)         (-15.720966 -2.2609805 -0.72308613)           (-0.055709773 -0.0080866644 -0.0033276211)    (-4.6717726e-05 6.7796958e-05 0.00076310021)  (-0.055756491 -0.0080188675 -0.0025645209)   
zuoweiduo                 (-0.085502354 -0.56158572 -0.45510365)        (0.0085233746 0.061674321 0.037830466)        (-0.07697898 -0.4999114 -0.41727319)          (-0.00030324545 -0.0019917383 -0.0016140855)  (3.0229279e-05 0.00021873616 0.00013417077)   (-0.00027301617 -0.0017730021 -0.0014799147) 
------------------------- --------------------------------------------- --------------------------------------------- --------------------------------------------- --------------------------------------------- --------------------------------------------- ---------------------------------------------
Net                       (-160.15171 9.4929506 -14.605933)             (-0.098548754 1.6104153 0.24108715)           (-160.25025 11.103366 -14.364845)             (-0.56799927 0.033668009 -0.051801878)        (-0.00034951623 0.0057115515 0.00085504758)   (-0.56834879 0.03937956 -0.050946831)        

Moments - Moment Center (0 0 0.05) Moment Axis (0 1 0)
                          Moments [N m]                                   Coefficients                                   
Zone                      Pressure        Viscous         Total           Pressure        Viscous         Total          
jidi                      -22.88543       -4.2296816e-05  -22.885472      -0.081166214    -1.5001127e-07  -0.081166364   
jishen                    -231.91191      -0.081935373    -231.99385      -0.82250637     -0.00029059467  -0.82279697    
jitou                     537.60478       -0.046487771    537.55829       1.9066867       -0.00016487505  1.9065218      
liangan                   644.96509       0.085305385     645.0504        2.2874543       0.00030254687   2.2877568      
waiyi                     -48.078834      0.59363081      -47.485203      -0.17051796     0.0021053904    -0.16841257    
weiyi                     -644.64593      0.54211269      -644.10382      -2.2863223      0.0019226746    -2.2843997     
xiaoyi                    55.894052       0.039452578     55.933505       0.19823567      0.0001399238    0.1983756      
youfuyi                   4.3835417       0.01804064      4.4015823       0.015546812     6.3983522e-05   0.015610796    
youweiduo                 0.7180594       0.041307976     0.75936737      0.0025466929    0.00014650422   0.0026931972   
zhongyangyi               -283.70878      0.33824047      -283.37054      -1.0062108      0.0011996147    -1.0050112     
zuofuyi                   -2.2800964      0.019115867     -2.2609805      -0.0080866644   6.7796958e-05   -0.0080188675  
zuoweiduo                 -0.56158572     0.061674321     -0.4999114      -0.0019917383   0.00021873616   -0.0017730021  
------------------------- --------------- --------------- --------------- --------------- --------------- ---------------
Net                       9.4929506       1.6104153       11.103366       0.033668009     0.0057115515    0.03937956     
