                                    "Force Report"

Moments - Moment Center (0 0 0.05)
                          Moments [N m]                                                                                                                             Coefficients                                                                                                                             
Zone                      Pressure                                      Viscous                                       Total                                         Pressure                                      Viscous                                       Total                                        
jidi                      (-1.3231614e-08 -22.86599 -0.0012708944)      (-4.4511613e-05 0.00052643127 -0.00055091269) (-4.4524845e-05 -22.865463 -0.0018218071)     (-4.6927673e-11 -0.081097266 -4.5073958e-06)  (-1.5786634e-07 1.8670583e-06 -1.953885e-06)  (-1.5791327e-07 -0.081095399 -6.4612808e-06) 
jishen                    (0.27569506 -233.30294 1.3492244)             (-0.010687697 -0.10182472 -0.0070924761)      (0.26500736 -233.40476 1.3421319)             (0.00097778912 -0.82743982 0.0047852033)      (-3.7905335e-05 -0.00036113488 -2.5154408e-05) (0.00093988378 -0.82780096 0.0047600489)     
jitou                     (-0.42855673 527.82239 4.1881846)             (-0.0048081518 -0.15254689 0.052859266)       (-0.43336488 527.66984 4.2410439)             (-0.0015199333 1.8719921 0.014853952)         (-1.7052748e-05 -0.00054102777 0.0001874724)  (-0.0015369861 1.8714511 0.015041425)        
liangan                   (0.24384982 643.62433 -0.14705259)            (0.025198003 0.095507393 -0.01461011)         (0.26904783 643.71983 -0.1616627)             (0.00086484576 2.2826991 -0.00052154151)      (8.9368062e-05 0.00033872964 -5.1816695e-05)  (0.00095421382 2.2830378 -0.00057335821)     
waiyi                     (-92.024476 -55.712203 5.4163351)             (-0.038619396 0.4415449 0.58062674)           (-92.063095 -55.270658 5.9969618)             (-0.32637701 -0.19759072 0.019209751)         (-0.00013696881 0.0015659976 0.0020592698)    (-0.32651398 -0.19602472 0.021269021)        
weiyi                     (-4.3163707 -602.0381 -12.909988)             (0.048763418 0.60856233 -0.11710352)          (-4.2676072 -601.42953 -13.027091)            (-0.015308581 -2.135208 -0.045786984)         (0.00017294593 0.0021583471 -0.00041532317)   (-0.015135635 -2.1330496 -0.046202308)       
xiaoyi                    (-0.94935197 55.889649 -0.18716173)           (0.00040301215 0.043280611 -0.012343601)      (-0.94894896 55.93293 -0.19950533)            (-0.0033670027 0.19822006 -0.00066379391)     (1.4293361e-06 0.00015350043 -4.3778218e-05)  (-0.0033655734 0.19837356 -0.00070757213)    
youfuyi                   (-26.193525 3.9199649 -3.1345858)             (-0.06079361 0.02371567 -0.1621155)           (-26.254319 3.9436805 -3.2967013)             (-0.092898812 0.013902676 -0.011117224)       (-0.00021561261 8.4110771e-05 -0.00057496414) (-0.093114425 0.013986786 -0.011692189)      
youweiduo                 (-0.19818145 1.7352287 -0.85309628)           (0.0047686465 0.047868353 -0.083327192)       (-0.1934128 1.7830971 -0.93642347)            (-0.00070287681 0.0061542188 -0.0030256192)   (1.6912638e-05 0.00016977147 -0.00029553094)  (-0.00068596417 0.0063239903 -0.0033211501)  
zhongyangyi               (-2.6141658 -294.87653 0.064004164)           (0.015792543 0.26338713 -0.012241601)         (-2.5983733 -294.61314 0.051762563)           (-0.0092714861 -1.0458187 0.00022699926)      (5.6010351e-05 0.00093413741 -4.3416464e-05)  (-0.0092154757 -1.0448846 0.0001835828)      
zuofuyi                   (-9.9825431 -1.477358 -0.96826089)            (0.0091150853 0.02064336 0.19773751)          (-9.973428 -1.4567147 -0.77052338)            (-0.035404414 -0.0052396463 -0.0034340657)    (3.2327859e-05 7.3214416e-05 0.00070130232)   (-0.035372086 -0.0051664319 -0.0027327634)   
zuoweiduo                 (0.025203733 0.74362819 0.32079235)           (0.012735392 0.073309133 0.030826084)         (0.037939126 0.81693732 0.35161843)           (8.9388385e-05 0.002637376 0.0011377326)      (4.5167758e-05 0.00026000057 0.0001093288)    (0.00013455614 0.0028973766 0.0012470614)    
------------------------- --------------------------------------------- --------------------------------------------- --------------------------------------------- --------------------------------------------- --------------------------------------------- ---------------------------------------------
Net                       (-136.16242 23.462078 -6.8628752)             (0.0018227338 1.3639737 0.45266469)           (-136.1606 24.826052 -6.4102105)              (-0.4829181 0.083211374 -0.024340098)         (6.4645673e-06 0.0048375137 0.0016054354)     (-0.48291163 0.088048888 -0.022734662)       

Moments - Moment Center (0 0 0.05) Moment Axis (0 1 0)
                          Moments [N m]                                   Coefficients                                   
Zone                      Pressure        Viscous         Total           Pressure        Viscous         Total          
jidi                      -22.86599       0.00052643127   -22.865463      -0.081097266    1.8670583e-06   -0.081095399   
jishen                    -233.30294      -0.10182472     -233.40476      -0.82743982     -0.00036113488  -0.82780096    
jitou                     527.82239       -0.15254689     527.66984       1.8719921       -0.00054102777  1.8714511      
liangan                   643.62433       0.095507393     643.71983       2.2826991       0.00033872964   2.2830378      
waiyi                     -55.712203      0.4415449       -55.270658      -0.19759072     0.0015659976    -0.19602472    
weiyi                     -602.0381       0.60856233      -601.42953      -2.135208       0.0021583471    -2.1330496     
xiaoyi                    55.889649       0.043280611     55.93293        0.19822006      0.00015350043   0.19837356     
youfuyi                   3.9199649       0.02371567      3.9436805       0.013902676     8.4110771e-05   0.013986786    
youweiduo                 1.7352287       0.047868353     1.7830971       0.0061542188    0.00016977147   0.0063239903   
zhongyangyi               -294.87653      0.26338713      -294.61314      -1.0458187      0.00093413741   -1.0448846     
zuofuyi                   -1.477358       0.02064336      -1.4567147      -0.0052396463   7.3214416e-05   -0.0051664319  
zuoweiduo                 0.74362819      0.073309133     0.81693732      0.002637376     0.00026000057   0.0028973766   
------------------------- --------------- --------------- --------------- --------------- --------------- ---------------
Net                       23.462078       1.3639737       24.826052       0.083211374     0.0048375137    0.088048888    
