                                    "Force Report"

Moments - Moment Center (0 0 0.05)
                          Moments [N m]                                                                                                                             Coefficients                                                                                                                             
Zone                      Pressure                                      Viscous                                       Total                                         Pressure                                      Viscous                                       Total                                        
jidi                      (-1.3310172e-08 -22.916702 0.0040253966)      (-1.4369945e-05 -0.0004522286 -0.0010061008)  (-1.4383255e-05 -22.917154 0.0030192958)      (-4.7206292e-11 -0.081277124 1.4276603e-05)   (-5.0964916e-08 -1.6038887e-06 -3.5682699e-06) (-5.1012123e-08 -0.081278728 1.0708333e-05)  
jishen                    (0.21039719 -230.34781 2.4705704)             (-0.033711713 -0.068595796 -0.0016386405)     (0.17668548 -230.4164 2.4689317)              (0.00074620155 -0.81695907 0.0087622057)      (-0.00011956306 -0.00024328409 -5.811656e-06) (0.00062663849 -0.81720235 0.008756394)      
jitou                     (-1.2520408 544.08811 12.349961)              (-0.014100008 0.021890159 0.16001083)         (-1.2661408 544.11 12.509972)                 (-0.0044405288 1.9296807 0.043800776)         (-5.0007548e-05 7.7636354e-05 0.00056749963)  (-0.0044905363 1.9297583 0.044368275)        
liangan                   (3.0810201 646.24913 -0.080138569)            (0.059915291 0.10464301 -0.036718344)         (3.1409354 646.35378 -0.11685691)             (0.010927246 2.2920083 -0.00028422207)        (0.00021249753 0.0003711303 -0.00013022648)   (0.011139744 2.2923794 -0.00041444855)       
waiyi                     (-102.23815 -44.976229 -5.194595)             (-0.043593033 0.61280418 0.057063541)         (-102.28174 -44.363425 -5.1375314)            (-0.36260115 -0.15951417 -0.01842332)         (-0.00015460848 0.0021733913 0.00020238342)   (-0.36275576 -0.15734077 -0.018220937)       
weiyi                     (-8.558321 -687.49058 -34.184999)             (0.11116794 0.38927267 -0.39968122)           (-8.4471531 -687.1013 -34.58468)              (-0.030353221 -2.4382766 -0.12124163)         (0.00039427184 0.0013806072 -0.0014175225)    (-0.029958949 -2.436896 -0.12265916)         
xiaoyi                    (9.2987097 56.047938 -0.82469968)             (0.08608021 0.040087357 -0.030363424)         (9.3847899 56.088026 -0.85506311)             (0.032979108 0.19878145 -0.0029249069)        (0.00030529489 0.00014217513 -0.00010768791)  (0.033284403 0.19892363 -0.0030325948)       
youfuyi                   (-27.52264 3.999872 -3.5479469)               (-0.051752562 0.011096564 -0.057859266)       (-27.574392 4.0109686 -3.6058061)             (-0.097612693 0.014186077 -0.012583264)       (-0.00018354733 3.9355436e-05 -0.00020520557) (-0.097796241 0.014225432 -0.01278847)       
youweiduo                 (-0.11307241 0.33344408 -0.036593533)         (0.020943619 0.016527104 -0.12187374)         (-0.092128794 0.34997118 -0.15846727)         (-0.00040102632 0.0011826037 -0.00012978382)  (7.4279325e-05 5.8615569e-05 -0.0004322414)   (-0.00032674699 0.0012412192 -0.00056202522) 
zhongyangyi               (1.7310144 -278.29329 0.56609438)             (0.043921406 0.35115013 -0.0089935795)        (1.7749358 -277.94214 0.5571008)              (0.0061392723 -0.9870041 0.0020077288)        (0.0001557731 0.0012454005 -3.1896923e-05)    (0.0062950454 -0.98575869 0.0019758319)      
zuofuyi                   (-18.114165 -2.6336625 -0.69140712)           (-0.021880259 0.015572628 0.18801524)         (-18.136046 -2.6180899 -0.50339188)           (-0.064244291 -0.0093406337 -0.0024521671)    (-7.760124e-05 5.5230391e-05 0.00066682101)   (-0.064321892 -0.0092854033 -0.0017853461)   
zuoweiduo                 (-0.28344047 -2.074683 -1.3168311)            (0.016801897 0.06563889 0.00052466956)        (-0.26663857 -2.0090441 -1.3163064)           (-0.0010052592 -0.0073581387 -0.0046703161)   (5.9590157e-05 0.00023279703 1.8608102e-06)   (-0.00094566908 -0.0071253416 -0.0046684553) 
------------------------- --------------------------------------------- --------------------------------------------- --------------------------------------------- --------------------------------------------- --------------------------------------------- ---------------------------------------------
Net                       (-143.76068 -18.014461 -30.486559)            (0.17377842 1.5596347 -0.25252003)            (-143.58691 -16.454827 -30.739079)            (-0.50986634 -0.063890677 -0.10812463)        (0.00061632821 0.0055314513 -0.00089559581)   (-0.50925001 -0.058359226 -0.10902022)       

Moments - Moment Center (0 0 0.05) Moment Axis (0 1 0)
                          Moments [N m]                                   Coefficients                                   
Zone                      Pressure        Viscous         Total           Pressure        Viscous         Total          
jidi                      -22.916702      -0.0004522286   -22.917154      -0.081277124    -1.6038887e-06  -0.081278728   
jishen                    -230.34781      -0.068595796    -230.4164       -0.81695907     -0.00024328409  -0.81720235    
jitou                     544.08811       0.021890159     544.11          1.9296807       7.7636354e-05   1.9297583      
liangan                   646.24913       0.10464301      646.35378       2.2920083       0.0003711303    2.2923794      
waiyi                     -44.976229      0.61280418      -44.363425      -0.15951417     0.0021733913    -0.15734077    
weiyi                     -687.49058      0.38927267      -687.1013       -2.4382766      0.0013806072    -2.436896      
xiaoyi                    56.047938       0.040087357     56.088026       0.19878145      0.00014217513   0.19892363     
youfuyi                   3.999872        0.011096564     4.0109686       0.014186077     3.9355436e-05   0.014225432    
youweiduo                 0.33344408      0.016527104     0.34997118      0.0011826037    5.8615569e-05   0.0012412192   
zhongyangyi               -278.29329      0.35115013      -277.94214      -0.9870041      0.0012454005    -0.98575869    
zuofuyi                   -2.6336625      0.015572628     -2.6180899      -0.0093406337   5.5230391e-05   -0.0092854033  
zuoweiduo                 -2.074683       0.06563889      -2.0090441      -0.0073581387   0.00023279703   -0.0071253416  
------------------------- --------------- --------------- --------------- --------------- --------------- ---------------
Net                       -18.014461      1.5596347       -16.454827      -0.063890677    0.0055314513    -0.058359226   
