                                    "Force Report"

Forces
                          Forces [N]                                                                                                                                Coefficients                                                                                                                             
Zone                      Pressure                                      Viscous                                       Total                                         Pressure                                      Viscous                                       Total                                        
jidi                      (1144.6779 -9.6008456e-08 0.00043551105)      (-2.7451364e-09 -0.0017735763 -0.00059200442) (1144.6779 -0.0017736723 -0.00015649337)      (1.4805916 -1.241828e-10 5.6331478e-07)       (-3.5507156e-12 -2.2940445e-06 -7.6573221e-07) (1.4805916 -2.2941687e-06 -2.0241743e-07)    
jishen                    (9082.5233 3.0337799 -12503.188)              (1.1689295 -0.11941602 -0.046677374)          (9083.6922 2.9143638 -12503.235)              (11.747852 0.0039240635 -16.172335)           (0.0015119599 -0.00015445947 -6.0375172e-05)  (11.749364 0.003769604 -16.172396)           
jitou                     (-11248.775 -13.332962 2.9181033)             (1.1542465 -0.16690925 0.044852493)           (-11247.621 -13.499871 2.9629558)             (-14.549806 -0.017245612 0.0037744409)        (0.0014929681 -0.00021588992 5.8014767e-05)   (-14.548313 -0.017461501 0.0038324557)       
liangan                   (-81.069427 -3.0660176 -3076.8791)            (1.1515661 -0.16249055 -0.0047972878)         (-79.917861 -3.2285081 -3076.8839)            (-0.10485981 -0.0039657616 -3.9798105)        (0.0014895011 -0.00021017452 -6.205085e-06)   (-0.10337031 -0.0041759361 -3.9798167)       
waiyi                     (-133.57255 0.83027722 1730.517)              (4.3361088 -0.52331905 0.34952317)            (-129.23644 0.30695817 1730.8665)             (-0.17277034 0.0010739278 2.2383491)          (0.0056085699 -0.00067689065 0.00045209315)   (-0.16716177 0.00039703716 2.2388012)        
weiyi                     (44.653722 -21.150862 524.00519)              (1.5059761 -0.21510529 -0.048810853)          (46.159698 -21.365967 523.95638)              (0.057757666 -0.027357728 0.67777813)         (0.0019479152 -0.00027822942 -6.3134735e-05)  (0.059705581 -0.027635957 0.677715)          
xiaoyi                    (151.76204 -0.86480532 -371.15397)            (0.31978916 -0.041348313 0.00024684134)       (152.08183 -0.90615364 -371.15372)            (0.19629766 -0.0011185884 -0.48007167)        (0.0004136335 -5.3482261e-05 3.1927864e-07)   (0.1967113 -0.0011720707 -0.48007135)        
youfuyi                   (-0.81718615 -0.48006661 13.557659)           (0.17655054 -0.04750908 0.014497414)          (-0.64063561 -0.52757569 13.572156)           (-0.0010569951 -0.00062094547 0.017536247)    (0.00022836051 -6.1450948e-05 1.875178e-05)   (-0.00082863456 -0.00068239642 0.017554999)  
youweiduo                 (-0.97706595 -0.42691344 -0.70250536)         (0.1544874 -0.03282765 0.0086402258)          (-0.82257855 -0.45974109 -0.69386514)         (-0.0012637927 -0.00055219414 -0.00090866041) (0.00019982279 -4.2461151e-05 1.117576e-05)   (-0.0010639699 -0.00059465529 -0.00089748465)
zhongyangyi               (1055.2642 -0.0095653439 14217.084)           (2.5524293 -0.24067578 0.10380035)            (1057.8167 -0.25024112 14217.188)             (1.3649388 -1.237236e-05 18.389186)           (0.0033014573 -0.00031130375 0.00013426128)   (1.3682403 -0.00032367611 18.38932)          
zuofuyi                   (14.819167 1.5919744 34.460334)               (0.12881367 -0.052414264 0.0289396)           (14.94798 1.5395601 34.489274)                (0.019167953 0.0020591503 0.044572958)        (0.00016661493 -6.7795592e-05 3.7432125e-05)  (0.019334568 0.0019913547 0.04461039)        
zuoweiduo                 (-0.94351253 -0.456724 0.8580571)             (0.15248766 -0.030303293 -0.018160959)        (-0.79102487 -0.48702729 0.83989615)          (-0.0012203928 -0.00059075281 0.0011098599)   (0.00019723621 -3.9196004e-05 -2.3490417e-05) (-0.0010231566 -0.00062994881 0.0010863695)  
------------------------- --------------------------------------------- --------------------------------------------- --------------------------------------------- --------------------------------------------- --------------------------------------------- ---------------------------------------------
Net                       (27.545731 -34.331884 571.47687)              (12.801385 -1.6340921 0.43146161)             (40.347115 -35.965976 571.90833)              (0.035629215 -0.044406813 0.7391807)          (0.016558039 -0.0021136277 0.000558077)       (0.052187255 -0.046520441 0.73973878)        

Forces - Direction Vector (0.99026807 -0.1391731 0)
                          Forces [N]                                      Coefficients                                   
Zone                      Pressure        Viscous         Total           Pressure        Viscous         Total          
jidi                      1133.538        0.0002468314    1133.5382       1.4661825       3.1926577e-07   1.4661829      
jishen                    8993.7105       1.174173        8994.8847       11.632977       0.0015187422    11.634496      
jitou                     -11137.447      1.1662427       -11136.281      -14.405808      0.0015084847    -14.404299     
liangan                   -79.853758      1.1629734       -78.690785      -0.1032874      0.001504256     -0.10178314    
waiyi                     -132.38818      4.366742        -128.02144      -0.17123841     0.0056481927    -0.16559022    
weiyi                     47.162786       1.5212569       48.684043       0.061003032     0.0019676803    0.062970712    
xiaoyi                    150.40546       0.32243157      150.72789       0.19454299      0.00041705134   0.19496004     
youfuyi                   -0.74242099     0.18144435      -0.56097665     -0.00096028956  0.00023469044   -0.00072559912 
youweiduo                 -0.90814234     0.15755266      -0.75058968     -0.001174643    0.00020378758   -0.0009708554  
zhongyangyi               1044.9958       2.5610849       1047.5569       1.3516571       0.0033126529    1.3549697      
zuofuyi                   14.453388       0.13485472      14.588242       0.018694834     0.00017442877   0.018869263    
zuoweiduo                 -0.87076663     0.15522106      -0.71554557     -0.0011262991   0.00020077175   -0.00092552737 
------------------------- --------------- --------------- --------------- --------------- --------------- ---------------
Net                       32.055732       12.904224       44.959956       0.041462708     0.016691058     0.058153766    
