                                    "Force Report"

Forces
                          Forces [N]                                                                                                                                Coefficients                                                                                                                             
Zone                      Pressure                                      Viscous                                       Total                                         Pressure                                      Viscous                                       Total                                        
jidi                      (1144.5223 -7.4229348e-08 0.00043538485)      (6.47336e-09 0.00057901464 -0.00068517927)    (1144.5223 0.00057894041 -0.00024979442)      (1.4803903 -9.6012463e-11 5.6315154e-07)      (8.3730122e-12 7.4893049e-07 -8.8624987e-07)  (1.4803903 7.4883448e-07 -3.2309832e-07)     
jishen                    (9081.2631 1.951053 -12500.094)               (1.1570133 -0.058432381 -0.03452609)          (9082.4202 1.8926206 -12500.129)              (11.746223 0.002523603 -16.168333)            (0.0014965469 -7.5579766e-05 -4.4658009e-05)  (11.747719 0.0024480232 -16.168378)          
jitou                     (-11247.18 -6.5280218 2.9972846)              (1.1627683 -0.082793293 0.044448119)          (-11246.017 -6.6108151 3.0417327)             (-14.547742 -0.0084437149 0.0038768584)       (0.0015039907 -0.00010708956 5.7491726e-05)   (-14.546238 -0.0085508045 0.0039343501)      
liangan                   (-81.06994 -2.0038603 -3076.296)              (1.0882738 -0.093035548 0.0031682724)         (-79.981666 -2.0968958 -3076.2928)            (-0.10486047 -0.0025919069 -3.9790563)        (0.0014076352 -0.00012033747 4.0980238e-06)   (-0.10345284 -0.0027122444 -3.9790522)       
waiyi                     (-133.58967 0.97299726 1733.2232)             (4.3777587 -0.26324777 0.35345367)            (-129.21191 0.70974949 1733.5767)             (-0.17279248 0.00125853 2.2418495)            (0.0056624423 -0.00034049964 0.0004571771)    (-0.16713004 0.00091803039 2.2423067)        
weiyi                     (46.284701 -11.436968 524.07059)              (1.5708631 -0.12074091 -0.052710954)          (47.855564 -11.557708 524.01788)              (0.059867266 -0.014793225 0.67786273)         (0.0020318438 -0.00015617317 -6.8179347e-05)  (0.06189911 -0.014949398 0.67779455)         
xiaoyi                    (151.8232 -0.42828934 -370.73955)             (0.32000232 -0.020805175 0.0036208945)        (152.1432 -0.44909451 -370.73593)             (0.19637677 -0.0005539738 -0.47953563)        (0.00041390921 -2.6910597e-05 4.683471e-06)   (0.19679068 -0.0005808844 -0.47953095)       
youfuyi                   (-0.80745457 -0.48252034 13.599043)           (0.17819256 -0.02349996 0.015010581)          (-0.62926201 -0.5060203 13.614054)            (-0.0010444077 -0.00062411926 0.017589776)    (0.0002304844 -3.0396186e-05 1.9415539e-05)   (-0.00081392329 -0.00065451545 0.017609192)  
youweiduo                 (-0.96832322 -0.20022901 -0.30051382)         (0.15470832 -0.01826535 0.002689144)          (-0.8136149 -0.21849436 -0.29782467)          (-0.0012524844 -0.0002589876 -0.00038870167)  (0.00020010855 -2.3625443e-05 3.4782918e-06)  (-0.0010523758 -0.00028261304 -0.00038522338)
zhongyangyi               (1055.5201 0.0048113175 14217.003)            (2.5797205 -0.12360673 0.10741346)            (1058.0998 -0.11879541 14217.11)              (1.3652698 6.2232319e-06 18.38908)            (0.0033367573 -0.00015987998 0.00013893468)   (1.3686066 -0.00015365675 18.389219)         
zuofuyi                   (14.760027 1.5742112 34.357414)               (0.13136623 -0.025507533 0.027064888)         (14.891394 1.5487037 34.384479)               (0.019091459 0.0020361744 0.044439834)        (0.00016991655 -3.2992894e-05 3.5007266e-05)  (0.019261376 0.0020031815 0.044474842)       
zuoweiduo                 (-0.96095128 -0.27501873 0.54116925)          (0.15495738 -0.017149283 -0.012816873)        (-0.8059939 -0.29216801 0.52835238)           (-0.0012429491 -0.00035572488 0.00069997911)  (0.0002004307 -2.2181859e-05 -1.6578073e-05)  (-0.0010425184 -0.00037790674 0.00068340104) 
------------------------- --------------------------------------------- --------------------------------------------- --------------------------------------------- --------------------------------------------- --------------------------------------------- ---------------------------------------------
Net                       (29.597634 -16.851834 578.36136)              (12.875625 -0.84650492 0.45612994)            (42.473258 -17.698339 578.81749)              (0.038283264 -0.021797122 0.74808549)         (0.016654066 -0.0010949176 0.00058998442)     (0.054937329 -0.022892039 0.74867548)        

Forces - Direction Vector (0.99756405 -0.069756474 0)
                          Forces [N]                                      Coefficients                                   
Zone                      Pressure        Viscous         Total           Pressure        Viscous         Total          
jidi                      1141.7343       -4.0383562e-05  1141.7343       1.4767841       -5.2234398e-08  1.4767841      
jishen                    9059.0055       1.1582709       9060.1638       11.717433       0.0014981735    11.718931      
jitou                     -11219.327      1.1657112       -11218.161      -14.511715      0.0015077972    -14.510208     
liangan                   -80.732675      1.0921126       -79.640563      -0.10442424     0.0014126006    -0.10301164    
waiyi                     -133.33212      4.385458        -128.94667      -0.17245936     0.0056724009    -0.16678696    
weiyi                     46.969756       1.5754591       48.545215       0.060753355     0.0020377884    0.062791144    
xiaoyi                    151.48324       0.3206741       151.80392       0.19593705      0.00041477813   0.19635183     
youfuyi                   -0.77182873     0.17939777      -0.59243096     -0.0009983272   0.00023204328   -0.00076628392 
youweiduo                 -0.95199717     0.15560559      -0.79639158     -0.0012313673   0.00020126912   -0.0010300982  
zhongyangyi               1052.9486       2.5820588       1055.5307       1.3619436       0.0033397818    1.3652834      
zuofuyi                   14.614261       0.13282554      14.747087       0.018902917     0.00017180411   0.019074721    
zuoweiduo                 -0.93942612     0.15577619      -0.78364993     -0.0012151072   0.00020148979   -0.0010136174  
------------------------- --------------- --------------- --------------- --------------- --------------- ---------------
Net                       30.70106        12.903309       43.604369       0.039710498     0.016689875     0.056400372    
