                                    "Force Report"

Forces
                          Forces [N]                                                                                                                                Coefficients                                                                                                                             
Zone                      Pressure                                      Viscous                                       Total                                         Pressure                                      Viscous                                       Total                                        
jidi                      (1146.3423 1.0768268e-06 0.00043638789)       (3.5764541e-08 0.0022273778 0.0048712417)     (1146.3423 0.0022284546 0.0053076296)         (1.4827444 1.3928291e-09 5.6444893e-07)       (4.6259893e-11 2.8810172e-06 6.3007412e-06)   (1.4827444 2.8824101e-06 6.8651901e-06)      
jishen                    (9095.609 0.62433161 -12493.488)              (1.2530039 -0.086667079 0.093200823)          (9096.862 0.53766453 -12493.394)              (11.764778 0.00080754604 -16.159788)          (0.0016207065 -0.00011210013 0.00012055125)   (11.766399 0.00069544591 -16.159667)         
jitou                     (-11260.271 -14.232084 29.155941)             (1.0731633 -0.17100713 0.36150446)            (-11259.198 -14.403091 29.517445)             (-14.564675 -0.018408587 0.037711953)         (0.0013880904 -0.00022119036 0.00046759044)   (-14.563287 -0.018629777 0.038179543)        
liangan                   (-81.52179 -1.2198357 -3056.6546)             (1.3741308 -0.080224431 0.26684921)           (-80.147659 -1.3000602 -3056.3877)            (-0.10544492 -0.001577805 -3.953651)          (0.001777379 -0.00010376684 0.00034515796)    (-0.10366754 -0.0016815718 -3.9533058)       
waiyi                     (-251.51222 -0.19156164 2042.0401)            (2.5312298 -0.50194254 0.97252537)            (-248.98099 -0.69350418 2043.0126)            (-0.32532022 -0.00024777673 2.6412908)        (0.0032740366 -0.00064924104 0.0012579197)    (-0.32204619 -0.00089701777 2.6425487)       
weiyi                     (36.936537 -11.25758 600.35048)               (1.0412946 -0.18938485 0.17500836)            (37.977832 -11.446965 600.52549)              (0.047775819 -0.014561195 0.77652748)         (0.0013468698 -0.00024496114 0.00022636577)   (0.049122689 -0.014806156 0.77675384)        
xiaoyi                    (154.0067 -1.387484 -364.87618)               (0.34529332 -0.051819772 0.095262887)         (154.35199 -1.4393038 -364.78092)             (0.19920103 -0.0017946508 -0.47195162)        (0.00044662203 -6.7026642e-05 0.00012321844)  (0.19964765 -0.0018616774 -0.4718284)        
youfuyi                   (0.44869084 -0.90537593 26.240809)            (0.1389004 -0.035420163 0.048327381)          (0.58759123 -0.9407961 26.289136)             (0.00058036226 -0.0011710648 0.033941356)     (0.00017966168 -4.5814454e-05 6.2509385e-05)  (0.00076002394 -0.0012168792 0.034003865)    
youweiduo                 (-0.77663635 1.2914803 2.2931631)             (0.13608352 -0.029911002 0.025376289)         (-0.64055283 1.2615693 2.3185394)             (-0.0010045457 0.0016704741 0.0029661076)     (0.00017601816 -3.8688592e-05 3.2823136e-05)  (-0.00082852749 0.0016317855 0.0029989308)   
zhongyangyi               (1027.3129 0.045947804 14347.799)             (1.663499 -0.1451848 0.35054048)              (1028.9764 -0.099236999 14348.149)            (1.3287849 5.9431504e-05 18.558259)           (0.0021516643 -0.00018779029 0.000453409)     (1.3309366 -0.00012835878 18.558713)         
zuofuyi                   (13.712876 1.6181692 38.176533)               (0.10980693 -0.071644822 0.031692316)         (13.822683 1.5465244 38.208226)               (0.017737014 0.0020930321 0.049379701)        (0.00014203053 -9.266949e-05 4.0992645e-05)   (0.017879044 0.0020003626 0.049420693)       
zuoweiduo                 (-0.69726635 -2.0978876 3.5878546)            (0.12754371 -0.023175216 0.0051844669)        (-0.56972264 -2.1210628 3.593039)             (-0.00090188398 -0.0027135272 0.0046407353)   (0.00016497229 -2.9976143e-05 6.7058845e-06)  (-0.00073691169 -0.0027435033 0.0046474411)  
------------------------- --------------------------------------------- --------------------------------------------- --------------------------------------------- --------------------------------------------- --------------------------------------------- ---------------------------------------------
Net                       (-120.40971 -27.711879 1174.6256)             (9.7939493 -1.3841544 2.4303433)              (-110.61576 -29.096033 1177.0559)             (-0.15574477 -0.035844121 1.5193276)          (0.012668051 -0.0017903441 0.0031435443)      (-0.14307671 -0.037634465 1.5224711)         

Forces - Direction Vector (0.96085288 -0.1391731 0.23956753)
                          Forces [N]                                      Coefficients                                   
Zone                      Pressure        Viscous         Total           Pressure        Viscous         Total          
jidi                      1101.4664       0.00085703461   1101.4673       1.4246993       1.1085373e-06   1.4247004      
jishen                    5746.4212       1.238342        5747.6595       7.4327482       0.001601742     7.4343499      
jitou                     -10810.498      1.1415563       -10809.356      -13.982913      0.0014765539    -13.981437     
liangan                   -810.43586      1.395431        -809.04043      -1.0482639      0.0018049299    -1.0464589     
waiyi                     247.56691       2.7349818       250.30189       0.32021712      0.0035375811    0.32375471     
weiyi                     180.88181       1.0688146       181.95063       0.23396283      0.0013824656    0.23534529     
xiaoyi                    60.758395       0.36180989      61.120204       0.078588365     0.00046798551   0.079056351    
youfuyi                   6.8435756       0.14997005      6.9935457       0.0088518702    0.0001939798    0.00904585     
youweiduo                 -0.37660517     0.14099838      -0.23560679     -0.00048712256  0.00018237533   -0.00030474723 
zhongyangyi               4424.3568       1.7025617       4426.0593       5.7227148       0.0022021902    5.724917       
zuofuyi                   22.096708       0.12307178      22.21978        0.02858114      0.00015918805   0.028740328    
zuoweiduo                 0.48153258      0.12701814      0.60855072      0.00062284165   0.00016429249   0.00078713413  
------------------------- --------------- --------------- --------------- --------------- --------------- ---------------
Net                       169.56289       10.185413       179.7483        0.21932229      0.013174392     0.23249668     
