                                    "Force Report"

Moments - Moment Center (0 0 0.05)
                          Moments [N m]                                                                                                                             Coefficients                                                                                                                             
Zone                      Pressure                                      Viscous                                       Total                                         Pressure                                      Viscous                                       Total                                        
jidi                      (2.3107388e-10 -22.879705 0.0036735321)       (-0.00010054604 0.00050878567 -0.0011965551)  (-0.0001005458 -22.879196 0.002476977)        (8.1953419e-13 -0.081145909 1.3028669e-05)    (-3.5659986e-07 1.8044759e-06 -4.2437414e-06) (-3.5659904e-07 -0.081144104 8.7849275e-06)  
jishen                    (0.42038208 -232.42568 2.5614777)             (-0.024698526 -0.088478025 -0.010271438)      (0.39568356 -232.51416 2.5512063)             (0.0014909408 -0.82432851 0.0090846206)       (-8.75966e-05 -0.00031379906 -3.6429018e-05)  (0.0014033442 -0.82464231 0.0090481916)      
jitou                     (-0.86188167 532.51347 8.4348082)             (-0.0094640128 -0.10428311 0.10602704)        (-0.87134569 532.40919 8.5408353)             (-0.0030567777 1.8886297 0.029915167)         (-3.3565377e-05 -0.00036985388 0.00037603895) (-0.0030903431 1.8882598 0.030291206)        
liangan                   (-0.032422443 646.08594 -0.59363596)          (0.015440284 0.13270095 -0.011976974)         (-0.016982159 646.21864 -0.60561293)          (-0.0001149905 2.2914295 -0.0021054087)       (5.4761017e-05 0.00047064154 -4.2477928e-05)  (-6.022948e-05 2.2919002 -0.0021478866)      
waiyi                     (-78.078878 -51.420709 3.2242726)             (-0.039948112 0.5569892 -0.059042783)         (-78.118826 -50.86372 3.1652298)              (-0.2769171 -0.18237037 0.011435311)          (-0.00014168128 0.0019754361 -0.00020940306)  (-0.27705878 -0.18039493 0.011225908)        
weiyi                     (-8.1451783 -629.89512 -24.646767)            (0.075687892 0.57481915 -0.23684761)          (-8.0694905 -629.3203 -24.883614)             (-0.028887956 -2.2340066 -0.087413028)        (0.00026843715 0.0020386724 -0.00084001146)   (-0.028619519 -2.231968 -0.08825304)         
xiaoyi                    (0.75833639 55.934581 -0.46345647)            (0.019599113 0.041894268 -0.02477387)         (0.7779355 55.976476 -0.48823034)             (0.0026895406 0.19837942 -0.0016437099)       (6.9510856e-05 0.00014858358 -8.7863817e-05)  (0.0027590515 0.198528 -0.0017315737)        
youfuyi                   (12.677564 -1.8495404 0.986671)               (0.0052301895 0.021466847 -0.23200716)        (12.682795 -1.8280735 0.75466383)             (0.044962665 -0.0065596403 0.0034993596)      (1.8549561e-05 7.613502e-05 -0.00082284419)   (0.044981214 -0.0064835053 0.0026765154)     
youweiduo                 (-0.2508185 1.6489201 -0.7779417)             (0.0095975157 0.039774508 -0.098840345)       (-0.24122099 1.6886946 -0.87678205)           (-0.0008895611 0.0058481138 -0.0027590735)    (3.4038863e-05 0.00014106557 -0.0003505504)   (-0.00085552224 0.0059891794 -0.0031096239)  
zhongyangyi               (0.21589672 -288.73425 -0.12470895)           (0.036702851 0.30795784 -0.014476239)         (0.25259957 -288.42629 -0.13918519)           (0.00076570635 -1.0240343 -0.00044229684)     (0.00013017153 0.0010922133 -5.1341903e-05)   (0.00089587789 -1.0229421 -0.00049363875)    
zuofuyi                   (-41.086122 -4.2626258 18.367353)             (-0.039558152 0.0086974153 0.13468512)        (-41.125681 -4.2539284 18.502038)             (-0.14571738 -0.015117968 0.065142255)        (-0.00014029824 3.0846538e-05 0.00047767866)  (-0.14585768 -0.015087122 0.065619934)       
zuoweiduo                 (-0.12979918 -0.49774989 -0.39406556)         (0.01854723 0.078076235 0.0096106981)         (-0.11125195 -0.41967365 -0.38445486)         (-0.00046035 -0.001765336 -0.0013976058)      (6.5780212e-05 0.00027690773 3.4085616e-05)   (-0.00039456979 -0.0014884283 -0.0013635202) 
------------------------- --------------------------------------------- --------------------------------------------- --------------------------------------------- --------------------------------------------- --------------------------------------------- ---------------------------------------------
Net                       (-114.51292 4.2175339 6.577681)               (0.067035726 1.5701241 -0.43911012)           (-114.44589 5.787658 6.1385709)               (-0.40613527 0.014958044 0.023328618)         (0.0002377511 0.0055686533 -0.0015573623)     (-0.40589752 0.020526697 0.021771256)        

Moments - Moment Center (0 0 0.05) Moment Axis (0 1 0)
                          Moments [N m]                                   Coefficients                                   
Zone                      Pressure        Viscous         Total           Pressure        Viscous         Total          
jidi                      -22.879705      0.00050878567   -22.879196      -0.081145909    1.8044759e-06   -0.081144104   
jishen                    -232.42568      -0.088478025    -232.51416      -0.82432851     -0.00031379906  -0.82464231    
jitou                     532.51347       -0.10428311     532.40919       1.8886297       -0.00036985388  1.8882598      
liangan                   646.08594       0.13270095      646.21864       2.2914295       0.00047064154   2.2919002      
waiyi                     -51.420709      0.5569892       -50.86372       -0.18237037     0.0019754361    -0.18039493    
weiyi                     -629.89512      0.57481915      -629.3203       -2.2340066      0.0020386724    -2.231968      
xiaoyi                    55.934581       0.041894268     55.976476       0.19837942      0.00014858358   0.198528       
youfuyi                   -1.8495404      0.021466847     -1.8280735      -0.0065596403   7.613502e-05    -0.0064835053  
youweiduo                 1.6489201       0.039774508     1.6886946       0.0058481138    0.00014106557   0.0059891794   
zhongyangyi               -288.73425      0.30795784      -288.42629      -1.0240343      0.0010922133    -1.0229421     
zuofuyi                   -4.2626258      0.0086974153    -4.2539284      -0.015117968    3.0846538e-05   -0.015087122   
zuoweiduo                 -0.49774989     0.078076235     -0.41967365     -0.001765336    0.00027690773   -0.0014884283  
------------------------- --------------- --------------- --------------- --------------- --------------- ---------------
Net                       4.2175339       1.5701241       5.787658        0.014958044     0.0055686533    0.020526697    
