                                    "Force Report"

Moments - Moment Center (0 0 0.05)
                          Moments [N m]                                                                                                                             Coefficients                                                                                                                             
Zone                      Pressure                                      Viscous                                       Total                                         Pressure                                      Viscous                                       Total                                        
jidi                      (1.4520962e-08 -22.944558 0.012935633)        (-6.5036747e-05 -0.0042535897 0.0022421413)   (-6.5022226e-05 -22.948812 0.015177774)       (5.1500518e-11 -0.081375921 4.5877939e-05)    (-2.3066145e-07 -1.508592e-05 7.9520516e-06)  (-2.3060995e-07 -0.081391007 5.3829991e-05)  
jishen                    (-0.40881513 -232.33412 2.9599187)            (-0.023861699 -0.097791183 0.016283961)       (-0.43267683 -232.43191 2.9762026)            (-0.0014499171 -0.82400377 0.010497744)       (-8.462868e-05 -0.00034682941 5.775323e-05)   (-0.0015345458 -0.8243506 0.010555498)       
jitou                     (-1.2907537 555.63288 12.768065)              (-0.014333104 0.16597159 0.16327773)          (-1.3050868 555.79885 12.931343)              (-0.0045778294 1.9706257 0.045283636)         (-5.0834256e-05 0.00058864026 0.00057908614)  (-0.0046286637 1.9712144 0.045862722)        
liangan                   (-0.78736793 649.93777 -2.1853568)            (0.00070625212 0.12268899 -0.0096188058)      (-0.78666168 650.06046 -2.1949756)            (-0.0027925048 2.3050906 -0.0077506579)       (2.5048169e-06 0.00043513278 -3.4114371e-05)  (-0.00279 2.3055257 -0.0077847722)           
waiyi                     (-13.734881 -47.67995 -6.3956566)             (0.11476846 0.41032846 -0.28975186)           (-13.620113 -47.269622 -6.6854084)            (-0.04871258 -0.16910327 -0.022683045)        (0.00040704159 0.0014552843 -0.0010276434)    (-0.048305538 -0.16764799 -0.023710688)      
weiyi                     (-8.5996126 -740.25834 -19.264023)            (0.059357355 0.11088321 -0.29081078)          (-8.5402553 -740.14745 -19.554833)            (-0.030499667 -2.6254244 -0.068322412)        (0.00021051873 0.00039326202 -0.001031399)    (-0.030289149 -2.6250312 -0.069353811)       
xiaoyi                    (20.22096 55.701507 -1.6015929)               (0.13628891 0.032404045 0.016990665)          (20.357249 55.733911 -1.5846022)              (0.07171632 0.19755279 -0.0056802618)         (0.00048336671 0.00011492525 6.025965e-05)    (0.072199686 0.19766771 -0.0056200021)       
youfuyi                   (30.68313 -4.3045529 -0.56504567)             (0.063292009 0.0081569467 -0.17149288)        (30.746422 -4.296396 -0.73653856)             (0.10882179 -0.015266668 -0.0020040095)       (0.00022447351 2.8929694e-05 -0.00060822227)  (0.10904627 -0.015237738 -0.0026122317)      
youweiduo                 (0.10558272 -2.6969567 1.6223594)             (0.020217737 0.0037544513 -0.10755107)        (0.12580046 -2.6932023 1.5148083)             (0.00037446312 -0.0095651149 0.0057539127)    (7.1704887e-05 1.331566e-05 -0.00038144415)   (0.00044616801 -0.0095517993 0.0053724686)   
zhongyangyi               (-11.294235 -276.53197 -2.8705048)            (-0.0069620241 0.26159144 -0.0081688229)      (-11.301197 -276.27038 -2.8786736)            (-0.040056502 -0.98075732 -0.010180626)       (-2.4691742e-05 0.00092776876 -2.8971814e-05) (-0.040081194 -0.97982955 -0.010209598)      
zuofuyi                   (-44.514012 -4.982219 15.886281)              (-0.027663935 0.007988612 0.10577684)         (-44.541676 -4.9742304 15.992058)             (-0.15787485 -0.017670101 0.056342803)        (-9.8113816e-05 2.8332673e-05 0.00037515159)  (-0.15797296 -0.017641768 0.056717954)       
zuoweiduo                 (-0.56986763 -7.2328225 -4.2004746)           (0.0051004248 0.021726759 0.016868721)        (-0.56476721 -7.2110958 -4.1836059)           (-0.0020211112 -0.025652165 -0.014897541)     (1.8089333e-05 7.7056833e-05 5.9827159e-05)   (-0.0020030219 -0.025575108 -0.014837713)    
------------------------- --------------------------------------------- --------------------------------------------- --------------------------------------------- --------------------------------------------- --------------------------------------------- ---------------------------------------------
Net                       (-30.189872 -77.69332 -3.8330946)             (0.32684536 1.0434497 -0.55595417)            (-29.863027 -76.64987 -4.3890488)             (-0.10707239 -0.27554967 -0.013594579)        (0.0011592004 0.0037007329 -0.0019717652)     (-0.10591319 -0.27184893 -0.015566344)       

Moments - Moment Center (0 0 0.05) Moment Axis (0 1 0)
                          Moments [N m]                                   Coefficients                                   
Zone                      Pressure        Viscous         Total           Pressure        Viscous         Total          
jidi                      -22.944558      -0.0042535897   -22.948812      -0.081375921    -1.508592e-05   -0.081391007   
jishen                    -232.33412      -0.097791183    -232.43191      -0.82400377     -0.00034682941  -0.8243506     
jitou                     555.63288       0.16597159      555.79885       1.9706257       0.00058864026   1.9712144      
liangan                   649.93777       0.12268899      650.06046       2.3050906       0.00043513278   2.3055257      
waiyi                     -47.67995       0.41032846      -47.269622      -0.16910327     0.0014552843    -0.16764799    
weiyi                     -740.25834      0.11088321      -740.14745      -2.6254244      0.00039326202   -2.6250312     
xiaoyi                    55.701507       0.032404045     55.733911       0.19755279      0.00011492525   0.19766771     
youfuyi                   -4.3045529      0.0081569467    -4.296396       -0.015266668    2.8929694e-05   -0.015237738   
youweiduo                 -2.6969567      0.0037544513    -2.6932023      -0.0095651149   1.331566e-05    -0.0095517993  
zhongyangyi               -276.53197      0.26159144      -276.27038      -0.98075732     0.00092776876   -0.97982955    
zuofuyi                   -4.982219       0.007988612     -4.9742304      -0.017670101    2.8332673e-05   -0.017641768   
zuoweiduo                 -7.2328225      0.021726759     -7.2110958      -0.025652165    7.7056833e-05   -0.025575108   
------------------------- --------------- --------------- --------------- --------------- --------------- ---------------
Net                       -77.69332       1.0434497       -76.64987       -0.27554967     0.0037007329    -0.27184893    
