                                    "Force Report"

Moments - Moment Center (0 0 0.05)
                          Moments [N m]                                                                                                                             Coefficients                                                                                                                             
Zone                      Pressure                                      Viscous                                       Total                                         Pressure                                      Viscous                                       Total                                        
jidi                      (-5.9734193e-09 -22.895348 0.00021179855)     (7.893287e-06 0.00038370018 0.000324248)      (7.8873136e-06 -22.894965 0.00053604655)      (-2.1185524e-11 -0.081201391 7.5117166e-07)   (2.799459e-08 1.3608436e-06 1.1499886e-06)    (2.7973404e-08 -0.08120003 1.9011602e-06)    
jishen                    (0.1628972 -231.50156 0.94956824)             (-0.011239865 -0.077615255 -0.0082672701)     (0.15165733 -231.57917 0.94130097)            (0.00057773652 -0.821051 0.0033677698)        (-3.9863674e-05 -0.0002752728 -2.932097e-05)  (0.00053787285 -0.82132627 0.0033384488)     
jitou                     (-0.41854947 538.98044 4.1090073)             (-0.0045832497 -0.035453899 0.052209329)      (-0.42313272 538.94499 4.1612167)             (-0.0014844412 1.9115656 0.01457314)          (-1.6255103e-05 -0.00012574196 0.00018516731) (-0.0015006963 1.9114399 0.014758307)        
liangan                   (-0.083608363 646.58707 -0.47150334)          (0.010607993 0.11597376 -0.0062820169)        (-0.07300037 646.70304 -0.47778536)           (-0.00029652815 2.2932068 -0.0016722492)      (3.7622653e-05 0.00041131633 -2.2280007e-05)  (-0.0002589055 2.2936182 -0.0016945292)      
waiyi                     (-70.159745 -47.769158 -1.8218408)            (-0.06442126 0.64485971 -0.021513616)         (-70.224166 -47.124299 -1.8433545)            (-0.24883085 -0.16941966 -0.0064614003)       (-0.00022847855 0.0022870805 -7.6300892e-05)  (-0.24905932 -0.16713258 -0.0065377012)      
weiyi                     (-4.4389278 -661.91726 -13.828503)            (0.040702372 0.53336732 -0.14728948)          (-4.3982254 -661.38389 -13.975793)            (-0.015743246 -2.3475774 -0.049044623)        (0.00014435637 0.001891658 -0.00052238168)    (-0.01559889 -2.3456857 -0.049567004)        
xiaoyi                    (1.9265966 55.89588 -0.063914086)             (0.02193981 0.039425624 -0.011244235)         (1.9485364 55.935305 -0.075158321)            (0.0068329303 0.19824215 -0.00022667979)      (7.7812447e-05 0.00013982821 -3.9879171e-05)  (0.0069107428 0.19838198 -0.00026655896)     
youfuyi                   (16.291087 -2.3572409 0.9181324)              (0.019827978 0.018189902 -0.21783437)         (16.310914 -2.339051 0.70029803)              (0.0577785 -0.0083602677 0.0032562784)        (7.0322554e-05 6.4512903e-05 -0.00077257848)  (0.057848823 -0.0082957548 0.0024836999)     
youweiduo                 (-0.033524602 0.1274304 0.078711624)          (0.0061889741 0.040355141 -0.082392241)       (-0.027335627 0.16778554 -0.0036806164)       (-0.00011889945 0.00045194882 0.00027916122)  (2.1950018e-05 0.00014312486 -0.00029221501)  (-9.694943e-05 0.00059507368 -1.3053794e-05) 
zhongyangyi               (-2.2045859 -281.81461 0.15039426)            (0.015301959 0.3551591 -0.0012758583)         (-2.1892839 -281.45945 0.1491184)             (-0.0078188563 -0.99949289 0.00053339319)     (5.4270427e-05 0.0012596189 -4.5250007e-06)   (-0.0077645859 -0.99823328 0.00052886819)    
zuofuyi                   (-40.856264 -4.2348036 17.601663)             (-0.029471559 0.011435136 0.1529377)          (-40.885735 -4.2233685 17.7546)               (-0.14490216 -0.015019293 0.062426632)        (-0.00010452479 4.0556228e-05 0.00054241384)  (-0.14500669 -0.014978737 0.062969046)       
zuoweiduo                 (-0.14927425 -1.0144807 -0.72121984)          (0.0094565833 0.061792008 0.033690779)        (-0.13981767 -0.95268873 -0.68752906)         (-0.00052942094 -0.0035979906 -0.0025579019)  (3.3539028e-05 0.00021915356 0.00011948882)   (-0.00049588191 -0.003378837 -0.0024384131)  
------------------------- --------------------------------------------- --------------------------------------------- --------------------------------------------- --------------------------------------------- --------------------------------------------- ---------------------------------------------
Net                       (-99.963899 -11.91364 6.9007066)              (0.014317628 1.7078722 -0.25693703)           (-99.949582 -10.205768 6.6437696)             (-0.35453523 -0.042253306 0.024474272)        (5.0779368e-05 0.0060571956 -0.00091126126)   (-0.35448445 -0.03619611 0.023563011)        

Moments - Moment Center (0 0 0.05) Moment Axis (0 1 0)
                          Moments [N m]                                   Coefficients                                   
Zone                      Pressure        Viscous         Total           Pressure        Viscous         Total          
jidi                      -22.895348      0.00038370018   -22.894965      -0.081201391    1.3608436e-06   -0.08120003    
jishen                    -231.50156      -0.077615255    -231.57917      -0.821051       -0.0002752728   -0.82132627    
jitou                     538.98044       -0.035453899    538.94499       1.9115656       -0.00012574196  1.9114399      
liangan                   646.58707       0.11597376      646.70304       2.2932068       0.00041131633   2.2936182      
waiyi                     -47.769158      0.64485971      -47.124299      -0.16941966     0.0022870805    -0.16713258    
weiyi                     -661.91726      0.53336732      -661.38389      -2.3475774      0.001891658     -2.3456857     
xiaoyi                    55.89588        0.039425624     55.935305       0.19824215      0.00013982821   0.19838198     
youfuyi                   -2.3572409      0.018189902     -2.339051       -0.0083602677   6.4512903e-05   -0.0082957548  
youweiduo                 0.1274304       0.040355141     0.16778554      0.00045194882   0.00014312486   0.00059507368  
zhongyangyi               -281.81461      0.3551591       -281.45945      -0.99949289     0.0012596189    -0.99823328    
zuofuyi                   -4.2348036      0.011435136     -4.2233685      -0.015019293    4.0556228e-05   -0.014978737   
zuoweiduo                 -1.0144807      0.061792008     -0.95268873     -0.0035979906   0.00021915356   -0.003378837   
------------------------- --------------- --------------- --------------- --------------- --------------- ---------------
Net                       -11.91364       1.7078722       -10.205768      -0.042253306    0.0060571956    -0.03619611    
