                                    "Force Report"

Moments - Moment Center (0 0 0.05)
                          Moments [N m]                                                                                                                             Coefficients                                                                                                                             
Zone                      Pressure                                      Viscous                                       Total                                         Pressure                                      Viscous                                       Total                                        
jidi                      (-1.281135e-08 -22.906278 0.0024693713)       (4.6684476e-05 -0.0015633272 0.0008111158)    (4.6671665e-05 -22.907842 0.0032804871)       (-4.5437151e-11 -0.081240156 8.7579531e-06)   (1.6557269e-07 -5.5445472e-06 2.8767298e-06)  (1.6552725e-07 -0.0812457 1.1634683e-05)     
jishen                    (0.097140973 -230.06159 0.70814867)           (-0.01015495 -0.068002033 -0.0036773384)      (0.086986023 -230.1296 0.70447133)            (0.00034452335 -0.81594397 0.0025115432)      (-3.6015877e-05 -0.00024117823 -1.3042169e-05) (0.00030850747 -0.81618515 0.0024985011)     
jitou                     (-0.4119448 545.55538 4.0664607)              (-0.0044944002 0.032962482 0.052194331)       (-0.4164392 545.58834 4.118655)               (-0.0014610169 1.9348845 0.014422242)         (-1.5939987e-05 0.00011690582 0.00018511412)  (-0.0014769569 1.9350014 0.014607357)        
liangan                   (0.025375462 647.65015 -0.8783072)            (0.0050935784 0.11111343 -0.019798539)        (0.030469041 647.76126 -0.89810574)           (8.9997444e-05 2.2969772 -0.003115033)        (1.8065052e-05 0.00039407852 -7.0218145e-05)  (0.0001080625 2.2973713 -0.0031852512)       
waiyi                     (-65.875717 -46.089527 -5.706834)             (-0.051575409 0.65080226 -0.098733168)        (-65.927293 -45.438725 -5.8055671)            (-0.23363697 -0.16346262 -0.020240044)        (-0.00018291903 0.0023081566 -0.00035017028)  (-0.23381989 -0.16115447 -0.020590214)       
weiyi                     (-4.7578165 -695.8862 -14.682479)             (0.036015636 0.43524437 -0.15369945)          (-4.7218008 -695.45096 -14.836178)            (-0.016874227 -2.4680528 -0.052073359)        (0.00012773423 0.0015436519 -0.0005451155)    (-0.016746493 -2.4665091 -0.052618474)       
xiaoyi                    (3.6535333 55.935921 0.039425816)             (0.035515497 0.038411768 -0.010811262)        (3.6890488 55.974333 0.028614555)             (0.012957741 0.19838417 0.00013982889)        (0.00012596042 0.00013623243 -3.8343574e-05)  (0.013083701 0.1985204 0.00010148532)        
youfuyi                   (19.779595 -2.8583424 0.64134909)             (0.035038981 0.013661579 -0.19389736)         (19.814634 -2.8446808 0.44745173)             (0.070150958 -0.010137491 0.0022746297)       (0.0001242704 4.8452604e-05 -0.00068768271)   (0.070275228 -0.010089038 0.0015869469)      
youweiduo                 (0.049009424 -0.79735995 0.60876013)          (0.0083911393 0.033066605 -0.083449364)       (0.057400564 -0.76429335 0.52531076)          (0.00017381843 -0.0028279429 0.0021590486)    (2.9760289e-05 0.0001172751 -0.00029596424)   (0.00020357872 -0.0027106678 0.0018630843)   
zhongyangyi               (-1.9739443 -276.40147 0.34557445)            (0.0097032004 0.36760685 -0.018585013)        (-1.9642411 -276.03386 0.32698944)            (-0.0070008553 -0.98029448 0.0012256257)      (3.4413688e-05 0.0013037665 -6.5914216e-05)   (-0.0069664417 -0.97899072 0.0011597114)     
zuofuyi                   (-41.748437 -4.4308524 16.927074)             (-0.033084314 0.01006337 0.1433124)           (-41.781521 -4.420789 17.070386)              (-0.14806637 -0.015714606 0.060034113)        (-0.00011733791 3.5691076e-05 0.00050827643)  (-0.14818371 -0.015678915 0.060542389)       
zuoweiduo                 (-0.22825501 -1.916206 -1.2462196)            (0.005490901 0.050852098 0.037393447)         (-0.22276411 -1.8653539 -1.2088262)           (-0.0008095367 -0.0067960787 -0.0044198833)   (1.9474209e-05 0.00018035371 0.00013262082)   (-0.00079006249 -0.006615725 -0.0042872625)  
------------------------- --------------------------------------------- --------------------------------------------- --------------------------------------------- --------------------------------------------- --------------------------------------------- ---------------------------------------------
Net                       (-91.391461 -32.206381 0.82542247)            (0.035986544 1.6742194 -0.34894021)           (-91.355474 -30.532162 0.47648226)            (-0.32413194 -0.1142242 0.0029274703)         (0.00012763105 0.0059378414 -0.0012375627)    (-0.32400431 -0.10828636 0.0016899076)       

Moments - Moment Center (0 0 0.05) Moment Axis (0 1 0)
                          Moments [N m]                                   Coefficients                                   
Zone                      Pressure        Viscous         Total           Pressure        Viscous         Total          
jidi                      -22.906278      -0.0015633272   -22.907842      -0.081240156    -5.5445472e-06  -0.0812457     
jishen                    -230.06159      -0.068002033    -230.1296       -0.81594397     -0.00024117823  -0.81618515    
jitou                     545.55538       0.032962482     545.58834       1.9348845       0.00011690582   1.9350014      
liangan                   647.65015       0.11111343      647.76126       2.2969772       0.00039407852   2.2973713      
waiyi                     -46.089527      0.65080226      -45.438725      -0.16346262     0.0023081566    -0.16115447    
weiyi                     -695.8862       0.43524437      -695.45096      -2.4680528      0.0015436519    -2.4665091     
xiaoyi                    55.935921       0.038411768     55.974333       0.19838417      0.00013623243   0.1985204      
youfuyi                   -2.8583424      0.013661579     -2.8446808      -0.010137491    4.8452604e-05   -0.010089038   
youweiduo                 -0.79735995     0.033066605     -0.76429335     -0.0028279429   0.0001172751    -0.0027106678  
zhongyangyi               -276.40147      0.36760685      -276.03386      -0.98029448     0.0013037665    -0.97899072    
zuofuyi                   -4.4308524      0.01006337      -4.420789       -0.015714606    3.5691076e-05   -0.015678915   
zuoweiduo                 -1.916206       0.050852098     -1.8653539      -0.0067960787   0.00018035371   -0.006615725   
------------------------- --------------- --------------- --------------- --------------- --------------- ---------------
Net                       -32.206381      1.6742194       -30.532162      -0.1142242      0.0059378414    -0.10828636    
