                                    "Force Report"

Forces
                          Forces [N]                                                                                                                                Coefficients                                                                                                                             
Zone                      Pressure                                      Viscous                                       Total                                         Pressure                                      Viscous                                       Total                                        
jidi                      (1145.4846 2.2880334e-08 0.00043584589)       (2.9379808e-09 -0.0017966087 0.00080755174)   (1145.4846 -0.0017965858 0.0012433976)        (1.481635 2.9594726e-11 5.6374788e-07)        (3.8001515e-12 -2.3238359e-06 1.0445334e-06)  (1.481635 -2.3238063e-06 1.6082813e-06)      
jishen                    (9086.0947 1.9243808 -12507.911)              (1.2155674 -0.16749453 -0.052925261)          (9087.3103 1.7568863 -12507.964)              (11.752472 0.0024891036 -16.178444)           (0.0015722841 -0.00021664696 -6.8456544e-05)  (11.754044 0.0022724567 -16.178513)          
jitou                     (-11254.587 -19.647267 10.657815)             (1.1299084 -0.25207554 0.13231897)            (-11253.457 -19.899342 10.790134)             (-14.557323 -0.025412893 0.013785424)         (0.0014614878 -0.00032604884 0.00017114889)   (-14.555862 -0.025738942 0.013956573)        
liangan                   (-81.127491 -1.7446037 -3071.8466)            (1.227848 -0.16295181 0.097958337)            (-79.899643 -1.9075555 -3071.7486)            (-0.10493491 -0.0022565697 -3.9733012)        (0.0015881685 -0.00021077114 0.00012670489)   (-0.10334674 -0.0024673408 -3.9731745)       
waiyi                     (-151.10187 0.87938546 1715.7774)             (4.1546036 -0.79057186 0.4434547)             (-146.94726 0.088813603 1716.2209)            (-0.19544376 0.0011374472 2.2192841)          (0.0053738007 -0.0010225706 0.00057358954)    (-0.19006995 0.00011487657 2.2198577)        
weiyi                     (42.434698 -27.465633 543.91027)              (1.3572274 -0.29958186 0.012516481)           (43.791925 -27.765215 543.92279)              (0.054887453 -0.035525613 0.7035245)          (0.0017555152 -0.00038749623 1.6189529e-05)   (0.056642968 -0.035913109 0.70354069)        
xiaoyi                    (152.17618 -1.7773009 -370.65118)             (0.32993423 -0.06515776 0.015804278)          (152.50612 -1.8424586 -370.63538)             (0.19683333 -0.0022988621 -0.47942133)        (0.00042675571 -8.4278755e-05 2.0442153e-05)  (0.19726009 -0.0023831408 -0.47940089)       
youfuyi                   (2.8676034 0.38784311 -22.488869)             (0.036727965 -0.088028497 -0.050165648)       (2.9043314 0.29981461 -22.539035)             (0.0037091214 0.00050165834 -0.029088383)     (4.750604e-05 -0.00011386107 -6.4887104e-05)  (0.0037566275 0.00038779728 -0.02915327)     
youweiduo                 (-0.90807088 -0.27479592 -0.43755417)         (0.14964907 -0.048558583 0.019102101)         (-0.75842182 -0.3233545 -0.41845207)          (-0.0011745506 -0.00035543668 -0.00056595746) (0.00019356462 -6.2808434e-05 2.4707744e-05)  (-0.00098098594 -0.00041824511 -0.00054124972)
zhongyangyi               (1046.9319 -0.020898574 14261.088)            (2.4787977 -0.3353674 0.20024014)             (1049.4107 -0.35626597 14261.288)             (1.3541613 -2.7031404e-05 18.446102)          (0.0032062181 -0.00043378328 0.00025900199)   (1.3573675 -0.00046081468 18.446361)         
zuofuyi                   (-0.61705612 0.57514739 15.290754)            (0.16898159 -0.064167244 0.02402152)          (-0.44807453 0.51098015 15.314775)            (-0.0007981355 0.00074392837 0.019777931)     (0.00021857041 -8.2997566e-05 3.10708e-05)    (-0.0005795651 0.0006609308 0.019809002)     
zuoweiduo                 (-0.89047652 -0.73570931 1.3358858)           (0.14526772 -0.037699878 -0.017112017)        (-0.7452088 -0.77340919 1.3187738)            (-0.001151793 -0.00095160829 0.0017279107)    (0.00018789753 -4.8763167e-05 -2.2133657e-05) (-0.00096389547 -0.0010003715 0.0017057771)  
------------------------- --------------------------------------------- --------------------------------------------- --------------------------------------------- --------------------------------------------- --------------------------------------------- ---------------------------------------------
Net                       (-13.242071 -47.899451 574.72466)             (12.394513 -2.3134516 0.82602115)             (-0.84755825 -50.212903 575.55068)            (-0.017128049 -0.061955876 0.74338158)        (0.016031769 -0.0029923499 0.0010684228)      (-0.0010962801 -0.064948226 0.74445)         

Forces - Direction Vector (0.97576488 -0.20791169 0.068232127)
                          Forces [N]                                      Coefficients                                   
Zone                      Pressure        Viscous         Total           Pressure        Viscous         Total          
jidi                      1117.7237       0.00042863979   1117.7241       1.4457275       5.544271e-07    1.445728       
jishen                    8012.0507       1.2173209       8013.268        10.363242       0.0015745521    10.364817      
jitou                     -10977.019      1.1639628       -10975.855      -14.1983        0.0015055357    -14.196795     
liangan                   -288.39726      1.2386545       -287.1586       -0.37302943     0.0016021462    -0.37142728    
waiyi                     -30.551589      4.2485433       -26.303046      -0.039517164    0.0054953077    -0.034021857   
weiyi                     84.228869       1.3874755       85.616344       0.10894641      0.0017946397    0.11074105     
xiaoyi                    123.56738       0.33656366      123.90394       0.15982908      0.00043533059   0.16026441     
youfuyi                   1.1830062       0.050717103     1.2337233       0.0015301675    6.5600387e-05   0.0015957679   
youweiduo                 -0.85878565     0.15742158      -0.70136407     -0.0011108022   0.00020361803   -0.0009071842  
zhongyangyi               1994.628        2.5021134       1997.1301       2.5799654       0.0032363759    2.5832018      
zuofuyi                   0.32163911      0.17986646      0.50150557      0.00041602632   0.00023264952   0.00064867584  
zuoweiduo                 -0.62478282     0.14841779      -0.47636503     -0.00080812966  0.00019197202   -0.00061615763 
------------------------- --------------- --------------- --------------- --------------- --------------- ---------------
Net                       36.252393       12.631486       48.883879       0.046890909     0.016338282     0.063229191    
