                                    "Force Report"

Forces
                          Forces [N]                                                                                                                                Coefficients                                                                                                                             
Zone                      Pressure                                      Viscous                                       Total                                         Pressure                                      Viscous                                       Total                                        
jidi                      (1144.992 3.432646e-07 0.00043521647)         (3.0296944e-08 -0.0011383913 0.0045761456)    (1144.992 -0.0011380481 0.0050113621)         (1.4809979 4.4399797e-10 5.6293375e-07)       (3.9187792e-11 -1.4724601e-06 5.9190472e-06)  (1.4809979 -1.4720161e-06 6.4819809e-06)     
jishen                    (9084.8542 1.2580309 -12497.41)               (1.1526049 0.0077641946 0.032956095)          (9086.0068 1.2657951 -12497.377)              (11.750867 0.0016272088 -16.164861)           (0.0014908447 1.0042651e-05 4.2627289e-05)    (11.752358 0.0016372514 -16.164819)          
jitou                     (-11255.351 0.31790114 21.058514)             (1.1417283 0.0013708025 0.23680475)           (-11254.21 0.31927194 21.295318)              (-14.558312 0.00041119142 0.02723828)         (0.0014767764 1.7730739e-06 0.00030629673)    (-14.556835 0.0004129645 0.027544576)        
liangan                   (-81.174533 2.327441 -3071.0666)              (1.2243311 0.060201768 0.089128731)           (-79.950202 2.3876427 -3070.9775)             (-0.10499576 0.0030104446 -3.9722923)         (0.0015836195 7.7868393e-05 0.00011528417)    (-0.10341214 0.003088313 -3.972177)          
waiyi                     (-183.47459 0.59563648 1851.8234)             (3.8251368 -0.0051942804 0.73875774)          (-179.64945 0.5904422 1852.5621)              (-0.23731648 0.00077043012 2.3952537)         (0.0049476496 -6.7185778e-06 0.0009555513)    (-0.23236883 0.00076371154 2.3962093)        
weiyi                     (45.106048 -3.1473611 571.4903)               (1.4809229 0.0031938816 0.060864469)          (46.586971 -3.1441672 571.55117)              (0.058342729 -0.004070976 0.73919808)         (0.0019155099 4.1311482e-06 7.8725567e-05)    (0.060258239 -0.0040668448 0.73927681)       
xiaoyi                    (153.39345 -0.32813496 -367.81165)            (0.35384738 -0.002051974 0.058009443)         (153.7473 -0.33018693 -367.75364)             (0.19840781 -0.00042442843 -0.47574852)       (0.00045768634 -2.65414e-06 7.5032715e-05)    (0.1988655 -0.00042708257 -0.47567349)       
youfuyi                   (1.0628598 0.22771008 -12.73994)              (-0.032575019 -0.0016911608 -0.030586704)     (1.0302848 0.22601892 -12.770527)             (0.0013747634 0.00029453318 -0.016478564)     (-4.2134384e-05 -2.1874436e-06 -3.9562583e-05) (0.001332629 0.00029234573 -0.016518126)     
youweiduo                 (-0.93026236 0.77240582 1.3447699)            (0.15456001 -0.003208676 0.0038379276)        (-0.77570235 0.76919715 1.3486078)            (-0.0012032543 0.00099907365 0.0017394019)    (0.00019991671 -4.1502841e-06 4.964194e-06)   (-0.0010033376 0.00099492337 0.0017443661)   
zhongyangyi               (1029.5514 0.024864989 14331.841)             (2.2326188 -0.013329902 0.36568682)           (1031.784 0.011535087 14332.206)              (1.3316804 3.2161792e-05 18.537618)           (0.0028877962 -1.7241654e-05 0.00047300014)   (1.3345682 1.4920138e-05 18.538091)          
zuofuyi                   (-0.0014138166 0.6493455 19.425568)           (0.15297568 -0.012439851 0.034545246)         (0.15156186 0.63690565 19.460113)             (-1.8287109e-06 0.00083990042 0.025126135)    (0.00019786745 -1.6090412e-05 4.4682788e-05)  (0.00019603873 0.00082381001 0.025170818)    
zuoweiduo                 (-0.87096129 -0.82310106 1.4573631)           (0.14352784 0.0071384156 0.0080636299)        (-0.72743345 -0.81596265 1.4654267)           (-0.0011265509 -0.0010646458 0.0018850363)    (0.00018564708 9.233233e-06 1.0429958e-05)    (-0.00094090382 -0.0010554125 0.0018954663)  
------------------------- --------------------------------------------- --------------------------------------------- --------------------------------------------- --------------------------------------------- --------------------------------------------- ---------------------------------------------
Net                       (-62.84306 1.8747391 849.4128)                (11.829679 0.040614827 1.6026443)             (-51.013381 1.9153539 851.01544)              (-0.08128479 0.0024248942 1.0986789)          (0.01530118 5.2533528e-05 0.0020729513)       (-0.06598361 0.0024774278 1.1007518)         

Forces - Direction Vector (0.99026864 0 0.1391731)
                          Forces [N]                                      Coefficients                                   
Zone                      Pressure        Viscous         Total           Pressure        Viscous         Total          
jidi                      1133.8491       0.00063690602   1133.8498       1.466585        8.2381049e-07   1.4665858      
jishen                    7257.1388       1.1459744       7258.2847       9.3867963       0.0014822685    9.3882785      
jitou                     -11142.884      1.1635739       -11141.721      -14.412841      0.0015050328    -14.411336     
liangan                   -507.79417      1.2248203       -506.56935      -0.65680987     0.0015842522    -0.65522562    
waiyi                     76.034826       3.890726        79.925552       0.09834777      0.0050324864    0.10338026     
weiyi                     124.20311       1.4749814       125.67809       0.16065137      0.0019078248    0.1625592      
xiaoyi                    100.71118       0.35847712      101.06965       0.13026557      0.00046367471   0.13072924     
youfuyi                   -0.72053984     -0.036514846    -0.75705469     -0.00093198723  -4.723038e-05   -0.00097921761 
youweiduo                 -0.73405343     0.15358998      -0.58046345     -0.00094946648  0.00019866202   -0.00075080446 
zhongyangyi               3014.1375       2.2617849       3016.3992       3.8986569       0.0029255213    3.9015824      
zuofuyi                   2.702115        0.1562947       2.8584097       0.0034950693    0.00020216045   0.0036972297   
zuoweiduo                 -0.65965955     0.14325328      -0.51640626     -0.0008532412   0.00018529195   -0.00066794925 
------------------------- --------------- --------------- --------------- --------------- --------------- ---------------
Net                       55.98387        11.937598       67.921468       0.072412724     0.015440769     0.087853492    
