                                    "Force Report"

Forces
                          Forces [N]                                                                                                                                Coefficients                                                                                                                             
Zone                      Pressure                                      Viscous                                       Total                                         Pressure                                      Viscous                                       Total                                        
jidi                      (1144.9968 1.2250177e-07 0.00043528039)       (2.7321661e-08 0.00039502595 0.0049626348)    (1144.9968 0.00039514845 0.0053979152)        (1.481004 1.5845076e-10 5.6301643e-07)        (3.5339391e-11 5.1094904e-07 6.4189543e-06)   (1.481004 5.1110749e-07 6.9819707e-06)       
jishen                    (9084.3148 1.8468949 -12499.372)              (1.1453937 -0.051157336 0.011176178)          (9085.4602 1.7957376 -12499.361)              (11.75017 0.002388879 -16.167399)             (0.0014815173 -6.6169809e-05 1.4455905e-05)   (11.751651 0.0023227092 -16.167384)          
jitou                     (-11253.611 -6.403084 16.350725)              (1.1490969 -0.082868801 0.18680735)           (-11252.462 -6.4859528 16.537532)             (-14.556061 -0.0082821132 0.021148958)        (0.0014863073 -0.00010718722 0.00024162726)   (-14.554575 -0.0083893005 0.021390585)       
liangan                   (-81.078452 2.2301848 -3070.6585)             (1.1922672 0.015291854 0.11864304)            (-79.886185 2.2454767 -3070.5399)             (-0.10487148 0.002884648 -3.9717645)          (0.0015421463 1.9779354e-05 0.00015345966)    (-0.10332934 0.0029044273 -3.971611)         
waiyi                     (-167.03683 0.7605807 1799.2918)              (4.0956593 -0.26785111 0.61406208)            (-162.94117 0.49272958 1799.9059)             (-0.21605494 0.00098377835 2.3273065)         (0.0052975588 -0.00034645387 0.00079426284)   (-0.21075738 0.00063732448 2.3281007)        
weiyi                     (45.532361 -13.192889 552.9778)               (1.5002316 -0.10838733 0.026593958)           (47.032592 -13.301276 553.0044)               (0.058894147 -0.017064433 0.71525296)         (0.0019404849 -0.00014019434 3.4398138e-05)   (0.060834632 -0.017204627 0.71528736)        
xiaoyi                    (152.92774 -0.7292923 -368.80563)             (0.34265137 -0.024399359 0.039759471)         (153.2704 -0.75369166 -368.76587)             (0.19780545 -0.00094330816 -0.47703418)       (0.00044320478 -3.155952e-05 5.1427162e-05)   (0.19824865 -0.00097486768 -0.47698276)      
youfuyi                   (2.1842791 0.2881811 -16.982183)              (-0.0049962281 -0.032850003 -0.037847297)     (2.1792829 0.2553311 -17.02003)               (0.0028252709 0.00037274983 -0.021965721)     (-6.4624057e-06 -4.2490064e-05 -4.8953848e-05) (0.0028188085 0.00033025977 -0.022014675)    
youweiduo                 (-0.93257073 0.22929719 0.4107583)            (0.15697405 -0.020092165 0.0077137069)        (-0.77559668 0.20920503 0.418472)             (-0.0012062401 0.00029658604 0.00053129816)   (0.00020303917 -2.5988349e-05 9.9773475e-06)  (-0.0010032009 0.00027059769 0.0005412755)   
zhongyangyi               (1038.3152 0.025518486 14304.963)             (2.4303283 -0.10923544 0.29714491)            (1040.7455 -0.083716953 14305.26)             (1.343016 3.3007062e-05 18.502853)            (0.0031435249 -0.00014129133 0.00038434414)   (1.3461595 -0.00010828427 18.503237)         
zuofuyi                   (-0.29106648 0.61114593 17.25603)             (0.1584217 -0.029273823 0.029678185)          (-0.13264478 0.58187211 17.285708)            (-0.00037648196 0.00079049092 0.022319932)    (0.00020491164 -3.7864429e-05 3.8387453e-05)  (-0.00017157031 0.0007526265 0.022358319)    
zuoweiduo                 (-0.89356621 -0.69892524 1.2422425)           (0.14646542 -0.0083393122 -0.002217054)       (-0.74710079 -0.70726455 1.2400255)           (-0.0011557894 -0.00090402968 0.0016067872)   (0.00018944671 -1.0786541e-05 -2.8676639e-06) (-0.00096634268 -0.00091481622 0.0016039195) 
------------------------- --------------------------------------------- --------------------------------------------- --------------------------------------------- --------------------------------------------- --------------------------------------------- ---------------------------------------------
Net                       (-35.572305 -15.032387 736.67444)             (12.312493 -0.7187678 1.2964772)              (-23.259812 -15.751155 737.97092)             (-0.046011243 -0.019443745 0.95285665)        (0.015925679 -0.00092969518 0.0016769373)     (-0.030085564 -0.02037344 0.95453358)        

Forces - Direction Vector (0.99209929 -0.069756474 0.10427384)
                          Forces [N]                                      Coefficients                                   
Zone                      Pressure        Viscous         Total           Pressure        Viscous         Total          
jidi                      1135.9505       0.00048994446   1135.951        1.4693031       6.3372205e-07   1.4693037      
jishen                    7709.056        1.1410782       7710.1971       9.9713317       0.0014759354    9.9728077      
jitou                     -11162.548      1.1652779       -11161.383      -14.438275      0.0015072368    -14.436767     
liangan                   -400.78279      1.1941521       -399.58864      -0.51839527     0.0015445843    -0.51685068    
waiyi                     21.848888       4.1460156       25.994903       0.028260594     0.0053626925    0.033623287    
weiyi                     103.75403       1.4987124       105.25274       0.13420137      0.00193852      0.13613989     
xiaoyi                    113.3136        0.34579206      113.65939       0.14656626      0.00044726713   0.14701353     
youfuyi                   0.37612189      -0.0066117369   0.36951015      0.00048649746   -8.5519967e-06  0.00047794546  
youweiduo                 -0.89836638     0.15793974      -0.74042664     -0.0011619982   0.00020428825   -0.00095770995 
zhongyangyi               2521.7433       2.4497313       2524.1931       3.2617664       0.0031686219    3.264935       
zuofuyi                   1.4679542       0.16230675      1.630261        0.0018987356    0.00020993679   0.0021086724   
zuoweiduo                 -0.70821845     0.14565878      -0.56255967     -0.00091605005  0.00018840335   -0.00072764669 
------------------------- --------------- --------------- --------------- --------------- --------------- ---------------
Net                       42.573219       12.400543       54.973762       0.055066624     0.016039568     0.071106192    
