                                    "Force Report"

Forces
                          Forces [N]                                                                                                                                Coefficients                                                                                                                             
Zone                      Pressure                                      Viscous                                       Total                                         Pressure                                      Viscous                                       Total                                        
jidi                      (1145.1852 3.012182e-07 0.00043523883)        (3.2008228e-08 -0.0011381914 0.0030288152)    (1145.1852 -0.0011378902 0.0034640541)        (1.4812477 3.8961276e-10 5.6296267e-07)       (4.1401263e-11 -1.4722015e-06 3.917642e-06)   (1.4812477 -1.4718119e-06 4.4806046e-06)     
jishen                    (9087.2984 1.5256559 -12494.297)              (1.1787402 0.010780443 0.080008769)           (9088.4771 1.5364363 -12494.217)              (11.754029 0.0019733701 -16.160834)           (0.0015246496 1.3944038e-05 0.0001034879)     (11.755553 0.0019873142 -16.160731)          
jitou                     (-11259.833 0.25082755 29.510804)             (1.1251413 0.0011387018 0.33390208)           (-11258.708 0.25196625 29.844706)             (-14.564109 0.00032443463 0.038170953)        (0.0014553218 1.4728617e-06 0.00043188795)    (-14.562653 0.00032590749 0.038602841)       
liangan                   (-81.363485 3.5610625 -3065.5023)             (1.2673011 0.077236923 0.16886991)            (-80.096184 3.6382994 -3065.3335)             (-0.10524016 0.0046060809 -3.9650952)         (0.0016391993 9.9902632e-05 0.00021842595)    (-0.10360096 0.0047059835 -3.9648767)        
waiyi                     (-218.40775 0.11501035 1923.5907)             (3.0528071 -0.014374807 0.89831374)           (-215.35494 0.10063555 1924.489)              (-0.28250101 0.00014876094 2.4880817)         (0.0039486745 -1.8593194e-05 0.0011619301)    (-0.27855234 0.00013016774 2.4892436)        
weiyi                     (40.220674 -1.9110043 600.01458)              (1.3139635 0.017746983 0.15370202)            (41.534637 -1.8932573 600.16829)              (0.052023708 -0.0024718017 0.77609301)        (0.0016995552 2.2954958e-05 0.00019880694)    (0.053723263 -0.0024488467 0.77629182)       
xiaoyi                    (154.10746 -0.41285184 -365.91994)            (0.3657835 -0.0024972466 0.090298639)         (154.47325 -0.41534909 -365.82964)            (0.19933136 -0.00053400606 -0.47330168)       (0.0004731252 -3.2300809e-06 0.0001167974)    (0.19980449 -0.00053723614 -0.47318488)      
youfuyi                   (-0.44632109 -0.049473886 -3.0251773)         (-0.044871854 -0.0032338356 -0.016404418)     (-0.49119294 -0.052707721 -3.0415817)         (-0.00057729709 -6.3992339e-05 -0.0039129365) (-5.8039809e-05 -4.182827e-06 -2.1218407e-05) (-0.0006353369 -6.8175166e-05 -0.0039341549) 
youweiduo                 (-0.85638286 1.2567934 2.1652943)             (0.13686287 -0.0047760314 0.011838219)        (-0.71951999 1.2520174 2.1771325)             (-0.0011076943 0.0016256081 0.0028007149)     (0.00017702622 -6.1775908e-06 1.5312226e-05)  (-0.00093066811 0.0016194305 0.0028160271)   
zhongyangyi               (1013.3706 0.046710319 14373.504)             (1.8365321 -0.025891815 0.43196988)           (1015.2071 0.020818504 14373.936)             (1.3107512 6.0417785e-05 18.591508)           (0.0023754752 -3.3489947e-05 0.00055873443)   (1.3131267 2.6927838e-05 18.592066)          
zuofuyi                   (0.3442747 0.83274745 25.520514)              (0.13904805 -0.02333898 0.048559337)          (0.48332275 0.80940847 25.569074)             (0.00044530449 0.0010771229 0.033009686)      (0.00017985266 -3.0187964e-05 6.280941e-05)   (0.00062515715 0.001046935 0.033072495)      
zuoweiduo                 (-0.82328656 -1.2385277 2.1640097)            (0.13602682 0.013479823 0.017561528)          (-0.68725974 -1.2250479 2.1815712)            (-0.0010648857 -0.0016019822 0.0027990533)    (0.00017594483 1.7435571e-05 2.271508e-05)    (-0.00088894086 -0.0015845466 0.0028217683)  
------------------------- --------------------------------------------- --------------------------------------------- --------------------------------------------- --------------------------------------------- --------------------------------------------- ---------------------------------------------
Net                       (-121.20369 3.9769501 1027.7259)              (10.507335 0.045131968 2.2216485)             (-110.69635 4.0220821 1029.9475)              (-0.15677174 0.0051440136 1.3293191)          (0.013590785 5.8376256e-05 0.0028736066)      (-0.14318096 0.0052023898 1.3321927)         

Forces - Direction Vector (0.97814888 0 0.20790565)
                          Forces [N]                                      Coefficients                                   
Zone                      Pressure        Viscous         Total           Pressure        Viscous         Total          
jidi                      1120.1617       0.0006297391    1120.1624       1.4488809       8.1454039e-07   1.4488818      
jishen                    6291.0959       1.1696176       6292.2655       8.1372614       0.00151285      8.1387743      
jitou                     -11007.658      1.1699759       -11006.488      -14.237931      0.0015133134    -14.236418     
liangan                   -716.92085      1.2747181       -715.64613      -0.92730623     0.001648793     -0.92565744    
waiyi                     186.29008       3.1728644       189.46294       0.24095819      0.0041039634    0.24506215     
weiyi                     164.08823       1.3172075       165.40544       0.21224105      0.0017037511    0.2139448      
xiaoyi                    74.663221       0.37656432      75.039785       0.096573659     0.00048706972   0.097060729    
youfuyi                   -1.0655199      -0.047301925    -1.1128218      -0.0013782041   -6.1183002e-05  -0.0014393871  
youweiduo                 -0.38749303     0.1363335       -0.25115953     -0.00050120553  0.0001763415    -0.00032486403 
zhongyangyi               3979.5599       1.8862109       3981.4461       5.1473893       0.0024397325    5.149829       
zuofuyi                   5.642611        0.14610545      5.7887165       0.0072984742    0.00018898111   0.0074874553   
zuoweiduo                 -0.355387       0.13670562      -0.21868138     -0.00045967776  0.00017682283   -0.00028285494 
------------------------- --------------- --------------- --------------- --------------- --------------- ---------------
Net                       95.114763       10.739631       105.85439       0.12302685      0.01389125      0.1369181      
