                                    "Force Report"

Moments - Moment Center (0 0 0.05)
                          Moments [N m]                                                                                                                             Coefficients                                                                                                                             
Zone                      Pressure                                      Viscous                                       Total                                         Pressure                                      Viscous                                       Total                                        
jidi                      (8.1250926e-09 -22.88714 0.0022125385)        (-7.0980799e-05 0.00060694652 -0.00095668709) (-7.0972674e-05 -22.886533 0.0012558514)      (2.8816719e-11 -0.081172279 7.8470613e-06)    (-2.5174282e-07 2.1526164e-06 -3.3930177e-06) (-2.51714e-07 -0.081170126 4.4540436e-06)    
jishen                    (0.036275478 -231.93718 -0.14748063)          (0.0021325949 -0.080475906 -0.00095777277)    (0.038408073 -232.01765 -0.14843841)          (0.0001286558 -0.82259597 -0.00052305964)     (7.5635307e-06 -0.00028541848 -3.3968682e-06) (0.00013621933 -0.82288139 -0.00052645651)   
jitou                     (0.020490384 537.70327 -0.20600693)           (9.1601888e-05 -0.045122462 -0.001157893)     (0.020581985 537.65815 -0.20716482)           (7.2671864e-05 1.907036 -0.00073063091)       (3.2487825e-07 -0.0001600328 -4.1066212e-06)  (7.2996742e-05 1.906876 -0.00073473754)      
liangan                   (-1.1490397 646.02986 0.27570454)             (-0.01616088 0.10636517 -0.021099089)         (-1.1652006 646.13623 0.25460545)             (-0.0040752217 2.2912306 0.00097782273)       (-5.7316705e-05 0.0003772382 -7.4830718e-05)  (-0.0041325384 2.2916079 0.00090299202)      
waiyi                     (-100.44235 -48.009687 3.1143941)             (-0.11922982 0.59916054 0.30950131)           (-100.56158 -47.410526 3.4238955)             (-0.35623213 -0.17027273 0.011045612)         (-0.00042286437 0.0021250023 0.0010976875)    (-0.35665499 -0.16814772 0.0121433)          
weiyi                     (-2.6330657 -643.65236 -5.2935029)            (0.001135484 0.56471078 -0.018405086)         (-2.6319302 -643.08765 -5.311908)             (-0.0093385169 -2.2827985 -0.01877411)        (4.0271445e-06 0.0020028217 -6.5276079e-05)   (-0.0093344897 -2.2807957 -0.018839386)      
xiaoyi                    (-0.43789657 55.864536 0.1834444)             (-0.0047726958 0.038891643 0.0048675003)      (-0.44266926 55.903428 0.1883119)             (-0.0015530583 0.19813099 0.00065060991)      (-1.6926999e-05 0.00013793437 1.7263236e-05)  (-0.0015699853 0.19826893 0.00066787314)     
youfuyi                   (-24.136445 3.7523495 -4.4109148)             (-0.05208428 0.01831046 -0.11684745)          (-24.188529 3.7706599 -4.5277622)             (-0.085603105 0.013308205 -0.015643895)       (-0.00018472381 6.4940476e-05 -0.00041441498) (-0.085787829 0.013373146 -0.01605831)       
youweiduo                 (-0.082443561 0.37123108 -0.043321492)        (-0.00049048039 0.051845318 -0.065123002)     (-0.082934042 0.4230764 -0.10844449)          (-0.00029239703 0.0013166203 -0.00015364542)  (-1.7395538e-06 0.0001838763 -0.00023096737)  (-0.00029413658 0.0015004966 -0.00038461279) 
zhongyangyi               (-6.7220608 -283.43976 -0.075201437)          (-0.0054683458 0.34197133 0.0036125301)       (-6.7275292 -283.09779 -0.071588907)          (-0.023840681 -1.0052567 -0.00026671188)      (-1.9394214e-05 0.0012128467 1.2812317e-05)   (-0.023860075 -1.0040439 -0.00025389956)     
zuofuyi                   (-15.88935 -2.3005132 -0.92517739)            (-0.016095846 0.018693086 0.2163897)          (-15.905446 -2.2818201 -0.70878769)           (-0.056353689 -0.0081590753 -0.0032812644)    (-5.7086054e-05 6.6297512e-05 0.00076745478)  (-0.056410775 -0.0080927778 -0.0025138096)   
zuoweiduo                 (-0.024051592 -0.14060419 -0.22511446)        (0.0018270262 0.052530635 0.058975053)        (-0.022224566 -0.088073554 -0.16613941)       (-8.5302164e-05 -0.00049867141 -0.00079839831) (6.4797907e-06 0.00018630687 0.00020916285)   (-7.8822373e-05 -0.00031236455 -0.00058923546)
------------------------- --------------------------------------------- --------------------------------------------- --------------------------------------------- --------------------------------------------- --------------------------------------------- ---------------------------------------------
Net                       (-151.45994 11.354013 -7.7509644)             (-0.20918662 1.6674875 0.36879912)            (-151.66913 13.0215 -7.3821653)               (-0.53717277 0.040268513 -0.027489824)        (-0.0007419081 0.0059139658 0.001307995)      (-0.53791468 0.046182479 -0.026181829)       

Moments - Moment Center (0 0 0.05) Moment Axis (0 1 0)
                          Moments [N m]                                   Coefficients                                   
Zone                      Pressure        Viscous         Total           Pressure        Viscous         Total          
jidi                      -22.88714       0.00060694652   -22.886533      -0.081172279    2.1526164e-06   -0.081170126   
jishen                    -231.93718      -0.080475906    -232.01765      -0.82259597     -0.00028541848  -0.82288139    
jitou                     537.70327       -0.045122462    537.65815       1.907036        -0.0001600328   1.906876       
liangan                   646.02986       0.10636517      646.13623       2.2912306       0.0003772382    2.2916079      
waiyi                     -48.009687      0.59916054      -47.410526      -0.17027273     0.0021250023    -0.16814772    
weiyi                     -643.65236      0.56471078      -643.08765      -2.2827985      0.0020028217    -2.2807957     
xiaoyi                    55.864536       0.038891643     55.903428       0.19813099      0.00013793437   0.19826893     
youfuyi                   3.7523495       0.01831046      3.7706599       0.013308205     6.4940476e-05   0.013373146    
youweiduo                 0.37123108      0.051845318     0.4230764       0.0013166203    0.0001838763    0.0015004966   
zhongyangyi               -283.43976      0.34197133      -283.09779      -1.0052567      0.0012128467    -1.0040439     
zuofuyi                   -2.3005132      0.018693086     -2.2818201      -0.0081590753   6.6297512e-05   -0.0080927778  
zuoweiduo                 -0.14060419     0.052530635     -0.088073554    -0.00049867141  0.00018630687   -0.00031236455 
------------------------- --------------- --------------- --------------- --------------- --------------- ---------------
Net                       11.354013       1.6674875       13.0215         0.040268513     0.0059139658    0.046182479    
