                                    "Force Report"

Moments - Moment Center (0 0 0.05)
                          Moments [N m]                                                                                                                             Coefficients                                                                                                                             
Zone                      Pressure                                      Viscous                                       Total                                         Pressure                                      Viscous                                       Total                                        
jidi                      (1.2410951e-08 -22.916301 0.010866484)        (5.4057134e-05 -0.0024320202 0.0010449131)    (5.4069544e-05 -22.918733 0.011911397)        (4.4017086e-11 -0.081275703 3.8539428e-05)    (1.917208e-07 -8.6254825e-06 3.7059231e-06)   (1.9176481e-07 -0.081284329 4.2245351e-05)   
jishen                    (0.051312212 -229.07538 1.5904457)            (-0.0059451683 -0.065391525 0.0091168072)     (0.045367043 -229.14077 1.5995625)            (0.00018198557 -0.81244624 0.0056407269)      (-2.1085328e-05 -0.00023191972 3.2333966e-05) (0.00016090024 -0.81267815 0.0056730608)     
jitou                     (-0.43999971 557.64187 4.3567689)             (-0.0045115895 0.17838005 0.053943264)        (-0.4445113 557.82025 4.4107122)              (-0.0015605174 1.9777509 0.015451859)         (-1.6000951e-05 0.00063264853 0.00019131694)  (-0.0015765183 1.9783835 0.015643176)        
liangan                   (0.078866167 649.33842 0.7778929)             (0.0069026348 0.11005999 0.034967279)         (0.085768802 649.44848 0.81286018)            (0.00027970933 2.3029649 0.0027589004)        (2.448111e-05 0.00039034236 0.0001240161)     (0.00030419044 2.3033552 0.0028829165)       
waiyi                     (-73.704817 -44.880845 -15.025606)            (-0.013552094 0.43047283 -0.13992344)         (-73.718369 -44.450373 -15.16553)             (-0.26140391 -0.15917587 -0.053290306)        (-4.8064299e-05 0.001526729 -0.00049625703)   (-0.26145198 -0.15764914 -0.053786563)       
weiyi                     (-4.2756589 -770.09677 -13.157868)            (0.019524666 0.1255882 -0.14584936)           (-4.2561343 -769.97118 -13.303717)            (-0.015164192 -2.7312504 -0.046666124)        (6.9246818e-05 0.00044541522 -0.00051727412)  (-0.015094945 -2.730805 -0.047183398)        
xiaoyi                    (7.316907 55.703231 -0.45805608)              (0.050976621 0.031360264 -0.0096082885)       (7.3678836 55.734591 -0.46766437)             (0.025950381 0.1975589 -0.0016245567)         (0.00018079535 0.00011122334 -3.407707e-05)   (0.026131177 0.19767012 -0.0016586337)       
youfuyi                   (-1.426651 -0.1645582 0.59973946)             (-0.012995888 -0.0032142749 0.035517353)      (-1.4396469 -0.16777247 0.63525681)           (-0.0050598071 -0.00058362749 0.0021270556)   (-4.6091641e-05 -1.1399853e-05 0.000125967)   (-0.0051058987 -0.00059502734 0.0022530226)  
youweiduo                 (0.38494091 -3.2596174 2.0900635)             (0.010696623 0.0095724703 -0.07443206)        (0.39563754 -3.250045 2.0156314)              (0.001365244 -0.011560666 0.0074126874)       (3.7936994e-05 3.3950036e-05 -0.00026398318)  (0.001403181 -0.011526716 0.0071487042)      
zhongyangyi               (0.84401374 -274.14435 -1.9258746)            (-0.0033666487 0.26599887 -0.038561483)       (0.84064709 -273.87836 -1.9644361)            (0.0029934067 -0.97228933 -0.0068303699)      (-1.1940266e-05 0.0009434003 -0.00013676342)  (0.0029814664 -0.97134593 -0.0069671333)     
zuofuyi                   (-31.601919 -4.4825104 0.57625523)            (-0.053479673 0.0087299767 0.1568835)         (-31.655398 -4.4737804 0.73313873)            (-0.1120804 -0.015897818 0.0020437656)        (-0.00018967276 3.0962021e-05 0.00055640816)  (-0.11227007 -0.015866856 0.0026001738)      
zuoweiduo                 (-0.80028812 -4.9298894 -3.0987702)           (-0.0048462695 0.015602885 0.04526198)        (-0.80513439 -4.9142865 -3.0535082)           (-0.002838328 -0.017484507 -0.0109902)        (-1.7187938e-05 5.5337702e-05 0.00016052762)  (-0.0028555159 -0.017429169 -0.010829672)    
------------------------- --------------------------------------------- --------------------------------------------- --------------------------------------------- --------------------------------------------- --------------------------------------------- ---------------------------------------------
Net                       (-103.57329 -91.266706 -23.664142)            (-0.010542728 1.1047277 -0.071639534)         (-103.58384 -90.161978 -23.735782)            (-0.36733643 -0.32368948 -0.083928021)        (-3.7391182e-05 0.0039180635 -0.00025407911)  (-0.36737382 -0.31977142 -0.084182101)       

Moments - Moment Center (0 0 0.05) Moment Axis (0 1 0)
                          Moments [N m]                                   Coefficients                                   
Zone                      Pressure        Viscous         Total           Pressure        Viscous         Total          
jidi                      -22.916301      -0.0024320202   -22.918733      -0.081275703    -8.6254825e-06  -0.081284329   
jishen                    -229.07538      -0.065391525    -229.14077      -0.81244624     -0.00023191972  -0.81267815    
jitou                     557.64187       0.17838005      557.82025       1.9777509       0.00063264853   1.9783835      
liangan                   649.33842       0.11005999      649.44848       2.3029649       0.00039034236   2.3033552      
waiyi                     -44.880845      0.43047283      -44.450373      -0.15917587     0.001526729     -0.15764914    
weiyi                     -770.09677      0.1255882       -769.97118      -2.7312504      0.00044541522   -2.730805      
xiaoyi                    55.703231       0.031360264     55.734591       0.1975589       0.00011122334   0.19767012     
youfuyi                   -0.1645582      -0.0032142749   -0.16777247     -0.00058362749  -1.1399853e-05  -0.00059502734 
youweiduo                 -3.2596174      0.0095724703    -3.250045       -0.011560666    3.3950036e-05   -0.011526716   
zhongyangyi               -274.14435      0.26599887      -273.87836      -0.97228933     0.0009434003    -0.97134593    
zuofuyi                   -4.4825104      0.0087299767    -4.4737804      -0.015897818    3.0962021e-05   -0.015866856   
zuoweiduo                 -4.9298894      0.015602885     -4.9142865      -0.017484507    5.5337702e-05   -0.017429169   
------------------------- --------------- --------------- --------------- --------------- --------------- ---------------
Net                       -91.266706      1.1047277       -90.161978      -0.32368948     0.0039180635    -0.31977142    
