                                    "Force Report"

Moments - Moment Center (0 0 0.05)
                          Moments [N m]                                                                                                                             Coefficients                                                                                                                             
Zone                      Pressure                                      Viscous                                       Total                                         Pressure                                      Viscous                                       Total                                        
jidi                      (-5.4179823e-09 -22.872293 0.003437044)       (-1.7743737e-05 -0.00021814801 -0.0013063936) (-1.7749155e-05 -22.872511 0.0021306503)      (-1.9215593e-11 -0.081119622 1.2189932e-05)   (-6.2930519e-08 -7.7369086e-07 -4.6332983e-06) (-6.2949735e-08 -0.081120396 7.5566342e-06)  
jishen                    (0.424636 -232.59684 2.4921687)               (-0.024211915 -0.095937354 -0.004123896)      (0.40042408 -232.69278 2.4880448)             (0.0015060279 -0.82493555 0.008838807)        (-8.587077e-05 -0.00034025456 -1.4625944e-05) (0.0014201571 -0.82527581 0.0088241811)      
jitou                     (-0.86985125 531.11163 8.5125749)             (-0.0095968462 -0.11652899 0.10670473)        (-0.87944809 530.9951 8.6192796)              (-0.0030850429 1.8836579 0.030190976)         (-3.4036489e-05 -0.00041328553 0.00037844247) (-0.0031190794 1.8832446 0.030569419)        
liangan                   (1.2726185 643.52493 -0.068894766)            (0.041847662 0.084721855 0.0074097138)        (1.3144662 643.60965 -0.061485052)            (0.0045135104 2.2823466 -0.00024434443)       (0.00014841829 0.0003004773 2.6279533e-05)    (0.0046619287 2.282647 -0.0002180649)        
waiyi                     (-95.284318 -52.992587 6.669388)              (-0.058153765 0.51354703 0.18098242)          (-95.342472 -52.47904 6.8503704)              (-0.33793848 -0.18794524 0.023653869)         (-0.00020625005 0.0018213627 0.00064187816)   (-0.33814473 -0.18612388 0.024295748)        
weiyi                     (-7.3840631 -620.18316 -23.616716)            (0.087389266 0.55248166 -0.23617339)          (-7.2966738 -619.63068 -23.85289)             (-0.02618856 -2.1995619 -0.083759819)         (0.00030993763 0.0019594495 -0.00083762028)   (-0.025878622 -2.1976024 -0.084597439)       
xiaoyi                    (0.010143673 55.936745 -0.49262671)           (0.015005418 0.042396558 -0.021625854)        (0.025149091 55.979142 -0.51425257)           (3.5975884e-05 0.19838709 -0.001747166)       (5.3218706e-05 0.00015036502 -7.6698962e-05)  (8.9194589e-05 0.19853745 -0.001823865)      
youfuyi                   (-28.915349 4.3722457 -4.0746002)             (-0.066431066 0.021966528 -0.14123735)        (-28.98178 4.3942122 -4.2158376)              (-0.10255212 0.01550675 -0.01445111)          (-0.00023560659 7.7907207e-05 -0.00050091702) (-0.10278773 0.015584657 -0.014952027)       
youweiduo                 (-0.26552926 1.6750923 -0.81079838)           (0.012161453 0.035204903 -0.10404158)         (-0.25336781 1.7102972 -0.91483996)           (-0.00094173477 0.0059409371 -0.002875604)    (4.3132205e-05 0.00012485886 -0.00036899728)  (-0.00089860256 0.0060657959 -0.0032446013)  
zhongyangyi               (-0.24160481 -291.10396 -0.34410945)          (0.037119881 0.28805133 -0.019855602)         (-0.20448493 -290.81591 -0.36396505)          (-0.00085688353 -1.0324388 -0.0012204298)     (0.00013165059 0.0010216123 -7.0420526e-05)   (-0.00072523294 -1.0314172 -0.0012908503)    
zuofuyi                   (-12.033616 -1.7687255 -0.9560354)            (0.0050227137 0.021481043 0.21335139)         (-12.028593 -1.7472445 -0.74268402)           (-0.042678815 -0.0062730197 -0.0033907064)    (1.7813721e-05 7.618537e-05 0.000756679)      (-0.042661001 -0.0061968343 -0.0026340274)   
zuoweiduo                 (-0.079385197 -0.14462649 -0.18694098)        (0.017421699 0.077321177 0.014012052)         (-0.061963498 -0.067305311 -0.17292893)       (-0.00028155013 -0.00051293703 -0.00066301098) (6.1788366e-05 0.00027422981 4.9695603e-05)   (-0.00021976177 -0.00023870722 -0.00061331538)
------------------------- --------------------------------------------- --------------------------------------------- --------------------------------------------- --------------------------------------------- --------------------------------------------- ---------------------------------------------
Net                       (-143.36632 14.95846 -12.873154)              (0.057556756 1.4244876 -0.0059037807)         (-143.30876 16.382948 -12.879057)             (-0.50846767 0.053052163 -0.045656348)        (0.00020413267 0.0050521342 -2.0938542e-05)   (-0.50826354 0.058104297 -0.045677286)       

Moments - Moment Center (0 0 0.05) Moment Axis (0 1 0)
                          Moments [N m]                                   Coefficients                                   
Zone                      Pressure        Viscous         Total           Pressure        Viscous         Total          
jidi                      -22.872293      -0.00021814801  -22.872511      -0.081119622    -7.7369086e-07  -0.081120396   
jishen                    -232.59684      -0.095937354    -232.69278      -0.82493555     -0.00034025456  -0.82527581    
jitou                     531.11163       -0.11652899     530.9951        1.8836579       -0.00041328553  1.8832446      
liangan                   643.52493       0.084721855     643.60965       2.2823466       0.0003004773    2.282647       
waiyi                     -52.992587      0.51354703      -52.47904       -0.18794524     0.0018213627    -0.18612388    
weiyi                     -620.18316      0.55248166      -619.63068      -2.1995619      0.0019594495    -2.1976024     
xiaoyi                    55.936745       0.042396558     55.979142       0.19838709      0.00015036502   0.19853745     
youfuyi                   4.3722457       0.021966528     4.3942122       0.01550675      7.7907207e-05   0.015584657    
youweiduo                 1.6750923       0.035204903     1.7102972       0.0059409371    0.00012485886   0.0060657959   
zhongyangyi               -291.10396      0.28805133      -290.81591      -1.0324388      0.0010216123    -1.0314172     
zuofuyi                   -1.7687255      0.021481043     -1.7472445      -0.0062730197   7.618537e-05    -0.0061968343  
zuoweiduo                 -0.14462649     0.077321177     -0.067305311    -0.00051293703  0.00027422981   -0.00023870722 
------------------------- --------------- --------------- --------------- --------------- --------------- ---------------
Net                       14.95846        1.4244876       16.382948       0.053052163     0.0050521342    0.058104297    
