                                    "Force Report"

Moments - Moment Center (0 0 0.05)
                          Moments [N m]                                                                                                                             Coefficients                                                                                                                             
Zone                      Pressure                                      Viscous                                       Total                                         Pressure                                      Viscous                                       Total                                        
jidi                      (-1.2170711e-08 -22.922934 0.0054686799)      (9.446809e-05 -0.0036373273 0.003105673)      (9.445592e-05 -22.926571 0.0085743529)        (-4.3165041e-11 -0.081299227 1.9395399e-05)   (3.3504362e-07 -1.2900264e-05 1.1014681e-05)  (3.3500045e-07 -0.081312128 3.041008e-05)    
jishen                    (0.047324854 -229.6494 2.2425768)             (-0.027836249 -0.065340302 0.0030680564)      (0.019488605 -229.71474 2.2456449)            (0.00016784387 -0.81448205 0.0079535962)      (-9.8724951e-05 -0.00023173805 1.0881269e-05) (6.9118922e-05 -0.81471379 0.0079644775)     
jitou                     (-1.2350944 550.14004 12.226099)              (-0.013893703 0.087398147 0.15999379)         (-1.2489881 550.22744 12.386093)              (-0.004380426 1.9511446 0.043361482)          (-4.927586e-05 0.00030996913 0.00056743921)   (-0.0044297019 1.9514546 0.043928921)        
liangan                   (3.0685088 648.2157 -0.79445342)              (0.050973421 0.11100028 -0.055647002)         (3.1194822 648.3267 -0.85010042)              (0.010882874 2.298983 -0.0028176345)          (0.000180784 0.00039367723 -0.00019735948)    (0.011063658 2.2993767 -0.003014994)         
waiyi                     (-75.566056 -44.349134 -10.119977)            (0.016303617 0.56296308 -0.091164044)         (-75.549753 -43.786171 -10.211141)            (-0.26800505 -0.15729009 -0.035891842)        (5.7822942e-05 0.0019966233 -0.00032332538)   (-0.26794722 -0.15529346 -0.036215168)       
weiyi                     (-7.9307686 -721.54674 -34.10629)             (0.10518803 0.32830719 -0.39566625)           (-7.8255805 -721.21843 -34.501956)            (-0.028127523 -2.5590613 -0.12096248)         (0.0003730633 0.001164385 -0.0014032829)      (-0.02775446 -2.5578969 -0.12236576)         
xiaoyi                    (13.983587 55.968413 -1.0887174)              (0.11412592 0.038206611 -0.029515736)         (14.097713 56.006619 -1.1182332)              (0.049594647 0.1984994 -0.0038612809)         (0.00040476273 0.00013550481 -0.00010468148)  (0.04999941 0.19863491 -0.0039659624)        
youfuyi                   (-8.5068365 1.2124809 -0.38620011)            (-0.013383644 0.0001114948 0.0097602951)      (-8.5202202 1.2125924 -0.37643982)            (-0.030170625 0.0043002246 -0.0013697099)     (-4.7466871e-05 3.954311e-07 3.4616182e-05)   (-0.030218091 0.00430062 -0.0013350938)      
youweiduo                 (0.047606531 -0.71413724 0.55669461)          (0.022718165 0.0093047754 -0.12164105)        (0.070324695 -0.70483246 0.43505356)          (0.00016884288 -0.0025327825 0.0019743913)    (8.0572985e-05 3.3000621e-05 -0.00043141613)  (0.00024941586 -0.0024997819 0.0015429752)   
zhongyangyi               (1.6495724 -275.35122 1.1274544)              (0.02826308 0.33025503 -0.0095165472)         (1.6778354 -275.02096 1.1179378)              (0.0058504273 -0.97656964 0.0039986666)       (0.00010023876 0.0011712933 -3.3751698e-05)   (0.005950666 -0.97539835 0.0039649149)       
zuofuyi                   (-22.329587 -3.2402383 -0.051669465)          (-0.033431561 0.012010175 0.16654718)         (-22.363019 -3.2282281 0.11487772)            (-0.079194843 -0.011491935 -0.00018325261)    (-0.00011856947 4.2595679e-05 0.00059068167)  (-0.079313413 -0.011449339 0.00040742906)    
zuoweiduo                 (-0.42366775 -3.1510374 -1.9615336)           (0.013858294 0.05462847 0.0025422959)         (-0.40980945 -3.0964089 -1.9589913)           (-0.0015025939 -0.011175572 -0.0069568391)    (4.9150279e-05 0.00019374712 9.0165898e-06)   (-0.0014534436 -0.010981825 -0.0069478225)   
------------------------- --------------------------------------------- --------------------------------------------- --------------------------------------------- --------------------------------------------- --------------------------------------------- ---------------------------------------------
Net                       (-97.195411 -45.388204 -32.350548)            (0.26297984 1.4652076 -0.35813334)            (-96.932431 -43.922996 -32.708681)            (-0.34471642 -0.16097529 -0.11473551)         (0.0009326929 0.0051965533 -0.0012701674)     (-0.34378373 -0.15577874 -0.11600568)        

Moments - Moment Center (0 0 0.05) Moment Axis (0 1 0)
                          Moments [N m]                                   Coefficients                                   
Zone                      Pressure        Viscous         Total           Pressure        Viscous         Total          
jidi                      -22.922934      -0.0036373273   -22.926571      -0.081299227    -1.2900264e-05  -0.081312128   
jishen                    -229.6494       -0.065340302    -229.71474      -0.81448205     -0.00023173805  -0.81471379    
jitou                     550.14004       0.087398147     550.22744       1.9511446       0.00030996913   1.9514546      
liangan                   648.2157        0.11100028      648.3267        2.298983        0.00039367723   2.2993767      
waiyi                     -44.349134      0.56296308      -43.786171      -0.15729009     0.0019966233    -0.15529346    
weiyi                     -721.54674      0.32830719      -721.21843      -2.5590613      0.001164385     -2.5578969     
xiaoyi                    55.968413       0.038206611     56.006619       0.1984994       0.00013550481   0.19863491     
youfuyi                   1.2124809       0.0001114948    1.2125924       0.0043002246    3.954311e-07    0.00430062     
youweiduo                 -0.71413724     0.0093047754    -0.70483246     -0.0025327825   3.3000621e-05   -0.0024997819  
zhongyangyi               -275.35122      0.33025503      -275.02096      -0.97656964     0.0011712933    -0.97539835    
zuofuyi                   -3.2402383      0.012010175     -3.2282281      -0.011491935    4.2595679e-05   -0.011449339   
zuoweiduo                 -3.1510374      0.05462847      -3.0964089      -0.011175572    0.00019374712   -0.010981825   
------------------------- --------------- --------------- --------------- --------------- --------------- ---------------
Net                       -45.388204      1.4652076       -43.922996      -0.16097529     0.0051965533    -0.15577874    
