                                    "Force Report"

Forces
                          Forces [N]                                                                                                                                Coefficients                                                                                                                             
Zone                      Pressure                                      Viscous                                       Total                                         Pressure                                      Viscous                                       Total                                        
interior-372:002-shadow   (-0.30890027 -0.16739027 0.21056255)          (5.1919215e-06 -7.2385484e-06 1.8466519e-06)  (-0.30889508 -0.16739751 0.21056439)          (-0.00039954919 -0.0002165121 0.00027235358)  (6.7155267e-09 -9.3627504e-09 2.3885647e-09)  (-0.00039954248 -0.00021652146 0.00027235597)
interior-372:003-shadow   (0.30891316 0.16739674 -0.21057155)           (1.0825152e-05 -1.6779087e-05 2.4362834e-06)  (0.30892399 0.16737996 -0.21056911)           (0.00039956586 0.00021652047 -0.00027236522)  (1.4001867e-08 -2.1703026e-08 3.1512276e-09)  (0.00039957986 0.00021649876 -0.00027236207) 
jidi                      (1144.6122 9.6724716e-07 0.00043634833)       (1.1308944e-08 -0.001285985 -0.0044949779)    (1144.6122 -0.0012850178 -0.0040586295)       (1.4805066 1.2510925e-09 5.6439776e-07)       (1.4627632e-11 -1.6633662e-06 -5.8140602e-06) (1.4805066 -1.6621151e-06 -5.2496624e-06)    
jishen                    (9079.728 0.18158477 -12514.261)              (1.2785873 -0.15773776 -0.1369996)            (9081.0065 0.02384701 -12514.398)             (11.744237 0.00023487207 -16.186657)          (0.0016537975 -0.00020402699 -0.00017720308)  (11.745891 3.0845079e-05 -16.186834)         
jitou                     (-11242.878 -19.775089 -13.983197)            (1.1433989 -0.25065244 -0.12162959)           (-11241.735 -20.025741 -14.104827)            (-14.542178 -0.025578225 -0.018086663)        (0.0014789372 -0.00032420814 -0.00015732263)  (-14.540699 -0.025902433 -0.018243985)       
liangan                   (-81.113626 -2.3665139 -3086.3398)            (1.258521 -0.18719337 -0.12118548)            (-79.855105 -2.5537073 -3086.461)             (-0.10491698 -0.0030609838 -3.9920475)        (0.0016278426 -0.00024212655 -0.0001567482)   (-0.10328914 -0.0033031103 -3.9922043)       
waiyi                     (-132.37913 -0.7131207 1413.1632)             (3.4870693 -0.82734767 -0.16127079)           (-128.89206 -1.5404684 1413.0019)             (-0.1712267 -0.0009223909 1.8278657)          (0.0045103739 -0.0010701386 -0.00020859682)   (-0.16671632 -0.0019925294 1.8276571)        
weiyi                     (40.378484 -40.525361 512.21151)              (1.3337883 -0.29516459 -0.090629709)          (41.712272 -40.820526 512.12088)              (0.052227829 -0.052417808 0.66252352)         (0.0017251977 -0.00038178268 -0.00011722562)  (0.053953026 -0.052799591 0.66240629)        
xiaoyi                    (150.74857 -1.2517632 -373.90666)             (0.31491679 -0.063164214 -0.040777606)        (151.06349 -1.3149274 -373.94744)             (0.19498678 -0.0016191017 -0.48363215)        (0.00040733129 -8.1700189e-05 -5.2744077e-05) (0.19539411 -0.0017008019 -0.48368489)       
youfuyi                   (-0.85726114 -0.23779303 8.4332481)           (0.17417411 -0.071151461 -0.0070886403)       (-0.68308703 -0.30894449 8.4261595)           (-0.0011088303 -0.00030757504 0.010908043)    (0.00022528671 -9.2031348e-05 -9.1688508e-06) (-0.00088354363 -0.00039960639 0.010898874)  
youweiduo                 (-1.0419486 -1.013119 -1.7673025)             (0.14712188 -0.037323244 0.0044446843)        (-0.89482675 -1.0504423 -1.7628578)           (-0.0013477157 -0.0013104258 -0.0022859296)   (0.00019029581 -4.8276008e-05 5.7490077e-06)  (-0.0011574198 -0.0013587018 -0.0022801806)  
zhongyangyi               (1055.5857 -0.043156191 14035.511)            (2.0093898 -0.37667722 -0.10047262)           (1057.5951 -0.41983342 14035.411)             (1.3653546 -5.5820674e-05 18.154329)          (0.0025990591 -0.00048721576 -0.00012995701)  (1.3679537 -0.00054303643 18.154199)         
zuofuyi                   (-0.8241119 0.28961367 7.7672639)             (0.1748835 -0.071724255 -0.0056877005)        (-0.6492284 0.21788941 7.7615762)             (-0.0010659532 0.0003746028 0.010046621)      (0.00022620427 -9.2772234e-05 -7.3567955e-06) (-0.00083974895 0.00028183056 0.010039264)   
zuoweiduo                 (4.8922996 -7.4903644 12.973507)              (0.11347075 -0.048798795 -0.018302491)        (5.0057704 -7.5391632 12.955204)              (0.0063279787 -0.0096884636 0.016780672)      (0.00014676953 -6.3119138e-05 -2.3673483e-05) (0.0064747483 -0.0097515827 0.016756998)     
------------------------- --------------------------------------------- --------------------------------------------- --------------------------------------------- --------------------------------------------- --------------------------------------------- ---------------------------------------------
Net                       (16.851287 -72.945074 -0.19733372)            (11.435338 -2.388245 -0.80409024)             (28.286625 -75.333319 -1.001424)              (0.021796414 -0.09435131 -0.00025524266)      (0.014791116 -0.003089092 -0.0010400561)      (0.03658753 -0.097440402 -0.0012952987)      

Forces - Direction Vector (0.97278921 -0.20791169 -0.10224427)
                          Forces [N]                                      Coefficients                                   
Zone                      Pressure        Viscous         Total           Pressure        Viscous         Total          
interior-372:002-shadow   -0.28722127     6.3668144e-06   -0.2872149      -0.00037150834  8.2352001e-09   -0.0003715001  
interior-372:003-shadow   0.28723338      1.3770063e-05   0.28724715      0.000371524     1.7810983e-08   0.00037154181  
jidi                      1113.4664       0.00072696803   1113.4671       1.4402208       9.4030182e-07   1.4402217      
jishen                    10112.135       1.2905988       10113.426       13.079611       0.001669334     13.08128       
jitou                     -10931.409      1.1768356       -10930.232      -14.139307      0.0015221861    -14.137784     
liangan                   237.14611       1.2755858       238.4217        0.30673828      0.0016499153    0.30838819     
waiyi                     -273.11655      3.5806876       -269.53586      -0.35326449     0.0046314652    -0.34863302    
weiyi                     -4.6652409      1.3681294       -3.2971115      -0.0060342881   0.0017696165    -0.0042646716  
xiaoyi                    185.13665       0.32364951      185.4603        0.23946628      0.00041862669   0.2398849      
youfuyi                   -1.6467457      0.18495269      -1.461793       -0.0021299946   0.00023922833   -0.0018907663  
youweiduo                 -0.62226055     0.15042407      -0.47183648     -0.0008048672   0.00019456705   -0.00061030015 
zhongyangyi               -408.17919      2.0433011       -406.13589      -0.5279622      0.0026429219    -0.52531928    
zuofuyi                   -1.6560594      0.18561863      -1.4704408      -0.0021420415   0.0002400897    -0.0019019518  
zuoweiduo                 4.9900439       0.12240029      5.1124442       0.0064544068    0.0001583195    0.0066127263   
------------------------- --------------- --------------- --------------- --------------- --------------- ---------------
Net                       31.57906        11.702931       43.281991       0.040846154     0.015137237     0.05598339     
