                                    "Force Report"

Forces
                          Forces [N]                                                                                                                                Coefficients                                                                                                                             
Zone                      Pressure                                      Viscous                                       Total                                         Pressure                                      Viscous                                       Total                                        
interior-372:002-shadow   (-0.30960516 -0.16777219 0.21104299)          (6.5135424e-06 -7.3426301e-06 3.7086576e-06)  (-0.30959864 -0.16777953 0.21104669)          (-0.00040046093 -0.0002170061 0.00027297501)  (8.4249865e-09 -9.4973756e-09 4.7969887e-09)  (-0.0004004525 -0.0002170156 0.0002729798)   
interior-372:003-shadow   (0.30960025 0.16776904 -0.21103997)           (1.2990328e-05 -1.5234561e-05 6.8759427e-06)  (0.30961324 0.16775381 -0.21103309)           (0.00040045458 0.00021700203 -0.0002729711)   (1.680243e-08 -1.9705248e-08 8.8937356e-09)   (0.00040047138 0.00021698232 -0.00027296221) 
jidi                      (1145.6051 -8.2050416e-08 0.00043584993)      (3.0939675e-08 0.0020022878 0.0032775933)     (1145.6051 0.0020022057 0.0037134432)         (1.4817909 -1.0612868e-10 5.6375311e-07)      (4.0019136e-11 2.589873e-06 4.2394257e-06)    (1.4817909 2.5897668e-06 4.8031788e-06)      
jishen                    (9089.1213 0.57563673 -12494.568)             (1.1833364 -0.046432504 0.076322014)          (9090.3047 0.52920422 -12494.491)             (11.756387 0.0007445613 -16.161185)           (0.0015305946 -6.0058442e-05 9.8719237e-05)   (11.757917 0.00068450286 -16.161086)         
jitou                     (-11261.654 -6.7025718 30.142251)             (1.1215396 -0.085075386 0.33939289)           (-11260.532 -6.7876472 30.481643)             (-14.566464 -0.0086694878 0.038987702)        (0.0014506631 -0.00011004135 0.00043899008)   (-14.565013 -0.0087795292 0.039426692)       
liangan                   (-81.151877 -0.58108456 -3064.3089)           (1.2882223 -0.029540625 0.19021112)           (-79.863655 -0.61062519 -3064.1187)           (-0.10496646 -0.00075160784 -3.9635515)       (0.0016662601 -3.8209526e-05 0.00024602988)   (-0.1033002 -0.00078981737 -3.9633055)       
waiyi                     (-232.45683 -0.09416051 2000.9224)            (3.0120863 -0.24619798 0.96582548)            (-229.44474 -0.34035849 2001.8882)            (-0.30067289 -0.00012179256 2.5881069)        (0.0038960039 -0.00031844647 0.0012492536)    (-0.29677688 -0.00044023904 2.5893561)       
weiyi                     (37.740196 -20.084055 628.96176)              (1.1716252 -0.087987604 0.18689736)           (38.911821 -20.172043 629.14866)              (0.048815317 -0.02597786 0.81353493)          (0.0015154466 -0.00011380817 0.00024174369)   (0.050330764 -0.026091668 0.81377667)        
xiaoyi                    (154.0775 -0.60767768 -365.76122)             (0.36355103 -0.025976839 0.090757682)         (154.44105 -0.63365452 -365.67046)            (0.19929261 -0.00078600489 -0.47309637)       (0.00047023759 -3.3599922e-05 0.00011739115)  (0.19976284 -0.00081960481 -0.47297898)      
youfuyi                   (0.37373887 -0.82391655 25.759196)            (0.14031644 -0.00089992943 0.048059276)       (0.51405531 -0.82481648 25.807256)            (0.00048341512 -0.0010657006 0.033318411)     (0.00018149326 -1.1640199e-06 6.2162603e-05)  (0.00066490839 -0.0010668646 0.033380573)    
youweiduo                 (-0.79672924 1.2201034 2.1810599)             (0.13123945 -0.016912158 0.019470252)         (-0.6654898 1.2031912 2.2005302)              (-0.0010305349 0.0015781512 0.002821107)      (0.00016975257 -2.1875147e-05 2.5183931e-05)  (-0.00086078237 0.001556276 0.002846291)     
zhongyangyi               (1011.1988 0.033845298 14385.707)             (1.795859 -0.082318728 0.43429684)            (1012.9947 -0.04847343 14386.141)             (1.3079421 4.3777435e-05 18.607292)           (0.0023228662 -0.00010647573 0.00056174425)   (1.310265 -6.2698292e-05 18.607853)          
zuofuyi                   (0.36469681 0.76364192 24.737775)             (0.13822959 -0.050551252 0.047733373)         (0.5029264 0.71309067 24.785508)              (0.00047171961 0.00098773792 0.031997245)     (0.00017879402 -6.5385866e-05 6.1741061e-05)  (0.00065051362 0.00092235205 0.032058986)    
zuoweiduo                 (4.2024419 -7.8736782 13.342789)              (0.10714154 -0.0077329711 0.0068547318)       (4.3095834 -7.8814112 13.349644)              (0.0054356774 -0.010184263 0.017258323)       (0.00013858296 -1.0002265e-05 8.8663003e-06)  (0.0055742604 -0.010194266 0.017267189)      
------------------------- --------------------------------------------- --------------------------------------------- --------------------------------------------- --------------------------------------------- --------------------------------------------- ---------------------------------------------
Net                       (-133.37509 -34.17392 1187.1165)              (10.453166 -0.67764626 2.4091092)             (-122.92192 -34.851567 1189.5256)             (-0.17251493 -0.044202493 1.535484)           (0.01352072 -0.00087650624 0.0031160789)      (-0.15899421 -0.045079 1.5386001)            

Forces - Direction Vector (0.97576488 -0.069756474 0.20740523)
                          Forces [N]                                      Coefficients                                   
Zone                      Pressure        Viscous         Total           Pressure        Viscous         Total          
interior-372:002-shadow   -0.24662723     7.6370769e-06   -0.24661959     -0.00031900169  9.8782299e-09   -0.00031899181 
interior-372:003-shadow   0.24662328      1.5164322e-05   0.24663845      0.00031899659   1.9614397e-08   0.0003190162   
jidi                      1117.8414       0.00054014764   1117.8419       1.4458796       6.986577e-07    1.4458803      
jishen                    6277.3666       1.1737267       6278.5403       8.1195032       0.0015181648    8.1210213      
jitou                     -10982.007      1.1706853       -10980.836      -14.204753      0.001514231     -14.203238     
liangan                   -714.6983       1.2985136       -713.39979      -0.92443146     0.0016795713    -0.92275188    
waiyi                     188.18512       3.1565792       191.3417        0.24340935      0.0040828992    0.24749225     
weiyi                     168.67651       1.1881319       169.86464       0.21817579      0.0015367974    0.21971259     
xiaoyi                    74.525014       0.375376        74.90039        0.096394895     0.00048553268   0.096880427    
youfuyi                   5.7647468       0.14694637      5.9116932       0.0074564516    0.0001900688    0.0076465204   
youweiduo                 -0.4101673      0.13327681      -0.27689049     -0.00053053372  0.00017238781   -0.00035814591 
zhongyangyi               3970.3607       1.8481538       3972.2089       5.1354905       0.0023905073    5.137881       
zuofuyi                   5.4333332       0.14830601      5.5816392       0.0070277823    0.00019182743   0.0072196097   
zuoweiduo                 7.4171994       0.10650608      7.5237055       0.0095938278    0.00013776103   0.0097315888   
------------------------- --------------- --------------- --------------- --------------- --------------- ---------------
Net                       118.45529       10.746765       129.20206       0.15321682      0.013900477     0.16711729     
