                                    "Force Report"

Moments - Moment Center (0 0 0.05)
                          Moments [N m]                                                                                                                             Coefficients                                                                                                                             
Zone                      Pressure                                      Viscous                                       Total                                         Pressure                                      Viscous                                       Total                                        
interior-372:002-shadow   (-0.13136005 -0.311721 -0.44051722)           (-1.5549528e-06 -3.8007684e-06 -5.9878789e-06) (-0.13136161 -0.3117248 -0.44052321)          (-0.00046588585 -0.0011055599 -0.0015623528)  (-5.5148465e-09 -1.347993e-08 -2.1236807e-08) (-0.00046589137 -0.0011055734 -0.001562374)  
interior-372:003-shadow   (0.13136384 0.311728 0.44052466)              (-2.2915966e-06 -6.2533164e-06 -1.3376336e-05) (0.13136155 0.31172175 0.44051128)            (0.00046589928 0.0011055847 0.0015623791)     (-8.1274515e-09 -2.2178216e-08 -4.7440951e-08) (0.00046589116 0.0011055625 0.0015623317)    
jidi                      (-4.2833724e-09 -22.923567 0.0078066145)      (8.0621937e-05 -0.0030594855 0.0023701292)    (8.0617653e-05 -22.926627 0.010176744)        (-1.5191549e-11 -0.081301472 2.7687194e-05)   (2.859364e-07 -1.0850871e-05 8.4059778e-06)   (2.8592121e-07 -0.081312323 3.6093172e-05)   
jishen                    (-0.044873891 -229.99246 2.4195274)           (-0.016212073 -0.071177988 0.011573483)       (-0.061085964 -230.06364 2.4311009)           (-0.00015915121 -0.81569877 0.0085811749)     (-5.7498268e-05 -0.00025244218 4.1046892e-05) (-0.00021664948 -0.81595121 0.0086222218)    
jitou                     (-0.87657939 555.33223 8.6493703)             (-0.009296263 0.15107578 0.10896706)          (-0.88587565 555.48331 8.7583373)             (-0.0031089051 1.9695594 0.030676139)         (-3.297043e-05 0.0005358103 0.00038646613)    (-0.0031418756 1.9700953 0.031062605)        
liangan                   (0.13634936 650.82375 -2.2374684)             (-0.0058769128 0.13568828 0.026110953)        (0.13047245 650.95944 -2.2113575)             (0.00048358111 2.3082328 -0.0079354787)       (-2.0843251e-05 0.0004812365 9.2605959e-05)   (0.00046273786 2.308714 -0.0078428727)       
waiyi                     (14.688298 -45.815039 -0.7999262)             (0.082444809 0.47842589 -0.076338778)         (14.770743 -45.336613 -0.87626498)            (0.052093997 -0.16248911 -0.0028370444)       (0.00029240146 0.0016968009 -0.0002707456)    (0.052386399 -0.16079231 -0.00310779)        
weiyi                     (-12.122243 -781.83271 -35.332421)            (0.050318591 0.14864517 -0.3057019)           (-12.071925 -781.68406 -35.638123)            (-0.042993145 -2.7728734 -0.12531112)         (0.00017846156 0.00052718983 -0.0010842123)   (-0.042814683 -2.7723463 -0.12639533)        
xiaoyi                    (13.668937 55.750851 -0.89113987)             (0.10485177 0.034032947 -0.026922259)         (13.773788 55.784884 -0.91806213)             (0.048478697 0.19772779 -0.0031605458)        (0.00037187073 0.00012070236 -9.5483363e-05)  (0.048850568 0.19784849 -0.0032560292)       
youfuyi                   (30.510556 -4.3179372 -0.44102231)            (0.061585477 0.0078128603 -0.16470509)        (30.572141 -4.3101243 -0.6057274)             (0.10820973 -0.015314137 -0.0015641441)       (0.00021842107 2.7709346e-05 -0.00058414846)  (0.10842816 -0.015286428 -0.0021482926)      
youweiduo                 (0.17329051 -2.6280567 1.6270421)             (0.013276576 0.012156263 -0.086517188)        (0.18656709 -2.6159005 1.5405249)             (0.0006145978 -0.0093207519 0.0057705208)     (4.7087137e-05 4.3113801e-05 -0.00030684469)  (0.00066168494 -0.0092776381 0.0054636761)   
zhongyangyi               (5.2036382 -275.04165 -1.1280312)             (0.0063626344 0.2796924 -0.014010473)         (5.2100008 -274.76196 -1.1420417)             (0.018455393 -0.97547171 -0.0040007123)       (2.2565927e-05 0.00099196623 -4.9690002e-05)  (0.018477959 -0.97447975 -0.0040504023)      
zuofuyi                   (-29.218402 -4.1408653 0.45754609)            (-0.049782948 0.0084784808 0.1494808)         (-29.268185 -4.1323868 0.60702689)            (-0.10362694 -0.014686128 0.0016227479)       (-0.00017656183 3.0070057e-05 0.00053015348)  (-0.1038035 -0.014656058 0.0021529014)       
zuoweiduo                 (-2.6857064 -16.166423 -8.7314204)            (0.01038323 0.037308919 0.0040904222)         (-2.6753232 -16.129114 -8.72733)              (-0.0095252143 -0.057336365 -0.030967141)     (3.6825503e-05 0.00013232103 1.4507225e-05)   (-0.0094883888 -0.057204044 -0.030952634)    
------------------------- --------------------------------------------- --------------------------------------------- --------------------------------------------- --------------------------------------------- --------------------------------------------- ---------------------------------------------
Net                       (19.433267 -120.95186 -36.400129)             (0.24813167 1.2190695 -0.37162221)            (19.681399 -119.7328 -36.771751)              (0.068922661 -0.42897184 -0.12909789)         (0.0008800319 0.0043235917 -0.0013180075)     (0.069802693 -0.42464825 -0.1304159)         

Moments - Moment Center (0 0 0.05) Moment Axis (0 1 0)
                          Moments [N m]                                   Coefficients                                   
Zone                      Pressure        Viscous         Total           Pressure        Viscous         Total          
interior-372:002-shadow   -0.311721       -3.8007684e-06  -0.3117248      -0.0011055599   -1.347993e-08   -0.0011055734  
interior-372:003-shadow   0.311728        -6.2533164e-06  0.31172175      0.0011055847    -2.2178216e-08  0.0011055625   
jidi                      -22.923567      -0.0030594855   -22.926627      -0.081301472    -1.0850871e-05  -0.081312323   
jishen                    -229.99246      -0.071177988    -230.06364      -0.81569877     -0.00025244218  -0.81595121    
jitou                     555.33223       0.15107578      555.48331       1.9695594       0.0005358103    1.9700953      
liangan                   650.82375       0.13568828      650.95944       2.3082328       0.0004812365    2.308714       
waiyi                     -45.815039      0.47842589      -45.336613      -0.16248911     0.0016968009    -0.16079231    
weiyi                     -781.83271      0.14864517      -781.68406      -2.7728734      0.00052718983   -2.7723463     
xiaoyi                    55.750851       0.034032947     55.784884       0.19772779      0.00012070236   0.19784849     
youfuyi                   -4.3179372      0.0078128603    -4.3101243      -0.015314137    2.7709346e-05   -0.015286428   
youweiduo                 -2.6280567      0.012156263     -2.6159005      -0.0093207519   4.3113801e-05   -0.0092776381  
zhongyangyi               -275.04165      0.2796924       -274.76196      -0.97547171     0.00099196623   -0.97447975    
zuofuyi                   -4.1408653      0.0084784808    -4.1323868      -0.014686128    3.0070057e-05   -0.014656058   
zuoweiduo                 -16.166423      0.037308919     -16.129114      -0.057336365    0.00013232103   -0.057204044   
------------------------- --------------- --------------- --------------- --------------- --------------- ---------------
Net                       -120.95186      1.2190695       -119.7328       -0.42897184     0.0043235917    -0.42464825    
