                                    "Force Report"

Moments - Moment Center (0 0 0.05)
                          Moments [N m]                                                                                                                             Coefficients                                                                                                                             
Zone                      Pressure                                      Viscous                                       Total                                         Pressure                                      Viscous                                       Total                                        
interior-372:002-shadow   (-0.13130178 -0.31158273 -0.44032183)         (-8.962295e-07 -2.5711552e-06 -6.1077859e-06) (-0.13130268 -0.31158531 -0.44032793)         (-0.0004656792 -0.0011050695 -0.0015616598)   (-3.1785969e-09 -9.118943e-09 -2.1662073e-08) (-0.00046568238 -0.0011050786 -0.0015616814) 
interior-372:003-shadow   (0.13130652 0.31159201 0.44033254)            (-5.8333071e-07 -3.2644829e-06 -1.5083597e-05) (0.13130594 0.31158874 0.44031746)            (0.00046569601 0.0011051024 0.0015616978)     (-2.0688598e-09 -1.1577922e-08 -5.3495977e-08) (0.00046569394 0.0011050908 0.0015616443)    
jidi                      (-3.4246538e-08 -22.924159 0.0062498997)      (-4.0031329e-05 -0.00034637042 0.00058008875) (-4.0065576e-05 -22.924505 0.0068299884)      (-1.2145989e-10 -0.08130357 2.2166098e-05)    (-1.4197642e-07 -1.2284486e-06 2.0573617e-06) (-1.4209788e-07 -0.081304799 2.422346e-05)   
jishen                    (0.16523024 -230.14179 2.6998238)             (-0.034208719 -0.069071472 -0.007664487)      (0.13102152 -230.21086 2.6921593)             (0.00058601098 -0.8162284 0.0095752833)       (-0.00012132576 -0.00024497114 -2.718312e-05) (0.00046468522 -0.81647337 0.0095481002)     
jitou                     (-1.2656652 545.06482 12.484983)              (-0.014102757 0.029348687 0.16108341)         (-1.279768 545.09417 12.646066)               (-0.0044888497 1.9331447 0.044279648)         (-5.00173e-05 0.00010408901 0.0005713037)     (-0.004538867 1.9332488 0.044850952)         
liangan                   (1.4772155 649.89144 -1.6753287)              (0.025757739 0.14276029 -0.030370083)         (1.5029733 650.0342 -1.7056988)               (0.0052391409 2.3049262 -0.0059417756)        (9.135324e-05 0.0005063183 -0.00010771153)    (0.0053304941 2.3054325 -0.0060494871)       
waiyi                     (9.0622288 -45.415691 -0.68528068)            (0.089389163 0.63651854 -0.062167598)         (9.151618 -44.779172 -0.74744828)             (0.032140397 -0.16107277 -0.0024304389)       (0.00031703053 0.0022574975 -0.00022048563)   (0.032457428 -0.15881528 -0.0026509245)      
weiyi                     (-14.569308 -723.35447 -49.153752)            (0.094504705 0.35581871 -0.41831227)          (-14.474804 -722.99865 -49.572064)            (-0.051671985 -2.5654726 -0.1743303)          (0.00033517348 0.0012619583 -0.0014836)       (-0.051336812 -2.5642107 -0.1758139)         
xiaoyi                    (10.301994 56.01109 -0.98294977)              (0.093740564 0.039583755 -0.036628396)        (10.395734 56.050673 -1.0195782)              (0.036537388 0.19865076 -0.0034861618)        (0.00033246335 0.00014038904 -0.00012990747)  (0.036869851 0.19879115 -0.0036160693)       
youfuyi                   (19.292761 -2.7878407 0.76863696)             (0.038588497 0.013829488 -0.20113647)         (19.33135 -2.7740112 0.56750049)              (0.068424338 -0.0098874471 0.002726073)       (0.00013685922 4.9048114e-05 -0.00071335719)  (0.068561197 -0.0098383989 0.0020127158)     
youweiduo                 (-0.10527814 -0.22111007 0.25784589)          (0.019616607 0.016942391 -0.1187214)          (-0.085661538 -0.20416768 0.13912448)         (-0.00037338291 -0.00078419621 0.00091448465) (6.9572899e-05 6.0088437e-05 -0.00042106121)  (-0.00030381001 -0.00072410777 0.00049342344)
zhongyangyi               (9.0143548 -277.39022 1.4997237)              (0.047209575 0.35406579 -0.0086714136)        (9.0615644 -277.03615 1.4910523)              (0.031970605 -0.98380121 0.005318969)         (0.00016743502 0.0012557413 -3.0754319e-05)   (0.03213804 -0.98254547 0.0052882147)        
zuofuyi                   (-18.700578 -2.7264631 -0.71083522)           (-0.024832919 0.01460869 0.18145194)          (-18.725411 -2.7118544 -0.52938328)           (-0.066324081 -0.0096697633 -0.0025210714)    (-8.8073241e-05 5.1811656e-05 0.00064354339)  (-0.066412154 -0.0096179516 -0.0018775281)   
zuoweiduo                 (-2.5063396 -17.519021 -9.3326152)            (0.015708969 0.048512684 -0.012039607)        (-2.4906306 -17.470509 -9.3446548)            (-0.008889066 -0.062133534 -0.033099358)      (5.5713943e-05 0.00017205667 -4.2700062e-05)  (-0.0088333521 -0.061961477 -0.033142058)    
------------------------- --------------------------------------------- --------------------------------------------- --------------------------------------------- --------------------------------------------- --------------------------------------------- ---------------------------------------------
Net                       (12.16662 -71.513403 -44.823488)              (0.35132991 1.5825653 -0.55261748)            (12.51795 -69.930838 -45.376105)              (0.043150532 -0.25363177 -0.15897245)         (0.0012460382 0.005612778 -0.0019599312)      (0.04439657 -0.24801899 -0.16093238)         

Moments - Moment Center (0 0 0.05) Moment Axis (0 1 0)
                          Moments [N m]                                   Coefficients                                   
Zone                      Pressure        Viscous         Total           Pressure        Viscous         Total          
interior-372:002-shadow   -0.31158273     -2.5711552e-06  -0.31158531     -0.0011050695   -9.118943e-09   -0.0011050786  
interior-372:003-shadow   0.31159201      -3.2644829e-06  0.31158874      0.0011051024    -1.1577922e-08  0.0011050908   
jidi                      -22.924159      -0.00034637042  -22.924505      -0.08130357     -1.2284486e-06  -0.081304799   
jishen                    -230.14179      -0.069071472    -230.21086      -0.8162284      -0.00024497114  -0.81647337    
jitou                     545.06482       0.029348687     545.09417       1.9331447       0.00010408901   1.9332488      
liangan                   649.89144       0.14276029      650.0342        2.3049262       0.0005063183    2.3054325      
waiyi                     -45.415691      0.63651854      -44.779172      -0.16107277     0.0022574975    -0.15881528    
weiyi                     -723.35447      0.35581871      -722.99865      -2.5654726      0.0012619583    -2.5642107     
xiaoyi                    56.01109        0.039583755     56.050673       0.19865076      0.00014038904   0.19879115     
youfuyi                   -2.7878407      0.013829488     -2.7740112      -0.0098874471   4.9048114e-05   -0.0098383989  
youweiduo                 -0.22111007     0.016942391     -0.20416768     -0.00078419621  6.0088437e-05   -0.00072410777 
zhongyangyi               -277.39022      0.35406579      -277.03615      -0.98380121     0.0012557413    -0.98254547    
zuofuyi                   -2.7264631      0.01460869      -2.7118544      -0.0096697633   5.1811656e-05   -0.0096179516  
zuoweiduo                 -17.519021      0.048512684     -17.470509      -0.062133534    0.00017205667   -0.061961477   
------------------------- --------------- --------------- --------------- --------------- --------------- ---------------
Net                       -71.513403      1.5825653       -69.930838      -0.25363177     0.005612778     -0.24801899    
