                                    "Force Report"

Moments - Moment Center (0 0 0.05)
                          Moments [N m]                                                                                                                             Coefficients                                                                                                                             
Zone                      Pressure                                      Viscous                                       Total                                         Pressure                                      Viscous                                       Total                                        
interior-372:002-shadow   (-0.1314188 -0.3118604 -0.44071413)           (-1.6457426e-06 -4.0733446e-06 -6.6911888e-06) (-0.13142044 -0.31186447 -0.44072082)         (-0.00046609421 -0.0011060543 -0.0015630511)  (-5.8368444e-09 -1.4446657e-08 -2.3731189e-08) (-0.00046610005 -0.0011060687 -0.0015630749) 
interior-372:003-shadow   (0.13142498 0.31187305 0.44072948)            (-2.4308823e-06 -6.7752251e-06 -1.5179585e-05) (0.13142255 0.31186628 0.4407143)             (0.00046611612 0.0011060992 0.0015631056)     (-8.6214466e-09 -2.4029235e-08 -5.3836413e-08) (0.0004661075 0.0011060751 0.0015630517)     
jidi                      (1.2007387e-08 -22.943128 0.012581932)        (-4.7082633e-05 -0.0043305306 0.0026637208)   (-4.7070626e-05 -22.947459 0.015245653)       (4.2585791e-11 -0.081370848 4.4623491e-05)    (-1.6698481e-07 -1.5358802e-05 9.4472393e-06) (-1.6694222e-07 -0.081386207 5.407073e-05)   
jishen                    (-0.44088325 -232.40684 3.0909341)            (-0.025137937 -0.097592143 0.015788061)       (-0.46602118 -232.50443 3.1067221)            (-0.0015636509 -0.8242617 0.010962408)        (-8.9155029e-05 -0.00034612348 5.5994454e-05) (-0.001652806 -0.82460782 0.011018402)       
jitou                     (-1.3084835 555.35742 12.929837)              (-0.014513517 0.16376243 0.16473384)          (-1.322997 555.52118 13.094571)               (-0.0046407103 1.9696488 0.045857383)         (-5.1474113e-05 0.00058080519 0.00058425044)  (-0.0046921844 1.9702296 0.046441633)        
liangan                   (0.41648821 651.14856 -3.1635621)             (0.00707242 0.13146741 -0.0010454409)         (0.42356063 651.28003 -3.1646075)             (0.0014771307 2.3093848 -0.011219993)         (2.5083276e-05 0.00046626662 -3.7077949e-06)  (0.001502214 2.3098511 -0.0112237)           
waiyi                     (27.446097 -46.682265 0.89577309)             (0.13121024 0.43141155 -0.090237834)          (27.577307 -46.250853 0.80553525)             (0.097341225 -0.16556485 0.0031769781)        (0.00046535452 0.0015300583 -0.00032004045)   (0.09780658 -0.16403479 0.0028569377)        
weiyi                     (-10.835455 -749.88928 -22.023063)            (0.056914117 0.085647721 -0.32512005)         (-10.77854 -749.80364 -22.348183)             (-0.038429378 -2.6595819 -0.078107715)        (0.00020185347 0.00030376101 -0.0011530814)   (-0.038227524 -2.6592781 -0.079260796)       
xiaoyi                    (20.242966 55.693354 -1.6731781)              (0.13764727 0.032139237 0.010854597)          (20.380613 55.725493 -1.6623235)              (0.071794364 0.19752387 -0.0059341482)        (0.00048818431 0.00011398607 3.8497268e-05)   (0.072282548 0.19763786 -0.005895651)        
youfuyi                   (30.462971 -4.2772965 -0.51312083)            (0.062413413 0.0082789781 -0.17108665)        (30.525385 -4.2690176 -0.68420747)            (0.10804097 -0.01517 -0.0018198511)           (0.00022135745 2.9362495e-05 -0.00060678149)  (0.10826233 -0.015140637 -0.0024266326)      
youweiduo                 (0.087776567 -3.0217541 1.7775253)            (0.019089785 0.00440735 -0.10423823)          (0.10686635 -3.0173467 1.6732871)             (0.00031131124 -0.010717052 0.0063042295)     (6.7704455e-05 1.5631252e-05 -0.00036969472)  (0.0003790157 -0.01070142 0.0059345348)      
zhongyangyi               (-7.3555245 -276.62227 -2.2693028)            (-0.0045951835 0.26034666 0.0034646288)       (-7.3601197 -276.36193 -2.2658382)            (-0.026087344 -0.9810776 -0.0080483836)       (-1.6297428e-05 0.00092335399 1.2287766e-05)  (-0.026103641 -0.98015424 -0.0080360959)     
zuofuyi                   (-29.542068 -4.1998583 0.39166612)            (-0.046771551 0.0090083166 0.14683071)        (-29.58884 -4.19085 0.53849683)               (-0.10477487 -0.014895355 0.0013890959)       (-0.00016588151 3.194919e-05 0.00052075461)   (-0.10494075 -0.014863406 0.0019098505)      
zuoweiduo                 (-2.9090074 -16.529625 -8.9164561)            (0.0091165402 0.037267525 0.0054490388)       (-2.8998909 -16.492357 -8.9110071)            (-0.010317181 -0.058624508 -0.031623395)      (3.233302e-05 0.00013217422 1.9325739e-05)    (-0.010284848 -0.058492334 -0.031604069)     
------------------------- --------------------------------------------- --------------------------------------------- --------------------------------------------- --------------------------------------------- --------------------------------------------- ---------------------------------------------
Net                       (26.264883 -94.372975 -19.46035)              (0.33239444 1.0618037 -0.34196547)            (26.597278 -93.311171 -19.802315)             (0.093151894 -0.33470628 -0.069018713)        (0.001178881 0.0037658276 -0.0012128259)      (0.094330775 -0.33094045 -0.070231539)       

Moments - Moment Center (0 0 0.05) Moment Axis (0 1 0)
                          Moments [N m]                                   Coefficients                                   
Zone                      Pressure        Viscous         Total           Pressure        Viscous         Total          
interior-372:002-shadow   -0.3118604      -4.0733446e-06  -0.31186447     -0.0011060543   -1.4446657e-08  -0.0011060687  
interior-372:003-shadow   0.31187305      -6.7752251e-06  0.31186628      0.0011060992    -2.4029235e-08  0.0011060751   
jidi                      -22.943128      -0.0043305306   -22.947459      -0.081370848    -1.5358802e-05  -0.081386207   
jishen                    -232.40684      -0.097592143    -232.50443      -0.8242617      -0.00034612348  -0.82460782    
jitou                     555.35742       0.16376243      555.52118       1.9696488       0.00058080519   1.9702296      
liangan                   651.14856       0.13146741      651.28003       2.3093848       0.00046626662   2.3098511      
waiyi                     -46.682265      0.43141155      -46.250853      -0.16556485     0.0015300583    -0.16403479    
weiyi                     -749.88928      0.085647721     -749.80364      -2.6595819      0.00030376101   -2.6592781     
xiaoyi                    55.693354       0.032139237     55.725493       0.19752387      0.00011398607   0.19763786     
youfuyi                   -4.2772965      0.0082789781    -4.2690176      -0.01517        2.9362495e-05   -0.015140637   
youweiduo                 -3.0217541      0.00440735      -3.0173467      -0.010717052    1.5631252e-05   -0.01070142    
zhongyangyi               -276.62227      0.26034666      -276.36193      -0.9810776      0.00092335399   -0.98015424    
zuofuyi                   -4.1998583      0.0090083166    -4.19085        -0.014895355    3.194919e-05    -0.014863406   
zuoweiduo                 -16.529625      0.037267525     -16.492357      -0.058624508    0.00013217422   -0.058492334   
------------------------- --------------- --------------- --------------- --------------- --------------- ---------------
Net                       -94.372975      1.0618037       -93.311171      -0.33470628     0.0037658276    -0.33094045    
