                                    "Force Report"

Moments - Moment Center (0 0 0.05)
                          Moments [N m]                                                                                                                             Coefficients                                                                                                                             
Zone                      Pressure                                      Viscous                                       Total                                         Pressure                                      Viscous                                       Total                                        
interior-372:002-shadow   (-0.13134741 -0.31169102 -0.44047486)         (-9.6974362e-07 -2.6936121e-06 -5.9912892e-06) (-0.13134838 -0.31169371 -0.44048085)         (-0.00046584103 -0.0011054536 -0.0015622025)  (-3.4393244e-09 -9.5532528e-09 -2.1248902e-08) (-0.00046584447 -0.0011054631 -0.0015622238) 
interior-372:003-shadow   (0.13135107 0.31169771 0.44048191)            (-6.5738716e-07 -3.3550981e-06 -1.4737603e-05) (0.13135041 0.31169435 0.44046717)            (0.00046585399 0.0011054773 0.0015622275)     (-2.3315108e-09 -1.1899301e-08 -5.2268865e-08) (0.00046585166 0.0011054654 0.0015621753)    
jidi                      (-7.956544e-09 -22.924754 0.0067669704)       (0.00010416992 -0.0032022903 0.0030443461)    (0.00010416196 -22.927956 0.0098113165)       (-2.8218939e-11 -0.081305682 2.3999958e-05)   (3.6945245e-07 -1.1357348e-05 1.0797177e-05)  (3.6942423e-07 -0.081317039 3.4797136e-05)   
jishen                    (0.040675731 -229.84 2.6872728)               (-0.029129504 -0.065123556 0.0052072456)      (0.011546227 -229.90512 2.6924801)            (0.00014426188 -0.81515805 0.0095307697)      (-0.00010331165 -0.00023096933 1.8468187e-05) (4.0950227e-05 -0.81538902 0.0095492378)     
jitou                     (-1.252982 550.62865 12.39057)                (-0.013980411 0.092207844 0.16134599)         (-1.2669624 550.72085 12.551916)              (-0.0044438671 1.9528776 0.043944799)         (-4.9583382e-05 0.00032702735 0.00057223498)  (-0.0044934504 1.9532046 0.044517034)        
liangan                   (1.1944837 651.11785 -2.6152897)              (0.014631342 0.13887195 -0.0021993454)        (1.209115 651.25673 -2.6174891)               (0.0042363948 2.3092759 -0.009275472)         (5.1891997e-05 0.00049252781 -7.8002702e-06)  (0.0042882868 2.3097684 -0.0092832723)       
waiyi                     (12.499633 -45.190286 -1.5356359)             (0.093862353 0.57275287 -0.10094629)          (12.593495 -44.617533 -1.6365822)             (0.044331606 -0.16027335 -0.0054463366)       (0.00033289529 0.0020313441 -0.0003580194)    (0.044664501 -0.158242 -0.005804356)         
weiyi                     (-14.1751 -753.75582 -49.018063)              (0.093088467 0.28133533 -0.42798787)          (-14.082011 -753.47448 -49.446051)            (-0.050273872 -2.673295 -0.17384906)          (0.0003301506 0.0009977931 -0.0015179158)     (-0.049943721 -2.6722972 -0.17536698)        
xiaoyi                    (14.763947 55.93933 -1.1924643)               (0.12025559 0.037966632 -0.031154918)         (14.884203 55.977297 -1.2236192)              (0.052362298 0.19839626 -0.004229233)         (0.00042650239 0.0001346537 -0.00011049505)   (0.0527888 0.19853091 -0.004339728)          
youfuyi                   (23.983241 -3.4511783 0.15920683)             (0.052062205 0.009779506 -0.17883278)         (24.035303 -3.4413988 -0.019625957)           (0.085059748 -0.012240062 0.00056464813)      (0.00018464552 3.4684316e-05 -0.0006342542)   (0.085244393 -0.012205377 -6.9606062e-05)    
youweiduo                 (0.0092490407 -1.2044845 0.79470717)          (0.020908763 0.010508168 -0.11505511)         (0.030157804 -1.1939764 0.67965206)           (3.280295e-05 -0.0042718642 0.0028185344)     (7.4155702e-05 3.7268611e-05 -0.00040805823)  (0.00010695865 -0.0042345956 0.0024104762)   
zhongyangyi               (7.5368928 -275.77861 1.5742355)              (0.0276859 0.32808763 -0.010122764)           (7.5645787 -275.45052 1.5641128)              (0.02673059 -0.97808544 0.0055832352)         (9.8191719e-05 0.0011636063 -3.5901725e-05)   (0.026828782 -0.97692183 0.0055473335)       
zuofuyi                   (-22.791869 -3.3107815 -0.01410235)           (-0.034655147 0.011752279 0.16526841)         (-22.826524 -3.2990293 0.15116606)            (-0.080834387 -0.011742126 -5.0015857e-05)    (-0.00012290908 4.1681016e-05 0.00058614636)  (-0.080957296 -0.011700445 0.0005361305)     
zuoweiduo                 (-2.5757717 -17.631396 -9.4154419)            (0.015431981 0.046407146 -0.01235759)         (-2.5603397 -17.584989 -9.4277994)            (-0.0091353161 -0.062532087 -0.033393114)     (5.4731567e-05 0.0001645891 -4.3827833e-05)   (-0.0090805845 -0.062367498 -0.033436942)    
------------------------- --------------------------------------------- --------------------------------------------- --------------------------------------------- --------------------------------------------- --------------------------------------------- ---------------------------------------------
Net                       (19.232404 -95.401471 -46.178231)             (0.36026408 1.4613375 -0.54381141)            (19.592668 -93.940134 -46.722042)             (0.068210273 -0.33835398 -0.16377722)         (0.0012777244 0.0051828273 -0.0019286993)     (0.069487998 -0.33317115 -0.16570592)        

Moments - Moment Center (0 0 0.05) Moment Axis (0 1 0)
                          Moments [N m]                                   Coefficients                                   
Zone                      Pressure        Viscous         Total           Pressure        Viscous         Total          
interior-372:002-shadow   -0.31169102     -2.6936121e-06  -0.31169371     -0.0011054536   -9.5532528e-09  -0.0011054631  
interior-372:003-shadow   0.31169771      -3.3550981e-06  0.31169435      0.0011054773    -1.1899301e-08  0.0011054654   
jidi                      -22.924754      -0.0032022903   -22.927956      -0.081305682    -1.1357348e-05  -0.081317039   
jishen                    -229.84         -0.065123556    -229.90512      -0.81515805     -0.00023096933  -0.81538902    
jitou                     550.62865       0.092207844     550.72085       1.9528776       0.00032702735   1.9532046      
liangan                   651.11785       0.13887195      651.25673       2.3092759       0.00049252781   2.3097684      
waiyi                     -45.190286      0.57275287      -44.617533      -0.16027335     0.0020313441    -0.158242      
weiyi                     -753.75582      0.28133533      -753.47448      -2.673295       0.0009977931    -2.6722972     
xiaoyi                    55.93933        0.037966632     55.977297       0.19839626      0.0001346537    0.19853091     
youfuyi                   -3.4511783      0.009779506     -3.4413988      -0.012240062    3.4684316e-05   -0.012205377   
youweiduo                 -1.2044845      0.010508168     -1.1939764      -0.0042718642   3.7268611e-05   -0.0042345956  
zhongyangyi               -275.77861      0.32808763      -275.45052      -0.97808544     0.0011636063    -0.97692183    
zuofuyi                   -3.3107815      0.011752279     -3.2990293      -0.011742126    4.1681016e-05   -0.011700445   
zuoweiduo                 -17.631396      0.046407146     -17.584989      -0.062532087    0.0001645891    -0.062367498   
------------------------- --------------- --------------- --------------- --------------- --------------- ---------------
Net                       -95.401471      1.4613375       -93.940134      -0.33835398     0.0051828273    -0.33317115    
