                                    "Force Report"

Forces
                          Forces [N]                                                                                                                                Coefficients                                                                                                                             
Zone                      Pressure                                      Viscous                                       Total                                         Pressure                                      Viscous                                       Total                                        
jidi                      (1144.1141 3.5874057e-07 0.00043474741)       (1.4606818e-08 -0.0033160403 0.00077531821)   (1144.1141 -0.0033156815 0.0012100656)        (1.4798622 4.6401547e-10 5.6232704e-07)       (1.8893289e-11 -4.2891552e-06 1.0028407e-06)  (1.4798622 -4.2886912e-06 1.5651677e-06)     
jishen                    (9081.6159 1.4955996 -12512.235)              (1.3196416 -0.13824367 -0.099645067)          (9082.9356 1.3573559 -12512.334)              (11.746679 0.0019344936 -16.184036)           (0.0017068995 -0.00017881223 -0.0001288866)   (11.748386 0.0017556814 -16.184165)          
jitou                     (-11245.641 -20.726016 -8.5419161)            (1.1501185 -0.25492761 -0.066743808)          (-11244.491 -20.980943 -8.6086599)            (-14.545752 -0.026808208 -0.0110486)          (0.0014876287 -0.00032973788 -8.6330239e-05)  (-14.544264 -0.027137946 -0.011134931)       
liangan                   (-81.079714 -2.2921088 -3083.7859)            (1.2613478 -0.18946873 -0.086700055)          (-79.818366 -2.4815776 -3083.8726)            (-0.10487312 -0.002964744 -3.9887442)         (0.0016314991 -0.00024506964 -0.00011214278)  (-0.10324162 -0.0032098136 -3.9888563)       
waiyi                     (-127.15537 -0.55288792 1500.809)             (3.7863099 -0.79836601 -0.024216721)          (-123.36906 -1.3512539 1500.7848)             (-0.16446999 -0.00071513669 1.9412318)        (0.0048974287 -0.001032652 -3.1323285e-05)    (-0.15957256 -0.0017477887 1.9412004)        
weiyi                     (39.149039 -33.999461 478.15556)              (1.3714942 -0.28624468 -0.10904258)           (40.520533 -34.285705 478.04652)              (0.050637595 -0.043976837 0.61847361)         (0.0017739687 -0.00037024515 -0.00014104188)  (0.052411563 -0.044347082 0.61833257)        
xiaoyi                    (150.99176 -1.2250809 -373.2042)              (0.3137996 -0.061510511 -0.029327276)         (151.30556 -1.2865914 -373.23353)             (0.19530133 -0.0015845894 -0.48272355)        (0.00040588627 -7.9561195e-05 -3.7933568e-05) (0.19570722 -0.0016641506 -0.48276148)       
youfuyi                   (-0.96956213 -0.35323214 10.842508)           (0.19411886 -0.062221178 -0.0019270576)       (-0.77544328 -0.41545332 10.840581)           (-0.0012540868 -0.00045689055 0.014024317)    (0.00025108437 -8.0480412e-05 -2.492566e-06)  (-0.0010030025 -0.00053737096 0.014021825)   
youweiduo                 (0.35500247 -5.0969522 -8.8634839)            (0.11013161 -0.046997117 -0.0049496231)       (0.46513408 -5.1439493 -8.8684335)            (0.00045918039 -0.006592688 -0.011464535)     (0.0001424505 -6.0788746e-05 -6.4021242e-06)  (0.00060163089 -0.0066534768 -0.011470937)   
zhongyangyi               (1055.9969 -0.04302296 14096.3)               (2.2324504 -0.39020379 -0.059607609)          (1058.2294 -0.43322675 14096.24)              (1.3658865 -5.5648345e-05 18.232957)          (0.0028875784 -0.00050471179 -7.7099873e-05)  (1.3687741 -0.00056036013 18.23288)          
zuofuyi                   (-0.83377934 0.39568355 10.477181)            (0.19776221 -0.062862764 -0.0020904835)       (-0.63601713 0.33282079 10.47509)             (-0.0010784576 0.00051179962 0.013551782)     (0.0002557969 -8.1310276e-05 -2.7039504e-06)  (-0.00082266075 0.00043048935 0.013549078)   
zuoweiduo                 (-0.96702286 0.10503412 -0.03221066)          (0.15503947 -0.03852059 -0.027736131)         (-0.81198339 0.066513534 -0.059946791)        (-0.0012508024 0.00013585711 -4.1663101e-05)  (0.00020053687 -4.9824724e-05 -3.5875491e-05) (-0.0010502655 8.603239e-05 -7.7538591e-05)  
------------------------- --------------------------------------------- --------------------------------------------- --------------------------------------------- --------------------------------------------- --------------------------------------------- ---------------------------------------------
Net                       (15.576469 -62.292444 109.9225)               (12.092214 -2.3328827 -0.5112111)             (27.668683 -64.625326 109.41129)              (0.020147492 -0.080572592 0.14218002)         (0.015640758 -0.0030174832 -0.00066122952)    (0.03578825 -0.083590075 0.14151879)         

Forces - Direction Vector (0.97576488 -0.20791169 -0.068232127)
                          Forces [N]                                      Coefficients                                   
Zone                      Pressure        Viscous         Total           Pressure        Viscous         Total          
jidi                      1116.3863       0.00063655618   1116.3869       1.4439976       8.2335799e-07   1.4439984      
jishen                    9714.9473       1.3232014       9716.2705       12.565866       0.001711504     12.567577      
jitou                     -10968.209      1.1798017       -10967.03       -14.186906      0.0015260227    -14.18538      
liangan                   131.77509       1.2760874       133.05118       0.1704454       0.0016505641    0.17209597     
waiyi                     -226.36218      3.8621902       -222.49999      -0.29278973     0.0049955767    -0.28779415    
weiyi                     12.643572       1.4052097       14.048781       0.016353915     0.0018175782    0.018171493    
xiaoyi                    173.05168       0.32098445      173.37266       0.22383489      0.00041517955   0.22425007     
youfuyi                   -1.612431       0.20248236      -1.4099486      -0.00208561     0.00026190221   -0.0018237078  
youweiduo                 2.0108893       0.11757154      2.1284608       0.0026009986    0.00015207371   0.0027530723   
zhongyangyi               68.593111       2.2635418       70.856653       0.088722233     0.0029277937    0.091650027    
zuofuyi                   -1.6107202      0.20618196      -1.4045382      -0.0020833971   0.00026668748   -0.0018167096  
zuoweiduo                 -0.96322697     0.16118345      -0.80204352     -0.0012458926   0.00020848384   -0.0010374087  
------------------------- --------------- --------------- --------------- --------------- --------------- ---------------
Net                       20.650053       12.319073       32.969125       0.026709954     0.01593419      0.042644143    
