                                    "Force Report"

Forces
                          Forces [N]                                                                                                                                Coefficients                                                                                                                             
Zone                      Pressure                                      Viscous                                       Total                                         Pressure                                      Viscous                                       Total                                        
jidi                      (1145.3824 2.0498151e-07 0.00043565922)       (2.7628961e-09 -0.0040883946 0.0005021695)    (1145.3824 -0.0040881896 0.00093782872)       (1.4815028 2.6513475e-10 5.6350642e-07)       (3.5736871e-12 -5.2881622e-06 6.4953461e-07)  (1.4815028 -5.2878971e-06 1.213041e-06)      
jishen                    (9086.3961 0.85481275 -12510.081)             (1.2377149 -0.16394745 -0.065040785)          (9087.6338 0.6908653 -12510.146)              (11.752862 0.0011056635 -16.181251)           (0.0016009308 -0.00021205897 -8.4127452e-05)  (11.754463 0.00089360449 -16.181335)         
jitou                     (-11253.787 -20.144913 6.9421813)             (1.1337658 -0.25435147 0.09055992)            (-11252.653 -20.399265 7.0327412)             (-14.556288 -0.026056577 0.0089794123)        (0.0014664772 -0.00032899266 0.00011713535)   (-14.554821 -0.02638557 0.0090965477)        
liangan                   (-81.045383 -2.8731528 -3077.1512)            (1.2021727 -0.19334691 0.012279458)           (-79.84321 -3.0664997 -3077.1389)             (-0.10482871 -0.0037162994 -3.9801624)        (0.0015549586 -0.0002500859 1.588295e-05)     (-0.10327375 -0.0039663853 -3.9801465)       
waiyi                     (-141.79505 -0.32142288 1740.746)             (4.3275472 -0.7811525 0.4131103)              (-137.46751 -1.1025754 1741.1591)             (-0.18340579 -0.00041574664 2.2515799)        (0.0055974958 -0.0010103871 0.00053434037)    (-0.1778083 -0.0014261337 2.2521143)         
weiyi                     (42.051716 -35.073657 514.68283)              (1.3849546 -0.29283136 -0.032481948)          (43.436671 -35.366488 514.65035)              (0.054392083 -0.045366264 0.66572006)         (0.0017913791 -0.00037876475 -4.2014e-05)     (0.056183462 -0.045745028 0.66567805)        
xiaoyi                    (151.91753 -1.4551725 -371.08401)             (0.32442822 -0.062784038 0.0068803774)        (152.24196 -1.5179566 -371.07713)             (0.19649878 -0.001882203 -0.47998118)         (0.00041963392 -8.1208447e-05 8.8994716e-06)  (0.19691842 -0.0019634114 -0.47997228)       
youfuyi                   (-0.83904034 -0.53272528 14.850469)           (0.17292837 -0.062169394 0.01822131)          (-0.66611197 -0.59489468 14.86869)            (-0.0010852625 -0.0006890572 0.019208441)     (0.0002236754 -8.0413432e-05 2.3568479e-05)   (-0.00086158713 -0.00076947063 0.01923201)   
youweiduo                 (0.23501845 -4.8658111 -8.3839658)            (0.10220491 -0.056943927 0.00015382768)       (0.33722336 -4.922755 -8.383812)              (0.00030398624 -0.0062937169 -0.010844299)    (0.00013219764 -7.3654516e-05 1.9896948e-07)  (0.00043618388 -0.0063673715 -0.0108441)     
zhongyangyi               (1050.6279 -0.023969399 14243.992)            (2.5008297 -0.34208551 0.15735731)            (1053.1288 -0.36605491 14244.149)             (1.358942 -3.1003384e-05 18.423989)           (0.0032347154 -0.00044247287 0.00020353489)   (1.3621767 -0.00047347625 18.424193)         
zuofuyi                   (-0.79025141 0.54301463 14.700198)            (0.19120185 -0.058270499 0.01575896)          (-0.59904956 0.48474413 14.715957)            (-0.0010221562 0.00070236602 0.019014073)     (0.00024731135 -7.537038e-05 2.0383536e-05)   (-0.0007748448 0.00062699564 0.019034456)    
zuoweiduo                 (-0.92272802 -0.43696811 0.85836224)          (0.15049395 -0.034615236 -0.019280661)        (-0.77223407 -0.47158334 0.83908158)          (-0.0011935089 -0.00056519942 0.0011102546)   (0.00019465744 -4.4773316e-05 -2.4938704e-05) (-0.00099885149 -0.00060997273 0.0010853159) 
------------------------- --------------------------------------------- --------------------------------------------- --------------------------------------------- --------------------------------------------- --------------------------------------------- ---------------------------------------------
Net                       (-2.5682242 -64.329964 570.0716)              (12.728242 -2.3065867 0.59802024)             (10.160018 -66.636551 570.66962)              (-0.0033218873 -0.083208037 0.73736305)       (0.016463433 -0.0029834705 0.0007735134)      (0.013141545 -0.086191507 0.73813656)        

Forces - Direction Vector (0.97755174 -0.20791169 0.034136859)
                          Forces [N]                                      Coefficients                                   
Zone                      Pressure        Viscous         Total           Pressure        Viscous         Total          
jidi                      1119.6706       0.00086717022   1119.6715       1.4482457       1.1216473e-06   1.4482468      
jishen                    8455.1897       1.2417966       8456.4315       10.936424       0.0016062104    10.93803       
jitou                     -10996.733      1.1642888       -10995.569      -14.223801      0.0015059574    -14.222295     
liangan                   -183.67297      1.2158043       -182.45716      -0.23757307     0.0015725904    -0.23600048    
waiyi                     -79.121574      4.4069143       -74.71466       -0.10234035     0.0057001538    -0.096640192   
weiyi                     65.969607       1.413639        67.383246       0.085328844     0.0018284812    0.087157325    
xiaoyi                    136.14215       0.33043378      136.47259       0.17609401      0.00042740185   0.17652141     
youfuyi                   -0.20249718     0.18259419      -0.019902985    -0.00026192137  0.00023617772   -2.5743653e-05 
youweiduo                 0.95519945      0.11175514      1.0669546       0.0012355093    0.00014455046   0.0013800598   
zhongyangyi               1513.2933       2.5211856       1515.8145       1.9573796       0.003261045     1.9606407      
zuofuyi                   -0.38359214     0.19956278      -0.18402936     -0.00049615991  0.00025812586   -0.00023803405 
zuoweiduo                 -0.78186181     0.15365436      -0.62820745     -0.0010113046   0.00019874529   -0.00081255927 
------------------------- --------------- --------------- --------------- --------------- --------------- ---------------
Net                       30.324833       12.942496       43.26733        0.039223865     0.016740561     0.055964426    
