                                    "Force Report"

Forces
                          Forces [N]                                                                                                                                Coefficients                                                                                                                             
Zone                      Pressure                                      Viscous                                       Total                                         Pressure                                      Viscous                                       Total                                        
jidi                      (1145.2437 9.6967423e-08 0.00043562089)       (1.5867243e-08 0.00047057644 0.0017978085)    (1145.2437 0.0004706734 0.0022334294)         (1.4813233 1.2542318e-10 5.6345685e-07)       (2.0523595e-11 6.0867034e-07 2.3253878e-06)   (1.4813233 6.0879576e-07 2.8888447e-06)      
jishen                    (9086.8111 1.07618 -12501.86)                 (1.1791694 -0.11349494 -0.0094742232)         (9087.9903 0.96268505 -12501.869)             (11.753399 0.0013919924 -16.170617)           (0.0015252048 -0.00014680081 -1.2254499e-05)  (11.754924 0.0012451916 -16.170629)          
jitou                     (-11256.568 -13.326017 17.204642)             (1.1375806 -0.16897167 0.19329913)            (-11255.43 -13.494989 17.397941)              (-14.559885 -0.017236629 0.022253463)         (0.0014714115 -0.00021855758 0.00025002409)   (-14.558414 -0.017455186 0.022503487)        
liangan                   (-81.061954 -1.5004143 -3071.8862)            (1.1575416 -0.11498432 0.084792627)           (-79.904412 -1.6153986 -3071.8014)            (-0.10485014 -0.0019407212 -3.9733524)        (0.0014972301 -0.00014872726 0.00010967561)   (-0.10335291 -0.0020894485 -3.9732427)       
waiyi                     (-173.45905 -0.21483161 1881.9107)            (4.1185367 -0.52453539 0.69936332)            (-169.34051 -0.739367 1882.6101)              (-0.2243618 -0.00027787543 2.4341704)         (0.0053271498 -0.00067846392 0.00090459632)   (-0.21903465 -0.00095633935 2.435075)        
weiyi                     (44.300674 -26.327238 542.39512)              (1.4347487 -0.196275 0.025689853)             (45.735423 -26.523513 542.4208)               (0.057301013 -0.034053147 0.70156471)         (0.0018557856 -0.00025387325 3.3228718e-05)   (0.059156798 -0.034307021 0.70159794)        
xiaoyi                    (152.84162 -1.0404355 -368.93325)             (0.34347892 -0.045374602 0.03835395)          (153.1851 -1.0858101 -368.8949)               (0.19769405 -0.0013457585 -0.47719927)        (0.00044427518 -5.8690092e-05 4.9609182e-05)  (0.19813833 -0.0014044486 -0.47714966)       
youfuyi                   (-0.38050151 -0.6830325 17.858432)            (0.15424752 -0.037491485 0.030236202)         (-0.22625399 -0.72052399 17.888668)           (-0.00049216231 -0.00088347311 0.023099113)   (0.00019951252 -4.849362e-05 3.9109224e-05)   (-0.00029264979 -0.00093196673 0.023138222)  
youweiduo                 (0.045983626 -4.3155183 -7.4229072)           (0.10181125 -0.047061675 -0.0026054145)       (0.14779488 -4.3625799 -7.4255126)            (5.9477838e-05 -0.0055819369 -0.0096012106)   (0.00013168847 -6.0872248e-05 -3.3699914e-06) (0.00019116631 -0.0056428092 -0.0096045805)  
zhongyangyi               (1035.9642 0.0018867532 14324.177)            (2.3758285 -0.18936166 0.31023697)            (1038.34 -0.18747491 14324.487)               (1.339975 2.4404339e-06 18.527706)            (0.0030730318 -0.00024493115 0.00040127815)   (1.343048 -0.00024249071 18.528107)          
zuofuyi                   (-0.39711325 0.66041365 17.245547)            (0.16053769 -0.047984582 0.029570789)         (-0.23657556 0.61242907 17.275118)            (-0.00051364888 0.0008542166 0.022306372)     (0.00020764858 -6.206599e-05 3.8248541e-05)   (-0.0003060003 0.00079215061 0.022344621)    
zuoweiduo                 (-0.90376136 -0.72453262 1.301698)            (0.14564317 -0.019327073 -0.007564164)        (-0.75811819 -0.7438597 1.2941339)            (-0.0011689764 -0.00093715173 0.0016836903)   (0.00018838317 -2.4998736e-05 -9.7839202e-06) (-0.00098059321 -0.00096215046 0.0016739064) 
------------------------- --------------------------------------------- --------------------------------------------- --------------------------------------------- --------------------------------------------- --------------------------------------------- ---------------------------------------------
Net                       (-47.562936 -46.393539 851.99202)             (12.309124 -1.5043918 1.3936968)              (-35.253812 -47.897931 853.38571)             (-0.061520608 -0.060008043 1.102015)          (0.015921322 -0.001945866 0.0018026868)       (-0.045599286 -0.061953909 1.1038176)        

Forces - Direction Vector (0.98484328 -0.1391731 0.1035112)
                          Forces [N]                                      Coefficients                                   
Zone                      Pressure        Viscous         Total           Pressure        Viscous         Total          
jidi                      1127.8856       0.00012061736   1127.8857       1.4588714       1.5601335e-07   1.4588715      
jishen                    7654.8526       1.1761118       7656.0287       9.901222        0.00152125      9.9027432      
jitou                     -11082.32       1.1638635       -11081.156      -14.334503      0.0015054073    -14.332997     
liangan                   -397.59912      1.1647767       -396.43435      -0.51427733     0.0015065885    -0.51277074    
waiyi                     23.998761       4.2015064       28.200267       0.031041363     0.0054344674    0.03647583     
weiyi                     103.43723       1.442978        104.88021       0.1337916       0.0018664298    0.13565803     
xiaoyi                    112.48112       0.34855789      112.82968       0.14548949      0.00045084461   0.14594033     
youfuyi                   1.5688731       0.16025723      1.7291304       0.0020292698    0.00020728582   0.0022365556   
youweiduo                 -0.1224633      0.10654816      -0.015915138    -0.000158401    0.00013781545   -2.0585545e-05 
zhongyangyi               2502.9748       2.3982858       2505.3731       3.2374901       0.0031020793    3.2405922      
zuofuyi                   1.3021011       0.16784353      1.4699447       0.0016842117    0.00021709838   0.0019013101   
zuoweiduo                 -0.65448752     0.14534253      -0.50914499     -0.0008465514   0.0001879943    -0.0006585571  
------------------------- --------------- --------------- --------------- --------------- --------------- ---------------
Net                       47.805411       12.476192       60.281603       0.061834238     0.016137417     0.077971655    
