                                    "Force Report"

Forces
                          Forces [N]                                                                                                                                Coefficients                                                                                                                             
Zone                      Pressure                                      Viscous                                       Total                                         Pressure                                      Viscous                                       Total                                        
jidi                      (1146.1685 3.7850477e-07 0.00043614757)       (2.7662713e-08 0.0051513825 0.0062298663)     (1146.1685 0.005151761 0.0066660139)          (1.4825196 4.8957961e-10 5.6413808e-07)       (3.5780527e-11 6.6630912e-06 8.0580637e-06)   (1.4825196 6.6635808e-06 8.6222017e-06)      
jishen                    (9092.1106 -1.147632 -12503.45)               (1.2023282 -0.16692515 0.0032818764)          (9093.3129 -1.3145571 -12503.447)             (11.760253 -0.0014844125 -16.172674)          (0.0015551597 -0.00021591049 4.2449657e-06)   (11.761808 -0.001700323 -16.17267)           
jitou                     (-11262.891 -19.948761 24.345411)             (1.0983148 -0.25476616 0.283076)              (-11261.793 -20.203527 24.628487)             (-14.568064 -0.025802862 0.031489741)         (0.0014206229 -0.00032952905 0.00036614661)   (-14.566643 -0.026132391 0.031855887)        
liangan                   (-81.148205 -3.0475716 -3066.1595)            (1.2661952 -0.19139787 0.18168919)            (-79.882009 -3.2389694 -3065.9778)            (-0.10496171 -0.0039419025 -3.9659452)        (0.0016377689 -0.0002475649 0.00023500714)    (-0.10332394 -0.0041894674 -3.9657102)       
waiyi                     (-208.92816 -0.2902228 1953.1416)             (3.3473701 -0.75098029 0.88147949)            (-205.58079 -1.0412031 1954.0231)             (-0.27023958 -0.00037539068 2.5263045)        (0.0043296789 -0.00097136065 0.0011401557)    (-0.2659099 -0.0013467513 2.5274447)         
weiyi                     (39.955322 -33.547666 566.15979)              (1.3753035 -0.29683835 0.084420408)           (41.330625 -33.844505 566.24421)              (0.051680487 -0.043392461 0.73230329)         (0.0017788958 -0.00038394762 0.00010919416)   (0.053459383 -0.043776408 0.73241248)        
xiaoyi                    (153.17216 -1.9201339 -367.5745)              (0.3468777 -0.070534334 0.061290567)          (153.51904 -1.9906682 -367.51321)             (0.19812159 -0.0024836104 -0.47544178)        (0.00044867136 -9.1233122e-05 7.9276707e-05)  (0.19857027 -0.0025748435 -0.4753625)        
youfuyi                   (0.0015429275 -0.95145229 23.159041)          (0.12627874 -0.069051949 0.046318268)         (0.12782166 -1.0205042 23.205359)             (1.9957102e-06 -0.0012306625 0.029955221)     (0.0001633361 -8.9315721e-05 5.9910684e-05)   (0.00016533181 -0.0013199783 0.030015132)    
youweiduo                 (-0.10308024 -3.6524844 -6.2376569)           (0.10033203 -0.062067048 0.010519947)         (-0.0027482026 -3.7145514 -6.227137)          (-0.00013332984 -0.0047243311 -0.0080681404)  (0.00012977516 -8.0281052e-05 1.3607098e-05)  (-3.5546816e-06 -0.0048046122 -0.0080545333) 
zhongyangyi               (1027.069 0.028873995 14369.827)              (1.9941467 -0.22600191 0.36452028)            (1029.0632 -0.19712792 14370.192)             (1.3284695 3.7347268e-05 18.586752)           (0.0025793428 -0.00029232374 0.00047149127)   (1.3310489 -0.00025497647 18.587224)         
zuofuyi                   (0.049417907 0.87108216 21.598459)            (0.14577438 -0.087477765 0.041679044)         (0.19519229 0.78360439 21.640138)             (6.3919934e-05 0.0011267072 0.027936676)      (0.00018855288 -0.00011314872 5.3910047e-05)  (0.00025247282 0.0010135585 0.027990586)     
zuoweiduo                 (-0.87625197 -1.3090563 2.2776414)            (0.13933924 -0.032563018 -0.0070037472)       (-0.73691272 -1.3416193 2.2706376)            (-0.0011333942 -0.0016932079 0.0029460309)    (0.00018022931 -4.211886e-05 -9.0590452e-06)  (-0.00095316485 -0.0017353267 0.0029369719)  
------------------------- --------------------------------------------- --------------------------------------------- --------------------------------------------- --------------------------------------------- --------------------------------------------- ---------------------------------------------
Net                       (-95.420028 -64.915023 1017.0877)             (11.142261 -2.2034525 1.9575012)              (-84.277767 -67.118476 1019.0452)             (-0.12342169 -0.083964786 1.3155591)          (0.014412034 -0.0028500708 0.0025319434)      (-0.10900966 -0.086814856 1.3180911)         

Forces - Direction Vector (0.96328734 -0.20791169 0.16985355)
                          Forces [N]                                      Coefficients                                   
Zone                      Pressure        Viscous         Total           Pressure        Viscous         Total          
jidi                      1104.0897       -1.284109e-05   1104.0897       1.4280925       -1.6609396e-08  1.4280925      
jishen                    6634.7983       1.1934506       6635.9917       8.5818256       0.001543677     8.5833693      
jitou                     -10841.118      1.1590431       -10839.958      -14.022518      0.0014991723    -14.021019     
liangan                   -598.33349      1.2903642       -597.04312      -0.77391858     0.0016690305    -0.77224955    
waiyi                     130.55052       3.5303392       134.08086       0.16886147      0.0045663416    0.17342782     
weiyi                     141.62766       1.4008677       143.02852       0.18318927      0.001811962     0.18500123     
xiaoyi                    85.514192       0.35921823      85.87341        0.11060892      0.0004646333    0.11107356     
youfuyi                   4.1329496       0.14386674      4.2768163       0.0053457922    0.00018608543   0.0055318776   
youweiduo                 -0.39938984     0.11133989      -0.28804995     -0.00051659355  0.00014401335   -0.0003725802  
zhongyangyi               3430.1227       2.0298398       3432.1526       4.4367159       0.0026255103    4.4393414      
zuofuyi                   3.5350704       0.1656896       3.70076         0.0045724612    0.00021431236   0.0047867736   
zuoweiduo                 -0.18504886     0.13980435      -0.045244511    -0.00023935273  0.0001808309    -5.8521825e-05 
------------------------- --------------- --------------- --------------- --------------- --------------- ---------------
Net                       94.335643       11.523811       105.85945       0.12201909      0.014905552     0.13692464     
