                                    "Force Report"

Forces
                          Forces [N]                                                                                                                                Coefficients                                                                                                                             
Zone                      Pressure                                      Viscous                                       Total                                         Pressure                                      Viscous                                       Total                                        
jidi                      (1144.6459 7.0156335e-07 0.00043526933)       (1.5560508e-08 -0.0022102869 0.00017626092)   (1144.6459 -0.0022095854 0.00061153025)       (1.4805501 9.0744196e-10 5.6300212e-07)       (2.0126846e-11 -2.8589109e-06 2.279859e-07)   (1.4805501 -2.8580035e-06 7.9098803e-07)     
jishen                    (9082.7598 1.2252206 -12505.148)              (1.2174388 -0.10011222 -0.053639592)          (9083.9773 1.1251083 -12505.202)              (11.748158 0.00158477 -16.17487)              (0.0015747046 -0.00012949084 -6.9380501e-05)  (11.749733 0.0014552792 -16.17494)           
jitou                     (-11248.397 -13.773317 1.9580139)             (1.1579759 -0.16976737 0.038643802)           (-11247.239 -13.943084 1.9966577)             (-14.549317 -0.017815192 0.0025326066)        (0.0014977919 -0.00021958678 4.9984093e-05)   (-14.54782 -0.018034779 0.0025825907)        
liangan                   (-81.05406 -1.5839344 -3077.9491)             (1.1576184 -0.11619279 -0.0055385626)         (-79.896441 -1.7001272 -3077.9547)            (-0.10483993 -0.0020487509 -3.9811946)        (0.0014973295 -0.00015029037 -7.1638921e-06)  (-0.1033426 -0.0021990413 -3.9812017)        
waiyi                     (-131.86415 -0.22539856 1669.5819)            (4.3426799 -0.51669743 0.26818498)            (-127.52147 -0.74209599 1669.8501)            (-0.1705606 -0.00029154333 2.1595322)         (0.0056170693 -0.00066832585 0.00034688572)   (-0.16494353 -0.00095986918 2.1598791)       
weiyi                     (43.940529 -26.449692 500.99782)              (1.4948241 -0.20359394 -0.067720959)          (45.435353 -26.653286 500.9301)               (0.056835181 -0.034211536 0.64801909)         (0.0019334905 -0.00026333998 -8.7594142e-05)  (0.058768671 -0.034474876 0.6479315)         
xiaoyi                    (151.64007 -0.73532843 -371.25321)            (0.31802799 -0.040265088 -0.0011459697)       (151.95809 -0.77559352 -371.25436)            (0.19613989 -0.00095111564 -0.48020003)       (0.0004113555 -5.2081156e-05 -1.4822625e-06)  (0.19655125 -0.0010031968 -0.48020151)       
youfuyi                   (-0.89498321 -0.4980154 13.722981)            (0.18474878 -0.041194364 0.013288198)         (-0.71023443 -0.53920977 13.736269)           (-0.0011576222 -0.00064416147 0.017750085)    (0.00023896459 -5.3283135e-05 1.7187712e-05)  (-0.00091865762 -0.0006974446 0.017767273)   
youweiduo                 (0.153869 -4.9526586 -8.5490749)              (0.1030657 -0.041136152 -0.010110824)         (0.25693471 -4.9937947 -8.5591857)            (0.00019902293 -0.0064060504 -0.01105786)     (0.00013331104 -5.320784e-05 -1.3077915e-05)  (0.00033233397 -0.0064592583 -0.011070938)   
zhongyangyi               (1055.4102 -0.019273773 14197.418)            (2.5258293 -0.2320167 0.086128646)            (1057.9361 -0.25129048 14197.504)             (1.3651276 -2.4929795e-05 18.363748)          (0.0032670514 -0.00030010361 0.00011140369)   (1.3683947 -0.0003250334 18.363859)          
zuofuyi                   (-0.83951346 0.50749665 13.857256)            (0.20672111 -0.030472063 0.0087406988)        (-0.63279235 0.47702459 13.865996)            (-0.0010858745 0.00065642505 0.017923763)     (0.00026738485 -3.94143e-05 1.1305717e-05)    (-0.00081848963 0.00061701075 0.017935069)   
zuoweiduo                 (-0.96613522 -0.072073413 0.23917794)         (0.15495119 -0.02289008 -0.01681231)          (-0.81118403 -0.094963493 0.22236563)         (-0.0012496543 -9.3223853e-05 0.00030936636)  (0.00020042269 -2.9607333e-05 -2.1745999e-05) (-0.0010492316 -0.00012283119 0.00028762036) 
------------------------- --------------------------------------------- --------------------------------------------- --------------------------------------------- --------------------------------------------- --------------------------------------------- ---------------------------------------------
Net                       (14.534088 -46.576973 434.87574)              (12.863881 -1.5165485 0.26019437)             (27.397969 -48.093522 435.13594)              (0.018799217 -0.060245308 0.56249304)         (0.016638876 -0.0019615901 0.00033655021)     (0.035438093 -0.062206898 0.56282959)        

Forces - Direction Vector (0.99026807 -0.1391731 0)
                          Forces [N]                                      Coefficients                                   
Zone                      Pressure        Viscous         Total           Pressure        Viscous         Total          
jidi                      1133.5062       0.0003076279    1133.5065       1.4661415       3.9790343e-07   1.4661419      
jishen                    8994.1965       1.2195237       8995.416        11.633606       0.0015774014    11.635183      
jitou                     -11137.012      1.1703336       -11135.842      -14.405245      0.0015137761    -14.403731     
liangan                   -80.044806      1.1625235       -78.882283      -0.10353451     0.001503674     -0.10203083    
waiyi                     -130.54949      4.3723276       -126.17716      -0.16886014     0.0056554173    -0.16320472    
weiyi                     47.193988       1.5086114       48.7026         0.06104339      0.0019513238    0.062994714    
xiaoyi                    150.26665       0.32053678      150.58719       0.19436344      0.00041460051   0.19477804     
youfuyi                   -0.81696295     0.18868397      -0.62827898     -0.0010567064   0.00024405458   -0.00081265178 
youweiduo                 0.84164841      0.10778772      0.94943613      0.001088636     0.00013941877   0.0012280547   
zhongyangyi               1045.1417       2.5335386       1047.6753       1.3518458       0.003277023     1.3551228      
zuofuyi                   -0.90197325     0.20895021      -0.69302305     -0.0011666635   0.00027026809   -0.00089639545 
zuoweiduo                 -0.94670217     0.1566289       -0.79007328     -0.0012245185   0.00020259273   -0.0010219257  
------------------------- --------------- --------------- --------------- --------------- --------------- ---------------
Net                       20.874905       12.949753       33.824659       0.02700079      0.016749948     0.043750738    
