                                    "Force Report"

Moments - Moment Center (0 0 0.05)
                          Moments [N m]                                                                                                                             Coefficients                                                                                                                             
Zone                      Pressure                                      Viscous                                       Total                                         Pressure                                      Viscous                                       Total                                        
jidi                      (2.8575406e-09 -22.906424 0.00074154126)      (-1.4739143e-05 -0.0020221983 -0.00026246598) (-1.4736286e-05 -22.908446 0.00047907528)     (1.0134647e-11 -0.081240671 2.6299745e-06)    (-5.2274328e-08 -7.1719947e-06 -9.3087044e-07) (-5.2264194e-08 -0.081247843 1.699104e-06)   
jishen                    (-0.0046078977 -228.06404 0.011865022)        (1.610497e-05 -0.056944725 -0.00066080751)    (-0.0045917927 -228.12099 0.011204215)        (-1.6342521e-05 -0.80885939 4.2080876e-05)    (5.7118414e-08 -0.00020196202 -2.3436415e-06) (-1.6285402e-05 -0.80906136 3.9737234e-05)   
jitou                     (0.0020762138 556.28565 -0.0060634312)        (2.060387e-06 0.15558429 0.00017108432)       (0.0020782742 556.44123 -0.0058923469)        (7.3635678e-06 1.9729409 -2.1504763e-05)      (7.3074357e-09 0.00055180033 6.0677323e-07)   (7.3708753e-06 1.9734927 -2.089799e-05)      
liangan                   (-0.059585066 650.8933 -0.4116347)            (-0.0025538155 0.14812267 -0.0041149841)      (-0.062138881 651.04142 -0.41574968)          (-0.00021132634 2.3084795 -0.0014599171)      (-9.0574455e-06 0.00052533669 -1.4594337e-05) (-0.00022038379 2.3090048 -0.0014745114)     
waiyi                     (-0.12956679 -45.669853 0.22882846)           (0.00011735624 0.48145532 0.00010843406)      (-0.12944944 -45.188398 0.22893689)           (-0.00045952582 -0.16197419 0.00081157049)    (4.1621947e-07 0.0017075452 3.8457578e-07)    (-0.0004591096 -0.16026665 0.00081195506)    
weiyi                     (-2.7291612 -742.48551 -9.4237165)            (-0.00080597616 0.1724471 -0.016257314)       (-2.7299672 -742.31306 -9.4399738)            (-0.0096793324 -2.6333234 -0.033422461)       (-2.8585014e-06 0.00061160651 -5.765872e-05)  (-0.0096821909 -2.6327118 -0.03348012)       
xiaoyi                    (0.0011045317 55.77354 0.013686101)           (0.00022735442 0.033278086 0.0030646894)      (0.0013318861 55.806818 0.01675079)           (3.9173682e-06 0.19780826 4.8539574e-05)      (8.0634261e-07 0.00011802515 1.0869328e-05)   (4.7237108e-06 0.19792629 5.9408901e-05)     
youfuyi                   (30.411263 -4.3022371 -0.47895358)            (0.055195168 0.0085976031 -0.16082757)        (30.466458 -4.2936395 -0.63978114)            (0.10785758 -0.015258455 -0.0016986724)       (0.00019575699 3.049254e-05 -0.0005703963)    (0.10805334 -0.015227962 -0.0022690687)      
youweiduo                 (-1.0376017 6.3597432 -3.6107779)             (0.011415957 0.022419358 -0.08547228)         (-1.0261857 6.3821625 -3.6962502)             (-0.003679992 0.022555673 -0.012806103)       (4.0488206e-05 7.9513229e-05 -0.00030313878)  (-0.0036395038 0.022635186 -0.013109242)     
zhongyangyi               (-0.070028903 -273.51915 0.022140857)         (-0.00025860036 0.28553365 -0.00035862792)    (-0.070287503 -273.23362 0.021782229)         (-0.0002483668 -0.97007196 7.8525488e-05)     (-9.171605e-07 0.001012683 -1.2719215e-06)    (-0.00024928396 -0.96905928 7.7253567e-05)   
zuofuyi                   (-30.640579 -4.3426444 0.46016412)            (-0.055471997 0.0083843927 0.1593283)         (-30.696051 -4.3342601 0.61949243)            (-0.10867088 -0.015401765 0.0016320331)       (-0.0001967388 2.9736361e-05 0.00056507897)   (-0.10886762 -0.015372028 0.0021971121)      
zuoweiduo                 (-0.40148618 -2.9707551 -1.8716979)           (-0.011211715 0.013606122 0.073632956)        (-0.41269789 -2.9571489 -1.7980649)           (-0.001423924 -0.010536177 -0.0066382249)     (-3.9763835e-05 4.8255919e-05 0.00026114905)  (-0.0014636878 -0.010487921 -0.0063770758)   
------------------------- --------------------------------------------- --------------------------------------------- --------------------------------------------- --------------------------------------------- --------------------------------------------- ---------------------------------------------
Net                       (-4.6581731 -54.948386 -15.065418)            (-0.0033428421 1.2704617 -0.031648576)        (-4.6615159 -53.677925 -15.097066)            (-0.016520829 -0.19488174 -0.053431504)       (-1.1855833e-05 0.0045058609 -0.00011224587)  (-0.016532685 -0.19037588 -0.05354375)       

Moments - Moment Center (0 0 0.05) Moment Axis (0 1 0)
                          Moments [N m]                                   Coefficients                                   
Zone                      Pressure        Viscous         Total           Pressure        Viscous         Total          
jidi                      -22.906424      -0.0020221983   -22.908446      -0.081240671    -7.1719947e-06  -0.081247843   
jishen                    -228.06404      -0.056944725    -228.12099      -0.80885939     -0.00020196202  -0.80906136    
jitou                     556.28565       0.15558429      556.44123       1.9729409       0.00055180033   1.9734927      
liangan                   650.8933        0.14812267      651.04142       2.3084795       0.00052533669   2.3090048      
waiyi                     -45.669853      0.48145532      -45.188398      -0.16197419     0.0017075452    -0.16026665    
weiyi                     -742.48551      0.1724471       -742.31306      -2.6333234      0.00061160651   -2.6327118     
xiaoyi                    55.77354        0.033278086     55.806818       0.19780826      0.00011802515   0.19792629     
youfuyi                   -4.3022371      0.0085976031    -4.2936395      -0.015258455    3.049254e-05    -0.015227962   
youweiduo                 6.3597432       0.022419358     6.3821625       0.022555673     7.9513229e-05   0.022635186    
zhongyangyi               -273.51915      0.28553365      -273.23362      -0.97007196     0.001012683     -0.96905928    
zuofuyi                   -4.3426444      0.0083843927    -4.3342601      -0.015401765    2.9736361e-05   -0.015372028   
zuoweiduo                 -2.9707551      0.013606122     -2.9571489      -0.010536177    4.8255919e-05   -0.010487921   
------------------------- --------------- --------------- --------------- --------------- --------------- ---------------
Net                       -54.948386      1.2704617       -53.677925      -0.19488174     0.0045058609    -0.19037588    
