                                    "Force Report"

Moments - Moment Center (0 0 0.05)
                          Moments [N m]                                                                                                                             Coefficients                                                                                                                             
Zone                      Pressure                                      Viscous                                       Total                                         Pressure                                      Viscous                                       Total                                        
jidi                      (1.8056161e-08 -22.929409 0.012334249)        (-1.9380358e-05 -0.002798596 0.001325103)     (-1.9362302e-05 -22.932207 0.013659352)       (6.4038572e-11 -0.08132219 4.3745052e-05)     (-6.8735011e-08 -9.9255922e-06 4.6996535e-06) (-6.8670972e-08 -0.081332116 4.8444705e-05)  
jishen                    (-0.17443581 -232.54793 2.8081795)            (-0.015040251 -0.093173707 0.021595698)       (-0.18947606 -232.6411 2.8297752)             (-0.00061865974 -0.82476208 0.0099595814)     (-5.3342247e-05 -0.00033045292 7.6592009e-05) (-0.00067200199 -0.82509253 0.010036173)     
jitou                     (-0.91404383 555.85514 9.0118425)             (-0.0096885153 0.16852956 0.11112805)         (-0.92373235 556.02367 9.1229705)             (-0.0032417777 1.971414 0.031961695)          (-3.4361605e-05 0.00059771246 0.00039413036)  (-0.0032761393 1.9720117 0.032355826)        
liangan                   (-0.62130377 650.67274 -1.9061957)            (-0.011410636 0.1365163 0.017842212)          (-0.63271441 650.80926 -1.8883535)            (-0.0022035363 2.3076972 -0.0067605759)       (-4.0469335e-05 0.00048417318 6.3279772e-05)  (-0.0022440056 2.3081814 -0.0066972961)      
waiyi                     (15.554181 -46.486807 -0.44922763)            (0.089503612 0.43626074 -0.07360951)          (15.643685 -46.050546 -0.52283714)            (0.055164967 -0.16487163 -0.0015932454)       (0.00031743644 0.0015472566 -0.0002610659)    (0.055482403 -0.16332437 -0.0018543113)      
weiyi                     (-9.9527007 -740.18422 -24.61435)             (0.058650312 0.092065512 -0.29298821)         (-9.8940504 -740.09216 -24.907338)            (-0.035298574 -2.6251616 -0.087298059)        (0.00020801111 0.00032652255 -0.0010391216)   (-0.035090563 -2.624835 -0.088337181)        
xiaoyi                    (15.065943 55.624906 -1.0281673)              (0.10183471 0.031953158 -0.0063760575)        (15.167777 55.656859 -1.0345434)              (0.053433365 0.19728111 -0.0036465319)        (0.00036117032 0.00011332611 -2.2613534e-05)  (0.053794536 0.19739444 -0.0036691455)       
youfuyi                   (31.377666 -4.4221053 -0.61705331)            (0.06062766 0.0091363462 -0.17387066)         (31.438294 -4.4129689 -0.79092397)            (0.11128506 -0.015683583 -0.0021884614)       (0.00021502404 3.2403264e-05 -0.00061665537)  (0.11150008 -0.01565118 -0.0028051168)       
youweiduo                 (-1.3751411 5.8316957 -3.3155242)             (0.015643896 0.012314089 -0.10107075)         (-1.3594972 5.8440098 -3.416595)              (-0.0048771205 0.020682883 -0.011758947)      (5.5483153e-05 4.3673551e-05 -0.00035846084)  (-0.0048216373 0.020726556 -0.012117408)     
zhongyangyi               (-6.1828913 -276.49729 -3.9122891)            (-0.0092835875 0.26110531 -0.0065508186)      (-6.1921749 -276.23618 -3.9188399)            (-0.021928444 -0.98063432 -0.013875452)       (-3.2925475e-05 0.00092604464 -2.3233348e-05) (-0.02196137 -0.97970828 -0.013898686)       
zuofuyi                   (-31.092985 -4.4312443 0.52759612)            (-0.050319676 0.0091530997 0.15408192)        (-31.143305 -4.4220912 0.68167804)            (-0.1102754 -0.015715996 0.0018711896)        (-0.00017846541 3.2462683e-05 0.00054647199)  (-0.11045386 -0.015683533 0.0024176616)      
zuoweiduo                 (-0.74096904 -5.1347955 -3.2095994)           (0.00330505 0.025083149 0.021425957)          (-0.73766399 -5.1097123 -3.1881734)           (-0.002627945 -0.018211234 -0.01138327)       (1.1721799e-05 8.8960715e-05 7.5990001e-05)   (-0.0026162232 -0.018122273 -0.01130728)     
------------------------- --------------------------------------------- --------------------------------------------- --------------------------------------------- --------------------------------------------- --------------------------------------------- ---------------------------------------------
Net                       (10.943319 -64.649305 -26.692454)             (0.2338032 1.086145 -0.32706707)              (11.177122 -63.56316 -27.019522)              (0.038811933 -0.22928734 -0.094668332)        (0.00082921406 0.0038521573 -0.0011599868)    (0.039641147 -0.22543518 -0.095828319)       

Moments - Moment Center (0 0 0.05) Moment Axis (0 1 0)
                          Moments [N m]                                   Coefficients                                   
Zone                      Pressure        Viscous         Total           Pressure        Viscous         Total          
jidi                      -22.929409      -0.002798596    -22.932207      -0.08132219     -9.9255922e-06  -0.081332116   
jishen                    -232.54793      -0.093173707    -232.6411       -0.82476208     -0.00033045292  -0.82509253    
jitou                     555.85514       0.16852956      556.02367       1.971414        0.00059771246   1.9720117      
liangan                   650.67274       0.1365163       650.80926       2.3076972       0.00048417318   2.3081814      
waiyi                     -46.486807      0.43626074      -46.050546      -0.16487163     0.0015472566    -0.16332437    
weiyi                     -740.18422      0.092065512     -740.09216      -2.6251616      0.00032652255   -2.624835      
xiaoyi                    55.624906       0.031953158     55.656859       0.19728111      0.00011332611   0.19739444     
youfuyi                   -4.4221053      0.0091363462    -4.4129689      -0.015683583    3.2403264e-05   -0.01565118    
youweiduo                 5.8316957       0.012314089     5.8440098       0.020682883     4.3673551e-05   0.020726556    
zhongyangyi               -276.49729      0.26110531      -276.23618      -0.98063432     0.00092604464   -0.97970828    
zuofuyi                   -4.4312443      0.0091530997    -4.4220912      -0.015715996    3.2462683e-05   -0.015683533   
zuoweiduo                 -5.1347955      0.025083149     -5.1097123      -0.018211234    8.8960715e-05   -0.018122273   
------------------------- --------------- --------------- --------------- --------------- --------------- ---------------
Net                       -64.649305      1.086145        -63.56316       -0.22928734     0.0038521573    -0.22543518    
