                                    "Force Report"

Moments - Moment Center (0 0 0.05)
                          Moments [N m]                                                                                                                             Coefficients                                                                                                                             
Zone                      Pressure                                      Viscous                                       Total                                         Pressure                                      Viscous                                       Total                                        
jidi                      (-1.4571133e-08 -22.904237 0.0024258991)      (5.9668966e-05 -0.002851867 0.00057345163)    (5.9654395e-05 -22.907089 0.0029993507)       (-5.1678458e-11 -0.081232915 8.6037731e-06)   (2.116239e-07 -1.0114525e-05 2.0338223e-06)   (2.1157223e-07 -0.08124303 1.0637595e-05)    
jishen                    (0.07242812 -229.59263 0.83357158)            (-0.011670917 -0.063632804 -0.0018969731)     (0.060757203 -229.65627 0.8316746)            (0.00025687594 -0.81428074 0.0029563722)      (-4.1392457e-05 -0.00022568218 -6.7278668e-06) (0.00021548348 -0.81450642 0.0029496443)     
jitou                     (-0.42770238 548.08301 4.2221836)             (-0.0046022142 0.061678509 0.053595067)       (-0.4323046 548.14469 4.2757787)              (-0.0015169033 1.9438491 0.014974534)         (-1.6322363e-05 0.00021875102 0.00019008202)  (-0.0015332256 1.9440679 0.015164616)        
liangan                   (0.13996669 648.36671 -0.63742811)            (0.0025048962 0.12499829 0.0040794125)        (0.14247158 648.49171 -0.6333487)             (0.00049641043 2.2995186 -0.0022607234)       (8.8839466e-06 0.00044332301 1.4468178e-05)   (0.00050529438 2.2999619 -0.0022462552)      
waiyi                     (2.5577165 -45.069713 -0.38188798)            (0.031812845 0.62968072 -0.011820745)         (2.5895294 -44.440032 -0.39370873)            (0.009071281 -0.15984572 -0.0013544164)       (0.00011282847 0.0022332462 -4.1923841e-05)   (0.0091841095 -0.15761247 -0.0013963402)     
weiyi                     (-6.9786329 -686.25193 -22.185589)            (0.026522434 0.40919231 -0.14647243)          (-6.9521104 -685.84274 -22.332062)            (-0.024750647 -2.4338835 -0.078684137)        (9.4065332e-05 0.0014512548 -0.00051948392)   (-0.024656582 -2.4324323 -0.079203621)       
xiaoyi                    (4.5843543 55.928131 -0.057777774)            (0.043236583 0.037855462 -0.011719332)        (4.6275909 55.965987 -0.069497106)            (0.016259021 0.19835654 -0.00020491654)       (0.00015334428 0.00013425942 -4.1564166e-05)  (0.016412365 0.1984908 -0.00024648071)       
youfuyi                   (21.317854 -3.067115 0.29184281)              (0.037957806 0.01281986 -0.18837926)          (21.355812 -3.0542951 0.10346355)             (0.075606598 -0.01087793 0.0010350592)        (0.0001346224 4.5467336e-05 -0.00066811203)   (0.075741221 -0.010832463 0.00036694722)     
youweiduo                 (-1.5112058 9.8035104 -5.6802362)             (0.0063085846 0.041871643 -0.086054605)       (-1.5048972 9.845382 -5.7662908)              (-0.0053596918 0.03476945 -0.020145712)       (2.2374232e-05 0.00014850334 -0.00030520408)  (-0.0053373176 0.034917954 -0.020450916)     
zhongyangyi               (2.5125075 -274.91339 0.54757276)             (0.011117412 0.35173044 -0.0045894225)        (2.5236249 -274.56166 0.54298334)             (0.0089109413 -0.97501683 0.0019420395)       (3.9429377e-05 0.0012474587 -1.6276996e-05)   (0.0089503706 -0.97376937 0.0019257625)      
zuofuyi                   (-20.765126 -2.9902007 -0.33394399)           (-0.032074364 0.013759058 0.1848504)          (-20.7972 -2.9764417 -0.14909359)             (-0.073646274 -0.010605144 -0.0011843767)     (-0.00011375599 4.8798323e-05 0.00065559647)  (-0.07376003 -0.010556345 -0.00052878021)    
zuoweiduo                 (-0.2414015 -1.7756862 -1.1562027)            (0.0015934019 0.044320784 0.045771511)        (-0.23980809 -1.7313654 -1.1104312)           (-0.00085616244 -0.0062977066 -0.0041006264)  (5.6512113e-06 0.00015718954 0.00016233474)   (-0.00085051123 -0.0061405171 -0.0039382916) 
------------------------- --------------------------------------------- --------------------------------------------- --------------------------------------------- --------------------------------------------- --------------------------------------------- ---------------------------------------------
Net                       (1.2607589 -4.3835431 -24.53547)              (0.11276614 1.6614224 -0.16206293)            (1.3735251 -2.7221207 -24.697532)             (0.0044714488 -0.015546817 -0.087018298)      (0.00039994006 0.005892455 -0.00057477767)    (0.0048713889 -0.0096543623 -0.087593076)    

Moments - Moment Center (0 0 0.05) Moment Axis (0 1 0)
                          Moments [N m]                                   Coefficients                                   
Zone                      Pressure        Viscous         Total           Pressure        Viscous         Total          
jidi                      -22.904237      -0.002851867    -22.907089      -0.081232915    -1.0114525e-05  -0.08124303    
jishen                    -229.59263      -0.063632804    -229.65627      -0.81428074     -0.00022568218  -0.81450642    
jitou                     548.08301       0.061678509     548.14469       1.9438491       0.00021875102   1.9440679      
liangan                   648.36671       0.12499829      648.49171       2.2995186       0.00044332301   2.2999619      
waiyi                     -45.069713      0.62968072      -44.440032      -0.15984572     0.0022332462    -0.15761247    
weiyi                     -686.25193      0.40919231      -685.84274      -2.4338835      0.0014512548    -2.4324323     
xiaoyi                    55.928131       0.037855462     55.965987       0.19835654      0.00013425942   0.1984908      
youfuyi                   -3.067115       0.01281986      -3.0542951      -0.01087793     4.5467336e-05   -0.010832463   
youweiduo                 9.8035104       0.041871643     9.845382        0.03476945      0.00014850334   0.034917954    
zhongyangyi               -274.91339      0.35173044      -274.56166      -0.97501683     0.0012474587    -0.97376937    
zuofuyi                   -2.9902007      0.013759058     -2.9764417      -0.010605144    4.8798323e-05   -0.010556345   
zuoweiduo                 -1.7756862      0.044320784     -1.7313654      -0.0062977066   0.00015718954   -0.0061405171  
------------------------- --------------- --------------- --------------- --------------- --------------- ---------------
Net                       -4.3835431      1.6614224       -2.7221207      -0.015546817    0.005892455     -0.0096543623  
