                                    "Force Report"

Moments - Moment Center (0 0 0.05)
                          Moments [N m]                                                                                                                             Coefficients                                                                                                                             
Zone                      Pressure                                      Viscous                                       Total                                         Pressure                                      Viscous                                       Total                                        
jidi                      (-1.9771244e-08 -22.92158 0.0035860593)       (-4.6072596e-05 -4.9722417e-05 -0.00032825177) (-4.6092368e-05 -22.92163 0.0032578076)       (-7.012134e-11 -0.081294426 1.2718435e-05)    (-1.6340258e-07 -1.7634715e-07 -1.1641884e-06) (-1.634727e-07 -0.081294603 1.1554247e-05)   
jishen                    (0.074747605 -229.50201 2.4292852)            (-0.033070995 -0.062734817 -0.00054986976)    (0.041676609 -229.56475 2.4287353)            (0.0002651023 -0.81395934 0.0086157822)       (-0.00011729067 -0.00022249735 -1.9501861e-06) (0.00014781163 -0.81418184 0.008613832)      
jitou                     (-1.2555774 547.96521 12.405565)              (-0.014032539 0.060565934 0.16113095)         (-1.2696099 548.02578 12.566696)              (-0.0044530718 1.9434313 0.043997981)         (-4.9768261e-05 0.00021480512 0.00057147231)  (-0.00450284 1.9436461 0.044569453)          
liangan                   (0.99820753 650.31674 -1.4140304)             (0.020253282 0.14426897 -0.014336218)         (1.0184608 650.46101 -1.4283666)              (0.0035402755 2.3064346 -0.0050150463)        (7.1830951e-05 0.00051166905 -5.0845299e-05)  (0.0036121064 2.3069463 -0.0050658916)       
waiyi                     (8.8106156 -45.094936 -1.2651405)             (0.090786244 0.61500927 -0.065581833)         (8.9014019 -44.479927 -1.3307223)             (0.031248017 -0.15993517 -0.0044869887)       (0.00032198546 0.002181212 -0.00023259467)    (0.031570003 -0.15775396 -0.0047195833)      
weiyi                     (-13.253168 -683.49356 -43.904827)            (0.093981628 0.37826663 -0.39407028)          (-13.159187 -683.11529 -44.298897)            (-0.047004121 -2.4241006 -0.15571429)         (0.00033331831 0.0013415728 -0.0013976225)    (-0.046670802 -2.422759 -0.15711192)         
xiaoyi                    (12.39896 56.003227 -0.96304801)              (0.10725252 0.039380382 -0.02746427)          (12.506213 56.042608 -0.99051228)             (0.043974557 0.19862288 -0.0034155775)        (0.0003803853 0.00013966775 -9.740568e-05)    (0.044354942 0.19876255 -0.0035129832)       
youfuyi                   (20.939361 -3.0138143 0.476014)               (0.042114042 0.012490428 -0.19229504)         (20.981475 -3.0013239 0.28371896)             (0.074264222 -0.010688892 0.0016882468)       (0.00014936304 4.4298961e-05 -0.00068199988)  (0.074413585 -0.010644593 0.0010062469)      
youweiduo                 (-1.6183265 10.339383 -6.0422858)             (0.019573861 0.021393295 -0.12314625)         (-1.5987526 10.360776 -6.1654321)             (-0.0057396096 0.036669993 -0.021429768)      (6.9421294e-05 7.5874159e-05 -0.00043675452)  (-0.0056701883 0.036745867 -0.021866523)     
zhongyangyi               (8.0768222 -275.65427 1.6539804)              (0.039108536 0.34840276 0.00081132803)        (8.1159307 -275.30586 1.6547917)              (0.028645522 -0.97764443 0.0058660608)        (0.00013870361 0.0012356566 2.8774825e-06)    (0.028784225 -0.97640877 0.0058689383)       
zuofuyi                   (-20.149873 -2.9259842 -0.43610046)           (-0.027641193 0.013989889 0.17780051)         (-20.177515 -2.9119943 -0.25829994)           (-0.0714642 -0.010377391 -0.0015466881)       (-9.8033159e-05 4.9616996e-05 0.00063059312)  (-0.071562233 -0.010327774 -0.00091609502)   
zuoweiduo                 (-0.3411741 -2.2795635 -1.4310752)            (0.013372237 0.058737269 0.0070019147)        (-0.32780186 -2.2208262 -1.4240733)           (-0.0012100192 -0.0080847743 -0.0050754982)   (4.7426413e-05 0.00020831952 2.483322e-05)    (-0.0011625928 -0.0078764548 -0.005050665)   
------------------------- --------------------------------------------- --------------------------------------------- --------------------------------------------- --------------------------------------------- --------------------------------------------- ---------------------------------------------
Net                       (14.680594 -0.26115039 -38.488077)            (0.35165155 1.6297203 -0.4710273)             (15.032245 1.3685699 -38.959104)              (0.052066674 -0.00092620452 -0.13650307)      (0.0012471789 0.0057800193 -0.0016705608)     (0.053313853 0.0048538147 -0.13817363)       

Moments - Moment Center (0 0 0.05) Moment Axis (0 1 0)
                          Moments [N m]                                   Coefficients                                   
Zone                      Pressure        Viscous         Total           Pressure        Viscous         Total          
jidi                      -22.92158       -4.9722417e-05  -22.92163       -0.081294426    -1.7634715e-07  -0.081294603   
jishen                    -229.50201      -0.062734817    -229.56475      -0.81395934     -0.00022249735  -0.81418184    
jitou                     547.96521       0.060565934     548.02578       1.9434313       0.00021480512   1.9436461      
liangan                   650.31674       0.14426897      650.46101       2.3064346       0.00051166905   2.3069463      
waiyi                     -45.094936      0.61500927      -44.479927      -0.15993517     0.002181212     -0.15775396    
weiyi                     -683.49356      0.37826663      -683.11529      -2.4241006      0.0013415728    -2.422759      
xiaoyi                    56.003227       0.039380382     56.042608       0.19862288      0.00013966775   0.19876255     
youfuyi                   -3.0138143      0.012490428     -3.0013239      -0.010688892    4.4298961e-05   -0.010644593   
youweiduo                 10.339383       0.021393295     10.360776       0.036669993     7.5874159e-05   0.036745867    
zhongyangyi               -275.65427      0.34840276      -275.30586      -0.97764443     0.0012356566    -0.97640877    
zuofuyi                   -2.9259842      0.013989889     -2.9119943      -0.010377391    4.9616996e-05   -0.010327774   
zuoweiduo                 -2.2795635      0.058737269     -2.2208262      -0.0080847743   0.00020831952   -0.0078764548  
------------------------- --------------- --------------- --------------- --------------- --------------- ---------------
Net                       -0.26115039     1.6297203       1.3685699       -0.00092620452  0.0057800193    0.0048538147   
