                                    "Force Report"

Moments - Moment Center (0 0 0.05)
                          Moments [N m]                                                                                                                             Coefficients                                                                                                                             
Zone                      Pressure                                      Viscous                                       Total                                         Pressure                                      Viscous                                       Total                                        
jidi                      (5.2673709e-09 -22.897743 0.0040837197)       (3.6289465e-05 -0.0016154642 -0.00023891867)  (3.6294732e-05 -22.899359 0.003844801)        (1.868143e-11 -0.081209886 1.4483454e-05)     (1.287054e-07 -5.7294582e-06 -8.4735678e-07)  (1.2872408e-07 -0.081215615 1.3636097e-05)   
jishen                    (0.1202937 -231.01224 1.0061572)              (-0.012597065 -0.072784443 -0.001110944)      (0.10769664 -231.08503 1.0050462)             (0.00042663757 -0.81931557 0.0035684699)      (-4.4677164e-05 -0.00025813969 -3.9401104e-06) (0.00038196041 -0.81957371 0.0035645298)     
jitou                     (-0.43618384 541.69999 4.2921091)             (-0.00469186 -0.005451749 0.053844885)        (-0.4408757 541.69453 4.345954)               (-0.0015469839 1.9212109 0.015222535)         (-1.6640304e-05 -1.9335351e-05 0.00019096803) (-0.0015636242 1.9211915 0.015413503)        
liangan                   (0.091542931 647.09495 -0.26001192)           (0.0030496015 0.11561948 0.002390647)         (0.094592532 647.21057 -0.25762127)           (0.00032466915 2.2950081 -0.00092216678)      (1.0815816e-05 0.00041005982 8.4787469e-06)   (0.00033548497 2.2954182 -0.00091368803)     
waiyi                     (2.4510761 -46.169963 -0.026338625)           (0.031441462 0.65543779 -0.011367546)         (2.4825176 -45.514525 -0.037706171)           (0.0086930666 -0.1637479 -9.3413428e-05)      (0.00011151132 0.0023245971 -4.0316511e-05)   (0.008804578 -0.1614233 -0.00013372994)      
weiyi                     (-6.7550273 -649.19238 -21.707509)            (0.031052767 0.51681499 -0.12853802)          (-6.7239746 -648.67557 -21.836047)            (-0.023957601 -2.3024469 -0.076988559)        (0.00011013276 0.0018329529 -0.00045587716)   (-0.023847468 -2.300614 -0.077444437)        
xiaoyi                    (2.849014 55.908086 -0.17661675)              (0.030727935 0.038855144 -0.013008248)        (2.8797419 55.946941 -0.189625)               (0.010104406 0.19828544 -0.00062639475)       (0.0001089807 0.00013780492 -4.6135477e-05)   (0.010213387 0.19842325 -0.00067253023)      
youfuyi                   (17.743602 -2.5755057 0.78630836)             (0.025743925 0.016775117 -0.2103887)          (17.769346 -2.5587306 0.57591965)             (0.062930039 -0.0091343729 0.0027887469)      (9.1304245e-05 5.9495177e-05 -0.00074617145)  (0.063021343 -0.0090748777 0.0020425755)     
youweiduo                 (-1.7485137 11.660593 -6.7661048)             (0.0029959114 0.050343011 -0.080114385)       (-1.7455178 11.710936 -6.8462191)             (-0.0062013357 0.041355842 -0.023996888)      (1.0625397e-05 0.00017854817 -0.0002841363)   (-0.0061907103 0.04153439 -0.024281025)      
zhongyangyi               (2.9280871 -279.34545 0.30527799)             (0.017674838 0.35987933 -0.007458629)         (2.945762 -278.98557 0.29781936)              (0.01038485 -0.99073572 0.0010827089)         (6.268616e-05 0.0012763598 -2.6453017e-05)    (0.010447536 -0.98945936 0.0010562559)       
zuofuyi                   (-17.610945 -2.5629801 -0.83850956)           (-0.02149389 0.017401634 0.20845609)          (-17.632439 -2.5455785 -0.63005347)           (-0.062459552 -0.009089949 -0.0029738854)     (-7.6230932e-05 6.1717204e-05 0.00073931719)  (-0.062535783 -0.0090282318 -0.0022345682)   
zuoweiduo                 (-0.13857858 -0.70878814 -0.52379248)         (0.0045516212 0.054928841 0.046320286)        (-0.13402696 -0.6538593 -0.47747219)          (-0.00049148731 -0.0025138112 -0.0018576995)  (1.6142929e-05 0.00019481242 0.00016428104)   (-0.00047534438 -0.0023189988 -0.0016934185) 
------------------------- --------------------------------------------- --------------------------------------------- --------------------------------------------- --------------------------------------------- --------------------------------------------- ---------------------------------------------
Net                       (-0.50563231 21.898561 -23.904946)            (0.10849154 1.7462037 -0.14121349)            (-0.39714078 23.644764 -24.04616)             (-0.0017932921 0.077666151 -0.084782064)      (0.00038477963 0.0061931431 -0.00050083237)   (-0.0014085125 0.083859294 -0.085282896)     

Moments - Moment Center (0 0 0.05) Moment Axis (0 1 0)
                          Moments [N m]                                   Coefficients                                   
Zone                      Pressure        Viscous         Total           Pressure        Viscous         Total          
jidi                      -22.897743      -0.0016154642   -22.899359      -0.081209886    -5.7294582e-06  -0.081215615   
jishen                    -231.01224      -0.072784443    -231.08503      -0.81931557     -0.00025813969  -0.81957371    
jitou                     541.69999       -0.005451749    541.69453       1.9212109       -1.9335351e-05  1.9211915      
liangan                   647.09495       0.11561948      647.21057       2.2950081       0.00041005982   2.2954182      
waiyi                     -46.169963      0.65543779      -45.514525      -0.1637479      0.0023245971    -0.1614233     
weiyi                     -649.19238      0.51681499      -648.67557      -2.3024469      0.0018329529    -2.300614      
xiaoyi                    55.908086       0.038855144     55.946941       0.19828544      0.00013780492   0.19842325     
youfuyi                   -2.5755057      0.016775117     -2.5587306      -0.0091343729   5.9495177e-05   -0.0090748777  
youweiduo                 11.660593       0.050343011     11.710936       0.041355842     0.00017854817   0.04153439     
zhongyangyi               -279.34545      0.35987933      -278.98557      -0.99073572     0.0012763598    -0.98945936    
zuofuyi                   -2.5629801      0.017401634     -2.5455785      -0.009089949    6.1717204e-05   -0.0090282318  
zuoweiduo                 -0.70878814     0.054928841     -0.6538593      -0.0025138112   0.00019481242   -0.0023189988  
------------------------- --------------- --------------- --------------- --------------- --------------- ---------------
Net                       21.898561       1.7462037       23.644764       0.077666151     0.0061931431    0.083859294    
