                                    "Force Report"

Moments - Moment Center (0 0 0.05)
                          Moments [N m]                                                                                                                             Coefficients                                                                                                                             
Zone                      Pressure                                      Viscous                                       Total                                         Pressure                                      Viscous                                       Total                                        
jidi                      (8.69217e-09 -22.893249 0.0054772964)         (3.8486691e-05 -0.00098171346 -0.00047534539) (3.8495383e-05 -22.89423 0.005001951)         (3.0827934e-11 -0.081193945 1.9425959e-05)    (1.3649816e-07 -3.4817771e-06 -1.6858755e-06) (1.3652899e-07 -0.081197426 1.7740083e-05)   
jishen                    (0.14642486 -231.57452 1.1038176)             (-0.013084109 -0.079932144 -0.0016977328)     (0.13334075 -231.65445 1.1021199)             (0.00051931519 -0.82130976 0.0039148357)      (-4.6404528e-05 -0.00028348995 -6.0212346e-06) (0.00047291066 -0.82159325 0.0039088145)     
jitou                     (-0.44055869 538.40607 4.3257592)             (-0.0047411822 -0.040044773 0.053910568)      (-0.44529988 538.36603 4.3796698)             (-0.0015624999 1.9095286 0.015341879)         (-1.6815232e-05 -0.0001420241 0.00019120098)  (-0.0015793151 1.9093866 0.01553308)         
liangan                   (0.008878918 646.54345 -0.072757433)          (0.0024615693 0.11347455 0.0028544144)        (0.011340487 646.65693 -0.069903018)          (3.1490261e-05 2.2930522 -0.00025804389)      (8.730282e-06 0.00040245256 1.0123559e-05)    (4.0220543e-05 2.2934546 -0.00024792033)     
waiyi                     (2.7890849 -47.607098 -0.018699311)           (0.031748685 0.63709397 -0.01621357)          (2.8208335 -46.970004 -0.034912881)           (0.0098918596 -0.16884489 -6.6319589e-05)     (0.00011260093 0.0022595383 -5.7503577e-05)   (0.01000446 -0.16658535 -0.00012382317)      
weiyi                     (-6.5206872 -633.3376 -20.796933)             (0.032480219 0.55566351 -0.12192127)          (-6.488207 -632.78194 -20.918854)             (-0.023126482 -2.2462158 -0.073759083)        (0.00011519541 0.0019707344 -0.00043240995)   (-0.023011287 -2.2442451 -0.074191493)       
xiaoyi                    (2.0025422 55.887966 -0.23741018)             (0.023880136 0.039271485 -0.013540323)        (2.0264223 55.927238 -0.2509505)              (0.0071022816 0.19821409 -0.00084200671)      (8.4694071e-05 0.00013928153 -4.8022553e-05)  (0.0071869757 0.19835337 -0.00089002927)     
youfuyi                   (16.139374 -2.3424889 0.91023658)             (0.018491456 0.018731653 -0.2209682)          (16.157865 -2.3237573 0.68926838)             (0.05724043 -0.0083079478 0.0032282748)       (6.5582401e-05 6.6434292e-05 -0.00078369303)  (0.057306012 -0.0082415135 0.0024445818)     
youweiduo                 (-1.7205054 11.461844 -6.6465082)             (0.0019840904 0.052517861 -0.078011767)       (-1.7185213 11.514362 -6.72452)               (-0.0061020008 0.040650952 -0.023572723)      (7.03684e-06 0.00018626156 -0.00027667908)    (-0.006094964 0.040837214 -0.023849403)      
zhongyangyi               (3.2337266 -282.52228 0.12007603)             (0.018417664 0.34707554 -0.0096714027)        (3.2521443 -282.1752 0.11040462)              (0.011468841 -1.0020027 0.00042586556)        (6.5320689e-05 0.0012309495 -3.4300913e-05)   (0.011534161 -1.0007718 0.00039156464)       
zuofuyi                   (-16.049601 -2.3388502 -0.93205589)           (-0.01399187 0.019285578 0.21821132)          (-16.063593 -2.3195646 -0.71384457)           (-0.056922039 -0.0082950424 -0.0033056599)    (-4.9624024e-05 6.8398862e-05 0.00077391538)  (-0.056971663 -0.0082266436 -0.0025317445)   
zuoweiduo                 (-0.098765732 -0.2994307 -0.27733996)         (0.0066365302 0.060375018 0.043456861)        (-0.092129202 -0.23905568 -0.2338831)         (-0.00035028578 -0.0010619707 -0.00098362298) (2.3537335e-05 0.00021412801 0.00015412553)   (-0.00032674844 -0.00084784269 -0.00082949746)
------------------------- --------------------------------------------- --------------------------------------------- --------------------------------------------- --------------------------------------------- --------------------------------------------- ---------------------------------------------
Net                       (-0.5100869 29.383822 -22.516337)             (0.10432168 1.7225305 -0.14406645)            (-0.40576523 31.106353 -22.660404)            (-0.0018090909 0.10421362 -0.079857179)       (0.00036999067 0.0061091831 -0.00051095077)   (-0.0014391002 0.11032281 -0.080368129)      

Moments - Moment Center (0 0 0.05) Moment Axis (0 1 0)
                          Moments [N m]                                   Coefficients                                   
Zone                      Pressure        Viscous         Total           Pressure        Viscous         Total          
jidi                      -22.893249      -0.00098171346  -22.89423       -0.081193945    -3.4817771e-06  -0.081197426   
jishen                    -231.57452      -0.079932144    -231.65445      -0.82130976     -0.00028348995  -0.82159325    
jitou                     538.40607       -0.040044773    538.36603       1.9095286       -0.0001420241   1.9093866      
liangan                   646.54345       0.11347455      646.65693       2.2930522       0.00040245256   2.2934546      
waiyi                     -47.607098      0.63709397      -46.970004      -0.16884489     0.0022595383    -0.16658535    
weiyi                     -633.3376       0.55566351      -632.78194      -2.2462158      0.0019707344    -2.2442451     
xiaoyi                    55.887966       0.039271485     55.927238       0.19821409      0.00013928153   0.19835337     
youfuyi                   -2.3424889      0.018731653     -2.3237573      -0.0083079478   6.6434292e-05   -0.0082415135  
youweiduo                 11.461844       0.052517861     11.514362       0.040650952     0.00018626156   0.040837214    
zhongyangyi               -282.52228      0.34707554      -282.1752       -1.0020027      0.0012309495    -1.0007718     
zuofuyi                   -2.3388502      0.019285578     -2.3195646      -0.0082950424   6.8398862e-05   -0.0082266436  
zuoweiduo                 -0.2994307      0.060375018     -0.23905568     -0.0010619707   0.00021412801   -0.00084784269 
------------------------- --------------- --------------- --------------- --------------- --------------- ---------------
Net                       29.383822       1.7225305       31.106353       0.10421362      0.0061091831    0.11032281     
