                                    "Force Report"

Forces
                          Forces [N]                                                                                                                                Coefficients                                                                                                                             
Zone                      Pressure                                      Viscous                                       Total                                         Pressure                                      Viscous                                       Total                                        
jidi                      (1145.7466 1.0034756e-07 0.00043584029)       (-9.9677787e-10 -0.0025905619 0.0014834214)   (1145.7466 -0.0025904616 0.0019192617)        (1.4819738 1.2979525e-10 5.6374063e-07)       (-1.2892892e-12 -3.3507802e-06 1.9187416e-06) (1.4819738 -3.3506504e-06 2.4824823e-06)     
jishen                    (9088.854 1.3527292 -12505.899)               (1.1785028 -0.18423902 -0.026748123)          (9090.0325 1.1684902 -12505.926)              (11.756041 0.0017496969 -16.175842)           (0.0015243426 -0.00023830523 -3.4597544e-05)  (11.757565 0.0015113917 -16.175876)          
jitou                     (-11259.646 -19.435123 17.521534)             (1.1166025 -0.25152833 0.19682874)            (-11258.529 -19.686651 17.718363)             (-14.563867 -0.025138494 0.02266335)          (0.0014442772 -0.00032534105 0.00025458949)   (-14.562423 -0.025463835 0.022917939)        
liangan                   (-81.055858 -4.1023766 -3071.4031)            (1.1302678 -0.21867652 0.099822524)           (-79.92559 -4.3210531 -3071.3033)             (-0.10484226 -0.0053062473 -3.9727275)        (0.0014619526 -0.00028284865 0.00012911613)   (-0.10338031 -0.005589096 -3.9725984)        
waiyi                     (-179.49272 0.050429961 1929.683)             (3.9481382 -0.78369886 0.75517962)            (-175.54458 -0.73326889 1930.4382)            (-0.2321661 6.5228981e-05 2.4959619)          (0.0051067467 -0.0010136807 0.00097679229)    (-0.22705935 -0.00094845172 2.4969386)       
weiyi                     (41.448475 -29.422609 562.19617)              (1.3597924 -0.29148934 0.041758373)           (42.808267 -29.714098 562.23793)              (0.053611816 -0.038056877 0.72717652)         (0.0017588329 -0.0003770289 5.4012656e-05)    (0.055370649 -0.038433905 0.72723053)        
xiaoyi                    (152.70685 -2.0242205 -369.43261)             (0.34159787 -0.069095564 0.033888559)         (153.04844 -2.0933161 -369.39872)             (0.19751973 -0.002618242 -0.47784516)         (0.00044184213 -8.9372135e-05 4.3833391e-05)  (0.19796157 -0.0027076141 -0.47780133)       
youfuyi                   (-0.53748878 -0.77295713 17.862725)           (0.14516532 -0.069481767 0.032936042)         (-0.39232346 -0.84243889 17.895661)           (-0.00069521857 -0.00099978674 0.023104666)   (0.00018776508 -8.9871672e-05 4.2601351e-05)  (-0.00050745348 -0.0010896584 0.023147267)   
youweiduo                 (-0.88375355 -0.043448104 -0.025272182)       (0.14944412 -0.050151401 0.022617859)         (-0.73430942 -0.093599505 -0.0026543234)      (-0.0011430971 -5.6198251e-05 -3.2688479e-05) (0.00019329954 -6.4868675e-05 2.9255226e-05)  (-0.00094979759 -0.00012106693 -3.433253e-06)
zhongyangyi               (1036.6833 0.018198979 14344.748)             (2.3224927 -0.28642766 0.30881191)            (1039.0058 -0.26822868 14345.056)             (1.3409052 2.3539595e-05 18.554313)           (0.0030040442 -0.00037048183 0.00039943489)   (1.3439093 -0.00034694224 18.554712)         
zuofuyi                   (13.364304 1.4982447 34.019689)               (0.11555987 -0.087347413 0.032518045)         (13.479864 1.4108973 34.052207)               (0.017286151 0.0019379149 0.044003002)        (0.00014947171 -0.00011298011 4.206069e-05)   (0.017435623 0.0018249348 0.044045062)       
zuoweiduo                 (-0.91450804 -1.1299303 2.0035062)            (0.14038759 -0.035564184 -0.011736166)        (-0.77412045 -1.1654945 1.99177)              (-0.0011828767 -0.0014615161 0.0025914489)    (0.00018158529 -4.6000739e-05 -1.5180225e-05) (-0.0010012914 -0.0015075169 0.0025762687)   
------------------------- --------------------------------------------- --------------------------------------------- --------------------------------------------- --------------------------------------------- --------------------------------------------- ---------------------------------------------
Net                       (-43.726852 -54.011061 961.27452)             (11.947951 -2.3302906 1.4873608)              (-31.778901 -56.341352 962.76188)             (-0.056558799 -0.06986098 1.2433672)          (0.01545416 -0.0030141305 0.0019238371)       (-0.041104639 -0.072875111 1.245291)         

Forces - Direction Vector (0.97278921 -0.20791169 0.10224427)
                          Forces [N]                                      Coefficients                                   
Zone                      Pressure        Viscous         Total           Pressure        Viscous         Total          
jidi                      1114.57         0.00069027847   1114.5706       1.4416482       8.9284546e-07   1.4416491      
jishen                    7562.6013       1.1820054       7563.7833       9.7818989       0.0015288731    9.7834278      
jitou                     -10947.43       1.1586392       -10946.271      -14.160029      0.0014986498    -14.15853      
liangan                   -392.03068      1.155184        -390.8755       -0.5070748      0.0014941807    -0.50558062    
waiyi                     22.679961       4.0808592       26.76082        0.029335552     0.0052784155    0.034613968    
weiyi                     103.91927       1.387665        105.30693       0.1344151       0.0017948849    0.13620998     
xiaoyi                    111.20006       0.35013341      111.5502        0.14383249      0.00045288248   0.14428537     
youfuyi                   1.4642048       0.15902885      1.6232336       0.0018938858    0.00020569696   0.0020995828   
youweiduo                 -0.85325648     0.15811724      -0.69513924     -0.0011036505   0.00020451784   -0.00089913265 
zhongyangyi               2475.1388       2.3504217       2477.4892       3.2014853       0.0030401692    3.2045255      
zuofuyi                   16.167466       0.13390072      16.301367       0.020911921     0.00017319481   0.021085115    
zuoweiduo                 -0.44985081     0.14276178      -0.30708903     -0.00058186264  0.00018465621   -0.00039720643 
------------------------- --------------- --------------- --------------- --------------- --------------- ---------------
Net                       66.977329       12.259407       79.236736       0.086632289     0.015857014     0.1024893      
