                                    "Force Report"

Forces
                          Forces [N]                                                                                                                                Coefficients                                                                                                                             
Zone                      Pressure                                      Viscous                                       Total                                         Pressure                                      Viscous                                       Total                                        
jidi                      (1145.0944 -1.7036684e-07 0.00043539994)      (1.9876207e-09 -0.0020549626 -9.7200195e-05)  (1145.0944 -0.0020551329 0.00033819974)       (1.4811303 -2.2036216e-10 5.6317105e-07)      (2.5709017e-12 -2.6580055e-06 -1.2572426e-07) (1.4811303 -2.6582259e-06 4.3744679e-07)     
jishen                    (9085.6238 2.2971577 -12501.736)              (1.1556694 -0.11682859 -0.015212284)          (9086.7795 2.1803291 -12501.751)              (11.751863 0.0029712745 -16.170457)           (0.0014948085 -0.00015111275 -1.9676433e-05)  (11.753358 0.0028201617 -16.170477)          
jitou                     (-11254.53 -13.096383 13.254862)              (1.1416046 -0.16689539 0.14871839)            (-11253.388 -13.263278 13.40358)              (-14.557249 -0.016939607 0.017144593)         (0.0014766163 -0.00021587199 0.00019236083)   (-14.555773 -0.017155479 0.017336954)        
liangan                   (-81.04098 -2.8375906 -3072.9471)             (1.0957564 -0.15150671 0.069498468)           (-79.945224 -2.9890973 -3072.8776)            (-0.10482302 -0.0036703011 -3.9747246)        (0.0014173137 -0.0001959674 8.9893273e-05)    (-0.1034057 -0.0038662685 -3.9746347)        
waiyi                     (-161.32216 0.36042613 1877.7322)             (4.2512252 -0.5347137 0.64390632)             (-157.07093 -0.17428757 1878.3761)            (-0.20866326 0.00046619567 2.4287657)         (0.0054987766 -0.00069162913 0.00083286508)   (-0.20316448 -0.00022543346 2.4295986)       
weiyi                     (44.497729 -20.87872 550.68889)               (1.4546949 -0.20646345 0.015373235)           (45.952424 -21.085183 550.70427)              (0.057555895 -0.027005724 0.71229235)         (0.0018815851 -0.00026705158 1.9884617e-05)   (0.05943748 -0.027272776 0.71231224)         
xiaoyi                    (152.55481 -1.1428311 -369.63393)             (0.33637526 -0.044756274 0.026273379)         (152.89118 -1.1875874 -369.60765)             (0.19732307 -0.0014782028 -0.47810555)        (0.00043508691 -5.7890312e-05 3.3983483e-05)  (0.19775816 -0.0015360931 -0.47807157)       
youfuyi                   (-0.65099439 -0.64812053 16.521812)           (0.15655892 -0.045902343 0.027772165)         (-0.49443546 -0.69402288 16.549584)           (-0.00084203319 -0.00083831598 0.021370251)   (0.00020250222 -5.9372703e-05 3.5922098e-05)  (-0.00063953097 -0.00089768868 0.021406174)  
youweiduo                 (-0.92241247 -0.012138186 0.023957653)        (0.15315121 -0.034908782 0.014058099)         (-0.76926126 -0.047046968 0.038015753)        (-0.0011931008 -1.570022e-05 3.0988192e-05)   (0.00019809449 -4.5153006e-05 1.8183546e-05)  (-0.00099500628 -6.0853226e-05 4.9171738e-05)
zhongyangyi               (1042.7593 0.018018217 14308.421)             (2.5083401 -0.22111557 0.25758388)            (1045.2676 -0.20309735 14308.679)             (1.3487642 2.3305787e-05 18.507326)           (0.0032444298 -0.00028600346 0.00033317365)   (1.3520086 -0.00026269768 18.507659)         
zuofuyi                   (14.178359 1.5753764 34.709793)               (0.12698143 -0.057278142 0.02788692)          (14.30534 1.5180983 34.73768)                 (0.018339096 0.0020376815 0.044895622)        (0.00016424501 -7.4086809e-05 3.6070529e-05)  (0.018503341 0.0019635947 0.044931692)       
zuoweiduo                 (-0.92985927 -0.82528782 1.4768338)           (0.14852765 -0.024923679 -0.010838325)        (-0.78133161 -0.8502115 1.4659955)            (-0.0012027329 -0.0010674742 0.0019102209)    (0.00019211412 -3.2237705e-05 -1.4018906e-05) (-0.0010106188 -0.0010997119 0.001896202)    
------------------------- --------------------------------------------- --------------------------------------------- --------------------------------------------- --------------------------------------------- --------------------------------------------- ---------------------------------------------
Net                       (-14.687945 -35.190092 858.51283)             (12.528885 -1.6073476 1.2049231)              (-2.1590598 -36.79744 859.71776)              (-0.018998224 -0.045516868 1.1104494)         (0.016205573 -0.0020790349 0.0015585161)      (-0.0027926508 -0.047595903 1.1120079)       

Forces - Direction Vector (0.98785583 -0.1391731 0.069077609)
                          Forces [N]                                      Coefficients                                   
Zone                      Pressure        Viscous         Total           Pressure        Viscous         Total          
jidi                      1131.1882       0.00027928312   1131.1885       1.4631432       3.6124068e-07   1.4631436      
jishen                    8111.3766       1.1568433       8112.5335       10.491716       0.0014963269    10.493212      
jitou                     -11115.115      1.1612412       -11113.953      -14.376922      0.0015020154    -14.37542      
liangan                   -291.93373      1.1083358       -290.82539      -0.37760369     0.0014335846    -0.37617011    
waiyi                     -29.703943      4.3184948       -25.385448      -0.038420771    0.0055857869    -0.032834984   
weiyi                     84.903369       1.4668249       86.370194       0.10981885      0.0018972748    0.11171612     
xiaoyi                    125.32778       0.34033403      125.66811       0.16210608      0.00044020741   0.16254629     
youfuyi                   0.58839959      0.16296445      0.75136404      0.00076106952   0.0002107875    0.00097185701  
youweiduo                 -0.90786628     0.15712078      -0.7507455      -0.0011742859   0.00020322896   -0.00097105696 
zhongyangyi               2018.4849       2.526445        2021.0113       2.6108232       0.0032678477    2.614091       
zuofuyi                   16.184594       0.13533729      16.319931       0.020934075     0.00017505295   0.021109128    
zuoweiduo                 -0.70169288     0.14944393      -0.55224895     -0.0009076095   0.00019329928   -0.00071431022 
------------------------- --------------- --------------- --------------- --------------- --------------- ---------------
Net                       49.691956       12.683665       62.375621       0.064274404     0.016405774     0.080680178    
