                                    "Force Report"

Forces
                          Forces [N]                                                                                                                                Coefficients                                                                                                                             
Zone                      Pressure                                      Viscous                                       Total                                         Pressure                                      Viscous                                       Total                                        
jidi                      (1144.907 -1.8807046e-07 0.00043570905)       (1.8505552e-08 0.0016807968 0.0017465009)     (1144.907 0.0016806087 0.00218221)            (1.4808879 -2.4326104e-10 5.6357087e-07)      (2.3936134e-11 2.1740382e-06 2.2590237e-06)   (1.4808879 2.173795e-06 2.8225946e-06)       
jishen                    (9082.9236 1.6051463 -12499.875)              (1.1421384 -0.059832594 -0.017781929)         (9084.0657 1.5453137 -12499.893)              (11.74837 0.0020761876 -16.16805)             (0.0014773069 -7.7390882e-05 -2.3000159e-05)  (11.749848 0.0019987967 -16.168073)          
jitou                     (-11250.125 -6.4808073 8.2979998)             (1.1569214 -0.082752692 0.097375692)          (-11248.968 -6.56356 8.3953755)               (-14.551552 -0.008382645 0.010733105)         (0.001496428 -0.00010703704 0.00012595126)    (-14.550055 -0.0084896821 0.010859056)       
liangan                   (-81.053587 -1.8641135 -3074.5595)            (1.0722248 -0.089961125 0.038667082)          (-79.981362 -1.9540746 -3074.5208)            (-0.10483932 -0.0024111505 -3.9768102)        (0.0013868766 -0.00011636084 5.0014205e-05)   (-0.10345244 -0.0025275113 -3.9767602)       
waiyi                     (-145.56889 0.74129374 1811.8044)             (4.4115346 -0.26888661 0.50618191)            (-141.15735 0.47240713 1812.3106)             (-0.18828708 0.00095883151 2.3434909)         (0.0057061299 -0.00034779324 0.00065472448)   (-0.18258095 0.00061103827 2.3441456)        
weiyi                     (46.412457 -11.557605 537.6518)               (1.5500343 -0.11849329 -0.019876075)          (47.962491 -11.676099 537.63192)              (0.060032513 -0.014949264 0.69542943)         (0.0020049025 -0.00015326597 -2.5708847e-05)  (0.062037416 -0.01510253 0.69540372)         
xiaoyi                    (152.28095 -0.50153347 -369.96814)            (0.32944435 -0.021880846 0.016958013)         (152.61039 -0.52341432 -369.95118)            (0.19696884 -0.00064871194 -0.47853785)       (0.00042612207 -2.8301931e-05 2.193446e-05)   (0.19739497 -0.00067701387 -0.47851591)      
youfuyi                   (-0.745249 -0.55270619 15.035108)             (0.16737416 -0.022896248 0.021948393)         (-0.57787484 -0.57560244 15.057056)           (-0.00096394747 -0.00071490164 0.019447264)   (0.00021649126 -2.961531e-05 2.83893e-05)     (-0.00074745621 -0.00074451695 0.019475654)  
youweiduo                 (-0.94548218 0.0018546119 0.046282335)        (0.15374308 -0.019489129 0.0053564046)        (-0.7917391 -0.017634517 0.05163874)          (-0.0012229405 2.3988606e-06 5.9864206e-05)   (0.00019886005 -2.5208349e-05 6.9282785e-06)  (-0.0010240804 -2.2809488e-05 6.6792485e-05) 
zhongyangyi               (1050.2208 0.020075272 14265.682)             (2.5951083 -0.12279101 0.18821939)            (1052.8159 -0.10271574 14265.87)              (1.3584153 2.59665e-05 18.452044)             (0.0033566608 -0.00015882488 0.00024345367)   (1.361772 -0.00013285838 18.452288)          
zuofuyi                   (14.513258 1.5574043 34.756502)               (0.12852932 -0.026476702 0.028621251)         (14.641788 1.5309276 34.785123)               (0.018772274 0.0020144353 0.044956038)        (0.00016624714 -3.4246474e-05 3.7020355e-05)  (0.018938521 0.0019801889 0.044993058)       
zuoweiduo                 (-0.94494157 -0.47279192 0.87037917)          (0.15293973 -0.01486905 -0.0093222311)        (-0.79200184 -0.48766097 0.86105694)          (-0.0012222412 -0.00061153598 0.0011257979)   (0.00019782095 -1.9232476e-05 -1.2057904e-05) (-0.0010244203 -0.00063076846 0.00111374)    
------------------------- --------------------------------------------- --------------------------------------------- --------------------------------------------- --------------------------------------------- --------------------------------------------- ---------------------------------------------
Net                       (11.874926 -17.503784 729.74196)              (12.859992 -0.8466485 0.8580944)              (24.734919 -18.350432 730.60006)              (0.015359705 -0.02264039 0.94388978)          (0.016633846 -0.0010951034 0.0011099081)      (0.031993551 -0.023735493 0.94499969)        

Forces - Direction Vector (0.99695636 -0.06971398 0.034814483)
                          Forces [N]                                      Coefficients                                   
Zone                      Pressure        Viscous         Total           Pressure        Viscous         Total          
jidi                      1141.4258       -5.6353226e-05  1141.4257       1.476385        -7.2890469e-08  1.476385       
jishen                    8620.0154       1.1422177       8621.1577       11.149619       0.0014774093    11.151096      
jitou                     -11215.176      1.1625627       -11214.014      -14.506347      0.0015037248    -14.504843     
liangan                   -187.71669      1.0765822       -186.64011      -0.24280345     0.0013925127    -0.24141094    
waiyi                     -82.100718      4.4344882       -77.66623       -0.10619374     0.0057358194    -0.10045792    
weiyi                     65.795185       1.5528898       67.348075       0.085103237     0.002008596     0.087111833    
xiaoyi                    138.97259       0.33055841      139.30315       0.17975505      0.00042756305   0.18018262     
youfuyi                   -0.18101041     0.16922555      -0.011784861    -0.00023412916  0.00021888595   -1.5243211e-05 
youweiduo                 -0.94112526     0.15482074      -0.78630451     -0.001217305    0.00020025396   -0.001017051   
zhongyangyi               1543.6798       2.6023305       1546.2821       1.9966833       0.0033660023    2.0000493      
zuofuyi                   15.570588       0.13098074      15.701569       0.020139885     0.00016941795   0.020309303    
zuoweiduo                 -0.87880611     0.15318672      -0.72561939     -0.0011366978   0.00019814042   -0.00093855741 
------------------------- --------------- --------------- --------------- --------------- --------------- ---------------
Net                       38.464745       12.909787       51.374532       0.04975249      0.016698253     0.066450743    
