                                    "Force Report"

Forces
                          Forces [N]                                                                                                                                Coefficients                                                                                                                             
Zone                      Pressure                                      Viscous                                       Total                                         Pressure                                      Viscous                                       Total                                        
jidi                      (1145.8918 -1.3986594e-07 0.00043649055)      (3.1724064e-08 0.0040372214 0.0033992493)     (1145.8918 0.0040370815 0.0038357399)         (1.4821616 -1.8091057e-10 5.6458172e-07)      (4.1033709e-11 5.2219719e-06 4.3967825e-06)   (1.4821616 5.221791e-06 4.9613643e-06)       
jishen                    (9090.3907 1.3532776 -12497.139)              (1.1847923 -0.09800514 0.043769867)           (9091.5755 1.2552725 -12497.095)              (11.758029 0.0017504063 -16.164511)           (0.0015324777 -0.00012676542 5.6614437e-05)   (11.759561 0.0016236408 -16.164454)          
jitou                     (-11261.042 -12.976709 25.993676)             (1.117513 -0.16702098 0.29295431)             (-11259.925 -13.14373 26.286631)              (-14.565673 -0.016784814 0.0336217)           (0.0014454549 -0.00021603444 0.00037892377)   (-14.564227 -0.017000848 0.034000624)        
liangan                   (-81.238618 -1.8518024 -3062.5716)            (1.2829403 -0.1029368 0.21834021)             (-79.955678 -1.9547392 -3062.3533)            (-0.10507865 -0.0023952267 -3.9613044)        (0.001659428 -0.00013314431 0.00028241365)    (-0.10341922 -0.002528371 -3.961022)         
waiyi                     (-218.67303 -0.16730528 2014.0664)            (3.2713613 -0.52301473 0.94811441)            (-215.40167 -0.69032001 2015.0145)            (-0.28284414 -0.00021640217 2.605108)         (0.0042313649 -0.00067649701 0.0012263451)    (-0.27861277 -0.00089289919 2.6063344)       
weiyi                     (39.859349 -20.846998 591.06968)              (1.3886744 -0.1927818 0.11061706)             (41.248024 -21.03978 591.1803)                (0.051556351 -0.026964694 0.76452317)         (0.0017961905 -0.00024935495 0.00014307839)   (0.053352541 -0.027214049 0.76466624)        
xiaoyi                    (153.62114 -1.5463486 -366.94932)             (0.3580079 -0.050767011 0.070543926)          (153.97914 -1.5971157 -366.87877)             (0.19870232 -0.0020001353 -0.47463313)        (0.00046306779 -6.5664941e-05 9.1245528e-05)  (0.19916539 -0.0020658003 -0.47454188)       
youfuyi                   (0.14441478 -0.88141011 23.674926)            (0.13190968 -0.0375027 0.046141612)           (0.27632446 -0.91891281 23.721067)            (0.0001867943 -0.001140066 0.030622496)       (0.00017061949 -4.8508126e-05 5.9682187e-05)  (0.00035741378 -0.0011885741 0.030682178)    
youweiduo                 (-0.8639748 0.59174132 1.0714607)             (0.14721266 -0.029242132 0.017588022)         (-0.71676213 0.56249919 1.0890487)            (-0.0011175142 0.0007653919 0.0013858883)     (0.00019041323 -3.7823437e-05 2.2749349e-05)  (-0.00092710093 0.00072756846 0.0014086376)  
zhongyangyi               (1021.9745 0.050868894 14380.308)             (1.9845011 -0.1639561 0.39326638)             (1023.959 -0.1130872 14380.701)               (1.32188 6.5796723e-05 18.600308)             (0.0025668666 -0.00021207015 0.00050867312)   (1.3244469 -0.00014627343 18.600817)         
zuofuyi                   (13.21101 1.6190448 35.490162)                (0.10568409 -0.054671285 0.033365104)         (13.316694 1.5643735 35.523527)               (0.017087872 0.0020941647 0.045904995)        (0.00013669781 -7.0714951e-05 4.3156324e-05)  (0.01722457 0.0020234497 0.045948152)        
zuoweiduo                 (-0.889049 -1.3820452 2.3946699)              (0.13817059 -0.023810253 -0.0010951968)       (-0.75087841 -1.4058554 2.3935747)            (-0.0011499466 -0.0017876159 0.0030974023)    (0.0001787177 -3.0797537e-05 -1.4165898e-06)  (-0.00097122887 -0.0018184134 0.0030959857)  
------------------------- --------------------------------------------- --------------------------------------------- --------------------------------------------- --------------------------------------------- --------------------------------------------- ---------------------------------------------
Net                       (-97.613998 -36.037686 1147.409)              (11.110767 -1.4396717 2.177005)               (-86.503231 -37.477358 1149.586)              (-0.1262595 -0.046613194 1.4841241)           (0.014371299 -0.0018621533 0.0028158621)      (-0.1118882 -0.048475348 1.4869399)          

Forces - Direction Vector (0.97522367 -0.1391731 0.17195825)
                          Forces [N]                                      Coefficients                                   
Zone                      Pressure        Viscous         Total           Pressure        Viscous         Total          
jidi                      1117.5008       2.268727e-05    1117.5009       1.4454392       2.9345006e-08   1.4454392      
jishen                    6715.9898       1.1766037       6717.1664       8.6868434       0.0015218862    8.6883653      
jitou                     -10975.759      1.1634459       -10974.596      -14.196671      0.0015048671    -14.195167     
liangan                   -605.60255      1.3030252       -604.29952      -0.7833208      0.001685407     -0.78163539    
waiyi                     133.10349       3.4261347       136.52962       0.17216363      0.0044315575    0.17659519     
weiyi                     143.41243       1.4001197       144.81255       0.1854978       0.0018109945    0.18730879     
xiaoyi                    86.930217       0.36833379      87.298551       0.11244049      0.00047642389   0.11291691     
youfuyi                   4.334604        0.14179524      4.4763992       0.0056066235    0.00018340603   0.0057900295   
youweiduo                 -0.74067664     0.1506594       -0.59001725     -0.00095803332  0.00019487144   -0.00076316188 
zhongyangyi               3469.4591       2.0257761       3471.4849       4.4875959       0.0026202541    4.4902161      
zuofuyi                   18.761188       0.1164118       18.8776         0.024266788     0.00015057365   0.024417362    
zuoweiduo                 -0.26289488     0.13787265      -0.12502223     -0.0003400432   0.00017833233   -0.00016171087 
------------------------- --------------- --------------- --------------- --------------- --------------- ---------------
Net                       107.12643       11.410201       118.53663       0.13856342      0.014758603     0.15332202     
