                                    "Force Report"

Forces
                          Forces [N]                                                                                                                                Coefficients                                                                                                                             
Zone                      Pressure                                      Viscous                                       Total                                         Pressure                                      Viscous                                       Total                                        
jidi                      (1145.3226 -2.6340897e-08 0.00043547466)      (5.7872682e-09 -0.0020777059 0.0004439156)    (1145.3226 -0.0020777322 0.00087939026)       (1.4814255 -3.4070816e-11 5.6326771e-07)      (7.485582e-12 -2.687423e-06 5.741857e-07)     (1.4814255 -2.6874571e-06 1.1374534e-06)     
jishen                    (9087.0257 2.1862202 -12500.44)               (1.1600875 -0.1122238 0.0026115219)           (9088.1858 2.0739964 -12500.438)              (11.753676 0.0028277817 -16.168781)           (0.0015005232 -0.00014515666 3.377891e-06)    (11.755177 0.002682625 -16.168778)           
jitou                     (-11257.171 -12.98817 18.119639)              (1.1347643 -0.16681016 0.19963153)            (-11256.036 -13.15498 18.319271)              (-14.560665 -0.016799638 0.023436972)         (0.0014677687 -0.00021576175 0.00025821478)   (-14.559198 -0.0170154 0.023695187)          
liangan                   (-81.047113 -2.8190469 -3070.466)             (1.1446133 -0.14854581 0.11318808)            (-79.902499 -2.9675927 -3070.3528)            (-0.10483095 -0.0036463156 -3.9715154)        (0.001480508 -0.00019213761 0.0001464039)     (-0.10335044 -0.0038384532 -3.971369)        
waiyi                     (-179.97063 0.17918943 1940.4569)             (4.0112668 -0.52821865 0.76984636)            (-175.95936 -0.34902922 1941.2268)            (-0.23278425 0.00023177381 2.5098974)         (0.0051884007 -0.00068322806 0.00099576309)   (-0.22759585 -0.00045145425 2.5108932)       
weiyi                     (43.642868 -20.85498 564.25815)               (1.4068844 -0.19898411 0.043773188)           (45.049752 -21.053964 564.30192)              (0.056450169 -0.026975018 0.7298436)          (0.0018197443 -0.00025737737 5.6618732e-05)   (0.058269913 -0.027232396 0.72990022)        
xiaoyi                    (152.9741 -1.294294 -368.78598)               (0.34509637 -0.0470771 0.040512257)           (153.31919 -1.3413711 -368.74547)             (0.1978654 -0.0016741135 -0.47700877)         (0.00044636729 -6.08922e-05 5.2400859e-05)    (0.19831177 -0.0017350057 -0.47695637)       
youfuyi                   (-0.53674647 -0.81311423 18.527373)           (0.14669795 -0.048773799 0.034260144)         (-0.39004852 -0.86188803 18.561633)           (-0.00069425843 -0.0010517282 0.023964358)    (0.00018974748 -6.3086807e-05 4.431402e-05)   (-0.00050451095 -0.001114815 0.024008672)    
youweiduo                 (-0.89155506 0.18900606 0.37639283)           (0.14992708 -0.034323409 0.016019471)         (-0.74162798 0.15468265 0.3924123)            (-0.0011531881 0.00024447119 0.00048684791)   (0.00019392422 -4.439585e-05 2.0720495e-05)   (-0.00095926383 0.00020007534 0.0005075684)  
zhongyangyi               (1034.6197 0.037141105 14345.252)             (2.3515214 -0.19936673 0.32767847)            (1036.9713 -0.16222563 14345.58)              (1.3382361 4.8040418e-05 18.554965)           (0.0030415916 -0.00025787228 0.00042383798)   (1.3412776 -0.00020983186 18.555389)         
zuofuyi                   (13.763717 1.6121955 34.941675)               (0.11754803 -0.054635522 0.032052842)         (13.881265 1.55756 34.973728)                 (0.017802775 0.0020853054 0.045195551)        (0.00015204332 -7.0668693e-05 4.145897e-05)   (0.017954818 0.0020146367 0.04523701)        
zuoweiduo                 (-0.93405212 -1.038715 1.8397917)             (0.14541432 -0.023121931 -0.0071770698)       (-0.7886378 -1.0618369 1.8326147)             (-0.0012081562 -0.0013435331 0.0023796913)    (0.00018808716 -2.9907222e-05 -9.2832306e-06) (-0.001020069 -0.0013734403 0.0023704081)    
------------------------- --------------------------------------------- --------------------------------------------- --------------------------------------------- --------------------------------------------- --------------------------------------------- ---------------------------------------------
Net                       (-43.202052 -35.604568 984.08)                (12.113821 -1.5641587 1.5728407)              (-31.088231 -37.168727 985.65284)             (-0.055879993 -0.046052975 1.2728651)         (0.015668706 -0.0020231719 0.0020344017)      (-0.040211287 -0.048076147 1.2748995)        

Forces - Direction Vector (0.98484328 -0.1391731 0.1035112)
                          Forces [N]                                      Coefficients                                   
Zone                      Pressure        Viscous         Total           Pressure        Viscous         Total          
jidi                      1127.9633       0.0003351167    1127.9637       1.458972        4.3345902e-07   1.4589724      
jishen                    7655.0564       1.1583932       7656.2148       9.9014855       0.0014983317    9.9029839      
jitou                     -11082.866      1.1614445       -11081.704      -14.335209      0.0015022785    -14.333707     
liangan                   -397.25398      1.1596546       -396.09433      -0.51383091     0.0014999632    -0.51233094    
waiyi                     23.591225       4.1036707       27.694896       0.030514233     0.0053079212    0.035822154    
weiyi                     104.29087       1.4177849       105.70866       0.13489575      0.0018338436    0.1367296      
xiaoyi                    112.66216       0.35061118      113.01277       0.14572365      0.00045350045   0.14617715     
youfuyi                   1.502343        0.1548088       1.6571518       0.001943216     0.00020023851   0.0021434545   
youweiduo                 -0.8653857      0.15408977      -0.71129593     -0.0011193391   0.00019930848   -0.00092003063 
zhongyangyi               2503.8274       2.3775449       2506.2049       3.2385928       0.0030752519    3.241668       
zuofuyi                   16.947585       0.12668801      17.074273       0.021920971     0.00016386549   0.022084836    
zuoweiduo                 -0.58489472     0.14568536      -0.43920936     -0.00075653612  0.00018843773   -0.00056809838 
------------------------- --------------- --------------- --------------- --------------- --------------- ---------------
Net                       64.271248       12.310711       76.581959       0.08313209      0.015923374     0.099055464    
