                                    "Force Report"

Moments - Moment Center (0 0 0.05)
                          Moments [N m]                                                                                                                             Coefficients                                                                                                                             
Zone                      Pressure                                      Viscous                                       Total                                         Pressure                                      Viscous                                       Total                                        
jidi                      (2.1053184e-08 -22.887044 0.0055098711)       (-9.6595449e-05 6.3646123e-05 -0.0017338542)  (-9.6574396e-05 -22.88698 0.0037760168)       (7.4667911e-11 -0.081171938 1.9541489e-05)    (-3.4258858e-07 2.2572942e-07 -6.1493442e-06) (-3.4251391e-07 -0.081171712 1.3392145e-05)  
jishen                    (0.54962211 -232.00415 3.6951231)             (-0.037156649 -0.088623636 -0.0064825538)     (0.51246546 -232.09278 3.6886406)             (0.0019493077 -0.82283351 0.013105244)        (-0.00013178099 -0.00031431549 -2.2991237e-05) (0.0018175267 -0.82314783 0.013082253)       
jitou                     (-1.2858746 532.71526 12.567978)              (-0.014296665 -0.10258108 0.15987221)         (-1.3001713 532.61268 12.727851)              (-0.004560525 1.8893454 0.044574003)          (-5.070502e-05 -0.00036381741 0.000567008)    (-0.0046112301 1.8889815 0.045141011)        
liangan                   (-0.18022209 646.77834 -0.8917611)            (0.01744226 0.14460897 -0.035570945)          (-0.16277983 646.92295 -0.92733204)           (-0.00063918155 2.2938852 -0.0031627491)      (6.1861289e-05 0.0005128749 -0.00012615708)   (-0.00057732026 2.2943981 -0.0032889061)     
waiyi                     (-76.481921 -51.178172 3.3607602)             (-0.0062801112 0.54750817 -0.072938874)       (-76.488201 -50.630664 3.2878213)             (-0.27125328 -0.18151018 0.011919382)         (-2.2273248e-05 0.0019418104 -0.00025868739)  (-0.27127555 -0.17956837 0.011660694)        
weiyi                     (-11.803565 -631.64252 -35.448156)            (0.10716862 0.5264811 -0.33209727)            (-11.696396 -631.11604 -35.780253)            (-0.04186291 -2.240204 -0.12572159)           (0.00038008774 0.0018672351 -0.001177827)     (-0.041482822 -2.2383368 -0.12689942)        
xiaoyi                    (1.218181 56.02137 -0.81146479)               (0.030485378 0.042728643 -0.038945694)        (1.2486664 56.064099 -0.85041048)             (0.0043204405 0.19868722 -0.0028779675)       (0.00010812044 0.0001515428 -0.00013812607)   (0.004428561 0.19883876 -0.0030160936)       
youfuyi                   (12.668405 -1.848436 0.96249849)              (0.007109243 0.0214513 -0.23479317)           (12.675515 -1.8269847 0.72770532)             (0.044930181 -0.0065557236 0.0034136286)      (2.5213874e-05 7.6079881e-05 -0.00083272513)  (0.044955395 -0.0064796438 0.0025809035)     
youweiduo                 (-0.3604944 2.0640325 -0.9825347)             (0.01553152 0.030411889 -0.11676957)          (-0.34496288 2.0944444 -1.0993043)            (-0.0012785412 0.0073203653 -0.0034846897)    (5.5084597e-05 0.0001078598 -0.00041413878)   (-0.0012234566 0.0074282251 -0.0038988285)   
zhongyangyi               (3.2539576 -288.60508 -0.32046302)            (0.056049302 0.30232107 -0.031197024)         (3.3100069 -288.30275 -0.35166004)            (0.011540593 -1.0235762 -0.0011365646)        (0.00019878629 0.0010722218 -0.00011064438)   (0.011739379 -1.022504 -0.001247209)         
zuofuyi                   (-41.58992 -4.3414606 18.392089)              (-0.037119171 0.0091730808 0.13344459)        (-41.627039 -4.3322875 18.525533)             (-0.14750417 -0.015397566 0.065229983)        (-0.00013164806 3.2533548e-05 0.00047327894)  (-0.14763582 -0.015365032 0.065703262)       
zuoweiduo                 (-0.20173377 -0.92012013 -0.62022032)         (0.023407799 0.083492392 -0.0076041812)       (-0.17832598 -0.83662774 -0.6278245)          (-0.0007154756 -0.0032633282 -0.0021996937)   (8.3018865e-05 0.00029611685 -2.6969238e-05)  (-0.00063245674 -0.0029672113 -0.0022266629) 
------------------------- --------------------------------------------- --------------------------------------------- --------------------------------------------- --------------------------------------------- --------------------------------------------- ---------------------------------------------
Net                       (-114.21356 4.152014 -0.090641369)            (0.16224493 1.5170356 -0.58481634)            (-114.05132 5.6690495 -0.67545771)            (-0.40507356 0.014725668 -0.00032147164)      (0.00057542319 0.0053803679 -0.0020741288)    (-0.40449814 0.020106036 -0.0023956004)      

Moments - Moment Center (0 0 0.05) Moment Axis (0 1 0)
                          Moments [N m]                                   Coefficients                                   
Zone                      Pressure        Viscous         Total           Pressure        Viscous         Total          
jidi                      -22.887044      6.3646123e-05   -22.88698       -0.081171938    2.2572942e-07   -0.081171712   
jishen                    -232.00415      -0.088623636    -232.09278      -0.82283351     -0.00031431549  -0.82314783    
jitou                     532.71526       -0.10258108     532.61268       1.8893454       -0.00036381741  1.8889815      
liangan                   646.77834       0.14460897      646.92295       2.2938852       0.0005128749    2.2943981      
waiyi                     -51.178172      0.54750817      -50.630664      -0.18151018     0.0019418104    -0.17956837    
weiyi                     -631.64252      0.5264811       -631.11604      -2.240204       0.0018672351    -2.2383368     
xiaoyi                    56.02137        0.042728643     56.064099       0.19868722      0.0001515428    0.19883876     
youfuyi                   -1.848436       0.0214513       -1.8269847      -0.0065557236   7.6079881e-05   -0.0064796438  
youweiduo                 2.0640325       0.030411889     2.0944444       0.0073203653    0.0001078598    0.0074282251   
zhongyangyi               -288.60508      0.30232107      -288.30275      -1.0235762      0.0010722218    -1.022504      
zuofuyi                   -4.3414606      0.0091730808    -4.3322875      -0.015397566    3.2533548e-05   -0.015365032   
zuoweiduo                 -0.92012013     0.083492392     -0.83662774     -0.0032633282   0.00029611685   -0.0029672113  
------------------------- --------------- --------------- --------------- --------------- --------------- ---------------
Net                       4.152014        1.5170356       5.6690495       0.014725668     0.0053803679    0.020106036    
