                                    "Force Report"

Moments - Moment Center (0 0 0.05)
                          Moments [N m]                                                                                                                             Coefficients                                                                                                                             
Zone                      Pressure                                      Viscous                                       Total                                         Pressure                                      Viscous                                       Total                                        
jidi                      (-1.8409226e-08 -22.920059 0.0073801134)      (-0.00019597033 -0.00083071539 -0.0014507144) (-0.00019598874 -22.92089 0.005929399)        (-6.5290763e-11 -0.081289032 2.6174552e-05)   (-6.950348e-07 -2.9462424e-06 -5.145151e-06)  (-6.9510009e-07 -0.081291978 2.10294e-05)    
jishen                    (0.083613483 -229.33881 2.43339)              (-0.02944681 -0.0645739 -0.00571395)          (0.054166673 -229.40338 2.427676)             (0.00029654631 -0.81338052 0.0086303405)      (-0.00010443702 -0.00022901991 -2.0265282e-05) (0.00019210929 -0.81360954 0.0086100752)     
jitou                     (-1.2387703 548.38945 12.245561)              (-0.013856529 0.064455408 0.15969297)         (-1.2526268 548.45391 12.405254)              (-0.0043934631 1.944936 0.043430507)          (-4.914402e-05 0.00022859966 0.00056637231)   (-0.0044426071 1.9451646 0.043996879)        
liangan                   (0.26304255 650.15586 -1.7688234)             (0.020074727 0.13712608 -0.044008551)         (0.28311728 650.29299 -1.812832)              (0.00093291532 2.305864 -0.0062733671)        (7.1197683e-05 0.00048633585 -0.00015608217)  (0.001004113 2.3063504 -0.0064294492)        
waiyi                     (-54.903114 -45.927084 -8.8239735)            (0.017561751 0.6072872 -0.19430121)           (-54.885553 -45.319796 -9.0182747)            (-0.19472118 -0.1628865 -0.031295393)         (6.2285079e-05 0.0021538246 -0.00068911502)   (-0.1946589 -0.16073267 -0.031984508)        
weiyi                     (-11.080776 -710.31967 -37.711106)            (0.098085575 0.35474487 -0.40175744)          (-10.98269 -709.96493 -38.112864)             (-0.039299442 -2.519243 -0.13374744)          (0.00034787351 0.0012581497 -0.0014248861)    (-0.038951568 -2.5179848 -0.13517233)        
xiaoyi                    (12.680651 56.013467 -0.92507518)             (0.10705107 0.039455434 -0.024962778)         (12.787702 56.052922 -0.95003796)             (0.044973611 0.19865919 -0.0032809019)        (0.00037967081 0.00013993393 -8.8533806e-05)  (0.045353281 0.19879913 -0.0033694357)       
youfuyi                   (21.281288 -3.0733038 0.48156053)             (0.045189366 0.01164558 -0.18901996)          (21.326477 -3.0616582 0.29254057)             (0.075476911 -0.01089988 0.0017079183)        (0.00016027008 4.1302596e-05 -0.00067038436)  (0.075637181 -0.010858577 0.001037534)       
youweiduo                 (-0.058863634 -0.222583 0.26433029)           (0.022290385 0.011969804 -0.1234013)          (-0.036573249 -0.2106132 0.14092899)          (-0.00020876769 -0.00078942016 0.00093748246) (7.9055809e-05 4.24525e-05 -0.0004376591)     (-0.00012971188 -0.00074696766 0.00049982336)
zhongyangyi               (3.0596634 -276.22904 1.1716917)              (0.034921918 0.34709906 0.0014766192)         (3.0945853 -275.88194 1.1731684)              (0.010851502 -0.97968296 0.0041555603)        (0.00012385521 0.0012310329 5.2370258e-06)    (0.010975357 -0.97845193 0.0041607973)       
zuofuyi                   (-39.843229 -4.3437229 15.663736)             (-0.028285065 0.008930977 0.12411436)         (-39.871514 -4.334792 15.78785)               (-0.1413093 -0.01540559 0.055553518)          (-0.00010031674 3.1674895e-05 0.00044018803)  (-0.14140962 -0.015373915 0.055993706)       
zuoweiduo                 (-0.39782781 -2.9923555 -1.8630227)           (0.014393565 0.05660252 0.002111108)          (-0.38343425 -2.9357529 -1.8609116)           (-0.0014109491 -0.010612786 -0.0066074572)    (5.1048688e-05 0.00020074835 7.4873247e-06)   (-0.0013599004 -0.010412037 -0.0065999699)   
------------------------- --------------------------------------------- --------------------------------------------- --------------------------------------------- --------------------------------------------- --------------------------------------------- ---------------------------------------------
Net                       (-70.154323 -40.807852 -18.824351)            (0.28778398 1.5739123 -0.69722085)            (-69.866539 -39.233939 -19.521572)            (-0.24881162 -0.14473046 -0.06676306)         (0.0010206641 0.0055820889 -0.0024727862)     (-0.24779095 -0.13914837 -0.069235846)       

Moments - Moment Center (0 0 0.05) Moment Axis (0 1 0)
                          Moments [N m]                                   Coefficients                                   
Zone                      Pressure        Viscous         Total           Pressure        Viscous         Total          
jidi                      -22.920059      -0.00083071539  -22.92089       -0.081289032    -2.9462424e-06  -0.081291978   
jishen                    -229.33881      -0.0645739      -229.40338      -0.81338052     -0.00022901991  -0.81360954    
jitou                     548.38945       0.064455408     548.45391       1.944936        0.00022859966   1.9451646      
liangan                   650.15586       0.13712608      650.29299       2.305864        0.00048633585   2.3063504      
waiyi                     -45.927084      0.6072872       -45.319796      -0.1628865      0.0021538246    -0.16073267    
weiyi                     -710.31967      0.35474487      -709.96493      -2.519243       0.0012581497    -2.5179848     
xiaoyi                    56.013467       0.039455434     56.052922       0.19865919      0.00013993393   0.19879913     
youfuyi                   -3.0733038      0.01164558      -3.0616582      -0.01089988     4.1302596e-05   -0.010858577   
youweiduo                 -0.222583       0.011969804     -0.2106132      -0.00078942016  4.24525e-05     -0.00074696766 
zhongyangyi               -276.22904      0.34709906      -275.88194      -0.97968296     0.0012310329    -0.97845193    
zuofuyi                   -4.3437229      0.008930977     -4.334792       -0.01540559     3.1674895e-05   -0.015373915   
zuoweiduo                 -2.9923555      0.05660252      -2.9357529      -0.010612786    0.00020074835   -0.010412037   
------------------------- --------------- --------------- --------------- --------------- --------------- ---------------
Net                       -40.807852      1.5739123       -39.233939      -0.14473046     0.0055820889    -0.13914837    
