                                    "Force Report"

Forces
                          Forces [N]                                                                                                                                Coefficients                                                                                                                             
Zone                      Pressure                                      Viscous                                       Total                                         Pressure                                      Viscous                                       Total                                        
jidi                      (1146.261 1.8161616e-07 0.00043614353)        (2.3231517e-08 0.0055677058 0.0059127646)     (1146.261 0.0055678874 0.0063489081)          (1.4826393 2.3491268e-10 5.6413286e-07)       (3.0048966e-11 7.2015875e-06 7.6479062e-06)   (1.4826393 7.2018224e-06 8.2120391e-06)      
jishen                    (9090.7708 0.36738606 -12503.956)             (1.1951548 -0.1725542 -0.014342725)           (9091.9659 0.19483186 -12503.971)             (11.75852 0.00047519804 -16.173329)           (0.0015458813 -0.00022319142 -1.8551697e-05)  (11.760066 0.00025200661 -16.173347)         
jitou                     (-11261.305 -19.702398 20.847017)             (1.1099483 -0.25387416 0.23887259)            (-11260.195 -19.956272 21.08589)              (-14.566013 -0.025484203 0.026964719)         (0.0014356703 -0.00032837529 0.0003089714)    (-14.564577 -0.025812578 0.02727369)         
liangan                   (-81.087032 -3.4007029 -3070.3721)            (1.1992486 -0.20608164 0.13600307)            (-79.887783 -3.6067845 -3070.2361)            (-0.10488258 -0.0043986626 -3.971394)         (0.0015511763 -0.00026655773 0.00017591411)   (-0.10333141 -0.0046652203 -3.9712181)       
waiyi                     (-191.69692 -0.32208508 1925.5227)            (3.7272649 -0.77598071 0.79997029)            (-187.96966 -1.0980658 1926.3227)             (-0.24795171 -0.00041660317 2.4905806)        (0.0048210565 -0.0010036976 0.0010347271)     (-0.24313065 -0.0014203008 2.4916154)        
weiyi                     (40.75919 -38.758023 543.95549)               (1.3667946 -0.30393566 0.039318711)           (42.125985 -39.061958 543.99481)              (0.052720256 -0.050131832 0.70358299)         (0.0017678899 -0.00039312768 5.0857058e-05)   (0.054488146 -0.05052496 0.70363385)         
xiaoyi                    (152.91346 -1.8568939 -368.5377)              (0.3434053 -0.06893655 0.046902243)           (153.25686 -1.9258305 -368.49079)             (0.19778696 -0.0024018123 -0.47668763)        (0.00044417996 -8.9166457e-05 6.066603e-05)   (0.19823114 -0.0024909788 -0.47662696)       
youfuyi                   (-0.26125753 -0.8826224 19.809817)            (0.13684905 -0.066976394 0.037783459)         (-0.12440848 -0.9495988 19.8476)              (-0.00033792536 -0.001141634 0.025623144)     (0.00017700835 -8.663108e-05 4.8871276e-05)   (-0.00016091701 -0.0012282651 0.025672015)   
youweiduo                 (3.7005528 -6.8625548 -11.962817)             (0.10384799 -0.068713482 0.020084357)         (3.8044008 -6.9312683 -11.942733)             (0.0047865056 -0.0088764189 -0.015473388)     (0.00013432289 -8.8877928e-05 2.597825e-05)   (0.0049208285 -0.0089652968 -0.01544741)     
zhongyangyi               (1031.4772 0.014239263 14351.779)             (2.1701689 -0.26020022 0.3368555)             (1033.6474 -0.24596096 14352.116)             (1.3341713 1.8417873e-05 18.563408)           (0.0028070199 -0.00033655777 0.00043570807)   (1.3369783 -0.0003181399 18.563844)          
zuofuyi                   (-0.089806909 0.8435142 19.206666)            (0.15228418 -0.073180558 0.035136227)         (0.062477271 0.77033364 19.241802)            (-0.00011616137 0.0010910493 0.024842994)     (0.00019697302 -9.4655899e-05 4.5447195e-05)  (8.0811658e-05 0.00099639337 0.024888441)    
zuoweiduo                 (-0.90708662 -1.0258724 1.8388452)            (0.14309348 -0.031344031 -0.010329055)        (-0.76399314 -1.0572164 1.8285162)            (-0.0011732775 -0.0013269218 0.0023784671)    (0.00018508524 -4.0542154e-05 -1.3360187e-05) (-0.00098819221 -0.0013674639 0.0023651069)  
------------------------- --------------------------------------------- --------------------------------------------- --------------------------------------------- --------------------------------------------- --------------------------------------------- ---------------------------------------------
Net                       (-69.464905 -71.586013 928.13158)             (11.64806 -2.2762099 1.6721674)               (-57.816845 -73.862222 929.80375)             (-0.089849861 -0.092593422 1.2004982)         (0.015066264 -0.0029441794 0.0021628765)      (-0.074783597 -0.095537602 1.2026611)        

Forces - Direction Vector (0.96862834 -0.20791169 0.13613184)
                          Forces [N]                                      Coefficients                                   
Zone                      Pressure        Viscous         Total           Pressure        Viscous         Total          
jidi                      1110.301        -0.00035265313  1110.3006       1.4361265       -4.5614163e-07  1.436126       
jishen                    7103.3153       1.1915844       7104.5069       9.1878322       0.001541263     9.1893735      
jitou                     -10901.085      1.160429        -10899.924      -14.100083      0.0015009649    -14.098583     
liangan                   -495.81154      1.2229873       -494.58855      -0.64131086     0.0015818813    -0.63972898    
waiyi                     76.508835       3.8805713       80.389407       0.098960882     0.0050193517    0.10398023     
weiyi                     121.58841       1.3924602       122.98087       0.15726937      0.0018010873    0.15907046     
xiaoyi                    98.332662       0.35334971      98.686012       0.12718906      0.00045704262   0.1276461      
youfuyi                   2.6271928       0.15162458      2.7788173       0.0033981606    0.00019611986   0.0035942805   
youweiduo                 3.3827455       0.11761056      3.500356        0.0043754355    0.00015212419   0.0045275597   
zhongyangyi               2952.8492       2.2020425       2955.0512       3.8193831       0.0028482471    3.8222314      
zuofuyi                   2.3522726       0.16750502      2.5197777       0.0030425633    0.00021666053   0.0032592238   
zuoweiduo                 -0.41501356     0.14371507      -0.27129849     -0.00053680216  0.00018588925   -0.0003509129  
------------------------- --------------- --------------- --------------- --------------- --------------- ---------------
Net                       73.946149       11.983527       85.929676       0.095646157     0.015500176     0.11114633     
