                                    "Force Report"

Forces
                          Forces [N]                                                                                                                                Coefficients                                                                                                                             
Zone                      Pressure                                      Viscous                                       Total                                         Pressure                                      Viscous                                       Total                                        
jidi                      (1145.8293 8.8116752e-07 0.00043570663)       (3.1837318e-08 0.0021713033 0.0047215503)     (1145.8293 0.0021721845 0.005157257)          (1.4820809 1.1397522e-09 5.6356776e-07)       (4.1180199e-11 2.8084872e-06 6.1071219e-06)   (1.4820809 2.809627e-06 6.6706897e-06)       
jishen                    (9091.2451 0.054398794 -12494.905)            (1.2116347 -0.050246676 0.098200543)          (9092.4568 0.004152118 -12494.807)            (11.759134 7.0362496e-05 -16.161622)          (0.0015671973 -6.499191e-05 0.00012701817)    (11.760701 5.3705857e-06 -16.161495)         
jitou                     (-11262.308 -7.4484651 32.291186)             (1.1038969 -0.08732198 0.37753352)            (-11261.204 -7.5357871 32.66872)              (-14.56731 -0.0096342686 0.041767258)         (0.001427843 -0.00011294722 0.00048832334)    (-14.565882 -0.0097472159 0.042255581)       
liangan                   (-81.436691 -0.35463212 -3061.6794)           (1.3165581 -0.028201385 0.21602517)           (-80.120133 -0.38283351 -3061.4634)           (-0.10533485 -0.00045870137 -3.9601503)       (0.0017029112 -3.6477276e-05 0.00027941925)   (-0.10363194 -0.00049517864 -3.9598709)      
waiyi                     (-250.18221 -0.097770323 2019.8525)           (2.6461604 -0.2434591 0.96565336)             (-247.53605 -0.34122943 2020.8181)            (-0.32359991 -0.0001264617 2.6125921)         (0.0034226944 -0.00031490386 0.001249031)     (-0.32017722 -0.00044136556 2.6138411)       
weiyi                     (38.257174 -18.402646 587.73357)              (1.1889673 -0.11707578 0.18163314)            (39.446141 -18.519722 587.91521)              (0.049484005 -0.02380303 0.76020805)          (0.001537878 -0.00015143248 0.00023493464)    (0.051021883 -0.023954462 0.76044298)        
xiaoyi                    (154.18252 -0.4101751 -364.94189)             (0.35576784 -0.026336332 0.10284631)          (154.53829 -0.43651143 -364.83905)            (0.19942844 -0.00053054382 -0.47203661)       (0.00046017037 -3.406491e-05 0.00013302726)   (0.19988861 -0.00056460873 -0.47190358)      
youfuyi                   (0.43676488 -0.87223266 26.992395)            (0.1454926 -0.0015640012 0.047718174)         (0.58225748 -0.87379666 27.040113)            (0.00056493655 -0.0011281954 0.0349135)       (0.00018818841 -2.0229682e-06 6.1721401e-05)  (0.00075312496 -0.0011302183 0.034975221)    
youweiduo                 (2.696313 -4.5813691 -8.1229856)              (0.073293517 -0.04734262 0.0098090454)        (2.7696065 -4.6287117 -8.1131766)             (0.0034875647 -0.0059258034 -0.010506732)     (9.4802006e-05 -6.1235639e-05 1.2687578e-05)  (0.0035823667 -0.0059870391 -0.010494044)    
zhongyangyi               (1013.8163 0.0022827973 14384.473)            (1.5667849 -0.064469699 0.41096478)           (1015.3831 -0.062186901 14384.884)            (1.3113277 2.9526999e-06 18.605696)           (0.0020265687 -8.3388777e-05 0.00053156523)   (1.3133543 -8.0436077e-05 18.606228)         
zuofuyi                   (0.4424686 0.85543875 26.474848)              (0.14219101 -0.049798382 0.048899887)         (0.58465961 0.80564036 26.523748)             (0.00057231407 0.0011064732 0.034244075)      (0.00018391795 -6.4412061e-05 6.3249897e-05)  (0.00075623201 0.0010420611 0.034307325)     
zuoweiduo                 (-0.89588163 -1.8403565 3.0996067)            (0.13538779 0.00021968049 0.015210297)        (-0.76049384 -1.8401368 3.114817)             (-0.0011587843 -0.0023804218 0.0040092077)    (0.00017511827 2.8414725e-07 1.9673864e-05)   (-0.00098366601 -0.0023801377 0.0040288815)  
------------------------- --------------------------------------------- --------------------------------------------- --------------------------------------------- --------------------------------------------- --------------------------------------------- ---------------------------------------------
Net                       (-147.91655 -33.095526 1151.268)              (9.886135 -0.71342498 2.4792158)              (-138.03042 -33.808951 1153.7472)             (-0.19132369 -0.042807636 1.4891155)          (0.01278729 -0.00092278447 0.0032067588)      (-0.1785364 -0.043730421 1.4923223)          

Forces - Direction Vector (0.96793213 -0.069756474 0.24133259)
                          Forces [N]                                      Coefficients                                   
Zone                      Pressure        Viscous         Total           Pressure        Viscous         Total          
jidi                      1109.0851       0.00098803231   1109.0861       1.4345538       1.2779772e-06   1.4345551      
jishen                    5784.2767       1.1999842       5785.4767       7.4817126       0.0015521279    7.4832648      
jitou                     -10892.837      1.1656997       -10891.671      -14.089415      0.0015077823    -14.087908     
liangan                   -817.68345      1.32844         -816.35501      -1.0576383      0.0017182799    -1.05592       
waiyi                     245.30363       2.8113301       248.11496       0.31728968      0.0036363344    0.32092601     
weiyi                     180.15331       1.2028404       181.35615       0.23302055      0.0015558223    0.23457637     
xiaoyi                    61.194455       0.37101642      61.565471       0.07915239      0.00047989375   0.079632284    
youfuyi                   6.9977471       0.15245201      7.1501991       0.0090512843    0.00019719011   0.0092484744   
youweiduo                 0.96908701      0.076612847     1.0456999       0.0012534723    9.9095416e-05   0.0013525677   
zhongyangyi               4452.7473       1.6202178       4454.3675       5.7594368       0.0020956819    5.7615324      
zuofuyi                   6.7578507       0.15290614      6.9107568       0.0087409887    0.00019777751   0.0089387662   
zuoweiduo                 0.0092602592    0.13470161      0.14396187      1.1977746e-05   0.00017423072   0.00018620847  
------------------------- --------------- --------------- --------------- --------------- --------------- ---------------
Net                       136.97392       10.217189       147.19111       0.17716986      0.013215494     0.19038535     
