                                    "Force Report"

Forces
                          Forces [N]                                                                                                                                Coefficients                                                                                                                             
Zone                      Pressure                                      Viscous                                       Total                                         Pressure                                      Viscous                                       Total                                        
jidi                      (1145.1959 5.5979439e-08 0.00043552998)       (1.3276748e-08 0.00014874297 0.0010863569)    (1145.1959 0.00014879895 0.0015218869)        (1.4812616 7.2406993e-11 5.6333925e-07)       (1.7172902e-11 1.9239262e-07 1.4051558e-06)   (1.4812616 1.9246502e-07 1.9684951e-06)      
jishen                    (9086.7971 1.1719964 -12501.773)              (1.1761827 -0.11418832 -0.00791656)           (9087.9733 1.0578081 -12501.781)              (11.753381 0.0015159269 -16.170505)           (0.0015213416 -0.00014769767 -1.0239729e-05)  (11.754902 0.0013682292 -16.170515)          
jitou                     (-11256.56 -13.335103 17.207952)              (1.1378334 -0.16906013 0.19324079)            (-11255.422 -13.504163 17.401193)             (-14.559876 -0.017248381 0.022257744)         (0.0014717384 -0.000218672 0.00024994863)     (-14.558404 -0.017467053 0.022507693)        
liangan                   (-81.049456 -1.5627257 -3072.0058)            (1.1450352 -0.12038513 0.083314175)           (-79.904421 -1.6831108 -3071.9225)            (-0.10483398 -0.0020213184 -3.9735071)        (0.0014810537 -0.00015571298 0.0001077633)    (-0.10335293 -0.0021770313 -3.9733993)       
waiyi                     (-173.4748 -0.22461138 1883.9332)             (4.1191576 -0.52635857 0.70011974)            (-169.35564 -0.75096995 1884.6333)            (-0.22438218 -0.00029052514 2.4367864)        (0.0053279529 -0.00068082213 0.00090557472)   (-0.21905423 -0.00097134727 2.4376919)       
weiyi                     (43.683561 -30.633517 532.02427)              (1.4191294 -0.20467729 0.012531803)           (45.10269 -30.838194 532.0368)                (0.056502804 -0.039623134 0.68815047)         (0.0018355827 -0.00026474125 1.6209348e-05)   (0.058338386 -0.039887876 0.68816668)        
xiaoyi                    (152.84112 -1.0400501 -368.92289)             (0.34234945 -0.045255002 0.038222606)         (153.18347 -1.0853051 -368.88467)             (0.1976934 -0.00134526 -0.47718586)           (0.00044281426 -5.8535395e-05 4.9439294e-05)  (0.19813621 -0.0014037954 -0.47713642)       
youfuyi                   (-0.42981233 -0.6833692 17.973262)            (0.15169391 -0.041173812 0.030771195)         (-0.27811842 -0.72454301 18.004034)           (-0.00055594373 -0.00088390861 0.02324764)    (0.00019620954 -5.3256551e-05 3.9801215e-05)  (-0.00035973419 -0.00093716516 0.023287442)  
youweiduo                 (4.0137319 -7.3091586 -12.715516)             (0.10672993 -0.047623157 0.0065149534)        (4.1204618 -7.3567818 -12.709001)             (0.0051915893 -0.0094540817 -0.016446972)     (0.00013805056 -6.1598501e-05 8.4268115e-06)  (0.0053296398 -0.0095156802 -0.016438545)    
zhongyangyi               (1035.9383 -0.00046329821 14324.923)          (2.3758457 -0.19200495 0.30995292)            (1038.3141 -0.19246824 14325.233)             (1.3399415 -5.9925627e-07 18.528671)          (0.0030730541 -0.00024835012 0.00040091075)   (1.3430145 -0.00024894938 18.529072)         
zuofuyi                   (-0.42097156 0.68375009 17.494306)            (0.1610504 -0.050278781 0.029628921)          (-0.25992115 0.6334713 17.523935)             (-0.00054450857 0.00088440127 0.022628131)    (0.00020831176 -6.5033437e-05 3.8323733e-05)  (-0.00033619681 0.00081936783 0.022666455)   
zuoweiduo                 (-0.90968477 -0.62738126 1.1634884)           (0.14765573 -0.018422141 -0.0079671351)       (-0.76202903 -0.6458034 1.1555213)            (-0.001176638 -0.00081149062 0.0015049221)    (0.00019098633 -2.3828245e-05 -1.0305146e-05) (-0.00098565172 -0.00083531887 0.001494617)  
------------------------- --------------------------------------------- --------------------------------------------- --------------------------------------------- --------------------------------------------- --------------------------------------------- ---------------------------------------------
Net                       (-44.375166 -53.560633 839.30313)             (12.282663 -1.5292785 1.3894998)              (-32.092503 -55.089911 840.69263)             (-0.057397365 -0.06927837 1.0856024)          (0.015887096 -0.0019780559 0.0017972581)      (-0.041510269 -0.071256426 1.0873997)        

Forces - Direction Vector (0.98484328 -0.1391731 0.1035112)
                          Forces [N]                                      Coefficients                                   
Zone                      Pressure        Viscous         Total           Pressure        Viscous         Total          
jidi                      1127.8386       9.1762162e-05   1127.8387       1.4588106       1.186904e-07    1.4588107      
jishen                    7654.8344       1.1734281       7656.0079       9.9011985       0.0015177786    9.9027163      
jitou                     -11082.311      1.1641188       -11081.146      -14.334491      0.0015057375    -14.332985     
liangan                   -397.59052      1.1530585       -396.43747      -0.51426621     0.0014914315    -0.51277478    
waiyi                     24.19395        4.2024499       28.3964         0.031293831     0.0054356878    0.036729519    
weiyi                     102.35529       1.4274028       103.7827        0.13239216      0.001846284     0.13423844     
xiaoyi                    112.48164       0.3474153       112.82906       0.14549016      0.00044936672   0.14593953     
youfuyi                   1.5322428       0.15831018      1.6905529       0.00198189      0.0002047674    0.0021866574   
youweiduo                 3.6539369       0.11241448      3.7663514       0.0047262099    0.00014540329   0.0048716132   
zhongyangyi               2503.0269       2.3986412       2505.4255       3.2375574       0.0031025391    3.24066        
zuofuyi                   1.301106        0.16867379      1.4697798       0.0016829245    0.00021817228   0.0019010968   
zuoweiduo                 -0.68814825     0.14715693      -0.54099132     -0.00089009011  0.00019034115   -0.00069974896 
------------------------- --------------- --------------- --------------- --------------- --------------- ---------------
Net                       50.628889       12.453162       63.082051       0.065486286     0.016107628     0.081593914    
