                                    "Force Report"

Moments - Moment Center (0 0 0.05)
                          Moments [N m]                                                                                                                             Coefficients                                                                                                                             
Zone                      Pressure                                      Viscous                                       Total                                         Pressure                                      Viscous                                       Total                                        
jidi                      (-5.0366288e-10 -22.876823 0.0002483574)      (-1.8387172e-06 0.00086850533 -5.4215035e-06) (-1.8392208e-06 -22.875955 0.0002429359)      (-1.7863072e-12 -0.081135689 8.8083249e-07)   (-6.5212544e-09 3.0802694e-06 -1.9228082e-08) (-6.5230407e-09 -0.081132609 8.6160441e-07)  
jishen                    (-0.00118482 -232.90477 0.0094919973)         (-0.00010406104 -0.090256088 -0.00060470466)  (-0.0012888811 -232.99503 0.0088872927)       (-4.2021215e-06 -0.82602768 3.3664628e-05)    (-3.6906629e-07 -0.00032010519 -2.1446653e-06) (-4.5711878e-06 -0.82634778 3.1519963e-05)   
jitou                     (0.00025690164 531.67349 -0.010646685)        (-1.0712123e-05 -0.11140531 0.00019282368)    (0.00024618952 531.56208 -0.010453862)        (9.1113576e-07 1.8856506 -3.7759883e-05)      (-3.7991965e-08 -0.00039511372 6.8387475e-07) (8.7314379e-07 1.8852555 -3.7076008e-05)     
liangan                   (-0.24903079 645.66366 0.18661553)            (-0.0039975498 0.12056481 -0.0045610763)      (-0.25302834 645.78422 0.18205446)            (-0.00088322075 2.2899318 0.00066185676)      (-1.4177841e-05 0.00042759909 -1.6176462e-05) (-0.00089739859 2.2903594 0.00064568029)     
waiyi                     (-0.66077526 -52.283074 0.047871803)          (-0.00050274761 0.55361912 0.0056793747)      (-0.66127801 -51.729455 0.053551178)          (-0.0023435271 -0.18542886 0.0001697837)      (-1.7830611e-06 0.0019634837 2.0142656e-05)   (-0.0023453102 -0.18346538 0.00018992636)    
weiyi                     (-4.3290013 -587.04233 -13.941116)            (-0.0017215858 0.6261087 0.0068508086)        (-4.3307229 -586.41622 -13.934265)            (-0.015353378 -2.0820235 -0.049444017)        (-6.1058324e-06 0.0022205776 2.4297302e-05)   (-0.015359483 -2.0798029 -0.04941972)        
xiaoyi                    (-0.0036550907 55.858964 0.005005411)         (3.780284e-05 0.040640762 0.00045620186)      (-0.0036172879 55.899604 0.0054616129)        (-1.2963264e-05 0.19811123 1.7752354e-05)     (1.3407279e-07 0.00014413786 1.6179804e-06)   (-1.2829191e-05 0.19825536 1.9370335e-05)    
youfuyi                   (12.332255 -1.8027008 0.99414637)             (0.00049994087 0.021292592 -0.22209538)       (12.332755 -1.7814082 0.77205098)             (0.043737978 -0.0063935175 0.003525872)       (1.7731066e-06 7.5517004e-05 -0.00078769074)  (0.043739751 -0.0063180005 0.0027381813)     
youweiduo                 (-2.8922201 20.539974 -12.546413)             (-0.0065349848 0.058741543 -0.044333565)      (-2.8987551 20.598715 -12.590747)             (-0.010257642 0.072847743 -0.044497519)       (-2.3177191e-05 0.00020833468 -0.00015723487) (-0.01028082 0.073056078 -0.044654753)       
zhongyangyi               (-0.053706765 -289.97964 0.0052065688)        (0.00018419859 0.30403126 0.0011123253)       (-0.053522567 -289.67561 0.0063188941)        (-0.00019047817 -1.0284513 1.8465787e-05)     (6.5328473e-07 0.0010782872 3.9450093e-06)    (-0.00018982488 -1.027373 2.2410797e-05)     
zuofuyi                   (-12.391381 -1.8114628 -0.99707421)           (-0.00051318318 0.021418948 0.22319914)       (-12.391894 -1.7900438 -0.77387507)           (-0.043947677 -0.0064245932 -0.003536256)     (-1.8200722e-06 7.5965141e-05 0.00079160538)  (-0.043949497 -0.006348628 -0.0027446506)    
zuoweiduo                 (0.044447187 1.2975304 0.6707132)             (0.0031419655 0.060710943 0.0600026)          (0.047589153 1.3582413 0.7307158)             (0.00015763785 0.0046018638 0.0023787734)     (1.1143398e-05 0.00021531941 0.00021280718)   (0.00016878125 0.0048171832 0.0025915806)    
------------------------- --------------------------------------------- --------------------------------------------- --------------------------------------------- --------------------------------------------- --------------------------------------------- ---------------------------------------------
Net                       (-8.2039964 66.332816 -25.57595)              (-0.0095227552 1.6063358 0.025893128)         (-8.2135192 67.939151 -25.550057)             (-0.029096562 0.23525813 -0.090708502)        (-3.3773715e-05 0.005697083 9.1833416e-05)    (-0.029130336 0.24095522 -0.090616669)       

Moments - Moment Center (0 0 0.05) Moment Axis (0 1 0)
                          Moments [N m]                                   Coefficients                                   
Zone                      Pressure        Viscous         Total           Pressure        Viscous         Total          
jidi                      -22.876823      0.00086850533   -22.875955      -0.081135689    3.0802694e-06   -0.081132609   
jishen                    -232.90477      -0.090256088    -232.99503      -0.82602768     -0.00032010519  -0.82634778    
jitou                     531.67349       -0.11140531     531.56208       1.8856506       -0.00039511372  1.8852555      
liangan                   645.66366       0.12056481      645.78422       2.2899318       0.00042759909   2.2903594      
waiyi                     -52.283074      0.55361912      -51.729455      -0.18542886     0.0019634837    -0.18346538    
weiyi                     -587.04233      0.6261087       -586.41622      -2.0820235      0.0022205776    -2.0798029     
xiaoyi                    55.858964       0.040640762     55.899604       0.19811123      0.00014413786   0.19825536     
youfuyi                   -1.8027008      0.021292592     -1.7814082      -0.0063935175   7.5517004e-05   -0.0063180005  
youweiduo                 20.539974       0.058741543     20.598715       0.072847743     0.00020833468   0.073056078    
zhongyangyi               -289.97964      0.30403126      -289.67561      -1.0284513      0.0010782872    -1.027373      
zuofuyi                   -1.8114628      0.021418948     -1.7900438      -0.0064245932   7.5965141e-05   -0.006348628   
zuoweiduo                 1.2975304       0.060710943     1.3582413       0.0046018638    0.00021531941   0.0048171832   
------------------------- --------------- --------------- --------------- --------------- --------------- ---------------
Net                       66.332816       1.6063358       67.939151       0.23525813      0.005697083     0.24095522     
