                                    "Force Report"

Moments - Moment Center (0 0 0.05)
                          Moments [N m]                                                                                                                             Coefficients                                                                                                                             
Zone                      Pressure                                      Viscous                                       Total                                         Pressure                                      Viscous                                       Total                                        
jidi                      (-4.5947711e-10 -22.88612 0.00026264933)      (-3.3389277e-06 0.00054815775 -5.4036687e-05) (-3.3393872e-06 -22.885572 0.00020861264)     (-1.6295965e-12 -0.081168663 9.315207e-07)    (-1.184195e-08 1.9441142e-06 -1.9164828e-07)  (-1.184358e-08 -0.081166719 7.3987242e-07)   
jishen                    (-0.00024382986 -232.34333 0.01952545)        (-8.8395713e-05 -0.084561669 -0.00068451125)  (-0.00033222558 -232.4279 0.018840939)        (-8.6477496e-07 -0.82403646 6.9249599e-05)    (-3.1350713e-07 -0.00029990918 -2.42771e-06)  (-1.1782821e-06 -0.82433637 6.6821889e-05)   
jitou                     (0.00071963168 535.01244 -0.011906064)        (-9.5004024e-06 -0.075509985 0.00014695652)   (0.00071013128 534.93693 -0.011759107)        (2.5522693e-06 1.8974926 -4.2226436e-05)      (-3.3694438e-08 -0.00026780618 5.2120079e-07) (2.5185748e-06 1.8972248 -4.1705235e-05)     
liangan                   (-0.22620078 646.08965 0.092979205)           (-0.0036314936 0.11283312 -0.0049920682)      (-0.22983227 646.20248 0.087987136)           (-0.00080225107 2.2914427 0.00032976309)      (-1.2879574e-05 0.00040017764 -1.7705032e-05) (-0.00081513064 2.2918429 0.00031205805)     
waiyi                     (-0.60975109 -49.69053 0.023357116)           (-0.00063488193 0.58428679 0.0048747869)      (-0.61038597 -49.106243 0.028231903)          (-0.0021625631 -0.17623406 8.2839113e-05)     (-2.251693e-06 0.0020722506 1.7289078e-05)    (-0.0021648148 -0.17416181 0.00010012819)    
weiyi                     (-4.3752314 -603.36261 -14.185782)            (-0.0020403164 0.60394279 0.0035415065)       (-4.3772717 -602.75866 -14.182241)            (-0.015517339 -2.1399055 -0.050311758)        (-7.2362529e-06 0.0021419632 1.2560423e-05)   (-0.015524575 -2.1377636 -0.050299198)       
xiaoyi                    (-0.00030587776 55.858716 0.0053855352)       (0.00016570481 0.03954442 0.00017928575)      (-0.00014017295 55.898261 0.0055648209)       (-1.0848361e-06 0.19811035 1.9100515e-05)     (5.876941e-07 0.00014024953 6.3586069e-07)    (-4.9714196e-07 0.1982506 1.9736376e-05)     
youfuyi                   (14.323559 -2.0817142 0.96572266)             (0.0082224327 0.020653293 -0.22672132)        (14.331781 -2.0610609 0.73900134)             (0.050800401 -0.0073830755 0.0034250636)      (2.9161949e-05 7.3249645e-05 -0.00080409726)  (0.050829563 -0.0073098259 0.0026209663)     
youweiduo                 (-2.857727 20.063383 -12.273295)              (-0.0044617175 0.055799296 -0.050428724)      (-2.8621887 20.119182 -12.323724)             (-0.010135308 0.071157449 -0.043528871)       (-1.5824073e-05 0.00019789961 -0.00017885216) (-0.010151132 0.071355349 -0.043707723)      
zhongyangyi               (-0.05583666 -286.13244 0.0057199141)         (0.00014443697 0.32802348 0.00047636037)      (-0.055692223 -285.80442 0.0061962745)        (-0.00019803212 -1.0148067 2.0286434e-05)     (5.1226487e-07 0.0011633788 1.6894753e-06)    (-0.00019751986 -1.0136433 2.197591e-05)     
zuofuyi                   (-14.364251 -2.0878824 -0.96855913)           (-0.0083432254 0.020659821 0.22689543)        (-14.372594 -2.0672226 -0.7416637)            (-0.050944722 -0.007404952 -0.0034351235)     (-2.9590356e-05 7.3272798e-05 0.00080471475)  (-0.050974313 -0.0073316792 -0.0026304087)   
zuoweiduo                 (-0.00055683358 0.80657982 0.37972483)        (0.0017589899 0.056849874 0.062147847)        (0.0012021564 0.86342969 0.44187267)          (-1.9748842e-06 0.0028606424 0.0013467445)    (6.2384912e-06 0.00020162562 0.00022041559)   (4.263607e-06 0.003062268 0.0015671601)      
------------------------- --------------------------------------------- --------------------------------------------- --------------------------------------------- --------------------------------------------- --------------------------------------------- ---------------------------------------------
Net                       (-8.1658262 59.246138 -25.946865)             (-0.0089213055 1.6630694 0.01538151)          (-8.1747475 60.909208 -25.931484)             (-0.028961186 0.21012429 -0.092024001)        (-3.1640594e-05 0.0058982963 5.4552565e-05)   (-0.028992827 0.21602259 -0.091969448)       

Moments - Moment Center (0 0 0.05) Moment Axis (0 1 0)
                          Moments [N m]                                   Coefficients                                   
Zone                      Pressure        Viscous         Total           Pressure        Viscous         Total          
jidi                      -22.88612       0.00054815775   -22.885572      -0.081168663    1.9441142e-06   -0.081166719   
jishen                    -232.34333      -0.084561669    -232.4279       -0.82403646     -0.00029990918  -0.82433637    
jitou                     535.01244       -0.075509985    534.93693       1.8974926       -0.00026780618  1.8972248      
liangan                   646.08965       0.11283312      646.20248       2.2914427       0.00040017764   2.2918429      
waiyi                     -49.69053       0.58428679      -49.106243      -0.17623406     0.0020722506    -0.17416181    
weiyi                     -603.36261      0.60394279      -602.75866      -2.1399055      0.0021419632    -2.1377636     
xiaoyi                    55.858716       0.03954442      55.898261       0.19811035      0.00014024953   0.1982506      
youfuyi                   -2.0817142      0.020653293     -2.0610609      -0.0073830755   7.3249645e-05   -0.0073098259  
youweiduo                 20.063383       0.055799296     20.119182       0.071157449     0.00019789961   0.071355349    
zhongyangyi               -286.13244      0.32802348      -285.80442      -1.0148067      0.0011633788    -1.0136433     
zuofuyi                   -2.0878824      0.020659821     -2.0672226      -0.007404952    7.3272798e-05   -0.0073316792  
zuoweiduo                 0.80657982      0.056849874     0.86342969      0.0028606424    0.00020162562   0.003062268    
------------------------- --------------- --------------- --------------- --------------- --------------- ---------------
Net                       59.246138       1.6630694       60.909208       0.21012429      0.0058982963    0.21602259     
