                                    "Force Report"

Moments - Moment Center (0 0 0.05)
                          Moments [N m]                                                                                                                             Coefficients                                                                                                                             
Zone                      Pressure                                      Viscous                                       Total                                         Pressure                                      Viscous                                       Total                                        
jidi                      (8.2924396e-10 -22.896129 0.0007935741)       (-1.2515737e-05 -0.0022328547 -0.0001394636)  (-1.2514908e-05 -22.898362 0.0006541105)      (2.9410237e-12 -0.081204161 2.8145158e-06)    (-4.4388723e-08 -7.9191157e-06 -4.9462616e-07) (-4.4385782e-08 -0.081212081 2.3198897e-06)  
jishen                    (-0.00016016454 -230.94435 0.017332187)       (-1.317819e-05 -0.074127911 -0.00063620626)   (-0.00017334273 -231.01848 0.01669598)        (-5.6804478e-07 -0.81907477 6.14709e-05)      (-4.6738198e-08 -0.00026290447 -2.2563899e-06) (-6.1478298e-07 -0.81933768 5.921451e-05)    
jitou                     (0.0012832722 541.68412 -0.012859069)         (-5.0374761e-07 -0.0058977474 9.3939045e-05)  (0.0012827684 541.67822 -0.01276513)          (4.5512951e-06 1.9211546 -4.5606396e-05)      (-1.7866078e-09 -2.0917144e-05 3.3316729e-07) (4.5495085e-06 1.9211337 -4.5273229e-05)     
liangan                   (-0.18612679 647.11433 -0.10450243)           (-0.0026837872 0.11741427 -0.0035835975)      (-0.18881058 647.23174 -0.10808602)           (-0.00066012335 2.2950768 -0.00037063172)     (-9.5184076e-06 0.00041642527 -1.2709704e-05) (-0.00066964176 2.2954932 -0.00038334142)    
waiyi                     (-0.66651005 -46.280689 -0.018244097)         (-0.00057136232 0.65706934 0.0043405848)      (-0.66708141 -45.62362 -0.013903512)          (-0.0023638663 -0.1641406 -6.470511e-05)      (-2.0264123e-06 0.0023303836 1.539446e-05)    (-0.0023658927 -0.16181022 -4.931065e-05)    
weiyi                     (-4.5028487 -636.01816 -14.804263)            (-0.0026019619 0.53699628 -0.0023968252)      (-4.5054506 -635.48117 -14.806659)            (-0.01596995 -2.2557228 -0.052505282)         (-9.2282033e-06 0.0019045286 -8.5006588e-06)  (-0.015979179 -2.2538183 -0.052513782)       
xiaoyi                    (0.0048619993 55.891687 0.0052267819)         (0.00018646662 0.038272853 7.5000956e-06)     (0.0050484659 55.92996 0.005234282)           (1.7243726e-05 0.19822729 1.8537476e-05)      (6.6132863e-07 0.00013573975 2.6600084e-08)   (1.7905054e-05 0.19836303 1.8564076e-05)     
youfuyi                   (17.55633 -2.5392902 0.78700987)              (0.024510038 0.016301085 -0.20398025)         (17.58084 -2.5229891 0.58302962)              (0.062265854 -0.0090059296 0.0027912349)      (8.6928103e-05 5.7813962e-05 -0.00072344302)  (0.062352782 -0.0089481157 0.0020677919)     
youweiduo                 (-2.803778 19.586383 -12.049868)              (-0.00056348247 0.050160451 -0.061958511)     (-2.8043414 19.636544 -12.111826)             (-0.0099439706 0.069465707 -0.042736455)      (-1.9984654e-06 0.00017790069 -0.00021974408) (-0.009945969 0.069643608 -0.042956199)      
zhongyangyi               (-0.075700606 -279.36876 0.001587276)         (9.366018e-05 0.36244369 0.00048741507)       (-0.075606946 -279.00632 0.0020746911)        (-0.00026848224 -0.99081837 5.6294849e-06)    (3.3217826e-07 0.0012854547 1.7286822e-06)    (-0.00026815007 -0.98953292 7.3581671e-06)   
zuofuyi                   (-17.609259 -2.5469057 -0.78400256)           (-0.024625059 0.01631044 0.20413558)          (-17.633884 -2.5305953 -0.57986698)           (-0.062453573 -0.0090329391 -0.0027805691)    (-8.7336039e-05 5.7847141e-05 0.00072399392)  (-0.062540909 -0.0089750919 -0.0020565752)   
zuoweiduo                 (-0.084530147 -0.1294472 -0.17863168)         (-0.0011190057 0.048788507 0.066192798)       (-0.085649153 -0.080658693 -0.11243888)       (-0.00029979738 -0.00045910167 -0.00063354097) (-3.9687021e-06 0.00017303492 0.00023476154)  (-0.00030376609 -0.00028606676 -0.00039877943)
------------------------- --------------------------------------------- --------------------------------------------- --------------------------------------------- --------------------------------------------- --------------------------------------------- ---------------------------------------------
Net                       (-8.3664379 43.552782 -27.14042)              (-0.0074006912 1.7614984 0.002562966)         (-8.3738386 45.31428 -27.137857)              (-0.029672682 0.15446572 -0.096257102)        (-2.6247533e-05 0.0062473878 9.0898992e-06)   (-0.02969893 0.16071311 -0.096248012)        

Moments - Moment Center (0 0 0.05) Moment Axis (0 1 0)
                          Moments [N m]                                   Coefficients                                   
Zone                      Pressure        Viscous         Total           Pressure        Viscous         Total          
jidi                      -22.896129      -0.0022328547   -22.898362      -0.081204161    -7.9191157e-06  -0.081212081   
jishen                    -230.94435      -0.074127911    -231.01848      -0.81907477     -0.00026290447  -0.81933768    
jitou                     541.68412       -0.0058977474   541.67822       1.9211546       -2.0917144e-05  1.9211337      
liangan                   647.11433       0.11741427      647.23174       2.2950768       0.00041642527   2.2954932      
waiyi                     -46.280689      0.65706934      -45.62362       -0.1641406      0.0023303836    -0.16181022    
weiyi                     -636.01816      0.53699628      -635.48117      -2.2557228      0.0019045286    -2.2538183     
xiaoyi                    55.891687       0.038272853     55.92996        0.19822729      0.00013573975   0.19836303     
youfuyi                   -2.5392902      0.016301085     -2.5229891      -0.0090059296   5.7813962e-05   -0.0089481157  
youweiduo                 19.586383       0.050160451     19.636544       0.069465707     0.00017790069   0.069643608    
zhongyangyi               -279.36876      0.36244369      -279.00632      -0.99081837     0.0012854547    -0.98953292    
zuofuyi                   -2.5469057      0.01631044      -2.5305953      -0.0090329391   5.7847141e-05   -0.0089750919  
zuoweiduo                 -0.1294472      0.048788507     -0.080658693    -0.00045910167  0.00017303492   -0.00028606676 
------------------------- --------------- --------------- --------------- --------------- --------------- ---------------
Net                       43.552782       1.7614984       45.31428        0.15446572      0.0062473878    0.16071311     
