                                    "Force Report"

Moments - Moment Center (0 0 0.05)
                          Moments [N m]                                                                                                                             Coefficients                                                                                                                             
Zone                      Pressure                                      Viscous                                       Total                                         Pressure                                      Viscous                                       Total                                        
jidi                      (-8.6191328e-09 -22.902709 0.0034097645)      (3.569002e-06 0.00040687376 -0.0008351173)    (3.5603829e-06 -22.902302 0.0025746472)       (-3.0568898e-11 -0.081227497 1.2093182e-05)   (1.2657939e-08 1.4430318e-06 -2.9618543e-06)  (1.262737e-08 -0.081226054 9.1313278e-06)    
jishen                    (0.22583628 -231.06042 2.092572)              (-0.025504706 -0.073624137 -0.0058077823)     (0.20033157 -231.13404 2.0867642)             (0.00080095833 -0.81948642 0.0074215844)      (-9.0455824e-05 -0.00026111777 -2.0598071e-05) (0.00071050251 -0.81974754 0.0074009863)     
jitou                     (-0.8665547 541.74441 8.5256041)              (-0.0094088046 -0.0053151022 0.10759075)      (-0.8759635 541.7391 8.6331948)               (-0.0030733512 1.9213685 0.030237186)         (-3.3369574e-05 -1.8850715e-05 0.00038158488) (-0.0031067208 1.9213496 0.030618771)        
liangan                   (0.085160275 648.33641 -0.30049503)           (0.007527062 0.13622386 -0.0042917029)        (0.092687337 648.47263 -0.30478673)           (0.00030203222 2.2994111 -0.0010657455)       (2.6695724e-05 0.000483136 -1.5221094e-05)    (0.00032872794 2.2998942 -0.0010809666)      
waiyi                     (5.436526 -46.236854 -0.15187331)             (0.062418778 0.64887984 -0.038470865)         (5.4989448 -45.587974 -0.19034417)            (0.019281361 -0.16398514 -0.00053863883)      (0.00022137648 0.0023013385 -0.00013644203)   (0.019502737 -0.1616838 -0.00067508086)      
weiyi                     (-11.690834 -636.79703 -37.333612)            (0.064468128 0.50209055 -0.23866511)          (-11.626366 -636.29494 -37.572277)            (-0.041463094 -2.2584852 -0.13240861)         (0.00022864477 0.0017807308 -0.0008464575)    (-0.041234449 -2.2567044 -0.13325507)        
xiaoyi                    (5.5662447 55.947527 -0.46820494)             (0.057143768 0.039418262 -0.026126052)        (5.6233885 55.986945 -0.49433099)             (0.019741426 0.19842533 -0.0016605509)        (0.00020266796 0.0001398021 -9.2659511e-05)   (0.019944094 0.19856513 -0.0017532105)       
youfuyi                   (17.813904 -2.5763473 0.85326204)             (0.028493186 0.016300712 -0.21097417)         (17.842398 -2.5600466 0.64228788)             (0.063179376 -0.0091373576 0.0030262071)      (0.00010105486 5.781264e-05 -0.00074824788)   (0.063280431 -0.009079545 0.0022779592)      
youweiduo                 (-3.026869 19.834487 -12.212104)              (0.013647592 0.025650247 -0.099701266)        (-3.0132214 19.860137 -12.311805)             (-0.010735193 0.070345638 -0.043311846)       (4.8402995e-05 9.0972005e-05 -0.00035360377)  (-0.01068679 0.07043661 -0.04366545)         
zhongyangyi               (6.2887407 -279.60434 0.59607732)             (0.035282196 0.35816282 -0.014463116)         (6.3240229 -279.24618 0.58161421)             (0.022303853 -0.99165391 0.0021140673)        (0.00012513299 0.001270272 -5.1295361e-05)    (0.022428986 -0.99038364 0.002062772)        
zuofuyi                   (-17.506407 -2.5470991 -0.88175639)           (-0.018972215 0.017303557 0.20174676)         (-17.525379 -2.5297955 -0.68000963)           (-0.062088796 -0.0090336248 -0.003127266)     (-6.7287478e-05 6.1369362e-05 0.00071552166)  (-0.062156083 -0.0089722555 -0.0024117444)   
zuoweiduo                 (-0.20690855 -0.89038557 -0.59316004)         (0.010537147 0.064197238 0.027986344)         (-0.1963714 -0.82618834 -0.5651737)           (-0.00073382863 -0.0031578706 -0.0021037208)  (3.737139e-05 0.00022768402 9.9257282e-05)    (-0.00069645724 -0.0029301866 -0.0020044635) 
------------------------- --------------------------------------------- --------------------------------------------- --------------------------------------------- --------------------------------------------- --------------------------------------------- ---------------------------------------------
Net                       (2.118839 43.247648 -39.870281)               (0.2256357 1.7296947 -0.30201133)             (2.3444747 44.977343 -40.172292)              (0.0075147437 0.15338352 -0.14140524)         (0.00080024695 0.0061345919 -0.0010711232)    (0.0083149907 0.15951811 -0.14247636)        

Moments - Moment Center (0 0 0.05) Moment Axis (0 1 0)
                          Moments [N m]                                   Coefficients                                   
Zone                      Pressure        Viscous         Total           Pressure        Viscous         Total          
jidi                      -22.902709      0.00040687376   -22.902302      -0.081227497    1.4430318e-06   -0.081226054   
jishen                    -231.06042      -0.073624137    -231.13404      -0.81948642     -0.00026111777  -0.81974754    
jitou                     541.74441       -0.0053151022   541.7391        1.9213685       -1.8850715e-05  1.9213496      
liangan                   648.33641       0.13622386      648.47263       2.2994111       0.000483136     2.2998942      
waiyi                     -46.236854      0.64887984      -45.587974      -0.16398514     0.0023013385    -0.1616838     
weiyi                     -636.79703      0.50209055      -636.29494      -2.2584852      0.0017807308    -2.2567044     
xiaoyi                    55.947527       0.039418262     55.986945       0.19842533      0.0001398021    0.19856513     
youfuyi                   -2.5763473      0.016300712     -2.5600466      -0.0091373576   5.781264e-05    -0.009079545   
youweiduo                 19.834487       0.025650247     19.860137       0.070345638     9.0972005e-05   0.07043661     
zhongyangyi               -279.60434      0.35816282      -279.24618      -0.99165391     0.001270272     -0.99038364    
zuofuyi                   -2.5470991      0.017303557     -2.5297955      -0.0090336248   6.1369362e-05   -0.0089722555  
zuoweiduo                 -0.89038557     0.064197238     -0.82618834     -0.0031578706   0.00022768402   -0.0029301866  
------------------------- --------------- --------------- --------------- --------------- --------------- ---------------
Net                       43.247648       1.7296947       44.977343       0.15338352      0.0061345919    0.15951811     
