                                    "Force Report"

Forces
                          Forces [N]                                                                                                                                Coefficients                                                                                                                             
Zone                      Pressure                                      Viscous                                       Total                                         Pressure                                      Viscous                                       Total                                        
jidi                      (1145.6107 -1.291862e-07 0.00043579182)       (3.1336604e-08 0.0019024227 0.0035798252)     (1145.6107 0.0019022936 0.004015617)          (1.481798 -1.6709678e-10 5.6367794e-07)       (4.0532546e-11 2.4607018e-06 4.6303496e-06)   (1.481798 2.4605347e-06 5.1940276e-06)       
jishen                    (9089.112 0.5075003 -12494.665)               (1.1835823 -0.046697082 0.076420676)          (9090.2956 0.46080322 -12494.588)             (11.756375 0.00065642977 -16.16131)           (0.0015309127 -6.0400664e-05 9.8846851e-05)   (11.757906 0.00059602911 -16.161212)         
jitou                     (-11261.65 -6.6715155 30.133643)              (1.121913 -0.084788415 0.33925822)            (-11260.528 -6.756304 30.472901)              (-14.566459 -0.0086293179 0.038976569)        (0.0014511461 -0.00010967016 0.00043881589)   (-14.565008 -0.008738988 0.039415385)        
liangan                   (-81.1959 0.62189721 -3064.2869)              (1.2827352 -0.02164966 0.18975529)            (-79.913165 0.60024755 -3064.0972)            (-0.1050234 0.00080439725 -3.9635231)         (0.0016591627 -2.8002902e-05 0.00024544029)   (-0.10336424 0.00077639434 -3.9632777)       
waiyi                     (-231.85914 -0.061206599 1998.6566)           (3.0063213 -0.24354396 0.96422808)            (-228.85281 -0.30475056 1999.6209)            (-0.2998998 -7.9168098e-05 2.5851762)         (0.003888547 -0.00031501362 0.0012471875)     (-0.29601125 -0.00039418172 2.5864234)       
weiyi                     (36.864339 -3.3958257 622.34547)              (1.2400128 -0.070561703 0.19162971)           (38.104352 -3.4663874 622.53709)              (0.047682434 -0.0043923542 0.80497704)        (0.0016039032 -9.1268522e-05 0.00024786477)   (0.049286337 -0.0044836227 0.80522491)       
xiaoyi                    (154.07956 -0.58217812 -365.75796)            (0.36394923 -0.025948953 0.090739583)         (154.44351 -0.60812707 -365.66722)            (0.19929527 -0.00075302231 -0.47309216)       (0.00047075265 -3.3563852e-05 0.00011736774)  (0.19976602 -0.00078658616 -0.47297479)      
youfuyi                   (0.39377444 -0.85881757 26.014025)            (0.14020074 -0.0014733662 0.048865977)        (0.53397519 -0.86029094 26.06289)             (0.00050933028 -0.0011108435 0.03364802)      (0.00018134362 -1.9057357e-06 6.3206036e-05)  (0.0006906739 -0.0011127493 0.033711226)     
youweiduo                 (2.4367764 5.8727643 9.9762319)               (0.10517341 -0.011487325 0.026846747)         (2.5419498 5.861277 10.003079)                (0.0031518653 0.0075961676 0.012903826)       (0.00013603728 -1.485836e-05 3.4725111e-05)   (0.0032879026 0.0075813092 0.012938551)      
zhongyangyi               (1011.1148 0.02530003 14386.162)              (1.8029174 -0.080352187 0.43434614)           (1012.9177 -0.055052157 14386.596)            (1.3078334 3.2724498e-05 18.60788)            (0.002331996 -0.00010393209 0.00056180801)    (1.3101654 -7.1207593e-05 18.608442)         
zuofuyi                   (0.36191338 0.75572979 24.820713)             (0.13855942 -0.050299444 0.048057087)         (0.5004728 0.70543034 24.86877)               (0.00046811936 0.00097750392 0.032104523)     (0.00017922064 -6.5060163e-05 6.2159771e-05)  (0.00064734 0.00091244375 0.032166683)       
zuoweiduo                 (-0.84352057 -1.5309166 2.6228481)            (0.13485854 -0.0050705585 0.010968495)        (-0.70866203 -1.5359872 2.6338166)            (-0.0010910575 -0.0019801747 0.003392541)     (0.00017443371 -6.5585489e-06 1.4187276e-05)  (-0.00091662379 -0.0019867332 0.0034067282)  
------------------------- --------------------------------------------- --------------------------------------------- --------------------------------------------- --------------------------------------------- --------------------------------------------- ---------------------------------------------
Net                       (-135.57463 -5.3172686 1176.0219)             (10.520223 -0.63997023 2.4246958)             (-125.0544 -5.9572389 1178.4466)              (-0.17535994 -0.0068776578 1.5211337)         (0.013607456 -0.00082777392 0.0031362396)     (-0.16175248 -0.0077054318 1.5242699)        

Forces - Direction Vector (0.97576488 -0.069756474 0.20740523)
                          Forces [N]                                      Coefficients                                   
Zone                      Pressure        Viscous         Total           Pressure        Viscous         Total          
jidi                      1117.8468       0.00060979874   1117.8474       1.4458866       7.8874839e-07   1.4458874      
jishen                    6277.3422       1.1740055       6278.5162       8.1194716       0.0015185255    8.1209901      
jitou                     -10982.007      1.1710018       -10980.836      -14.204753      0.0015146403    -14.203239     
liangan                   -714.82062      1.2925144       -713.5281       -0.92458967     0.0016718117    -0.92291786    
waiyi                     188.2961        3.1504375       191.44654       0.2435529       0.0040749551    0.24762785     
weiyi                     165.28551       1.2546281       166.54014       0.21378969      0.0016228074    0.21541249     
xiaoyi                    74.525921       0.37575885      74.90168        0.096396068     0.00048602788   0.096882096    
youfuyi                   5.839584        0.1470408       5.9866248       0.0075532503    0.00019019094   0.0077434413   
youweiduo                 4.0371802       0.10899399      4.1461742       0.0052219186    0.00014097903   0.0053628976   
zhongyangyi               3970.3736       1.8549142       3972.2286       5.1355072       0.0023992516    5.1379065      
zuofuyi                   5.448371        0.14867742      5.5970484       0.0070472331    0.00019230783   0.0072395409   
zuoweiduo                 -0.172294       0.13421885      -0.038075143    -0.00022285486  0.0001736063    -4.9248556e-05 
------------------------- --------------- --------------- --------------- --------------- --------------- ---------------
Net                       111.99505       10.812801       122.80785       0.14486077      0.013985892     0.15884667     
