                                    "Force Report"

Forces
                          Forces [N]                                                                                                                                Coefficients                                                                                                                             
Zone                      Pressure                                      Viscous                                       Total                                         Pressure                                      Viscous                                       Total                                        
jidi                      (1144.4885 2.7320894e-07 0.0004351633)        (1.6211842e-08 -0.00020428273 0.0018081119)   (1144.4885 -0.00020400953 0.0022432752)       (1.4803466 3.5338399e-10 5.6286497e-07)       (2.0969319e-11 -2.6423091e-07 2.3387148e-06)  (1.4803466 -2.6387753e-07 2.9015798e-06)     
jishen                    (9081.0492 1.0484576 -12501.168)              (1.1651379 -0.056100379 -0.036545449)         (9082.2144 0.99235724 -12501.205)             (11.745946 0.0013561347 -16.169723)           (0.0015070557 -7.2563422e-05 -4.7269964e-05)  (11.747453 0.0012835713 -16.16977)           
jitou                     (-11246.919 -6.8728886 2.2030909)             (1.1651253 -0.084684203 0.039382761)          (-11245.753 -6.9575728 2.2424737)             (-14.547405 -0.0088897852 0.0028496032)       (0.0015070393 -0.00010953537 5.0939905e-05)   (-14.545897 -0.0089993205 0.0029005431)      
liangan                   (-81.068913 -0.49345806 -3076.7065)           (1.0910825 -0.052315679 0.0093338476)         (-79.97783 -0.54577374 -3076.6971)            (-0.10485915 -0.00063826673 -3.9795872)       (0.0014112682 -6.7668076e-05 1.207293e-05)    (-0.10344788 -0.00070593481 -3.9795752)      
waiyi                     (-132.23536 -0.12350187 1673.6392)            (4.3743197 -0.26198896 0.27380701)            (-127.86104 -0.38549083 1673.913)             (-0.17104074 -0.00015974434 2.1647802)        (0.0056579941 -0.00033887144 0.00035415757)   (-0.16538275 -0.00049861578 2.1651344)       
weiyi                     (47.548616 -0.36192941 544.9628)              (1.551327 -0.08752507 -0.027571813)           (49.099943 -0.44945448 544.93522)             (0.061502086 -0.0004681401 0.70488589)        (0.0020065746 -0.00011320991 -3.5662952e-05)  (0.06350866 -0.00058135 0.70485023)          
xiaoyi                    (151.71943 -0.2718221 -370.86118)             (0.31747058 -0.019987984 0.0023334506)        (152.0369 -0.29181009 -370.85885)             (0.19624255 -0.00035159018 -0.47969296)       (0.00041063451 -2.5853596e-05 3.0182178e-06)  (0.19665318 -0.00037744377 -0.47968994)      
youfuyi                   (-0.77855986 -0.48529998 13.607504)           (0.17935412 -0.023107779 0.014706044)         (-0.59920574 -0.50840776 13.622211)           (-0.0010070336 -0.00062771461 0.017600721)    (0.00023198682 -2.9888916e-05 1.9021635e-05)  (-0.00077504681 -0.00065760352 0.017619742)  
youweiduo                 (2.6189515 5.9437898 10.247048)               (0.10856982 -0.0018928947 0.023751947)        (2.7275213 5.9418969 10.2708)                 (0.0033875009 0.007688036 0.013254115)        (0.00014043038 -2.4483777e-06 3.072212e-05)   (0.0035279313 0.0076855876 0.013284837)      
zhongyangyi               (1055.6571 -0.014324884 14199.416)            (2.546634 -0.11644604 0.091383607)            (1058.2037 -0.13077093 14199.508)             (1.3654469 -1.852862e-05 18.366333)           (0.0032939613 -0.00015061794 0.00011820076)   (1.3687409 -0.00016914656 18.366451)         
zuofuyi                   (-0.8123026 0.47389299 13.338222)             (0.18328565 -0.021765838 0.014204906)         (-0.62901695 0.45212716 13.352427)            (-0.0010506784 0.00061296016 0.017252415)     (0.00023707209 -2.8153173e-05 1.8373434e-05)  (-0.00081360631 0.00058480699 0.017270789)   
zuoweiduo                 (-0.93528039 -0.35078581 0.66318156)          (0.15387828 -0.01397039 -0.0097301284)        (-0.78140211 -0.3647562 0.65345143)           (-0.0012097449 -0.00045372632 0.00085779676)  (0.00019903492 -1.8070097e-05 -1.2585502e-05) (-0.00101071 -0.00047179642 0.00084521126)   
------------------------- --------------------------------------------- --------------------------------------------- --------------------------------------------- --------------------------------------------- --------------------------------------------- ---------------------------------------------
Net                       (20.332842 -1.5078699 509.34167)              (12.836185 -0.73998951 0.39686429)            (33.169027 -2.2478594 509.73853)              (0.026299655 -0.0019503648 0.6588115)         (0.016603052 -0.00095714454 0.00051332686)    (0.042902707 -0.0029075093 0.65932483)       

Forces - Direction Vector (0.99756405 -0.069756474 0)
                          Forces [N]                                      Coefficients                                   
Zone                      Pressure        Viscous         Total           Pressure        Viscous         Total          
jidi                      1141.7006       1.4266216e-05   1141.7006       1.4767406       1.8452735e-08   1.4767406      
jishen                    9058.8551       1.166213        9060.0213       11.717239       0.0015084463    11.718747      
jitou                     -11219.042      1.1681943       -11217.874      -14.511348      0.0015110091    -14.509837     
liangan                   -80.837011      1.092074        -79.744937      -0.10455919     0.0014125507    -0.10314664    
waiyi                     -131.90463      4.3819395       -127.52269      -0.17061295     0.0056678499    -0.1649451     
weiyi                     47.458037       1.5536535       49.01169        0.061384925     0.0020095838    0.063394509    
xiaoyi                    151.36881       0.31809153      151.6869        0.19578903      0.00041143768   0.19620047     
youfuyi                   -0.74281051     0.18052914      -0.56228138     -0.00096079339  0.00023350666   -0.00072728673 
youweiduo                 2.197954        0.10843739      2.3063914       0.0028429588    0.00014025909   0.0029832179   
zhongyangyi               1053.0865       2.5485534       1055.6351       1.362122        0.0032964439    1.3654185      
zuofuyi                   -0.84338097     0.18435749      -0.65902349     -0.0010908769   0.00023845846   -0.00085241848 
zuoweiduo                 -0.90853251     0.15447796      -0.75405455     -0.0011751477   0.00019981059   -0.00097533707 
------------------------- --------------- --------------- --------------- --------------- --------------- ---------------
Net                       20.388496       12.856536       33.245031       0.026371641     0.016629375     0.043001016    
