                                    "Force Report"

Forces
                          Forces [N]                                                                                                                                Coefficients                                                                                                                             
Zone                      Pressure                                      Viscous                                       Total                                         Pressure                                      Viscous                                       Total                                        
jidi                      (1143.7195 3.3918083e-07 0.00043492374)       (-1.7750706e-09 -0.00080019949 -0.0003319597) (1143.7195 -0.00079986031 0.00010296404)      (1.4793519 4.3871579e-10 5.6255512e-07)       (-2.2959774e-12 -1.0350236e-06 -4.2937557e-07) (1.4793519 -1.0345848e-06 1.3317955e-07)     
jishen                    (9077.4536 2.2363432 -12505.472)              (1.2573432 -0.096768321 -0.1111737)           (9078.7109 2.1395749 -12505.584)              (11.741295 0.0028926136 -16.17529)            (0.0016263193 -0.00012516565 -0.00014379839)  (11.742921 0.0027674479 -16.175434)          
jitou                     (-11240.668 -13.853902 -13.776535)            (1.1670563 -0.16865977 -0.12258532)           (-11239.501 -14.022562 -13.89912)             (-14.53932 -0.017919425 -0.017819354)         (0.0015095371 -0.00021815414 -0.00015855883)  (-14.53781 -0.018137579 -0.017977913)        
liangan                   (-81.199328 -1.11949 -3083.7757)              (1.2167024 -0.11013494 -0.097769363)          (-79.982625 -1.2296249 -3083.8735)            (-0.10502783 -0.001448012 -3.988731)          (0.0015737521 -0.0001424548 -0.00012646046)   (-0.10345408 -0.0015904668 -3.9888575)       
waiyi                     (-131.62946 -0.43512616 1417.9613)            (3.5715829 -0.5563043 -0.15755724)            (-128.05788 -0.99143046 1417.8037)            (-0.17025703 -0.00056281694 1.8340718)        (0.0046196885 -0.00071955564 -0.00020379351)  (-0.16563735 -0.0012823726 1.833868)         
weiyi                     (44.356545 -8.8358949 507.21606)              (1.4671858 -0.18103598 -0.1124231)            (45.823731 -9.0169309 507.10363)              (0.05737328 -0.011428849 0.65606211)          (0.0018977415 -0.00023416224 -0.00014541444)  (0.059271021 -0.011663012 0.6559167)         
xiaoyi                    (150.72816 -0.73192902 -373.5001)             (0.31096771 -0.04137044 -0.037283029)         (151.03913 -0.77329946 -373.53738)            (0.19496038 -0.00094671864 -0.48310629)       (0.00040222333 -5.3510882e-05 -4.8223991e-05) (0.1953626 -0.0010002295 -0.48315451)        
youfuyi                   (-0.88038566 -0.27339232 8.7951991)           (0.17654596 -0.041272268 -0.0062347361)       (-0.70383971 -0.31466459 8.7889644)           (-0.0011387409 -0.00035362119 0.011376211)    (0.00022835459 -5.3383901e-05 -8.0643625e-06) (-0.00091038633 -0.00040700509 0.011368147)  
youweiduo                 (2.4649405 5.5165286 9.5081436)               (0.099702432 -0.012907633 0.030616607)        (2.5646429 5.503621 9.5387602)                (0.0031882943 0.0071353921 0.012298374)       (0.0001289608 -1.6695466e-05 3.9601261e-05)   (0.0033172551 0.0071186966 0.012337975)      
zhongyangyi               (1054.0368 -0.031276191 14042.75)             (2.134401 -0.2637397 -0.12150509)             (1056.1712 -0.29501589 14042.629)             (1.3633511 -4.0454405e-05 18.163692)          (0.0027607557 -0.00034113594 -0.00015716159)  (1.3661119 -0.00038159034 18.163535)         
zuofuyi                   (-0.8172347 0.32602256 8.3963528)             (0.17257718 -0.047726447 -0.0047257973)       (-0.64465751 0.27829611 8.391627)             (-0.0010570579 0.00042169613 0.010860321)     (0.00022322115 -6.1732103e-05 -6.1126151e-06) (-0.00083383672 0.00035996403 0.010854208)   
zuoweiduo                 (-0.94677897 0.014342763 0.044340363)         (0.15288322 -0.032287555 -0.02397502)         (-0.79389575 -0.017944791 0.020365343)        (-0.0012246178 1.8551746e-05 5.7352348e-05)   (0.00019774785 -4.1762561e-05 -3.1010655e-05) (-0.0010268699 -2.3210814e-05 2.6341694e-05) 
------------------------- --------------------------------------------- --------------------------------------------- --------------------------------------------- --------------------------------------------- --------------------------------------------- ---------------------------------------------
Net                       (16.618204 -17.187773 18.147391)              (11.726948 -1.5530076 -0.76494776)            (28.345152 -18.740781 17.382444)              (0.021494931 -0.022231644 0.023472869)        (0.015168302 -0.0020087484 -0.00098942696)    (0.036663233 -0.024240392 0.022483442)       

Forces - Direction Vector (0.98484328 -0.1391731 -0.1035112)
                          Forces [N]                                      Coefficients                                   
Zone                      Pressure        Viscous         Total           Pressure        Viscous         Total          
jidi                      1126.3844       0.00014572604   1126.3845       1.4569297       1.8849036e-07   1.4569299      
jishen                    10234.014       1.2632613       10235.278       13.237257       0.0016339741    13.238891      
jitou                     -11066.942      1.1855294       -11065.757      -14.314613      0.0015334312    -14.313079     
liangan                   239.39251       1.2237092       240.61622       0.3096439       0.0015828151    0.31122671     
waiyi                     -276.3487       3.6111809       -272.73752      -0.35744514     0.0046709069    -0.35277423    
weiyi                     -7.5885781      1.4817804       -6.1067977      -0.0098154987   0.0019166191    -0.0078988796  
xiaoyi                    187.20692       0.31587132      187.5228        0.24214409      0.00040856594   0.24255265     
youfuyi                   -1.7393946      0.18025945      -1.5591352      -0.002249832    0.00023315783   -0.0020166742  
youweiduo                 0.67562832      0.096818504     0.77244682      0.00087389611   0.00012523056   0.00099912668  
zhongyangyi               -415.51656      2.151333        -413.36523      -0.53745276     0.0027826566    -0.53467011    
zuofuyi                   -1.7193382      0.17709289      -1.5422453      -0.0022238899   0.00022906202   -0.0019948279  
zuoweiduo                 -0.93901475     0.15754125      -0.7814735      -0.0012145751   0.00020377282   -0.0010108023  
------------------------- --------------- --------------- --------------- --------------- --------------- ---------------
Net                       16.879944       11.844523       28.724468       0.02183348      0.015320381     0.037153861    
