                                    "Force Report"

Forces
                          Forces [N]                                                                                                                                Coefficients                                                                                                                             
Zone                      Pressure                                      Viscous                                       Total                                         Pressure                                      Viscous                                       Total                                        
jidi                      (1143.6452 5.5221332e-08 0.00043479668)       (1.1313733e-08 -0.00061750709 -0.0010049499)  (1143.6452 -0.00061745187 -0.00057015326)     (1.4792558 7.1426413e-11 5.6239076e-07)       (1.4633827e-11 -7.9871881e-07 -1.2998594e-06) (1.4792558 -7.9864738e-07 -7.3746867e-07)    
jishen                    (9077.6884 1.3253111 -12500.95)               (1.2114801 -0.050924273 -0.074300282)         (9078.8999 1.2743869 -12501.025)              (11.741599 0.0017142328 -16.169441)           (0.0015669973 -6.5868353e-05 -9.6104213e-05)  (11.743166 0.0016483645 -16.169537)          
jitou                     (-11241.518 -7.0294823 -8.4860017)            (1.1748741 -0.084923692 -0.068663147)         (-11240.343 -7.1144059 -8.5546649)            (-14.540418 -0.0090923324 -0.010976278)       (0.0015196491 -0.00010984514 -8.8812822e-05)  (-14.538899 -0.0092021775 -0.01106509)       
liangan                   (-81.146592 -0.4691515 -3080.4892)            (1.1356906 -0.047755008 -0.0518495)           (-80.010902 -0.51690651 -3080.541)            (-0.10495962 -0.00060682725 -3.98448)         (0.0014689669 -6.1769045e-05 -6.7065094e-05)  (-0.10349065 -0.00066859629 -3.984547)       
waiyi                     (-126.8879 -0.19160946 1504.0138)             (3.8878569 -0.2734676 -0.024465225)           (-123.00004 -0.46507705 1503.9894)            (-0.16412403 -0.00024783857 1.9453771)        (0.0050287754 -0.00035371855 -3.1644714e-05)  (-0.15909525 -0.00060155712 1.9453454)       
weiyi                     (46.565237 0.33364203 519.20064)              (1.5528131 -0.086890541 -0.089199055)         (48.11805 0.24675149 519.11144)               (0.060230127 0.00043155159 0.67156366)        (0.0020084968 -0.00011238917 -0.00011537513)  (0.062238624 0.00031916242 0.67144828)       
xiaoyi                    (150.97954 -0.30343674 -372.46319)            (0.30678314 -0.020149202 -0.023114373)        (151.28632 -0.32358594 -372.48631)            (0.19528553 -0.00039248235 -0.48176509)       (0.00039681078 -2.6062124e-05 -2.9897445e-05) (0.19568234 -0.00041854447 -0.48179499)      
youfuyi                   (-0.85342909 -0.35918479 10.613949)           (0.1874569 -0.023162056 0.00095060603)        (-0.66597219 -0.38234685 10.6149)             (-0.0011038737 -0.00046459005 0.013728686)    (0.00024246742 -2.9959121e-05 1.2295679e-06)  (-0.00086140632 -0.00049454917 0.013729915)  
youweiduo                 (2.5469872 5.7605036 9.9613727)               (0.1056833 0.00070305515 0.023053871)         (2.6526705 5.7612066 9.9844266)               (0.0032944182 0.0074509631 0.012884606)       (0.00013669679 9.0937154e-07 2.9819189e-05)   (0.003431115 0.0074518725 0.012914425)       
zhongyangyi               (1056.5961 -0.022913404 14094.667)            (2.326398 -0.13406615 -0.059451244)           (1058.9225 -0.15697955 14094.607)             (1.3666616 -2.9637501e-05 18.230844)          (0.0030090956 -0.00017340878 -7.6897622e-05)  (1.3696707 -0.00020304628 18.230767)         
zuofuyi                   (-0.83622291 0.38948699 10.415243)            (0.1871252 -0.023935202 0.00148852)           (-0.64909771 0.36555179 10.416732)            (-0.0010816183 0.00050378464 0.013471669)     (0.00024203839 -3.0959152e-05 1.9253364e-06)  (-0.00083957991 0.00047282549 0.013473594)   
zuoweiduo                 (-0.95643042 0.033613553 -0.00080293386)      (0.15426076 -0.017533585 -0.015753784)        (-0.80216966 0.016079968 -0.016556717)        (-0.0012371015 4.3477683e-05 -1.0385603e-06)  (0.00019952965 -2.2678937e-05 -2.037684e-05)  (-0.0010375719 2.0798746e-05 -2.1415401e-05) 
------------------------- --------------------------------------------- --------------------------------------------- --------------------------------------------- --------------------------------------------- --------------------------------------------- ---------------------------------------------
Net                       (25.823424 -0.53322082 186.4825)              (12.230422 -0.76272175 -0.38230856)           (38.053847 -1.2959426 186.10019)              (0.033401487 -0.00068969815 0.24120708)       (0.015819524 -0.00098654772 -0.00049449965)   (0.049221011 -0.0016762459 0.24071258)       

Forces - Direction Vector (0.99513403 -0.069756474 -0.06958655)
                          Forces [N]                                      Coefficients                                   
Zone                      Pressure        Viscous         Total           Pressure        Viscous         Total          
jidi                      1138.0802       0.00011301737   1138.0803       1.4720577       1.461831e-07    1.4720579      
jishen                    9903.3223       1.2143077       9904.5366       12.809521       0.0015706547    12.811091      
jitou                     -11185.736      1.1798592       -11184.556      -14.468267      0.0015260971    -14.466741     
liangan                   133.6416        1.1371036       134.77871       0.17285965      0.0014707946    0.17433045     
waiyi                     -230.91623      3.8897173       -227.02652      -0.2986802      0.0050311817    -0.29364902    
weiyi                     10.185997       1.5575254       11.743522       0.013175148     0.002014592     0.01518974     
xiaoyi                    176.18447       0.30830434      176.49278       0.22788702      0.00039877837   0.2282858      
youfuyi                   -1.562809       0.18809429      -1.3747147      -0.002021426    0.00024329186   -0.0017781342  
youweiduo                 1.4395837       0.10351577      1.5430995       0.0018620395    0.00013389318   0.0019959327   
zhongyangyi               70.657148       2.3285668       72.985715       0.091391976     0.0030119009    0.094403877    
zuofuyi                   -1.584084       0.18778071      -1.3963033      -0.0020489444   0.00024288626   -0.0018060581  
zuoweiduo                 -0.95406536     0.15582947      -0.79823589     -0.0012340424   0.0002015587    -0.0010324837  
------------------------- --------------- --------------- --------------- --------------- --------------- ---------------
Net                       12.75829        12.250718       25.009008       0.016502299     0.015845776     0.032348074    
