                                    "Force Report"

Forces
                          Forces [N]                                                                                                                                Coefficients                                                                                                                             
Zone                      Pressure                                      Viscous                                       Total                                         Pressure                                      Viscous                                       Total                                        
jidi                      (1145.254 -1.0000347e-08 0.00043549136)       (2.8978315e-08 0.0010758681 0.0046120583)     (1145.254 0.0010758581 0.0050475497)          (1.4813367 -1.2935017e-11 5.6328931e-07)      (3.7482202e-11 1.391589e-06 5.9654987e-06)    (1.4813367 1.3915761e-06 6.528788e-06)       
jishen                    (9086.404 0.58189138 -12497.998)              (1.1535564 -0.053960957 0.031877041)          (9087.5575 0.52793042 -12497.966)             (11.752872 0.00075265142 -16.165622)          (0.0014920755 -6.9796172e-05 4.1231579e-05)   (11.754364 0.00068285525 -16.16558)          
jitou                     (-11257.507 -6.6245128 22.155845)             (1.1390384 -0.084344912 0.24450604)           (-11256.368 -6.7088577 22.400351)             (-14.5611 -0.0085685219 0.028657631)          (0.0014732971 -0.00010909651 0.00031625802)   (-14.559626 -0.0086776184 0.028973889)       
liangan                   (-81.05099 0.31853664 -3068.8976)             (1.199747 -0.031890873 0.13149403)            (-79.851243 0.28664577 -3068.7661)            (-0.10483596 0.00041201342 -3.9694868)        (0.001551821 -4.124947e-05 0.00017008187)     (-0.10328414 0.00037076395 -3.9693167)       
waiyi                     (-193.29362 -0.078056515 1938.9561)           (3.8019322 -0.25356422 0.82019444)            (-189.49168 -0.33162074 1939.7763)            (-0.25001696 -0.00010096274 2.5079562)        (0.0049176355 -0.00032797439 0.0010608862)    (-0.24509933 -0.00042893713 2.509017)        
weiyi                     (42.77819 -1.3871462 599.98067)               (1.3407013 -0.06874842 0.11330207)            (44.118891 -1.4558946 600.09397)              (0.055331745 -0.0017942138 0.77604914)        (0.0017341394 -8.8923119e-05 0.00014655135)   (0.057065885 -0.0018831369 0.7761957)        
xiaoyi                    (153.44031 -0.51422085 -367.6811)             (0.3544497 -0.024431436 0.058280947)          (153.79476 -0.53865228 -367.62282)            (0.19846843 -0.00066512251 -0.47557966)       (0.00045846541 -3.1601009e-05 7.5383894e-05)  (0.19892689 -0.00069672352 -0.47550427)      
youfuyi                   (-0.13898509 -0.74446563 20.6409)             (0.15090449 -0.010896794 0.036902345)         (0.011919405 -0.75536243 20.677802)           (-0.00017977122 -0.00096293421 0.026698115)   (0.00019518846 -1.4094533e-05 4.7731593e-05)  (1.5417236e-05 -0.00097702875 0.026745846)   
youweiduo                 (2.7329782 6.3173087 10.792841)               (0.11118298 -0.006980175 0.025249123)         (2.8441612 6.3103285 10.81809)                (0.0035349895 0.0081711666 0.013960075)       (0.00014381039 -9.0285555e-06 3.2658653e-05)  (0.0036787999 0.008162138 0.013992733)       
zhongyangyi               (1026.6068 0.02017296 14351.076)              (2.165398 -0.073135582 0.38295537)            (1028.7722 -0.052962622 14351.459)            (1.3278716 2.6092855e-05 18.562499)           (0.0028008489 -9.4597724e-05 0.00049533626)   (1.3306725 -6.850487e-05 18.562994)          
zuofuyi                   (-0.000894071 0.66632066 19.446122)           (0.15285622 -0.034367957 0.035200571)         (0.15196215 0.6319527 19.481323)              (-1.1564423e-06 0.00086185706 0.025152721)    (0.00019771293 -4.4453472e-05 4.5530422e-05)  (0.00019655649 0.00081740359 0.025198252)    
zuoweiduo                 (-0.86722628 -1.1655607 2.046088)             (0.13783207 -0.0052174685 0.0057848095)       (-0.72939421 -1.1707781 2.0518728)            (-0.0011217198 -0.0015076025 0.0026465266)    (0.00017827984 -6.7485707e-06 7.4824017e-06)  (-0.00094343998 -0.0015143511 0.002654009)   
------------------------- --------------------------------------------- --------------------------------------------- --------------------------------------------- --------------------------------------------- --------------------------------------------- ---------------------------------------------
Net                       (-75.642071 -2.6097323 1030.5188)             (11.707599 -0.64646293 1.8903588)             (-63.934472 -3.2561952 1032.4091)             (-0.097839759 -0.0033755763 1.3329316)        (0.015143274 -0.00083617194 0.0024450977)     (-0.082696484 -0.0042117482 1.3353767)       

Forces - Direction Vector (0.98785583 -0.069756474 0.13883408)
                          Forces [N]                                      Coefficients                                   
Zone                      Pressure        Viscous         Total           Pressure        Viscous         Total          
jidi                      1131.3459       0.00056529074   1131.3465       1.4633472       7.3117922e-07   1.4633479      
jishen                    7240.8684       1.1477372       7242.0162       9.3657513       0.0014845486    9.3672358      
jitou                     -11117.255      1.1650351       -11116.09       -14.379691      0.0015069227    -14.378184     
liangan                   -506.15649      1.2056575       -504.95083      -0.65469161     0.001559466     -0.65313214    
waiyi                     78.252411       3.8873196       82.139731       0.10121612      0.0050280804    0.1062442      
weiyi                     125.65321       1.3449454       126.99816       0.16252702      0.0017396289    0.16426664     
xiaoyi                    100.5661        0.35994083      100.92605       0.13007792      0.00046556795   0.13054349     
youfuyi                   2.7802945       0.15495531      2.9352498       0.0035961911    0.00020042801   0.0037966191   
youweiduo                 3.7575294       0.11382511      3.8713545       0.0048602024    0.00014722787   0.0050074303   
zhongyangyi               3006.5566       2.1973699       3008.7539       3.8888514       0.0028422033    3.8916936      
zuofuyi                   2.6524211       0.15828433      2.8107055       0.0034307924    0.00020473396   0.0036355264   
zuoweiduo                 -0.49132239     0.13732529      -0.35399709     -0.00063550433  0.00017762435   -0.00045787999 
------------------------- --------------- --------------- --------------- --------------- --------------- ---------------
Net                       68.529715       11.872961       80.402676       0.088640234     0.015357163     0.1039974      
