                                    "Force Report"

Forces
                          Forces [N]                                                                                                                                Coefficients                                                                                                                             
Zone                      Pressure                                      Viscous                                       Total                                         Pressure                                      Viscous                                       Total                                        
jidi                      (1145.7817 8.5390388e-07 0.00043567363)       (3.0764099e-08 0.0023925311 0.0046203838)     (1145.7817 0.002393385 0.0050560574)          (1.4820192 1.1044879e-09 5.6352507e-07)       (3.9792036e-11 3.0946359e-06 5.9762673e-06)   (1.4820192 3.0957403e-06 6.5397924e-06)      
jishen                    (9090.8608 -0.44379904 -12495.05)             (1.2064413 -0.051497186 0.09716828)           (9092.0672 -0.49529623 -12494.953)            (11.758637 -0.00057403494 -16.161809)         (0.0015604798 -6.6609391e-05 0.00012568298)   (11.760197 -0.00064064433 -16.161683)        
jitou                     (-11262.383 -7.5366643 32.297128)             (1.1026117 -0.087192354 0.37800683)           (-11261.28 -7.6238567 32.675135)              (-14.567407 -0.0097483505 0.041774943)        (0.0014261807 -0.00011277955 0.00048893555)   (-14.565981 -0.0098611301 0.042263879)       
liangan                   (-81.334736 0.58954514 -3061.3275)            (1.3294756 -0.019824143 0.22449628)           (-80.00526 0.569721 -3061.103)                (-0.10520298 0.00076255123 -3.9596952)        (0.0017196194 -2.5641675e-05 0.00029037627)   (-0.10348336 0.00073690956 -3.9594049)       
waiyi                     (-250.05993 -0.075705029 2018.9042)           (2.6316912 -0.24101591 0.96274599)            (-247.42823 -0.31672094 2019.8669)            (-0.32344174 -9.7921192e-05 2.6113656)        (0.0034039792 -0.00031174369 0.0012452704)    (-0.32003776 -0.00040966488 2.6126108)       
weiyi                     (41.145272 -4.8772069 615.77406)              (1.0295712 -0.082146779 0.20466878)           (42.174844 -4.9593537 615.97872)              (0.053219637 -0.0063084569 0.79647721)        (0.001331706 -0.00010625332 0.00026473025)    (0.054551343 -0.0064147103 0.79674194)       
xiaoyi                    (154.18463 -0.38305686 -364.93899)            (0.35648747 -0.026473562 0.10304081)          (154.54112 -0.40953042 -364.83595)            (0.19943118 -0.00049546754 -0.47203286)       (0.00046110118 -3.4242411e-05 0.00013327884)  (0.19989228 -0.00052970996 -0.47189958)      
youfuyi                   (0.49096598 -0.87615657 27.329292)            (0.14818627 -0.0022944622 0.048078753)        (0.63915225 -0.87845104 27.377371)            (0.00063504334 -0.0011332708 0.035349262)     (0.00019167255 -2.967788e-06 6.2187796e-05)   (0.00082671589 -0.0011362386 0.03541145)     
youweiduo                 (2.3556561 6.2317972 10.585596)               (0.098188412 -0.024868048 0.038382905)        (2.4538445 6.2069292 10.623979)               (0.0030469396 0.0080605612 0.013692013)       (0.00012700248 -3.2165749e-05 4.9646634e-05)  (0.0031739421 0.0080283954 0.013741659)      
zhongyangyi               (1014.5916 -0.0029930256 14386.851)           (1.5596079 -0.059093018 0.41318331)           (1016.1512 -0.062086043 14387.264)            (1.3123305 -3.8713496e-06 18.608771)          (0.0020172857 -7.6434272e-05 0.0005344348)    (1.3143478 -8.0305621e-05 18.609306)         
zuofuyi                   (0.42417574 0.86016145 26.700823)             (0.1403524 -0.050570516 0.049912075)          (0.56452814 0.80959093 26.750735)             (0.00054865304 0.0011125818 0.034536364)      (0.00018153978 -6.5410783e-05 6.4559118e-05)  (0.00073019282 0.001047171 0.034600923)      
zuoweiduo                 (-1.1534121 -2.9767376 5.09665)               (0.12562691 -0.004579073 0.021601057)         (-1.0277852 -2.9813167 5.1182511)             (-0.0014918888 -0.0038502818 0.0065922972)    (0.000162493 -5.9228337e-06 2.7940036e-05)    (-0.0013293958 -0.0038562046 0.0066202372)   
------------------------- --------------------------------------------- --------------------------------------------- --------------------------------------------- --------------------------------------------- --------------------------------------------- ---------------------------------------------
Net                       (-145.09616 -9.4908146 1202.2221)             (9.7282404 -0.64716252 2.5459054)             (-135.36792 -10.137977 1204.768)              (-0.18767563 -0.01227596 1.5550225)           (0.01258306 -0.00083707683 0.003293019)       (-0.17509257 -0.013113037 1.5583155)         

Forces - Direction Vector (0.96793213 -0.069756474 0.24133259)
                          Forces [N]                                      Coefficients                                   
Zone                      Pressure        Viscous         Total           Pressure        Viscous         Total          
jidi                      1109.039        0.00094818441   1109.0399       1.4344941       1.2264357e-06   1.4344954      
jishen                    5783.9045       1.1947954       5785.0993       7.4812312       0.0015454164    7.4827766      
jitou                     -10892.902      1.1645609       -10891.738      -14.0895        0.0015063093    -14.087993     
liangan                   -817.56572      1.3424033       -816.22331      -1.057486       0.0017363408    -1.0557497     
waiyi                     245.19161       2.7964529       247.98807       0.31714478      0.0036170913    0.32076188     
weiyi                     188.77239       1.0516786       189.82407       0.24416896      0.0013603009    0.24552926     
xiaoyi                    61.19531        0.37176949      61.567079       0.079153496     0.00048086781   0.079634364    
youfuyi                   7.1317882       0.15519728      7.2869854       0.0092246607    0.00020074099   0.0094254016   
youweiduo                 4.4000563       0.10603747      4.5060938       0.0056912832    0.0001371549    0.0058284381   
zhongyangyi               4454.0719       1.6134314       4455.6853       5.76115         0.0020869039    5.7632369      
zuofuyi                   6.7943502       0.15142462      6.9457748       0.0087881992    0.00019586123   0.0089840604   
zuoweiduo                 0.32120984      0.12713078      0.44834062      0.00041547108   0.00016443819   0.00057990927  
------------------------- --------------- --------------- --------------- --------------- --------------- ---------------
Net                       150.35417       10.07583        160.43          0.19447664      0.013032652     0.20750929     
