                                    "Force Report"

Moments - Moment Center (0 0 0.05)
                          Moments [N m]                                                                                                                             Coefficients                                                                                                                             
Zone                      Pressure                                      Viscous                                       Total                                         Pressure                                      Viscous                                       Total                                        
jidi                      (-8.2851958e-09 -22.925037 0.0067620119)      (0.00011620045 -0.0033255206 0.0032543576)    (0.00011619216 -22.928362 0.01001637)         (-2.9384546e-11 -0.081306684 2.3982373e-05)   (4.1212031e-07 -1.17944e-05 1.1542011e-05)    (4.1209092e-07 -0.081318479 3.5524384e-05)   
jishen                    (0.035429503 -229.80677 2.6630783)            (-0.029119487 -0.064911639 0.0052506467)      (0.0063100162 -229.87168 2.6683289)           (0.00012565543 -0.81504021 0.0094449605)      (-0.00010327612 -0.00023021774 1.8622115e-05) (2.237931e-05 -0.81527043 0.0094635826)      
jitou                     (-1.2517023 550.61438 12.376882)              (-0.013960467 0.092087577 0.16112246)         (-1.2656627 550.70647 12.538005)              (-0.0044393282 1.952827 0.043896255)          (-4.9512649e-05 0.00032660081 0.00057144219)  (-0.0044888408 1.9531536 0.044467698)        
liangan                   (1.2699338 650.30123 -1.5152818)              (0.018232885 0.13148966 -0.0011742477)        (1.2881667 650.43272 -1.516456)               (0.0045039889 2.3063796 -0.0053741478)        (6.4665346e-05 0.00046634552 -4.1646254e-06)  (0.0045686542 2.306846 -0.0053783125)        
waiyi                     (13.010912 -45.177631 -1.4831744)             (0.094558424 0.57233366 -0.10296906)          (13.10547 -44.605298 -1.5861434)              (0.046144925 -0.16022846 -0.0052602747)       (0.000335364 0.0020298573 -0.00036519344)     (0.046480289 -0.15819861 -0.0056254681)      
weiyi                     (-6.877478 -747.98238 -25.865279)             (0.098494325 0.291401 -0.37352979)            (-6.7789837 -747.69098 -26.238808)            (-0.024391888 -2.6528188 -0.091734643)        (0.00034932319 0.0010334923 -0.001324773)     (-0.024042565 -2.6517853 -0.093059416)       
xiaoyi                    (14.774366 55.938263 -1.2028572)              (0.12047897 0.037948699 -0.032202027)         (14.894845 55.976212 -1.2350592)              (0.052399248 0.19839247 -0.0042660927)        (0.00042729467 0.0001345901 -0.00011420876)   (0.052826543 0.19852706 -0.0043803015)       
youfuyi                   (24.013982 -3.4507451 0.1063498)              (0.052028812 0.0099920665 -0.18021142)        (24.066011 -3.440753 -0.073861619)            (0.085168774 -0.012238525 0.00037718369)      (0.00018452708 3.543819e-05 -0.00063914373)   (0.085353301 -0.012203087 -0.00026196003)    
youweiduo                 (1.9260392 -12.331002 6.6968981)              (0.024883158 -0.025412289 -0.082946591)       (1.9509224 -12.356415 6.6139515)              (0.0068309537 -0.043733536 0.023751438)       (8.8251423e-05 -9.0128054e-05 -0.00029418109) (0.0069192051 -0.043823664 0.023457257)      
zhongyangyi               (7.6239743 -275.77516 1.4613489)              (0.027428259 0.32837219 -0.0096782496)        (7.6514026 -275.44678 1.4516707)              (0.027039437 -0.97807318 0.0051828679)        (9.7277961e-05 0.0011646156 -3.4325196e-05)   (0.027136715 -0.97690857 0.0051485427)       
zuofuyi                   (-22.614376 -3.2817634 -0.016413633)          (-0.034059581 0.011890531 0.16566138)         (-22.648436 -3.2698729 0.14924774)            (-0.080204887 -0.01163921 -5.8213126e-05)     (-0.00012079682 4.2171346e-05 0.00058754006)  (-0.080325684 -0.011597038 0.00052932693)    
zuoweiduo                 (-0.42715545 -3.6098364 -2.2293629)           (0.013554342 0.049914802 0.00057502342)       (-0.41360111 -3.5599216 -2.2287878)           (-0.0015149635 -0.012802764 -0.0079067312)    (4.8072272e-05 0.00017702947 2.0393969e-06)   (-0.0014668912 -0.012625734 -0.0079046918)   
------------------------- --------------------------------------------- --------------------------------------------- --------------------------------------------- --------------------------------------------- --------------------------------------------- ---------------------------------------------
Net                       (31.483924 -87.486443 -9.001049)              (0.37263584 1.4317807 -0.44684752)            (31.85656 -86.054662 -9.4478965)              (0.11166191 -0.31028228 -0.031923415)         (0.0013216025 0.0050780004 -0.001584804)      (0.11298352 -0.30520428 -0.033508219)        

Moments - Moment Center (0 0 0.05) Moment Axis (0 1 0)
                          Moments [N m]                                   Coefficients                                   
Zone                      Pressure        Viscous         Total           Pressure        Viscous         Total          
jidi                      -22.925037      -0.0033255206   -22.928362      -0.081306684    -1.17944e-05    -0.081318479   
jishen                    -229.80677      -0.064911639    -229.87168      -0.81504021     -0.00023021774  -0.81527043    
jitou                     550.61438       0.092087577     550.70647       1.952827        0.00032660081   1.9531536      
liangan                   650.30123       0.13148966      650.43272       2.3063796       0.00046634552   2.306846       
waiyi                     -45.177631      0.57233366      -44.605298      -0.16022846     0.0020298573    -0.15819861    
weiyi                     -747.98238      0.291401        -747.69098      -2.6528188      0.0010334923    -2.6517853     
xiaoyi                    55.938263       0.037948699     55.976212       0.19839247      0.0001345901    0.19852706     
youfuyi                   -3.4507451      0.0099920665    -3.440753       -0.012238525    3.543819e-05    -0.012203087   
youweiduo                 -12.331002      -0.025412289    -12.356415      -0.043733536    -9.0128054e-05  -0.043823664   
zhongyangyi               -275.77516      0.32837219      -275.44678      -0.97807318     0.0011646156    -0.97690857    
zuofuyi                   -3.2817634      0.011890531     -3.2698729      -0.01163921     4.2171346e-05   -0.011597038   
zuoweiduo                 -3.6098364      0.049914802     -3.5599216      -0.012802764    0.00017702947   -0.012625734   
------------------------- --------------- --------------- --------------- --------------- --------------- ---------------
Net                       -87.486443      1.4317807       -86.054662      -0.31028228     0.0050780004    -0.30520428    
