                                    "Force Report"

Moments - Moment Center (0 0 0.05)
                          Moments [N m]                                                                                                                             Coefficients                                                                                                                             
Zone                      Pressure                                      Viscous                                       Total                                         Pressure                                      Viscous                                       Total                                        
jidi                      (-6.5181428e-10 -22.899232 0.0043297527)      (-6.3034503e-05 -0.00040367286 -0.0022865707) (-6.3035155e-05 -22.899636 0.002043182)       (-2.3117459e-12 -0.081215167 1.5356042e-05)   (-2.2356023e-07 -1.4316794e-06 -8.1096264e-06) (-2.2356254e-07 -0.081216598 7.246416e-06)   
jishen                    (0.34755019 -231.12221 3.2421324)             (-0.038051722 -0.079565713 -0.000758314)      (0.30949847 -231.20177 3.2413741)             (0.0012326329 -0.81970558 0.011498653)        (-0.00013495548 -0.00028219036 -2.6894612e-06) (0.0010976774 -0.81998777 0.011495963)       
jitou                     (-1.2897166 538.65927 12.661168)              (-0.014253409 -0.037707155 0.16128753)        (-1.30397 538.62157 12.822456)                (-0.0045741512 1.9104266 0.044904513)         (-5.0551605e-05 -0.00013373343 0.00057202763) (-0.0046247028 1.9102929 0.045476541)        
liangan                   (1.1484796 647.02143 -0.38169415)             (0.022570719 0.13251912 -0.0044418006)        (1.1710503 647.15394 -0.38613595)             (0.0040732354 2.2947473 -0.001353729)         (8.0050052e-05 0.00046999665 -1.5753435e-05)  (0.0041532854 2.2952173 -0.0013694824)       
waiyi                     (10.904953 -47.426216 -0.19051515)            (0.095361338 0.61905964 -0.075080589)         (11.000314 -46.807157 -0.26559574)            (0.038675863 -0.16820337 -0.00067568726)      (0.00033821164 0.0021955772 -0.00026628327)   (0.039014075 -0.16600779 -0.00094197053)     
weiyi                     (-6.6003996 -691.8432 -22.118571)             (0.10164095 0.44076444 -0.35478344)           (-6.4987586 -691.40244 -22.473354)            (-0.023409193 -2.4537137 -0.078446446)        (0.0003604831 0.0015632296 -0.0012582865)     (-0.02304871 -2.4521505 -0.079704732)        
xiaoyi                    (5.6157099 56.00706 -0.97071976)              (0.06294475 0.040825322 -0.042199293)         (5.6786546 56.047885 -1.0129191)              (0.01991686 0.19863647 -0.0034427864)         (0.00022324191 0.00014479242 -0.00014966539)  (0.020140102 0.19878126 -0.0035924518)       
youfuyi                   (16.249998 -2.3538745 0.966029)               (0.022227683 0.018916281 -0.2281023)          (16.272225 -2.3349582 0.7379267)              (0.057632773 -0.0083483281 0.00342615)        (7.8833428e-05 6.7089102e-05 -0.00080899509)  (0.057711606 -0.008281239 0.002617155)       
youweiduo                 (2.2826953 -13.582864 7.3958217)              (0.024970303 -0.03404954 -0.072805711)        (2.3076656 -13.616914 7.3230159)              (0.0080958819 -0.04817343 0.026230263)        (8.8560492e-05 -0.00012076121 -0.00025821511) (0.0081844424 -0.048294192 0.025972048)      
zhongyangyi               (10.100261 -282.63098 0.34269581)             (0.055108601 0.33736076 -0.029865674)         (10.15537 -282.29362 0.31283014)              (0.035821916 -1.0023883 0.0012154162)         (0.00019544997 0.0011964947 -0.00010592258)   (0.036017366 -1.0011918 0.0011094936)        
zuofuyi                   (-15.612505 -2.2811187 -0.92857323)           (-0.0079801639 0.020115354 0.21486374)        (-15.620485 -2.2610034 -0.71370949)           (-0.05537182 -0.0080902903 -0.0032933082)     (-2.830271e-05 7.1341772e-05 0.00076204277)   (-0.055400123 -0.0080189486 -0.0025312654)   
zuoweiduo                 (-0.2291735 -2.0423843 -1.3037289)            (0.019703262 0.071560344 -0.0032574701)       (-0.20947024 -1.970824 -1.3069863)            (-0.00081279425 -0.007243587 -0.0046238474)   (6.9880233e-05 0.00025379826 -1.155305e-05)   (-0.00074291401 -0.0069897887 -0.0046354005) 
------------------------- --------------------------------------------- --------------------------------------------- --------------------------------------------- --------------------------------------------- --------------------------------------------- ---------------------------------------------
Net                       (22.917852 -54.494326 -1.2816249)             (0.34417927 1.5293952 -0.43742989)            (23.262031 -52.964931 -1.7190548)             (0.081281204 -0.19327136 -0.0045454528)       (0.0012206775 0.0054242029 -0.0015514032)     (0.082501881 -0.18784716 -0.0060968559)      

Moments - Moment Center (0 0 0.05) Moment Axis (0 1 0)
                          Moments [N m]                                   Coefficients                                   
Zone                      Pressure        Viscous         Total           Pressure        Viscous         Total          
jidi                      -22.899232      -0.00040367286  -22.899636      -0.081215167    -1.4316794e-06  -0.081216598   
jishen                    -231.12221      -0.079565713    -231.20177      -0.81970558     -0.00028219036  -0.81998777    
jitou                     538.65927       -0.037707155    538.62157       1.9104266       -0.00013373343  1.9102929      
liangan                   647.02143       0.13251912      647.15394       2.2947473       0.00046999665   2.2952173      
waiyi                     -47.426216      0.61905964      -46.807157      -0.16820337     0.0021955772    -0.16600779    
weiyi                     -691.8432       0.44076444      -691.40244      -2.4537137      0.0015632296    -2.4521505     
xiaoyi                    56.00706        0.040825322     56.047885       0.19863647      0.00014479242   0.19878126     
youfuyi                   -2.3538745      0.018916281     -2.3349582      -0.0083483281   6.7089102e-05   -0.008281239   
youweiduo                 -13.582864      -0.03404954     -13.616914      -0.04817343     -0.00012076121  -0.048294192   
zhongyangyi               -282.63098      0.33736076      -282.29362      -1.0023883      0.0011964947    -1.0011918     
zuofuyi                   -2.2811187      0.020115354     -2.2610034      -0.0080902903   7.1341772e-05   -0.0080189486  
zuoweiduo                 -2.0423843      0.071560344     -1.970824       -0.007243587    0.00025379826   -0.0069897887  
------------------------- --------------- --------------- --------------- --------------- --------------- ---------------
Net                       -54.494326      1.5293952       -52.964931      -0.19327136     0.0054242029    -0.18784716    
