                                    "Force Report"

Forces
                          Forces [N]                                                                                                                                Coefficients                                                                                                                             
Zone                      Pressure                                      Viscous                                       Total                                         Pressure                                      Viscous                                       Total                                        
jidi                      (1144.4734 9.1605588e-07 0.000435507)         (-2.3067956e-09 -0.0036707945 -0.0022064542)  (1144.4734 -0.0036698784 -0.0017709472)       (1.480327 1.1848788e-09 5.6330953e-07)        (-2.9837407e-12 -4.7480145e-06 -2.8539535e-06) (1.480327 -4.7468296e-06 -2.2906439e-06)     
jishen                    (9080.7824 1.0292262 -12513.516)              (1.2942544 -0.15865124 -0.13014825)           (9082.0766 0.87057495 -12513.646)             (11.745601 0.0013312597 -16.185694)           (0.0016740622 -0.00020520854 -0.00016834116)  (11.747275 0.0011260512 -16.185862)          
jitou                     (-11244.142 -20.521578 -13.162688)            (1.1452327 -0.25387078 -0.11554728)           (-11242.996 -20.775449 -13.278235)            (-14.543813 -0.026543777 -0.01702537)         (0.0014813091 -0.00032837091 -0.00014945543)  (-14.542331 -0.026872148 -0.017174825)       
liangan                   (-81.206118 -1.2251741 -3087.2111)            (1.295908 -0.16465274 -0.14823535)            (-79.91021 -1.3898269 -3087.3593)             (-0.10503661 -0.00158471 -3.9931745)          (0.0016762012 -0.00021297123 -0.00019173604)  (-0.10336041 -0.0017976812 -3.9933662)       
waiyi                     (-128.78341 -2.1723328 1465.5718)             (3.5530392 -0.83409951 -0.099285566)          (-125.23037 -3.0064323 1465.4726)             (-0.16657579 -0.0028098189 1.895654)          (0.0045957031 -0.0010788718 -0.0001284216)    (-0.16198008 -0.0038886906 1.8955256)        
weiyi                     (38.686782 -29.110969 478.99838)              (1.3825375 -0.26236187 -0.13254937)           (40.06932 -29.373331 478.86583)               (0.050039686 -0.037653784 0.61956376)         (0.0017882526 -0.00033935377 -0.0001714469)   (0.051827938 -0.037993137 0.61939231)        
xiaoyi                    (150.7941 -1.2158545 -373.72776)              (0.31449627 -0.062970238 -0.038945855)        (151.10859 -1.2788247 -373.7667)              (0.19504566 -0.0015726554 -0.48340075)        (0.00040678738 -8.1449289e-05 -5.0374785e-05) (0.19545245 -0.0016541047 -0.48345112)       
youfuyi                   (9.7966263 -1.2074645 27.625857)              (0.1239603 -0.089352975 0.023602824)          (9.9205866 -1.2968175 27.649459)              (0.012671514 -0.0015618033 0.035732855)       (0.0001603373 -0.00011557422 3.0529236e-05)   (0.012831851 -0.0016773776 0.035763384)      
youweiduo                 (-1.1110873 -1.2617858 -2.1797507)            (0.14475936 -0.032913999 -0.0013654808)       (-0.96632789 -1.2946998 -2.1811162)           (-0.0014371435 -0.0016320656 -0.0028194136)   (0.00018723999 -4.257284e-05 -1.7661905e-06)  (-0.0012499035 -0.0016746384 -0.0028211798)  
zhongyangyi               (1055.8618 -0.040147177 14057.14)             (2.1028135 -0.3751104 -0.097838039)           (1057.9646 -0.41525758 14057.042)             (1.3657117 -5.1928644e-05 18.182305)          (0.0027198987 -0.00048518914 -0.00012654929)  (1.3684316 -0.00053711779 18.182178)         
zuofuyi                   (-0.80166917 0.310342 8.0607246)              (0.17127506 -0.07017789 -0.0041694048)        (-0.63039412 0.24016411 8.0565552)            (-0.0010369245 0.00040141401 0.0104262)       (0.0002215369 -9.0772076e-05 -5.3929454e-06)  (-0.00081538762 0.00031064193 0.010420807)   
zuoweiduo                 (-0.95911802 0.097022404 -0.049722123)        (0.15244763 -0.041919918 -0.029943204)        (-0.8066704 0.055102486 -0.079665327)         (-0.0012405778 0.0001254943 -6.4313423e-05)   (0.00019718443 -5.4221607e-05 -3.8730244e-05) (-0.0010433934 7.1272691e-05 -0.00010304367) 
------------------------- --------------------------------------------- --------------------------------------------- --------------------------------------------- --------------------------------------------- --------------------------------------------- ---------------------------------------------
Net                       (23.392077 -55.318714 47.549796)              (11.680724 -2.3497523 -0.77663144)            (35.072801 -57.668467 46.773165)              (0.030256643 -0.071552373 0.061503612)        (0.015108513 -0.0030393034 -0.0010045393)     (0.045365156 -0.074591676 0.060499073)       

Forces - Direction Vector (0.97278921 -0.20791169 -0.10224427)
                          Forces [N]                                      Coefficients                                   
Zone                      Pressure        Viscous         Total           Pressure        Viscous         Total          
jidi                      1113.3313       0.00098879614   1113.3323       1.440046        1.2789652e-06   1.4400473      
jishen                    10112.908       1.305329        10114.214       13.080611       0.0016883869    13.0823        
jitou                     -10932.567      1.1786667       -10931.388      -14.140804      0.0015245546    -14.13928      
liangan                   236.90792       1.3100348       238.21796       0.30643019      0.0016944735    0.30812466     
waiyi                     -274.67377      3.6399286       -271.03384      -0.35527869     0.0047080908    -0.3505706     
weiyi                     -5.2882428      1.413018        -3.8752247      -0.0068401141   0.0018276779    -0.0050124362  
xiaoyi                    185.15518       0.32301282      185.47819       0.23949024      0.00041780316   0.23990805     
youfuyi                   6.9565129       0.13675151      7.0932644       0.0089979497    0.00017688219   0.0091748318   
youweiduo                 -0.59564666     0.14780316      -0.4478435      -0.00077044328  0.00019117702   -0.00057926626 
zhongyangyi               -410.12267      2.1335875       -407.98908      -0.530476       0.0027597035    -0.5277163     
zuofuyi                   -1.6685417      0.18163163      -1.4869101      -0.0021581868   0.00023493268   -0.0019232541  
zuoweiduo                 -0.94810795     0.16007657      -0.78803138     -0.0012263368   0.00020705214   -0.0010192846  
------------------------- --------------- --------------- --------------- --------------- --------------- ---------------
Net                       29.395273       11.930829       41.326102       0.038021519     0.015432013     0.053453533    
