                                    "Force Report"

Forces
                          Forces [N]                                                                                                                                Coefficients                                                                                                                             
Zone                      Pressure                                      Viscous                                       Total                                         Pressure                                      Viscous                                       Total                                        
jidi                      (1146.3788 4.1073057e-07 0.00043618644)       (2.8488468e-08 0.0054268458 0.0064935194)     (1146.3788 0.0054272566 0.0069297059)         (1.4827916 5.312623e-10 5.6418836e-07)        (3.6848606e-11 7.0193912e-06 8.3990876e-06)   (1.4827916 7.0199225e-06 8.9632759e-06)      
jishen                    (9093.0394 -2.8727466 -12503.916)             (1.2037797 -0.1707813 0.0045034006)           (9094.2432 -3.0435279 -12503.911)             (11.761455 -0.0037157739 -16.173276)          (0.0015570371 -0.00022089826 5.8249546e-06)   (11.763012 -0.0039366722 -16.17327)          
jitou                     (-11263.847 -20.171214 24.744618)             (1.0957171 -0.25606 0.28603239)               (-11262.752 -20.427274 25.03065)              (-14.569301 -0.026090596 0.032006097)         (0.0014172629 -0.00033120257 0.00036997057)   (-14.567884 -0.026421798 0.032376067)        
liangan                   (-81.153693 -2.7198092 -3065.9977)            (1.2249466 -0.18515004 0.18201223)            (-79.928747 -2.9049592 -3065.8157)            (-0.10496881 -0.003517956 -3.9657359)         (0.0015844156 -0.00023948359 0.00023542498)   (-0.10338439 -0.0037574396 -3.9655005)       
waiyi                     (-216.15407 -0.501869 1999.5432)              (3.2639585 -0.74852413 0.92528205)            (-212.89011 -1.2503931 2000.4685)             (-0.27958597 -0.00064914592 2.586323)         (0.0042217897 -0.0009681837 0.0011968125)     (-0.27536418 -0.0016173296 2.5875198)        
weiyi                     (39.294414 -26.734235 582.33291)              (1.3363947 -0.27326332 0.10185798)            (40.630808 -27.007498 582.43477)              (0.050825631 -0.03457958 0.75322253)          (0.001728569 -0.00035345433 0.00013174891)    (0.0525542 -0.034933035 0.75335428)          
xiaoyi                    (153.22836 -1.7501305 -367.34613)             (0.34572174 -0.069915501 0.063022178)         (153.57408 -1.820046 -367.28311)              (0.19819428 -0.0022637183 -0.47514639)        (0.00044717617 -9.0432688e-05 8.1516471e-05)  (0.19864145 -0.002354151 -0.47506487)        
youfuyi                   (8.3527719 -1.4089651 32.579721)              (0.11938168 -0.064425511 0.019876393)         (8.4721536 -1.4733906 32.599597)              (0.010803951 -0.0018224357 0.042140465)       (0.00015441506 -8.3331623e-05 2.5709258e-05)  (0.010958366 -0.0019057673 0.042166174)      
youweiduo                 (-0.81508115 0.31357409 0.60003332)           (0.14146137 -0.042860421 0.022724006)         (-0.67361978 0.27071367 0.62275733)           (-0.0010542723 0.00040559458 0.00077611724)   (0.00018297418 -5.5438107e-05 2.9392522e-05)  (-0.00087129816 0.00035015647 0.00080550976) 
zhongyangyi               (1027.2648 0.0024747424 14380.059)            (1.9565568 -0.22510543 0.36979642)            (1029.2214 -0.22263069 14380.429)             (1.3287228 3.2009726e-06 18.599986)           (0.0025307219 -0.00029116417 0.00047831573)   (1.3312535 -0.0002879632 18.600465)          
zuofuyi                   (0.12173696 0.87381238 21.892991)             (0.14570188 -0.088141509 0.042219683)         (0.26743885 0.78567087 21.935211)             (0.00015746152 0.0011302387 0.02831764)       (0.0001884591 -0.00011400724 5.4609341e-05)   (0.00034592062 0.0010162314 0.02837225)      
zuoweiduo                 (-0.85763002 -1.4658587 2.5348081)            (0.1364592 -0.03381924 -0.0059300545)         (-0.72117083 -1.499678 2.528878)              (-0.0011093075 -0.0018960251 0.003278665)     (0.00017650409 -4.3743729e-05 -7.67027e-06)   (-0.00093280339 -0.0019397688 0.0032709947)  
------------------------- --------------------------------------------- --------------------------------------------- --------------------------------------------- --------------------------------------------- --------------------------------------------- ---------------------------------------------
Net                       (-95.147545 -56.434966 1107.028)              (10.970079 -2.1526195 2.0178902)              (-84.177466 -58.587586 1109.0459)             (-0.12306925 -0.072996197 1.431893)           (0.014189325 -0.0027843206 0.002610054)       (-0.10887992 -0.075780517 1.434503)          

Forces - Direction Vector (0.96328734 -0.20791169 0.16985355)
                          Forces [N]                                      Coefficients                                   
Zone                      Pressure        Viscous         Total           Pressure        Viscous         Total          
jidi                      1104.2923       -2.5329937e-05  1104.2923       1.4283545       -3.2763182e-08  1.4283544      
jishen                    6635.9726       1.1958581       6637.1685       8.5833446       0.0015467909    8.5848914      
jitou                     -10841.925      1.1573119       -10840.768      -14.023563      0.0014969331    -14.022066     
liangan                   -598.37943      1.2493858       -597.13004      -0.77397801     0.0016160267    -0.77236198    
waiyi                     131.51538       3.4569193       134.9723        0.17010948      0.0044713761    0.17458086     
weiyi                     142.32148       1.3614477       143.68293       0.1840867       0.0017609739    0.18584768     
xiaoyi                    85.571764       0.35827017      85.930034       0.11068339      0.00046340702   0.1111468      
youfuyi                   13.872841       0.13176976      14.004611       0.017943922     0.0001704385    0.01811436     
youweiduo                 -0.74843529     0.14903888      -0.59939641     -0.00096806879  0.00019277537   -0.00077529342 
zhongyangyi               3432.0547       1.9943397       3434.049        4.4392149       0.0025795924    4.4417945      
zuofuyi                   3.6541941       0.16584959      3.8200436       0.0047265425    0.0002145193    0.0049410618   
zuoweiduo                 -0.090828835    0.13747359      0.046644757     -0.00011748318  0.00017781617   6.0332984e-05  
------------------------- --------------- --------------- --------------- --------------- --------------- ---------------
Net                       108.11169       11.357639       119.46933       0.13983782      0.014690617     0.15452843     
