                                    "Force Report"

Forces
                          Forces [N]                                                                                                                                Coefficients                                                                                                                             
Zone                      Pressure                                      Viscous                                       Total                                         Pressure                                      Viscous                                       Total                                        
jidi                      (1145.8377 -2.9548283e-07 0.00043596644)      (5.3932982e-09 -8.5483951e-05 0.0003788656)   (1145.8377 -8.5779434e-05 0.00081483204)      (1.4820916 -3.8219431e-10 5.6390381e-07)      (6.9759988e-12 -1.1056981e-07 4.9004632e-07)  (1.4820916 -1.10952e-07 1.0539501e-06)       
jishen                    (9089.4058 0.01539486 -12506.59)              (1.1961957 -0.17687268 -0.031641333)          (9090.6019 -0.16147782 -12506.621)            (11.756755 1.9912587e-05 -16.176735)          (0.0015472276 -0.00022877719 -4.09267e-05)    (11.758302 -0.0002088646 -16.176776)         
jitou                     (-11259.963 -19.854397 17.439738)             (1.1183912 -0.25466532 0.19556916)            (-11258.844 -20.109062 17.635307)             (-14.564277 -0.025680807 0.02255755)          (0.0014465909 -0.00032939862 0.00025296028)   (-14.56283 -0.026010206 0.02281051)          
liangan                   (-81.077714 -2.4168532 -3073.0935)            (1.2070926 -0.19179786 0.067953595)           (-79.870622 -2.6086511 -3073.0256)            (-0.10487053 -0.0031260955 -3.974914)         (0.0015613222 -0.00024808226 8.7895047e-05)   (-0.10330921 -0.0033741777 -3.9748261)       
waiyi                     (-177.53413 -0.76849715 1918.9962)            (3.9826839 -0.78085721 0.7345392)             (-173.55145 -1.5493544 1919.7307)             (-0.22963275 -0.00099401794 2.4821388)        (0.00515143 -0.0010100052 0.00095009481)      (-0.22448132 -0.0020040231 2.4830889)        
weiyi                     (42.07649 -27.923515 559.2026)                (1.3612817 -0.26417169 0.033201324)           (43.437772 -28.187686 559.2358)               (0.054424127 -0.036117863 0.72330447)         (0.0017607592 -0.0003416947 4.2944481e-05)    (0.056184886 -0.036459558 0.72334741)        
xiaoyi                    (152.66139 -1.6385688 -369.29306)             (0.33941732 -0.066752407 0.033727713)         (153.00081 -1.7053212 -369.25934)             (0.19746093 -0.0021194181 -0.47766466)        (0.00043902168 -8.6341361e-05 4.3625343e-05)  (0.19789995 -0.0022057594 -0.47762104)       
youfuyi                   (9.0191301 -1.3376573 31.797296)              (0.13877583 -0.063674367 0.018024704)         (9.1579059 -1.4013317 31.815321)              (0.011665856 -0.0017302021 0.041128432)       (0.00017950056 -8.236005e-05 2.3314178e-05)   (0.011845357 -0.0018125622 0.041151746)      
youweiduo                 (-0.90968018 -0.023235072 0.0033284863)       (0.15419416 -0.045090161 0.019437367)         (-0.75548602 -0.068325233 0.022765854)        (-0.0011766321 -3.0053564e-05 4.3052537e-06)  (0.0001994435 -5.832218e-05 2.5141397e-05)    (-0.00097718861 -8.8375745e-05 2.9446651e-05)
zhongyangyi               (1034.5095 -0.021517931 14335.219)            (2.3231019 -0.26863062 0.30791048)            (1036.8326 -0.29014856 14335.527)             (1.3380934 -2.7832517e-05 18.541988)          (0.0030048322 -0.00034746214 0.00039826893)   (1.3410982 -0.00037529465 18.542386)         
zuofuyi                   (-0.33790474 0.68262229 17.113615)            (0.15951312 -0.069157692 0.029784171)         (-0.17839161 0.61346459 17.143399)            (-0.00043706521 0.00088294251 0.022135723)    (0.00020632335 -8.9452494e-05 3.8524541e-05)  (-0.00023074187 0.00079349002 0.022174248)   
zuoweiduo                 (-0.884472 -0.988639 1.7515009)               (0.13931903 -0.033260137 -0.011084184)        (-0.74515297 -1.0218991 1.7404167)            (-0.0011440264 -0.0012787619 0.0022654909)    (0.00018020316 -4.3020554e-05 -1.4336914e-05) (-0.00096382325 -0.0013217825 0.002251154)   
------------------------- --------------------------------------------- --------------------------------------------- --------------------------------------------- --------------------------------------------- --------------------------------------------- ---------------------------------------------
Net                       (-47.196829 -54.274863 932.54739)             (12.119966 -2.2150156 1.3978011)              (-35.076862 -56.489879 933.94519)             (-0.061047064 -0.070202197 1.2062099)         (0.015676654 -0.0028650273 0.0018079954)      (-0.04537041 -0.073067224 1.2080179)         

Forces - Direction Vector (0.97278921 -0.20791169 0.10224427)
                          Forces [N]                                      Coefficients                                   
Zone                      Pressure        Viscous         Total           Pressure        Viscous         Total          
jidi                      1114.6585       5.6515194e-05   1114.6586       1.4417628       7.3099969e-08   1.4417629      
jishen                    7563.3455       1.197185        7564.5427       9.7828615       0.0015485072    9.78441        
jitou                     -10947.659      1.1609026       -10946.498      -14.160325      0.0015015775    -14.158824     
liangan                   -392.57522      1.2210715       -391.35415      -0.50777914     0.0015794034    -0.50619973    
waiyi                     23.662849       4.1117637       27.774612       0.030606875     0.0053183891    0.035925264    
weiyi                     103.91244       1.3825591       105.295         0.13440626      0.0017882807    0.13619454     
xiaoyi                    111.08993       0.34750858      111.43744       0.14369004      0.00044948737   0.14413953     
youfuyi                   12.302918       0.1500812       12.452999       0.015913295     0.00019412357   0.016107418    
youweiduo                 -0.8797559      0.16136054      -0.71839535     -0.0011379263   0.00020871291   -0.00092921343 
zhongyangyi               2472.058        2.347222        2474.4053       3.1975006       0.0030360305    3.2005366      
zuofuyi                   1.2791337       0.1725966       1.4517303       0.0016545044    0.00022324626   0.0018777506   
zuoweiduo                 -0.47577428     0.14130993      -0.33446436     -0.00061539353  0.0001827783    -0.00043261523 
------------------------- --------------- --------------- --------------- --------------- --------------- ---------------
Net                       60.719437       12.393617       73.113054       0.078537975     0.01603061      0.094568585    
