                                    "Force Report"

Forces
                          Forces [N]                                                                                                                                Coefficients                                                                                                                             
Zone                      Pressure                                      Viscous                                       Total                                         Pressure                                      Viscous                                       Total                                        
jidi                      (1145.4401 -1.0931475e-07 0.00043527583)      (3.7603631e-08 0.00036044491 0.0043269466)    (1145.4401 0.00036033559 0.0047622224)        (1.4815775 -1.4139391e-10 5.6301052e-07)      (4.8638676e-11 4.6621996e-07 5.596719e-06)    (1.4815775 4.6607856e-07 6.1597295e-06)      
jishen                    (9088.2817 -1.074249 -12493.815)              (1.1650214 -0.0090757582 0.087562266)         (9089.4468 -1.0833247 -12493.727)             (11.755301 -0.0013894948 -16.160211)          (0.001506905 -1.1739102e-05 0.00011325802)    (11.756808 -0.0014012339 -16.160098)         
jitou                     (-11261.194 -0.24352837 30.672195)            (1.1233098 -0.0020478277 0.34320667)          (-11260.071 -0.24557619 31.015402)            (-14.565869 -0.00031499345 0.039673163)       (0.0014529529 -2.6487769e-06 0.00044392304)   (-14.564417 -0.00031764222 0.040117086)      
liangan                   (-81.381664 -0.48662542 -3063.8343)           (1.281105 -0.031546995 0.19101934)            (-80.100559 -0.51817241 -3063.6433)           (-0.10526368 -0.00062942901 -3.9629377)       (0.0016570542 -4.0804678e-05 0.00024707529)   (-0.10360662 -0.00067023369 -3.9626906)      
waiyi                     (-238.42892 -0.022821513 2042.0518)           (2.9305075 0.024643522 0.99857761)            (-235.49841 0.0018220097 2043.0504)           (-0.30839753 -2.9518643e-05 2.641306)         (0.0037904852 3.1875334e-05 0.0012916171)     (-0.30460705 2.3566911e-06 2.6425976)        
weiyi                     (38.181248 2.0109028 608.89451)               (1.2536484 0.0061114544 0.18705032)           (39.434897 2.0170142 609.08156)               (0.0493858 0.0026010161 0.78757881)           (0.0016215401 7.904903e-06 0.00024194153)     (0.05100734 0.002608921 0.78782075)          
xiaoyi                    (154.34169 0.25052239 -365.4484)              (0.37236535 0.0011057162 0.097031731)         (154.71406 0.25162811 -365.35137)             (0.19963432 0.00032403991 -0.47269175)        (0.00048163853 1.4301963e-06 0.00012550636)   (0.20011596 0.00032547011 -0.47256625)       
youfuyi                   (9.5233578 -1.6084286 35.774265)              (0.12051015 0.004080668 0.025261506)          (9.6438679 -1.6043479 35.799527)              (0.012318053 -0.0020804331 0.04627247)        (0.00015587468 5.2781682e-06 3.2674669e-05)   (0.012473928 -0.0020751549 0.046305145)      
youweiduo                 (-0.84034591 1.2931392 2.2390563)             (0.13681818 -0.014116427 0.018934298)         (-0.70352773 1.2790228 2.2579906)             (-0.0010869512 0.0016726198 0.0028961228)     (0.00017696841 -1.8258989e-05 2.4490699e-05)  (-0.00090998281 0.0016543608 0.0029206135)   
zhongyangyi               (1013.2272 -0.06058987 14388.059)             (1.7123359 0.018606886 0.44094284)            (1014.9395 -0.041982985 14388.5)              (1.3105657 -7.8370386e-05 18.610335)          (0.0022148327 2.4067205e-05 0.00057034056)    (1.3127805 -5.4303182e-05 18.610905)         
zuofuyi                   (0.31430168 1.0385603 26.163747)              (0.13252123 -0.010483944 0.051055558)         (0.44682292 1.0280763 26.214803)              (0.00040653568 0.001343333 0.033841679)       (0.00017141051 -1.356053e-05 6.6038164e-05)   (0.00057794619 0.0013297724 0.033907718)     
zuoweiduo                 (-0.8239474 -1.2998251 2.2699838)             (0.13425287 0.014385339 0.018640348)          (-0.68969453 -1.2854397 2.2886242)            (-0.0010657405 -0.0016812677 0.0029361262)    (0.0001736503 1.8606816e-05 2.4110487e-05)    (-0.00089209015 -0.0016626609 0.0029602367)  
------------------------- --------------------------------------------- --------------------------------------------- --------------------------------------------- --------------------------------------------- --------------------------------------------- ---------------------------------------------
Net                       (-133.35949 -0.20294329 1213.0278)            (10.362396 0.0020230792 2.4636094)            (-122.9971 -0.20092021 1215.4914)             (-0.17249476 -0.0002624984 1.5689992)         (0.013403313 2.6167658e-06 0.0031865726)      (-0.15909145 -0.00025988163 1.5721858)       

Forces - Direction Vector (0.9781476 0 0.12079117)
                          Forces [N]                                      Coefficients                                   
Zone                      Pressure        Viscous         Total           Pressure        Viscous         Total          
jidi                      1136.805        0.00053034252   1136.8055       1.4704083       6.859752e-07    1.470409       
jishen                    7488.5411       1.1669702       7489.7081       9.6861052       0.0015094256    9.6876147      
jitou                     -11172.54       1.1569045       -11171.383      -14.451199      0.0014964061    -14.449702     
liangan                   -456.26788      1.2948582       -454.97302      -0.59016285     0.0016748433    -0.588488      
waiyi                     13.639871       3.0307996       16.670671       0.017642586     0.0039202087    0.021562794    
weiyi                     112.51876       1.2671221       113.78589       0.14553817      0.0016389678    0.14717714     
xiaoyi                    108.38925       0.38145027      108.7707        0.14019682      0.00049338949   0.14069021     
youfuyi                   13.836013       0.12269767      13.958711       0.017896287     0.00015870415   0.018054991    
youweiduo                 -0.5595948      0.1381073       -0.4214875      -0.00072381176  0.00017863585   -0.00054517591 
zhongyangyi               2768.9714       1.7534685       2770.7249       3.5815452       0.0022680359    3.5838132      
zuofuyi                   3.5185286       0.1377795       3.6563081       0.0045510651    0.00017821184   0.004729277    
zuoweiduo                 -0.53952947     0.13552531      -0.40400416     -0.00069785813  0.00017529615   -0.00052256198 
------------------------- --------------- --------------- --------------- --------------- --------------- ---------------
Net                       16.313053       10.586213       26.899266       0.021100231     0.013692811     0.034793042    
