                                    "Force Report"

Forces
                          Forces [N]                                                                                                                                Coefficients                                                                                                                             
Zone                      Pressure                                      Viscous                                       Total                                         Pressure                                      Viscous                                       Total                                        
jidi                      (1144.6898 2.8186263e-07 0.00043524868)       (1.7136725e-08 0.00058846039 0.001825613)     (1144.6898 0.00058874225 0.0022608617)        (1.480607 3.6457716e-10 5.6297542e-07)        (2.2165616e-11 7.6114816e-07 2.3613517e-06)   (1.480607 7.6151273e-07 2.9243271e-06)       
jishen                    (9081.8984 0.27062153 -12501.506)             (1.1691286 -0.058393378 -0.035380876)         (9083.0675 0.21222815 -12501.541)             (11.747044 0.00035003728 -16.170159)          (0.0015122175 -7.5529318e-05 -4.5763638e-05)  (11.748556 0.00027450797 -16.170205)         
jitou                     (-11247.796 -7.1496301 2.8239765)             (1.1635324 -0.086368456 0.043579903)          (-11246.632 -7.2359985 2.8675564)             (-14.548539 -0.0092477384 0.0036526919)       (0.001504979 -0.00011171388 5.6368727e-05)    (-14.547034 -0.0093594523 0.0037090606)      
liangan                   (-81.103426 0.40862483 -3077.5297)            (1.1266141 -0.028857989 -0.0173322)           (-79.976811 0.37976685 -3077.547)             (-0.10490379 0.00052853862 -3.980652)         (0.0014572268 -3.7326566e-05 -2.2418454e-05)  (-0.10344656 0.00049121205 -3.9806745)       
waiyi                     (-133.05094 -1.0241811 1721.2989)             (4.3941342 -0.26780606 0.33164061)            (-128.6568 -1.2919871 1721.6305)              (-0.17209565 -0.0013247341 2.2264259)         (0.0056836233 -0.0003463956 0.00042896283)    (-0.16641203 -0.0016711297 2.2268549)        
weiyi                     (46.474537 -8.9557406 521.96988)              (1.5818462 -0.077934391 -0.057649191)         (48.056383 -9.033675 521.91223)               (0.060112811 -0.011583865 0.67514555)         (0.0020460499 -0.00010080478 -7.4566745e-05)  (0.062158861 -0.011684669 0.67507098)        
xiaoyi                    (151.78313 -0.17313664 -370.73556)            (0.31916778 -0.01945618 0.0038931844)         (152.1023 -0.19259282 -370.73167)             (0.19632494 -0.00022394478 -0.47953047)       (0.00041282976 -2.5165731e-05 5.0356663e-06)  (0.19673777 -0.00024911052 -0.47952544)      
youfuyi                   (10.292688 -1.4026591 31.66878)               (0.14569651 -0.024626439 0.022350981)         (10.438385 -1.4272855 31.691131)              (0.013313149 -0.0018142791 0.040962203)       (0.00018845216 -3.1853237e-05 2.8910031e-05)  (0.013501601 -0.0018461323 0.040991113)      
youweiduo                 (-0.98299269 -0.19885887 -0.29203238)         (0.15664544 -0.009669494 -0.0021689906)       (-0.82634725 -0.20852836 -0.29420138)         (-0.0012714587 -0.00025721538 -0.00037773131) (0.00020261413 -1.2507074e-05 -2.8054959e-06) (-0.0010688446 -0.00026972245 -0.0003805368) 
zhongyangyi               (1055.3422 -0.013248128 14213.602)            (2.5711228 -0.11411864 0.10512913)            (1057.9133 -0.12736677 14213.707)             (1.3650397 -1.7135883e-05 18.384681)          (0.0033256366 -0.00014760754 0.00013598)      (1.3683653 -0.00016474342 18.384817)         
zuofuyi                   (-0.81343862 0.46893041 13.366584)            (0.18345632 -0.021136637 0.014557029)         (-0.6299823 0.44779377 13.381142)             (-0.0010521478 0.00060654128 0.017289101)     (0.00023729284 -2.733933e-05 1.882889e-05)    (-0.00081485496 0.00057920195 0.01730793)    
zuoweiduo                 (-0.9546674 -0.14250344 0.307861)             (0.15463856 -0.01049043 -0.0098622861)        (-0.80002884 -0.15299387 0.29799872)          (-0.0012348211 -0.00018432206 0.00039820494)  (0.00020001831 -1.3568919e-05 -1.2756442e-05) (-0.0010348028 -0.00019789098 0.0003854485)  
------------------------- --------------------------------------------- --------------------------------------------- --------------------------------------------- --------------------------------------------- --------------------------------------------- ---------------------------------------------
Net                       (25.779639 -17.911781 554.97505)              (12.965983 -0.71826963 0.4005829)             (38.745622 -18.630051 555.37563)              (0.033344852 -0.023168117 0.71783631)         (0.01677094 -0.00092905082 0.00051813672)     (0.050115792 -0.024097168 0.71835445)        

Forces - Direction Vector (0.99756405 -0.069756474 0)
                          Forces [N]                                      Coefficients                                   
Zone                      Pressure        Viscous         Total           Pressure        Viscous         Total          
jidi                      1141.9014       -4.1031827e-05  1141.9014       1.4770003       -5.30729e-08    1.4770002      
jishen                    9059.7564       1.170354        9060.9268       11.718405       0.0015138025    11.719918      
jitou                     -11219.898      1.1667228       -11218.731      -14.512454      0.0015091057    -14.510945     
liangan                   -80.934366      1.1258828       -79.808483      -0.10468511     0.0014562808    -0.10322883    
waiyi                     -132.65539      4.4021116       -128.25328      -0.17158403     0.0056939416    -0.16589009    
weiyi                     46.986048       1.5834293       48.569478       0.060774429     0.0020480976    0.062822526    
xiaoyi                    151.42548       0.31974749      151.74522       0.19586233      0.0004135796    0.19627591     
youfuyi                   10.36546        0.14705945      10.51252        0.013407276     0.00019021507   0.013597492    
youweiduo                 -0.96672647     0.15693837      -0.80978811     -0.001250419    0.00020299302   -0.001047426   
zhongyangyi               1052.7724       2.5728202       1055.3452       1.3617157       0.0033278321    1.3650435      
zuofuyi                   -0.84416806     0.18448385      -0.65968421     -0.001091895    0.00023862191   -0.0008532731  
zuoweiduo                 -0.94240134     0.15499364      -0.7874077      -0.0012189555   0.0002004776    -0.0010184779  
------------------------- --------------- --------------- --------------- --------------- --------------- ---------------
Net                       26.966303       12.984502       39.950806       0.034879751     0.016794894     0.051674646    
