                                    "Force Report"

Forces
                          Forces [N]                                                                                                                                Coefficients                                                                                                                             
Zone                      Pressure                                      Viscous                                       Total                                         Pressure                                      Viscous                                       Total                                        
jidi                      (1143.9783 2.9634963e-07 0.00043494122)       (5.1963904e-09 0.00021984425 -0.00033570574)  (1143.9783 0.0002201406 9.9235475e-05)        (1.4796867 3.8331548e-10 5.6257772e-07)       (6.7213071e-12 2.8435907e-07 -4.3422091e-07)  (1.4796867 2.8474238e-07 1.2835681e-07)      
jishen                    (9078.5899 1.4935981 -12506.211)              (1.2648214 -0.099065713 -0.10549747)          (9079.8548 1.3945324 -12506.316)              (11.742765 0.0019319048 -16.176245)           (0.001635992 -0.00012813723 -0.00013645643)   (11.744401 0.0018037675 -16.176381)          
jitou                     (-11241.769 -14.267285 -13.015216)            (1.1655937 -0.17086185 -0.11668711)           (-11240.604 -14.438146 -13.131903)            (-14.540744 -0.018454118 -0.016834621)        (0.0015076452 -0.00022100244 -0.00015092975)  (-14.539236 -0.01867512 -0.016985551)        
liangan                   (-81.203868 0.28895351 -3085.2655)            (1.2576128 -0.084314601 -0.1311792)           (-79.946255 0.20463891 -3085.3967)            (-0.1050337 0.00037374892 -3.990658)          (0.0016266679 -0.0001090573 -0.00016967464)   (-0.10340704 0.00026469162 -3.9908277)       
waiyi                     (-127.68191 -1.9940642 1471.8212)             (3.650071 -0.56838048 -0.096245249)           (-124.03184 -2.5624447 1471.725)              (-0.16515105 -0.0025792361 1.9037374)         (0.0047212095 -0.00073517566 -0.00012448908)  (-0.16042984 -0.0033144117 1.9036129)        
weiyi                     (41.138883 -19.116177 478.62751)              (1.440695 -0.16744267 -0.14471281)            (42.579578 -19.28362 478.4828)                (0.053211373 -0.024725951 0.61908406)         (0.0018634768 -0.00021657987 -0.00018717979)  (0.055074849 -0.024942531 0.61889688)        
xiaoyi                    (150.77447 -0.71105127 -373.33585)            (0.31086962 -0.041322634 -0.035464389)        (151.08534 -0.7523739 -373.37132)             (0.19502029 -0.00091971417 -0.48289384)       (0.00040209645 -5.3449047e-05 -4.5871658e-05) (0.19542238 -0.00097316322 -0.48293971)      
youfuyi                   (10.129178 -1.2911533 28.875832)              (0.12012331 -0.057605736 0.029443621)         (10.249302 -1.3487591 28.905275)              (0.013101656 -0.0016700512 0.037349644)       (0.00015537432 -7.4510537e-05 3.8084055e-05)  (0.01325703 -0.0017445618 0.037387728)       
youweiduo                 (-1.1037743 -1.0655114 -1.7976639)            (0.15259028 -0.019450331 -0.0055472862)       (-0.95118401 -1.0849618 -1.8032112)           (-0.0014276845 -0.0013781931 -0.0023252007)   (0.00019736895 -2.5158165e-05 -7.1751757e-06) (-0.0012303155 -0.0014033513 -0.0023323759)  
zhongyangyi               (1055.1007 -0.025387611 14060.729)            (2.1753372 -0.25996912 -0.10998437)           (1057.276 -0.28535673 14060.619)              (1.3647273 -3.2837781e-05 18.186947)          (0.002813705 -0.00033625885 -0.00014226005)   (1.367541 -0.00036909663 18.186805)          
zuofuyi                   (-0.81010747 0.32654316 8.5888687)            (0.17155794 -0.047587193 -0.0036325609)       (-0.63854954 0.27895597 8.5852362)            (-0.0010478391 0.00042236951 0.011109332)     (0.0002219028 -6.1551983e-05 -4.6985609e-06)  (-0.00082593631 0.00036081753 0.011104633)   
zuoweiduo                 (-0.99356548 0.28953105 -0.39513439)          (0.15427785 -0.029146834 -0.024914648)        (-0.83928763 0.26038421 -0.42004904)          (-0.0012851341 0.00037449593 -0.0005110893)   (0.00019955175 -3.7700174e-05 -3.2226024e-05) (-0.0010855824 0.00033679576 -0.00054331533) 
------------------------- --------------------------------------------- --------------------------------------------- --------------------------------------------- --------------------------------------------- --------------------------------------------- ---------------------------------------------
Net                       (26.149172 -36.072003 68.622875)              (11.86355 -1.5449273 -0.74475718)             (38.012722 -37.616931 67.878118)              (0.033822827 -0.046657582 0.088760732)        (0.015344991 -0.0019982969 -0.00096331132)    (0.049167818 -0.048655879 0.087797421)       

Forces - Direction Vector (0.98484328 -0.1391731 -0.1035112)
                          Forces [N]                                      Coefficients                                   
Zone                      Pressure        Viscous         Total           Pressure        Viscous         Total          
jidi                      1126.6393       4.158015e-06    1126.6393       1.4572594       5.3782133e-09   1.4572594      
jishen                    10235.313       1.2703583       10236.584       13.238937       0.0016431537    13.24058       
jitou                     -11068.048      1.1837849       -11066.864      -14.316043      0.0015311748    -14.314512     
liangan                   239.34624       1.2638643       240.6101        0.30958404      0.001634754     0.3112188      
waiyi                     -277.81914      3.6838136       -274.13532      -0.35934708     0.0047648542    -0.35458223    
weiyi                     -6.3674975      1.4571417       -4.9103558      -0.0082360836   0.0018847499    -0.0063513337  
xiaoyi                    187.23263       0.31557981      187.54821       0.24217734      0.00040818889   0.24258553     
youfuyi                   7.166375        0.12327206      7.289647        0.0092693972    0.00015944709   0.0094288443   
youweiduo                 -0.75267581     0.15355868      -0.59911713     -0.00097355373  0.00019862154   -0.00077493219 
zhongyangyi               -416.33059      2.1899316       -414.14065      -0.53850567     0.0028325821    -0.53567309    
zuofuyi                   -1.732319       0.17595655      -1.5563625      -0.00224068     0.00022759221   -0.0020130878  
zuoweiduo                 -0.97790038     0.15857491      -0.81932548     -0.001264872    0.00020510981   -0.0010597622  
------------------------- --------------- --------------- --------------- --------------- --------------- ---------------
Net                       23.669853       11.975841       35.645693       0.030615935     0.015490234     0.046106168    
