                                    "Force Report"

Forces
                          Forces [N]                                                                                                                                Coefficients                                                                                                                             
Zone                      Pressure                                      Viscous                                       Total                                         Pressure                                      Viscous                                       Total                                        
jidi                      (1144.9557 5.4758214e-09 0.00043534566)       (2.2768553e-08 0.0012909918 0.0038275886)     (1144.9557 0.0012909972 0.0042629343)         (1.4809508 7.0827389e-12 5.6310085e-07)       (2.9450142e-11 1.6698422e-06 4.9508209e-06)   (1.4809508 1.6698493e-06 5.5139218e-06)      
jishen                    (9083.371 0.25383319 -12500.917)              (1.1497018 -0.060948938 -0.018685429)         (9084.5207 0.19288425 -12500.936)             (11.748949 0.00032832229 -16.169397)          (0.0014870897 -7.8834825e-05 -2.4168797e-05)  (11.750436 0.00024948747 -16.169422)         
jitou                     (-11250.6 -7.049533 8.1019107)                (1.1577823 -0.086130053 0.096091111)          (-11249.442 -7.1356631 8.1980018)             (-14.552167 -0.0091182672 0.010479472)        (0.0014975416 -0.00011140551 0.00012428971)   (-14.550669 -0.0092296727 0.010603762)       
liangan                   (-81.085205 0.33205299 -3075.6977)            (1.1268998 -0.030888121 0.013021876)          (-79.958305 0.30116487 -3075.6847)            (-0.10488022 0.00042949623 -3.9782824)        (0.0014575963 -3.9952453e-05 1.6843236e-05)   (-0.10342262 0.00038954378 -3.9782656)       
waiyi                     (-144.54674 -0.81999846 1799.5257)            (4.4246384 -0.2712229 0.48506282)             (-140.1221 -1.0912214 1800.0107)              (-0.18696498 -0.0010606327 2.3276089)         (0.0057230792 -0.00035081513 0.00062740786)   (-0.1812419 -0.0014114478 2.3282363)         
weiyi                     (46.715512 -8.6822502 536.48563)              (1.5691005 -0.079056919 -0.023840543)         (48.284612 -8.7613071 536.46178)              (0.060424501 -0.011230117 0.69392104)         (0.0020295638 -0.00010225672 -3.0836715e-05)  (0.062454065 -0.011332373 0.6938902)         
xiaoyi                    (152.23188 -0.18384347 -369.96748)            (0.32814758 -0.020090743 0.016916952)         (152.56003 -0.20393422 -369.95056)            (0.19690538 -0.00023779361 -0.47853699)       (0.00042444475 -2.5986511e-05 2.1881349e-05)  (0.19732983 -0.00026378012 -0.47851511)      
youfuyi                   (10.220403 -1.3917921 32.510551)              (0.14640052 -0.02341899 0.021438589)          (10.366804 -1.4152111 32.53199)               (0.013219651 -0.0018002231 0.042050997)       (0.00018936277 -3.0291455e-05 2.7729891e-05)  (0.013409014 -0.0018305145 0.042078727)      
youweiduo                 (-0.96050089 0.044028782 0.12359705)          (0.15676997 -0.011317368 0.0010631782)        (-0.80373091 0.032711414 0.12466023)          (-0.0012423665 5.6949332e-05 0.00015986746)   (0.0002027752 -1.4638528e-05 1.3751753e-06)   (-0.0010395913 4.2310804e-05 0.00016124264)  
zhongyangyi               (1050.0952 -0.004894533 14260.857)            (2.5927881 -0.11356532 0.18443839)            (1052.6879 -0.11845985 14261.041)             (1.3582528 -6.3308675e-06 18.445804)          (0.0033536596 -0.00014689185 0.00023856311)   (1.3616065 -0.00015322272 18.446042)         
zuofuyi                   (-0.70017421 0.513875 14.721111)              (0.17326333 -0.024538864 0.021229643)         (-0.52691088 0.48933614 14.742341)            (-0.00090564517 0.00066467517 0.019041123)    (0.00022410866 -3.1739963e-05 2.7459629e-05)  (-0.00068153651 0.00063293521 0.019068583)   
zuoweiduo                 (-0.93962058 -0.35672576 0.66638278)          (0.15334793 -0.0088497297 -0.006706796)       (-0.78627266 -0.36557549 0.65967598)          (-0.0012153587 -0.00046140939 0.00086193741)  (0.00019834893 -1.1446744e-05 -8.6749516e-06) (-0.0010170098 -0.00047285614 0.00085326246) 
------------------------- --------------------------------------------- --------------------------------------------- --------------------------------------------- --------------------------------------------- --------------------------------------------- ---------------------------------------------
Net                       (8.757144 -17.345248 706.4099)                (12.97884 -0.72873695 0.79385738)             (21.735984 -18.073985 707.20376)              (0.011326988 -0.02243533 0.91371076)          (0.016787571 -0.00094258985 0.0010268203)     (0.028114559 -0.02337792 0.91473758)         

Forces - Direction Vector (0.99695636 -0.06971398 0.034814483)
                          Forces [N]                                      Coefficients                                   
Zone                      Pressure        Viscous         Total           Pressure        Viscous         Total          
jidi                      1141.4742       4.3278173e-05   1141.4743       1.4764477       5.5978452e-08   1.4764478      
jishen                    8620.5193       1.1498044       8621.6691       11.15027        0.0014872225    11.151758      
jitou                     -11215.617      1.1636117       -11214.454      -14.506917      0.0015050817    -14.505412     
liangan                   -187.94094      1.1260799       -186.81486      -0.24309351     0.0014565359    -0.24163697    
waiyi                     -81.400314      4.4469799       -76.953334      -0.1052878      0.0057519768    -0.099535822   
weiyi                     65.856266       1.5690107       67.425276       0.085182242     0.0020294478    0.087211689    
xiaoyi                    138.90155       0.32913935      139.23069       0.17966316      0.00042572757   0.18008889     
youfuyi                   11.418195       0.14833438      11.566529       0.014768943     0.00019186412   0.014960807    
youweiduo                 -0.95634676     0.15711928      -0.79922748     -0.0012369933   0.00020322702   -0.0010337663  
zhongyangyi               1543.3883       2.5992425       1545.9876       1.9963063       0.0033620081    1.9996683      
zuofuyi                   -0.22136019     0.1751863       -0.046173883    -0.00028631986  0.00022659593   -5.9723928e-05 
zuoweiduo                 -0.88869481     0.1532651       -0.73542971     -0.0011494884   0.0001982418    -0.00095124663 
------------------------- --------------- --------------- --------------- --------------- --------------- ---------------
Net                       34.533094       13.017817       47.550911       0.044667069     0.016837985     0.061505055    
