                                    "Force Report"

Moments - Moment Center (0 0 0.05)
                          Moments [N m]                                                                                                                             Coefficients                                                                                                                             
Zone                      Pressure                                      Viscous                                       Total                                         Pressure                                      Viscous                                       Total                                        
jidi                      (-2.8729219e-08 -22.925166 0.0040603146)      (-7.6411991e-05 -0.00021216453 -4.7871261e-05) (-7.644072e-05 -22.925378 0.0040124433)       (-1.0189199e-10 -0.081307143 1.4400444e-05)   (-2.7100526e-07 -7.5246967e-07 -1.6978178e-07) (-2.7110716e-07 -0.081307895 1.4230663e-05)  
jishen                    (0.054353395 -229.4399 2.495718)              (-0.033380869 -0.063117946 0.00041389276)     (0.020972526 -229.50301 2.4961319)            (0.00019277153 -0.81373903 0.008851395)       (-0.00011838968 -0.00022385617 1.4679256e-06) (7.4381845e-05 -0.81396289 0.0088528629)     
jitou                     (-1.2633113 548.35287 12.479672)              (-0.014052881 0.063483848 0.16185045)         (-1.2773642 548.41635 12.641522)              (-0.0044805012 1.9448062 0.044260811)         (-4.9840407e-05 0.00022515389 0.00057402411)  (-0.0045303416 1.9450314 0.044834835)        
liangan                   (0.77491416 650.75652 -1.3114319)             (0.0058053133 0.16146645 -0.059621937)        (0.78071947 650.91799 -1.3710539)             (0.0027483359 2.3079944 -0.0046511674)        (2.0589314e-05 0.0005726622 -0.00021145711)   (0.0027689252 2.308567 -0.0048626245)        
waiyi                     (65.84013 -45.8028 3.5774601)                 (0.14609113 0.61009101 -0.0082416582)         (65.986222 -45.192709 3.5692184)              (0.23351076 -0.16244571 0.012687937)          (0.00051813157 0.0021637687 -2.9230134e-05)   (0.23402889 -0.16028194 0.012658707)         
weiyi                     (-11.074198 -706.44299 -35.531493)            (0.085864137 0.36468998 -0.37644325)          (-10.988334 -706.0783 -35.907936)             (-0.039276113 -2.5054938 -0.12601715)         (0.00030452855 0.0012934214 -0.0013351059)    (-0.038971584 -2.5042004 -0.12735226)        
xiaoyi                    (12.916683 55.980544 -1.0728346)              (0.11188012 0.039091669 -0.031251239)         (13.028564 56.019635 -1.1040858)              (0.045810732 0.19854243 -0.0038049501)        (0.0003967977 0.00013864379 -0.00011083667)   (0.046207529 0.19868107 -0.0039157868)       
youfuyi                   (38.438097 -4.3948462 -10.964753)             (0.028340765 0.013281323 -0.17689303)         (38.466438 -4.3815649 -11.141646)             (0.13632581 -0.015586905 -0.038887952)        (0.00010051428 4.7103973e-05 -0.00062737461)  (0.13642633 -0.015539801 -0.039515327)       
youweiduo                 (-0.051443221 -0.26852141 0.30377155)         (0.019580337 0.01723394 -0.11900272)          (-0.031862884 -0.25128747 0.18476883)         (-0.00018245021 -0.00095234681 0.0010773661)  (6.9444263e-05 6.1122455e-05 -0.00042205893)  (-0.00011300595 -0.00089122436 0.00065530717)
zhongyangyi               (11.234096 -275.41411 2.1220162)              (0.041107376 0.34500106 0.0097248612)         (11.275204 -275.06911 2.131741)               (0.039843213 -0.9767927 0.0075260119)         (0.00014579276 0.001223592 3.4490511e-05)     (0.039989006 -0.97556911 0.0075605024)       
zuofuyi                   (-20.191462 -2.9247472 -0.33626643)           (-0.028184974 0.013573887 0.17580018)         (-20.219647 -2.9111733 -0.16046625)           (-0.071611701 -0.010373004 -0.0011926135)     (-9.9961749e-05 4.8141592e-05 0.00062349866)  (-0.071711663 -0.010324862 -0.00056911484)   
zuoweiduo                 (-0.33838431 -2.6415548 -1.6555323)           (0.013428582 0.055637276 0.0044296835)        (-0.32495573 -2.5859175 -1.6511027)           (-0.0012001249 -0.0093686245 -0.0058715651)   (4.7626249e-05 0.00019732498 1.571046e-05)    (-0.0011524986 -0.0091712995 -0.0058558547)  
------------------------- --------------------------------------------- --------------------------------------------- --------------------------------------------- --------------------------------------------- --------------------------------------------- ---------------------------------------------
Net                       (96.339476 -35.164705 -29.889614)             (0.37640262 1.6202203 -0.41928263)            (96.715878 -33.544485 -30.308896)             (0.34168073 -0.12471629 -0.10600748)          (0.0013349619 0.0057463264 -0.0014870415)     (0.3430157 -0.11896997 -0.10749452)          

Moments - Moment Center (0 0 0.05) Moment Axis (0 1 0)
                          Moments [N m]                                   Coefficients                                   
Zone                      Pressure        Viscous         Total           Pressure        Viscous         Total          
jidi                      -22.925166      -0.00021216453  -22.925378      -0.081307143    -7.5246967e-07  -0.081307895   
jishen                    -229.4399       -0.063117946    -229.50301      -0.81373903     -0.00022385617  -0.81396289    
jitou                     548.35287       0.063483848     548.41635       1.9448062       0.00022515389   1.9450314      
liangan                   650.75652       0.16146645      650.91799       2.3079944       0.0005726622    2.308567       
waiyi                     -45.8028        0.61009101      -45.192709      -0.16244571     0.0021637687    -0.16028194    
weiyi                     -706.44299      0.36468998      -706.0783       -2.5054938      0.0012934214    -2.5042004     
xiaoyi                    55.980544       0.039091669     56.019635       0.19854243      0.00013864379   0.19868107     
youfuyi                   -4.3948462      0.013281323     -4.3815649      -0.015586905    4.7103973e-05   -0.015539801   
youweiduo                 -0.26852141     0.01723394      -0.25128747     -0.00095234681  6.1122455e-05   -0.00089122436 
zhongyangyi               -275.41411      0.34500106      -275.06911      -0.9767927      0.001223592     -0.97556911    
zuofuyi                   -2.9247472      0.013573887     -2.9111733      -0.010373004    4.8141592e-05   -0.010324862   
zuoweiduo                 -2.6415548      0.055637276     -2.5859175      -0.0093686245   0.00019732498   -0.0091712995  
------------------------- --------------- --------------- --------------- --------------- --------------- ---------------
Net                       -35.164705      1.6202203       -33.544485      -0.12471629     0.0057463264    -0.11896997    
