                                    "Force Report"

Moments - Moment Center (0 0 0.05)
                          Moments [N m]                                                                                                                             Coefficients                                                                                                                             
Zone                      Pressure                                      Viscous                                       Total                                         Pressure                                      Viscous                                       Total                                        
jidi                      (-2.1113765e-08 -22.911057 0.0021614529)      (7.301664e-05 -0.0023775518 0.0011039048)     (7.2995526e-05 -22.913435 0.0032653577)       (-7.4882771e-11 -0.081257104 7.6658795e-06)   (2.589632e-07 -8.4323029e-06 3.915145e-06)    (2.5888832e-07 -0.081265537 1.1581024e-05)   
jishen                    (0.02845197 -228.27094 0.81593033)            (-0.010350339 -0.058117817 0.00049916134)     (0.018101631 -228.32906 0.8164295)            (0.00010090869 -0.80959318 0.0028938052)      (-3.670885e-05 -0.00020612255 1.7703419e-06)  (6.4199838e-05 -0.80979931 0.0028955755)     
jitou                     (-0.43211649 554.07254 4.2631278)             (-0.0045619215 0.12743279 0.054353159)        (-0.43667841 554.19997 4.317481)              (-0.0015325585 1.9650918 0.015119749)         (-1.617946e-05 0.00045195732 0.00019277069)   (-0.0015487379 1.9655437 0.015312519)        
liangan                   (0.0020177978 650.22894 -0.71624148)          (-0.013445862 0.14152141 0.035625042)         (-0.011428064 650.37046 -0.68061644)          (7.1563876e-06 2.3061232 -0.0025402455)       (-4.7687533e-05 0.00050192446 0.00012634894)  (-4.0531145e-05 2.3066251 -0.0024138965)     
waiyi                     (70.556167 -46.099207 8.9534473)              (0.091218989 0.52715404 0.033822742)          (70.647386 -45.572053 8.98727)                (0.25023681 -0.16349696 0.031754589)          (0.00032352025 0.0018696218 0.00011995684)    (0.25056033 -0.16162733 0.031874546)         
weiyi                     (-4.640965 -751.85793 -11.580719)             (0.019897937 0.21785698 -0.12105724)          (-4.6210671 -751.64008 -11.701776)            (-0.016459798 -2.6665639 -0.041072557)        (7.0570674e-05 0.00077265868 -0.00042934558)  (-0.016389228 -2.6657913 -0.041501903)       
xiaoyi                    (6.7487435 55.828335 -0.31614955)             (0.056303468 0.035135401 -0.016771978)        (6.8050469 55.86347 -0.33292153)              (0.023935314 0.1980026 -0.0011212663)         (0.00019968772 0.00012461236 -5.9484045e-05)  (0.024135002 0.19812721 -0.0011807504)       
youfuyi                   (40.637097 -4.7813519 -10.55834)              (0.027854021 0.010791679 -0.14871031)         (40.664951 -4.7705602 -10.70705)              (0.14412486 -0.016957699 -0.037446555)        (9.8787981e-05 3.8274121e-05 -0.00052742084)  (0.14422365 -0.016919425 -0.037973975)       
youweiduo                 (0.27309952 -2.5929577 1.6170251)             (0.011684929 0.014185342 -0.078179783)        (0.28478445 -2.5787724 1.5388453)             (0.00096858368 -0.0091962687 0.0057349942)    (4.1442153e-05 5.0310199e-05 -0.00027727497)  (0.0010100258 -0.0091459585 0.0054577192)    
zhongyangyi               (5.0508849 -273.20421 1.1207839)              (0.010854582 0.30430321 0.013545413)          (5.0617394 -272.89991 1.1343293)              (0.017913633 -0.96895498 0.0039750087)        (3.8497216e-05 0.0010792517 4.8040604e-05)    (0.017952131 -0.96787573 0.0040230493)       
zuofuyi                   (-27.467839 -3.8786891 0.35456487)            (-0.048536879 0.0093766043 0.16018791)        (-27.516376 -3.8693125 0.51475278)            (-0.097418336 -0.013756286 0.0012575114)      (-0.00017214248 3.3255372e-05 0.00056812769)  (-0.097590479 -0.01372303 0.001825639)       
zuoweiduo                 (-0.37821127 -3.1107251 -1.9606616)           (-0.0027993646 0.027027721 0.049534573)       (-0.38101064 -3.0836974 -1.911127)            (-0.0013413765 -0.011032599 -0.0069537466)    (-9.9283181e-06 9.5857398e-05 0.00017568094)  (-0.0013513048 -0.010936742 -0.0067780657)   
------------------------- --------------------------------------------- --------------------------------------------- --------------------------------------------- --------------------------------------------- --------------------------------------------- ---------------------------------------------
Net                       (90.37733 -76.577259 -8.0050713)              (0.13819258 1.3542898 -0.016047403)           (90.515523 -75.222969 -8.0211187)             (0.32053519 -0.27159141 -0.028391048)         (0.00049011831 0.0048031685 -5.6914246e-05)   (0.32102531 -0.26678824 -0.028447962)        

Moments - Moment Center (0 0 0.05) Moment Axis (0 1 0)
                          Moments [N m]                                   Coefficients                                   
Zone                      Pressure        Viscous         Total           Pressure        Viscous         Total          
jidi                      -22.911057      -0.0023775518   -22.913435      -0.081257104    -8.4323029e-06  -0.081265537   
jishen                    -228.27094      -0.058117817    -228.32906      -0.80959318     -0.00020612255  -0.80979931    
jitou                     554.07254       0.12743279      554.19997       1.9650918       0.00045195732   1.9655437      
liangan                   650.22894       0.14152141      650.37046       2.3061232       0.00050192446   2.3066251      
waiyi                     -46.099207      0.52715404      -45.572053      -0.16349696     0.0018696218    -0.16162733    
weiyi                     -751.85793      0.21785698      -751.64008      -2.6665639      0.00077265868   -2.6657913     
xiaoyi                    55.828335       0.035135401     55.86347        0.1980026       0.00012461236   0.19812721     
youfuyi                   -4.7813519      0.010791679     -4.7705602      -0.016957699    3.8274121e-05   -0.016919425   
youweiduo                 -2.5929577      0.014185342     -2.5787724      -0.0091962687   5.0310199e-05   -0.0091459585  
zhongyangyi               -273.20421      0.30430321      -272.89991      -0.96895498     0.0010792517    -0.96787573    
zuofuyi                   -3.8786891      0.0093766043    -3.8693125      -0.013756286    3.3255372e-05   -0.01372303    
zuoweiduo                 -3.1107251      0.027027721     -3.0836974      -0.011032599    9.5857398e-05   -0.010936742   
------------------------- --------------- --------------- --------------- --------------- --------------- ---------------
Net                       -76.577259      1.3542898       -75.222969      -0.27159141     0.0048031685    -0.26678824    
