                                    "Force Report"

Moments - Moment Center (0 0 0.05)
                          Moments [N m]                                                                                                                             Coefficients                                                                                                                             
Zone                      Pressure                                      Viscous                                       Total                                         Pressure                                      Viscous                                       Total                                        
jidi                      (-6.4490778e-09 -22.904151 0.00017666623)     (1.0098512e-06 -0.0032379041 0.00018427453)   (1.0034022e-06 -22.907389 0.00036094076)      (-2.287251e-11 -0.081232612 6.2657023e-07)    (3.5815714e-09 -1.1483656e-05 6.5355408e-07)  (3.5586989e-09 -0.081244095 1.2801243e-06)   
jishen                    (-0.023787406 -229.41614 0.067866123)         (-0.0011436361 -0.062821307 -0.00092736533)   (-0.024931042 -229.47896 0.066938758)         (-8.4365193e-05 -0.81365479 0.00024069621)    (-4.0560573e-06 -0.0002228041 -3.2890242e-06) (-8.842125e-05 -0.8138776 0.00023740719)     
jitou                     (-0.0092518027 548.48305 0.093387454)         (-6.9169297e-05 0.064697233 0.00089594907)    (-0.009320972 548.54775 0.094283403)          (-3.2812746e-05 1.9452679 0.000331211)        (-2.4531809e-07 0.00022945732 3.1776023e-06)  (-3.3058064e-05 1.9454974 0.0003343886)      
liangan                   (0.2755235 648.44204 0.18954183)              (-0.0056624602 0.13531184 0.0013528148)       (0.26986104 648.57735 0.19089465)             (0.00097718065 2.2997857 0.00067223525)       (-2.0082666e-05 0.00047990139 4.7979371e-06)  (0.00095709798 2.3002656 0.00067703319)      
waiyi                     (59.401982 -45.758911 5.2526373)              (0.05939039 0.62684864 0.076266304)           (59.461373 -45.132063 5.3289036)              (0.21067701 -0.16229005 0.018629175)          (0.0002106359 0.0022232019 0.00027048857)     (0.21088765 -0.16006685 0.018899664)         
weiyi                     (1.0608382 -718.13215 2.5410534)              (0.0014643586 0.36939994 0.025414735)         (1.0623026 -717.76275 2.5664681)              (0.0037624036 -2.546951 0.0090121829)         (5.193542e-06 0.0013101259 9.013673e-05)      (0.0037675971 -2.5456408 0.0091023197)       
xiaoyi                    (0.2929926 55.923638 -0.11821511)             (0.0037695206 0.037090104 -0.0029044074)      (0.29676212 55.960728 -0.12111952)            (0.0010391371 0.1983406 -0.00041926558)       (1.3369105e-05 0.00013154498 -1.0300866e-05)  (0.0010525063 0.19847215 -0.00042956645)     
youfuyi                   (39.510325 -4.576294 -11.422941)              (0.026309951 0.012646507 -0.16619881)         (39.536635 -4.5636475 -11.589139)             (0.14012861 -0.016230434 -0.040512975)        (9.3311734e-05 4.4852515e-05 -0.00058944613)  (0.14022192 -0.016185581 -0.041102421)       
youweiduo                 (0.21643885 -2.0358859 1.3086483)             (0.0033732293 0.034963312 -0.059154041)       (0.21981208 -2.0009226 1.2494942)             (0.00076762911 -0.0072205396 0.0046412948)    (1.1963605e-05 0.00012400203 -0.00020979766)  (0.00077959272 -0.0070965375 0.0044314971)   
zhongyangyi               (3.4354696 -274.58477 0.35141167)             (0.0039378574 0.3486601 0.011985594)          (3.4394075 -274.23611 0.36339726)             (0.012184349 -0.97385133 0.0012463281)        (1.3966134e-05 0.0012365693 4.2508501e-05)    (0.012198315 -0.97261476 0.0012888366)       
zuofuyi                   (-20.986957 -3.0132615 -0.20624125)           (-0.034781554 0.013265236 0.18674515)         (-21.021739 -2.9999963 -0.019496099)          (-0.074433028 -0.010686932 -0.00073146196)    (-0.0001233574 4.704692e-05 0.00066231646)    (-0.074556385 -0.010639885 -6.9145503e-05)   
zuoweiduo                 (-0.20251176 -1.890245 -1.2343358)            (-0.004050729 0.03452987 0.063935251)         (-0.20656249 -1.8557151 -1.1704006)           (-0.00071823483 -0.0067040046 -0.0043777358)  (-1.4366448e-05 0.00012246477 0.00022675485)  (-0.00073260127 -0.0065815398 -0.0041509809) 
------------------------- --------------------------------------------- --------------------------------------------- --------------------------------------------- --------------------------------------------- --------------------------------------------- ---------------------------------------------
Net                       (82.971062 -49.463089 -3.1770102)             (0.052538769 1.6113536 0.13759545)            (83.023601 -47.851736 -3.0394147)             (0.29426788 -0.17542741 -0.011267688)         (0.00018633571 0.0057148793 0.00048800052)    (0.29445422 -0.16971253 -0.010779688)        

Moments - Moment Center (0 0 0.05) Moment Axis (0 1 0)
                          Moments [N m]                                   Coefficients                                   
Zone                      Pressure        Viscous         Total           Pressure        Viscous         Total          
jidi                      -22.904151      -0.0032379041   -22.907389      -0.081232612    -1.1483656e-05  -0.081244095   
jishen                    -229.41614      -0.062821307    -229.47896      -0.81365479     -0.0002228041   -0.8138776     
jitou                     548.48305       0.064697233     548.54775       1.9452679       0.00022945732   1.9454974      
liangan                   648.44204       0.13531184      648.57735       2.2997857       0.00047990139   2.3002656      
waiyi                     -45.758911      0.62684864      -45.132063      -0.16229005     0.0022232019    -0.16006685    
weiyi                     -718.13215      0.36939994      -717.76275      -2.546951       0.0013101259    -2.5456408     
xiaoyi                    55.923638       0.037090104     55.960728       0.1983406       0.00013154498   0.19847215     
youfuyi                   -4.576294       0.012646507     -4.5636475      -0.016230434    4.4852515e-05   -0.016185581   
youweiduo                 -2.0358859      0.034963312     -2.0009226      -0.0072205396   0.00012400203   -0.0070965375  
zhongyangyi               -274.58477      0.3486601       -274.23611      -0.97385133     0.0012365693    -0.97261476    
zuofuyi                   -3.0132615      0.013265236     -2.9999963      -0.010686932    4.704692e-05    -0.010639885   
zuoweiduo                 -1.890245       0.03452987      -1.8557151      -0.0067040046   0.00012246477   -0.0065815398  
------------------------- --------------- --------------- --------------- --------------- --------------- ---------------
Net                       -49.463089      1.6113536       -47.851736      -0.17542741     0.0057148793    -0.16971253    
