                                    "Force Report"

Moments - Moment Center (0 0 0.05)
                          Moments [N m]                                                                                                                             Coefficients                                                                                                                             
Zone                      Pressure                                      Viscous                                       Total                                         Pressure                                      Viscous                                       Total                                        
jidi                      (-1.3468115e-08 -22.913312 0.0029384858)      (3.8758191e-05 -0.0017797514 0.0006907653)    (3.8744722e-05 -22.915092 0.0036292511)       (-4.7766459e-11 -0.081265102 1.042173e-05)    (1.3746107e-07 -6.3121246e-06 2.4498908e-06)  (1.374133e-07 -0.081271414 1.287162e-05)     
jishen                    (0.017503418 -228.18461 0.89701537)           (-0.0092543062 -0.056801809 0.0033075307)     (0.0082491122 -228.24141 0.9003229)           (6.2078196e-05 -0.809287 0.003181384)         (-3.2821625e-05 -0.00020145515 1.1730596e-05) (2.9256571e-05 -0.80948845 0.0031931146)     
jitou                     (-0.43512082 556.54902 4.292127)              (-0.0045276446 0.15747983 0.054600261)        (-0.43964846 556.7065 4.3467273)              (-0.0015432137 1.9738749 0.015222598)         (-1.6057892e-05 0.00055852311 0.00019364707)  (-0.0015592716 1.9744335 0.015416245)        
liangan                   (0.099290484 650.85076 -0.94712393)           (-0.010337536 0.13638943 0.044960121)         (0.088952948 650.98715 -0.90216381)           (0.00035214688 2.3083286 -0.0033591007)       (-3.6663443e-05 0.00048372322 0.00015945704)  (0.00031548344 2.3088123 -0.0031996437)      
waiyi                     (64.622228 -46.94113 9.7057003)               (0.086522672 0.47331648 0.077255348)          (64.708751 -46.467814 9.7829556)              (0.22919131 -0.16648295 0.034422554)          (0.00030686414 0.0016786797 0.00027399634)    (0.22949817 -0.16480427 0.03469655)          
weiyi                     (-5.0309312 -767.66473 -12.513895)            (0.027503404 0.15177396 -0.13029782)          (-5.0034278 -767.51295 -12.644193)            (-0.017842865 -2.7226248 -0.04438219)         (9.7544472e-05 0.0005382865 -0.00046211851)   (-0.017745321 -2.7220865 -0.044844309)       
xiaoyi                    (7.6567334 55.753178 -0.47570938)             (0.060823627 0.033305962 -0.015968776)        (7.717557 55.786484 -0.49167815)              (0.027155621 0.19773604 -0.0016871664)        (0.00021571906 0.00011812401 -5.6635381e-05)  (0.02737134 0.19785417 -0.0017438018)        
youfuyi                   (41.939033 -4.9326956 -10.783515)             (0.0271814 0.010848954 -0.14895411)           (41.966214 -4.9218466 -10.932469)             (0.14874234 -0.017494459 -0.038245165)        (9.6402441e-05 3.8477256e-05 -0.00052828553)  (0.14883875 -0.017455982 -0.038773451)       
youweiduo                 (0.30573182 -2.8667241 1.7766445)             (0.014652689 0.0056181945 -0.082074145)       (0.32038451 -2.8611059 1.6945704)             (0.0010843185 -0.010167217 0.0063011055)      (5.1967707e-05 1.9925672e-05 -0.00029108685)  (0.0011362862 -0.010147292 0.0060100187)     
zhongyangyi               (4.8216758 -273.35262 0.76356392)             (0.010656447 0.28531413 0.016497616)          (4.8323322 -273.06731 0.78006153)             (0.017100713 -0.96948136 0.0027080808)        (3.7794505e-05 0.0010119044 5.8510983e-05)    (0.017138507 -0.96846945 0.0027665917)       
zuofuyi                   (-29.744146 -4.1988979 0.52354639)            (-0.051822806 0.0086412262 0.15585988)        (-29.795969 -4.1902567 0.67940627)            (-0.10549156 -0.014891949 0.0018568268)       (-0.00018379646 3.0647255e-05 0.00055277774)  (-0.10567536 -0.014861301 0.0024096045)      
zuoweiduo                 (-0.46244944 -3.5406645 -2.2367274)           (-0.0033530931 0.022724025 0.04826195)        (-0.46580253 -3.5179405 -2.1884655)           (-0.0016401383 -0.012557437 -0.0079328506)    (-1.189219e-05 8.0593769e-05 0.00017116741)   (-0.0016520305 -0.012476843 -0.0077616832)   
------------------------- --------------------------------------------- --------------------------------------------- --------------------------------------------- --------------------------------------------- --------------------------------------------- ---------------------------------------------
Net                       (83.789548 -91.442425 -8.9954346)             (0.14808361 1.2268306 0.024138614)            (83.937632 -90.215594 -8.971296)              (0.29717075 -0.32431269 -0.031903502)         (0.00052519818 0.0043511176 8.5610797e-05)    (0.29769595 -0.31996158 -0.031817892)        

Moments - Moment Center (0 0 0.05) Moment Axis (0 1 0)
                          Moments [N m]                                   Coefficients                                   
Zone                      Pressure        Viscous         Total           Pressure        Viscous         Total          
jidi                      -22.913312      -0.0017797514   -22.915092      -0.081265102    -6.3121246e-06  -0.081271414   
jishen                    -228.18461      -0.056801809    -228.24141      -0.809287       -0.00020145515  -0.80948845    
jitou                     556.54902       0.15747983      556.7065        1.9738749       0.00055852311   1.9744335      
liangan                   650.85076       0.13638943      650.98715       2.3083286       0.00048372322   2.3088123      
waiyi                     -46.94113       0.47331648      -46.467814      -0.16648295     0.0016786797    -0.16480427    
weiyi                     -767.66473      0.15177396      -767.51295      -2.7226248      0.0005382865    -2.7220865     
xiaoyi                    55.753178       0.033305962     55.786484       0.19773604      0.00011812401   0.19785417     
youfuyi                   -4.9326956      0.010848954     -4.9218466      -0.017494459    3.8477256e-05   -0.017455982   
youweiduo                 -2.8667241      0.0056181945    -2.8611059      -0.010167217    1.9925672e-05   -0.010147292   
zhongyangyi               -273.35262      0.28531413      -273.06731      -0.96948136     0.0010119044    -0.96846945    
zuofuyi                   -4.1988979      0.0086412262    -4.1902567      -0.014891949    3.0647255e-05   -0.014861301   
zuoweiduo                 -3.5406645      0.022724025     -3.5179405      -0.012557437    8.0593769e-05   -0.012476843   
------------------------- --------------- --------------- --------------- --------------- --------------- ---------------
Net                       -91.442425      1.2268306       -90.215594      -0.32431269     0.0043511176    -0.31996158    
