                                    "Force Report"

Moments - Moment Center (0 0 0.05)
                          Moments [N m]                                                                                                                             Coefficients                                                                                                                             
Zone                      Pressure                                      Viscous                                       Total                                         Pressure                                      Viscous                                       Total                                        
jidi                      (-8.7731994e-09 -22.908041 0.001004139)       (-1.1739001e-06 -0.0024230909 0.00020184907)  (-1.1826733e-06 -22.910464 0.001205988)       (-3.1115316e-11 -0.081246407 3.5613121e-06)   (-4.1633924e-09 -8.5938136e-06 7.1588453e-07) (-4.1945077e-09 -0.081255001 4.2771966e-06)  
jishen                    (-0.042829934 -228.05259 -0.10264961)         (-0.0010357322 -0.056584757 -0.001231115)     (-0.043865666 -228.10917 -0.10388073)         (-0.00015190204 -0.80881876 -0.00036406048)   (-3.6733618e-06 -0.00020068535 -4.3663127e-06) (-0.00015557541 -0.80901944 -0.00036842679)  
jitou                     (-0.013064273 556.50242 0.13780462)           (-9.2308098e-05 0.15796296 0.0012217496)      (-0.013156581 556.66039 0.13902637)           (-4.6334178e-05 1.9737097 0.00048874237)      (-3.2738292e-07 0.00056023661 4.333097e-06)   (-4.6661561e-05 1.9742699 0.00049307546)     
liangan                   (1.1839579 650.15214 -0.43734702)             (0.02283691 0.13208246 -0.032118372)          (1.2067948 650.28423 -0.46946539)             (0.0041990639 2.3058508 -0.0015511092)        (8.0994132e-05 0.00046844798 -0.00011391207)  (0.004280058 2.3063193 -0.0016650213)        
waiyi                     (58.71114 -47.254684 10.302989)               (0.039224 0.47385761 0.064157322)             (58.750364 -46.780827 10.367146)              (0.20822685 -0.16759501 0.036540918)          (0.00013911312 0.0016805989 0.00022754246)    (0.20836596 -0.16591441 0.036768461)         
weiyi                     (1.5201247 -769.03202 2.8503178)              (-0.00010203463 0.14151308 0.013168365)       (1.5200226 -768.89051 2.8634862)              (0.0053913238 -2.7274741 0.01010903)          (-3.6187935e-07 0.00050189491 4.6703352e-05)  (0.0053909619 -2.7269722 0.010155734)        
xiaoyi                    (0.34976252 55.762846 -0.089909414)           (0.0048757962 0.033231578 -0.0018912293)      (0.35463832 55.796078 -0.091800644)           (0.0012404792 0.19777033 -0.00031887567)      (1.7292658e-05 0.0001178602 -6.7074956e-06)   (0.0012577718 0.19788819 -0.00032558316)     
youfuyi                   (42.64785 -5.0402864 -11.313033)              (0.029248394 0.010057878 -0.14253058)         (42.677098 -5.0302285 -11.455564)             (0.15125626 -0.017876045 -0.040123174)        (0.00010373331 3.5671598e-05 -0.0005055036)   (0.15135999 -0.017840373 -0.040628678)       
youweiduo                 (0.37757223 -3.2944878 2.0584579)             (0.010761319 0.012559976 -0.070604112)        (0.38833354 -3.2819279 1.9878538)             (0.00133911 -0.011684338 0.0073005941)        (3.8166446e-05 4.454562e-05 -0.00025040685)   (0.0013772764 -0.011639793 0.0070501873)     
zhongyangyi               (-1.7510322 -274.32153 -1.0096789)            (0.00032598877 0.27621246 0.056173346)        (-1.7507062 -274.04532 -0.95350555)           (-0.0062102681 -0.97291771 -0.0035809602)     (1.1561624e-06 0.00097962413 0.00019922623)   (-0.006209112 -0.97193808 -0.003381734)      
zuofuyi                   (-31.078706 -4.4271987 0.50015468)            (-0.058979002 0.0073919892 0.15612551)        (-31.137685 -4.4198067 0.65628019)            (-0.11022475 -0.015701648 0.0017738649)       (-0.00020917686 2.621667e-05 0.00055371986)   (-0.11043393 -0.015675431 0.0023275848)      
zuoweiduo                 (-0.40100645 -3.3302364 -2.0657682)           (-0.010540932 0.012180915 0.070146334)        (-0.41154739 -3.3180555 -1.9956218)           (-0.0014222226 -0.011811125 -0.0073265209)    (-3.7384814e-05 4.3201232e-05 0.00024878328)  (-0.0014596074 -0.011767924 -0.0070777376)   
------------------------- --------------------------------------------- --------------------------------------------- --------------------------------------------- --------------------------------------------- --------------------------------------------- ---------------------------------------------
Net                       (71.503769 -95.243655 0.83234175)             (0.036521225 1.1980431 0.11281908)            (71.54029 -94.045612 0.94516083)              (0.2535976 -0.33779426 0.0029520105)          (0.00012952737 0.0042490187 0.00040012783)    (0.25372713 -0.33354524 0.0033521383)        

Moments - Moment Center (0 0 0.05) Moment Axis (0 1 0)
                          Moments [N m]                                   Coefficients                                   
Zone                      Pressure        Viscous         Total           Pressure        Viscous         Total          
jidi                      -22.908041      -0.0024230909   -22.910464      -0.081246407    -8.5938136e-06  -0.081255001   
jishen                    -228.05259      -0.056584757    -228.10917      -0.80881876     -0.00020068535  -0.80901944    
jitou                     556.50242       0.15796296      556.66039       1.9737097       0.00056023661   1.9742699      
liangan                   650.15214       0.13208246      650.28423       2.3058508       0.00046844798   2.3063193      
waiyi                     -47.254684      0.47385761      -46.780827      -0.16759501     0.0016805989    -0.16591441    
weiyi                     -769.03202      0.14151308      -768.89051      -2.7274741      0.00050189491   -2.7269722     
xiaoyi                    55.762846       0.033231578     55.796078       0.19777033      0.0001178602    0.19788819     
youfuyi                   -5.0402864      0.010057878     -5.0302285      -0.017876045    3.5671598e-05   -0.017840373   
youweiduo                 -3.2944878      0.012559976     -3.2819279      -0.011684338    4.454562e-05    -0.011639793   
zhongyangyi               -274.32153      0.27621246      -274.04532      -0.97291771     0.00097962413   -0.97193808    
zuofuyi                   -4.4271987      0.0073919892    -4.4198067      -0.015701648    2.621667e-05    -0.015675431   
zuoweiduo                 -3.3302364      0.012180915     -3.3180555      -0.011811125    4.3201232e-05   -0.011767924   
------------------------- --------------- --------------- --------------- --------------- --------------- ---------------
Net                       -95.243655      1.1980431       -94.045612      -0.33779426     0.0042490187    -0.33354524    
