                                    "Force Report"

Forces
                          Forces [N]                                                                                                                                Coefficients                                                                                                                             
Zone                      Pressure                                      Viscous                                       Total                                         Pressure                                      Viscous                                       Total                                        
jidi                      (1145.6776 -2.0288631e-07 0.00043624825)      (-1.4159211e-10 -0.00047927843 -0.00026538635) (1145.6776 -0.00047948132 0.0001708619)       (1.4818846 -2.624247e-10 5.6426831e-07)       (-1.831433e-13 -6.19926e-07 -3.4326581e-07)   (1.4818846 -6.2018842e-07 2.210025e-07)      
jishen                    (9087.5126 1.1092818 -12507.891)              (1.1972902 -0.17527984 -0.047943158)          (9088.7099 0.93400199 -12507.939)             (11.754306 0.0014348083 -16.178418)           (0.0015486432 -0.00022671692 -6.2012409e-05)  (11.755855 0.0012080913 -16.17848)           
jitou                     (-11256.648 -19.797416 12.272696)             (1.1259103 -0.25313244 0.14341959)            (-11255.523 -20.050548 12.416115)             (-14.55999 -0.025607104 0.015874203)          (0.0014563164 -0.0003274159 0.00018550707)    (-14.558533 -0.02593452 0.01605971)          
liangan                   (-81.061994 -3.3523841 -3074.1145)            (1.1301899 -0.20514962 0.060947233)           (-79.931804 -3.5575337 -3074.0535)            (-0.1048502 -0.0043361644 -3.9762346)         (0.0014618519 -0.00026535219 7.883262e-05)    (-0.10338834 -0.0046015166 -3.9761558)       
waiyi                     (-157.32167 -0.11625206 1829.5982)            (4.2485256 -0.79320099 0.5814186)             (-153.07315 -0.90945304 1830.1797)            (-0.2034888 -0.00015036703 2.3665065)         (0.0054952848 -0.0010259713 0.00075203991)    (-0.19799352 -0.0011763383 2.3672585)        
weiyi                     (42.525258 -28.663355 546.40476)              (1.3640404 -0.2848558 0.010527259)            (43.889299 -28.948211 546.41529)              (0.055004589 -0.037074814 0.70675101)         (0.0017643275 -0.0003684487 1.3616556e-05)    (0.056768917 -0.037443263 0.70676463)        
xiaoyi                    (152.30906 -1.6897008 -370.32298)             (0.33247298 -0.065452087 0.019760616)         (152.64154 -1.7551529 -370.30322)             (0.19700521 -0.0021855551 -0.47899682)        (0.00043003948 -8.4659454e-05 2.5559506e-05)  (0.19743525 -0.0022702146 -0.47897126)       
youfuyi                   (-0.67467205 -0.62983944 15.995747)           (0.15529636 -0.066299811 0.025873337)         (-0.5193757 -0.69613925 16.02162)             (-0.00087265923 -0.00081467017 0.02068981)    (0.00020086915 -8.5755949e-05 3.3466046e-05)  (-0.00067179008 -0.00090042612 0.020723276)  
youweiduo                 (-0.90484784 -0.23144487 -0.36015083)         (0.15004823 -0.047301006 0.01851994)          (-0.7547996 -0.27874588 -0.34163089)          (-0.0011703817 -0.00029936397 -0.00046583958) (0.00019408092 -6.1181813e-05 2.3954745e-05)  (-0.00097630076 -0.00036054578 -0.00044188483)
zhongyangyi               (1043.8067 -0.01811246 14292.708)             (2.4616849 -0.31685116 0.23601268)            (1046.2684 -0.33496362 14292.944)             (1.350119 -2.3427687e-05 18.487002)           (0.0031840834 -0.00040983332 0.00030527224)   (1.3533031 -0.000433261 18.487307)           
zuofuyi                   (2.3288897 0.89369461 22.796409)              (0.14778696 -0.069601297 0.03108255)          (2.4766766 0.82409332 22.827492)              (0.0030123184 0.0011559555 0.029486173)       (0.00019115606 -9.0026278e-05 4.0203939e-05)  (0.0032034745 0.0010659292 0.029526377)      
zuoweiduo                 (-0.89181437 -0.82573319 1.4849509)           (0.14409728 -0.035016256 -0.01476143)         (-0.74771709 -0.86074944 1.4701895)           (-0.0011535235 -0.0010680503 0.0019207201)    (0.00018638363 -4.5292018e-05 -1.9093274e-05) (-0.00096713983 -0.0011133423 0.0019016268)  
------------------------- --------------------------------------------- --------------------------------------------- --------------------------------------------- --------------------------------------------- --------------------------------------------- ---------------------------------------------
Net                       (-23.343377 -53.321261 768.57231)             (12.457343 -2.3126196 1.0645918)              (-10.886033 -55.633881 769.6369)              (-0.030193652 -0.068968753 0.99411516)        (0.016113036 -0.0029912738 0.0013770037)      (-0.014080615 -0.071960027 0.99549217)       

Forces - Direction Vector (0.97576488 -0.20791169 0.068232127)
                          Forces [N]                                      Coefficients                                   
Zone                      Pressure        Viscous         Total           Pressure        Viscous         Total          
jidi                      1117.912        8.1539576e-05   1117.9121       1.445971        1.0546793e-07   1.4459711      
jishen                    8013.605        1.2014452       8014.8064       10.365253       0.0015540175    10.366807      
jitou                     -10978.889      1.1610387       -10977.728      -14.200719      0.0015017535    -14.199218     
liangan                   -288.15382      1.1496112       -287.00421      -0.37271455     0.0014869725    -0.37122757    
waiyi                     -28.647414      4.3501493       -24.297264      -0.037054195    0.0056267306    -0.031427464   
weiyi                     84.736459       1.3909259       86.127385       0.10960296      0.0017991027    0.11140206     
xiaoyi                    123.70122       0.33937202      124.04059       0.1600022       0.00043896309   0.16044116     
youfuyi                   0.56405354      0.16708263      0.73113617      0.00072957894   0.00021611418   0.00094569312  
youweiduo                 -0.8593725      0.15750988      -0.70186262     -0.0011115613   0.00020373224   -0.00090782906 
zhongyangyi               1993.7355       2.4840064       1996.2196       2.578811        0.0032129553    2.582024       
zuofuyi                   3.6420867       0.16079708      3.8028837       0.0047108822    0.00020798409   0.0049188663   
zuoweiduo                 -0.5972002      0.14687816      -0.45032205     -0.00077245273  0.00018998056   -0.00058247216 
------------------------- --------------- --------------- --------------- --------------- --------------- ---------------
Net                       40.74979        12.708898       53.458688       0.052708097     0.016438412     0.069146509    
