                                    "Force Report"

Forces
                          Forces [N]                                                                                                                                Coefficients                                                                                                                             
Zone                      Pressure                                      Viscous                                       Total                                         Pressure                                      Viscous                                       Total                                        
jidi                      (1144.9128 5.9202501e-09 0.00043551733)       (9.3569297e-10 -0.0012973088 -0.0012157532)   (1144.9128 -0.0012973029 -0.00078023591)      (1.4808954 7.6575884e-12 5.6332289e-07)       (1.2102785e-12 -1.678013e-06 -1.5725244e-06)  (1.4808954 -1.6780054e-06 -1.0092015e-06)    
jishen                    (9084.0977 2.0422372 -12503.249)              (1.164103 -0.11828017 -0.033927384)           (9085.2618 1.923957 -12503.283)               (11.749889 0.0026415458 -16.172414)           (0.0015057171 -0.0001529903 -4.388361e-05)    (11.751395 0.0024885555 -16.172458)          
jitou                     (-11251.462 -13.474101 7.5802218)             (1.1499295 -0.16849737 0.093558839)           (-11250.312 -13.642598 7.6737806)             (-14.553281 -0.017428169 0.0098046902)        (0.0014873843 -0.00021794408 0.00012101433)   (-14.551794 -0.017646113 0.0099257045)       
liangan                   (-81.058934 -2.0256511 -3075.3368)            (1.1141794 -0.13413188 0.033693347)           (-79.944754 -2.159783 -3075.3031)             (-0.10484624 -0.0026200925 -3.9778157)        (0.0014411431 -0.0001734938 4.3580892e-05)    (-0.10340509 -0.0027935863 -3.9777721)       
waiyi                     (-143.04293 0.050852558 1768.141)             (4.4035509 -0.53448315 0.44701062)            (-138.63938 -0.48363059 1768.588)             (-0.18501987 6.5775592e-05 2.2870142)         (0.0056958033 -0.00069133092 0.00057818898)   (-0.17932407 -0.00062555533 2.2875924)       
weiyi                     (45.030587 -19.851573 534.26761)              (1.4959098 -0.20104631 -0.018992966)          (46.526497 -20.052619 534.24861)              (0.058245124 -0.025677154 0.69105213)         (0.0019348949 -0.00026004474 -2.4566583e-05)  (0.060180019 -0.025937199 0.69102756)        
xiaoyi                    (152.09026 -0.84695064 -370.43776)            (0.32680156 -0.042128333 0.012389973)         (152.41706 -0.88907898 -370.42537)            (0.1967222 -0.0010954942 -0.47914528)         (0.00042270374 -5.4491183e-05 1.6025896e-05)  (0.1971449 -0.0011499853 -0.47912925)        
youfuyi                   (-0.77461801 -0.55348005 14.892354)           (0.16600541 -0.046976064 0.020921461)         (-0.6086126 -0.60045611 14.913276)            (-0.001001935 -0.00071590259 0.019262618)     (0.00021472084 -6.0761515e-05 2.7061009e-05)  (-0.00078721417 -0.00077666411 0.019289679)  
youweiduo                 (-0.9405015 -0.24066787 -0.37697736)          (0.15320512 -0.033452483 0.010943962)         (-0.78729638 -0.27412036 -0.3660334)          (-0.0012164982 -0.00031129352 -0.00048760398) (0.00019816423 -4.3269346e-05 1.4155543e-05)  (-0.0010183339 -0.00035456287 -0.00047344843)
zhongyangyi               (1050.597 -0.0092818259 14252.806)            (2.5606868 -0.23472666 0.17128366)            (1053.1577 -0.24400848 14252.978)             (1.358902 -1.2005642e-05 18.435391)           (0.003312138 -0.00030360882 0.00022154803)    (1.3622141 -0.00031561446 18.435613)         
zuofuyi                   (2.3430728 0.86928289 22.396291)              (0.14539744 -0.047496061 0.031631424)         (2.4884702 0.82178683 22.427922)              (0.0030306637 0.00112438 0.028968637)         (0.00018806532 -6.1434108e-05 4.0913884e-05)  (0.003218729 0.0010629459 0.029009551)       
zuoweiduo                 (-0.92186967 -0.53246206 0.97709442)          (0.15095891 -0.024568158 -0.013539036)        (-0.77091076 -0.55703022 0.96355538)          (-0.0011923987 -0.00068871673 0.0012638295)   (0.00019525885 -3.1777854e-05 -1.7512159e-05) (-0.00099713984 -0.00072049459 0.0012463174) 
------------------------- --------------------------------------------- --------------------------------------------- --------------------------------------------- --------------------------------------------- --------------------------------------------- ---------------------------------------------
Net                       (0.87084347 -34.571795 651.66057)             (12.830728 -1.5870839 0.75375815)             (13.701571 -36.158879 652.41433)              (0.0011263985 -0.044717127 0.84289487)        (0.016595994 -0.0020528247 0.00097495368)     (0.017722392 -0.046769952 0.84386982)        

Forces - Direction Vector (0.98966482 -0.1391731 0.034559857)
                          Forces [N]                                      Coefficients                                   
Zone                      Pressure        Viscous         Total           Pressure        Viscous         Total          
jidi                      1133.08         0.00013853516   1133.0801       1.4655901       1.7918925e-07   1.4655903      
jishen                    8557.8173       1.1673607       8558.9846       11.069168       0.0015099308    11.070678      
jitou                     -11133.039      1.1647285       -11131.874      -14.400106      0.0015065261    -14.398599     
liangan                   -186.22246      1.1224962       -185.09996      -0.24087073     0.0014519004    -0.23941883    
waiyi                     -80.464935      4.4478737       -76.017061      -0.10407793     0.005753133     -0.098324793   
weiyi                     65.792205       1.5077731       67.299979       0.085099383     0.0019502396    0.087049622    
xiaoyi                    137.83398       0.32971534      138.16369       0.17828231      0.00042647258   0.17870879     
youfuyi                   -0.17490503     0.17155056      -0.0033544753   -0.00022623212  0.00022189325   -4.3388693e-06 
youweiduo                 -0.91031504     0.15665563      -0.75365941     -0.0011774533   0.00020262731   -0.00097482597 
zhongyangyi               1532.3152       2.5728088       1534.888        1.9819836       0.0033278173    1.9853115      
zuofuyi                   2.9718885       0.15159808      3.1234866       0.0038440097    0.00019608559   0.0040400953   
zuoweiduo                 -0.80446934     0.15235004      -0.6521193      -0.0010405464   0.00019705822   -0.00084348821 
------------------------- --------------- --------------- --------------- --------------- --------------- ---------------
Net                       28.194603       12.945049       41.139653       0.036468504     0.016743863     0.053212368    
