                                    "Force Report"

Moments - Moment Center (0 0 0.05)
                          Moments [N m]                                                                                                                             Coefficients                                                                                                                             
Zone                      Pressure                                      Viscous                                       Total                                         Pressure                                      Viscous                                       Total                                        
jidi                      (-1.1748073e-08 -22.91647 0.0061157518)       (-0.00018627653 -0.00049016484 -0.0019006772) (-0.00018628828 -22.91696 0.0042150746)       (-4.1666099e-11 -0.081276301 2.1690325e-05)   (-6.6065444e-07 -1.7384346e-06 -6.741004e-06) (-6.6069611e-07 -0.08127804 1.4949321e-05)   
jishen                    (0.068490161 -229.40867 2.6087373)            (-0.030661042 -0.064990172 -0.0057940992)     (0.037829119 -229.47366 2.6029432)            (0.00024290944 -0.81362827 0.009252233)       (-0.00010874345 -0.00023049627 -2.0549542e-05) (0.00013416599 -0.81385877 0.0092316834)     
jitou                     (-1.2515309 548.10605 12.365716)              (-0.013974078 0.062203023 0.16066715)         (-1.265505 548.16826 12.526383)               (-0.0044387204 1.9439309 0.043856651)         (-4.9560923e-05 0.00022061128 0.00056982736)  (-0.0044882814 1.9441515 0.044426478)        
liangan                   (0.86678086 650.34113 -1.517419)              (0.019467643 0.13770043 -0.035676903)         (0.8862485 650.47883 -1.5530959)              (0.0030741533 2.3065211 -0.005381728)         (6.9044579e-05 0.00048837286 -0.00012653287)  (0.0031431979 2.3070095 -0.0055082608)       
waiyi                     (-7.8869879 -45.391441 -3.1904397)            (0.070496194 0.61329605 -0.099660383)         (-7.8164917 -44.778145 -3.2901001)            (-0.027972249 -0.16098677 -0.011315318)       (0.00025002411 0.0021751358 -0.00035345877)   (-0.027722225 -0.15881163 -0.011668776)      
weiyi                     (-10.504209 -706.70459 -36.025732)            (0.097527875 0.36126944 -0.39220657)          (-10.406681 -706.34332 -36.417939)            (-0.037254572 -2.5064216 -0.12777004)         (0.00034589555 0.00128129 -0.0013910126)      (-0.036908676 -2.5051403 -0.12916105)        
xiaoyi                    (12.605598 55.997085 -1.0169798)              (0.10798853 0.039204735 -0.030154637)         (12.713586 56.036289 -1.0471344)              (0.044707425 0.19860109 -0.0036068537)        (0.00038299566 0.0001390448 -0.00010694742)   (0.045090421 0.19874014 -0.0037138011)       
youfuyi                   (21.186923 -3.0628432 0.51820884)             (0.044895042 0.011568354 -0.18782246)         (21.231818 -3.0512748 0.33038638)             (0.075142233 -0.01086278 0.0018378964)        (0.00015922623 4.1028703e-05 -0.00066613727)  (0.07530146 -0.010821751 0.0011717591)       
youweiduo                 (-0.05330613 -0.19629513 0.24700473)          (0.022079961 0.012195998 -0.12219371)         (-0.03122617 -0.18409913 0.12481102)          (-0.00018905726 -0.00069618671 0.00087603504) (7.830951e-05 4.3254726e-05 -0.0004333762)    (-0.00011074775 -0.00065293199 0.00044265885)
zhongyangyi               (7.1324083 -276.3755 1.5076182)               (0.037436142 0.34501159 -0.0025971883)        (7.1698444 -276.03049 1.5050211)              (0.025296032 -0.98020237 0.0053469682)        (0.00013277225 0.0012236294 -9.2112728e-06)   (0.025428805 -0.97897874 0.0053377569)       
zuofuyi                   (-27.230436 -3.6392806 2.8843133)             (-0.027732576 0.012148904 0.16383516)         (-27.258169 -3.6271317 3.0481484)             (-0.096576355 -0.012907192 0.0102296)         (-9.835726e-05 4.3087701e-05 0.00058106313)   (-0.096674712 -0.012864104 0.010810663)      
zuoweiduo                 (-0.38588027 -2.8639954 -1.7909389)           (0.014232556 0.057580055 0.0038604528)        (-0.37164772 -2.8064153 -1.7870784)           (-0.0013685756 -0.01015754 -0.0063518023)     (5.0477647e-05 0.00020421531 1.3691608e-05)   (-0.0013180979 -0.0099533244 -0.0063381107)  
------------------------- --------------------------------------------- --------------------------------------------- --------------------------------------------- --------------------------------------------- --------------------------------------------- ---------------------------------------------
Net                       (-5.4521505 -36.114804 -23.403796)            (0.34156997 1.5866982 -0.54964386)            (-5.1105806 -34.528105 -23.95344)             (-0.019336775 -0.12808594 -0.083004667)       (0.0012114232 0.0056274359 -0.0019493849)     (-0.018125352 -0.12245851 -0.084954052)      

Moments - Moment Center (0 0 0.05) Moment Axis (0 1 0)
                          Moments [N m]                                   Coefficients                                   
Zone                      Pressure        Viscous         Total           Pressure        Viscous         Total          
jidi                      -22.91647       -0.00049016484  -22.91696       -0.081276301    -1.7384346e-06  -0.08127804    
jishen                    -229.40867      -0.064990172    -229.47366      -0.81362827     -0.00023049627  -0.81385877    
jitou                     548.10605       0.062203023     548.16826       1.9439309       0.00022061128   1.9441515      
liangan                   650.34113       0.13770043      650.47883       2.3065211       0.00048837286   2.3070095      
waiyi                     -45.391441      0.61329605      -44.778145      -0.16098677     0.0021751358    -0.15881163    
weiyi                     -706.70459      0.36126944      -706.34332      -2.5064216      0.00128129      -2.5051403     
xiaoyi                    55.997085       0.039204735     56.036289       0.19860109      0.0001390448    0.19874014     
youfuyi                   -3.0628432      0.011568354     -3.0512748      -0.01086278     4.1028703e-05   -0.010821751   
youweiduo                 -0.19629513     0.012195998     -0.18409913     -0.00069618671  4.3254726e-05   -0.00065293199 
zhongyangyi               -276.3755       0.34501159      -276.03049      -0.98020237     0.0012236294    -0.97897874    
zuofuyi                   -3.6392806      0.012148904     -3.6271317      -0.012907192    4.3087701e-05   -0.012864104   
zuoweiduo                 -2.8639954      0.057580055     -2.8064153      -0.01015754     0.00020421531   -0.0099533244  
------------------------- --------------- --------------- --------------- --------------- --------------- ---------------
Net                       -36.114804      1.5866982       -34.528105      -0.12808594     0.0056274359    -0.12245851    
                                    "Force Report"

Moments - Moment Center (0 0 0.05)
                          Moments [N m]                                                                                                                             Coefficients                                                                                                                             
Zone                      Pressure                                      Viscous                                       Total                                         Pressure                                      Viscous                                       Total                                        
jidi                      (-1.1007693e-08 -22.915826 0.0059199822)      (-0.00018578777 -0.00043909829 -0.001912622)  (-0.00018579878 -22.916265 0.0040073602)      (-3.9040245e-11 -0.081274017 2.0996003e-05)   (-6.58921e-07 -1.5573204e-06 -6.7833677e-06)  (-6.5896004e-07 -0.081275575 1.4212635e-05)  
jishen                    (0.068683745 -229.40905 2.6192723)            (-0.030650252 -0.065003708 -0.0059548841)     (0.038033492 -229.47405 2.6133174)            (0.00024359601 -0.81362963 0.0092895967)      (-0.00010870519 -0.00023054428 -2.1119786e-05) (0.00013489083 -0.81386018 0.0092684769)     
jitou                     (-1.251504 548.10257 12.365537)               (-0.013973892 0.062165896 0.16066447)         (-1.2654779 548.16474 12.526202)              (-0.0044386251 1.9439185 0.043856019)         (-4.9560264e-05 0.0002204796 0.00056981785)   (-0.0044881854 1.944139 0.044425837)         
liangan                   (0.86455428 650.28544 -1.4987967)             (0.019745095 0.13624771 -0.034007514)         (0.88429937 650.42169 -1.5328042)             (0.0030662565 2.3063236 -0.0053156815)        (7.0028599e-05 0.00048322057 -0.00012061216)  (0.0031362851 2.3068068 -0.0054362936)       
waiyi                     (-8.2849915 -45.397074 -3.1663542)            (0.070058105 0.61300169 -0.097832553)         (-8.2149334 -44.784072 -3.2641867)            (-0.029383822 -0.16100675 -0.011229895)       (0.00024847037 0.0021740918 -0.00034697613)   (-0.029135351 -0.15883265 -0.011576871)      
weiyi                     (-10.476344 -706.7171 -36.002617)             (0.09756876 0.36063062 -0.38984595)           (-10.378776 -706.35647 -36.392463)            (-0.037155745 -2.506466 -0.12768806)          (0.00034604055 0.0012790243 -0.0013826404)    (-0.036809705 -2.505187 -0.1290707)          
xiaoyi                    (12.603906 55.997116 -1.0161284)              (0.1079836 0.039207312 -0.030068819)          (12.71189 56.036324 -1.0461972)               (0.044701426 0.1986012 -0.0036038341)         (0.00038297817 0.00013905394 -0.00010664306)  (0.045084404 0.19874026 -0.0037104772)       
youfuyi                   (21.115536 -3.0496398 0.49221888)             (0.044568595 0.011610609 -0.18791452)         (21.160104 -3.0380292 0.30430437)             (0.07488905 -0.010815952 0.0017457196)        (0.00015806844 4.1178566e-05 -0.00066646376)  (0.075047118 -0.010774774 0.0010792558)      
youweiduo                 (-0.051609177 -0.20155771 0.24719323)         (0.022096801 0.012019501 -0.12157306)         (-0.029512375 -0.18953821 0.12562017)         (-0.00018303879 -0.00071485118 0.00087670361) (7.8369238e-05 4.2628756e-05 -0.00043117501)  (-0.00010466956 -0.00067222242 0.0004455286) 
zhongyangyi               (7.0344809 -276.37974 1.5046174)              (0.037552634 0.34484283 -0.0024095254)        (7.0720335 -276.03489 1.5022078)              (0.02494872 -0.98021741 0.0053363252)         (0.0001331854 0.0012230309 -8.5457015e-06)    (0.025081905 -0.97899438 0.0053277795)       
zuofuyi                   (-27.281503 -3.6477469 2.8903461)             (-0.027798949 0.012132689 0.16377439)         (-27.309302 -3.6356142 3.0541205)             (-0.096757469 -0.012937219 0.010250996)       (-9.8592661e-05 4.3030192e-05 0.00058084762)  (-0.096856062 -0.012894188 0.010831843)      
zuoweiduo                 (-0.38667054 -2.8689078 -1.7940284)           (0.014243132 0.057583876 0.003782999)         (-0.3724274 -2.8113239 -1.7902454)            (-0.0013713784 -0.010174962 -0.0063627597)    (5.0515157e-05 0.00020422886 1.3416908e-05)   (-0.0013208632 -0.0099707333 -0.0063493428)  
------------------------- --------------------------------------------- --------------------------------------------- --------------------------------------------- --------------------------------------------- --------------------------------------------- ---------------------------------------------
Net                       (-6.0454613 -36.201509 -23.352819)            (0.34120784 1.5839999 -0.54329759)            (-5.7042535 -34.617509 -23.896117)            (-0.021441031 -0.12839346 -0.082823872)       (0.0012101389 0.0056178659 -0.001926877)      (-0.020230892 -0.12277559 -0.084750749)      

Moments - Moment Center (0 0 0.05) Moment Axis (0 1 0)
                          Moments [N m]                                   Coefficients                                   
Zone                      Pressure        Viscous         Total           Pressure        Viscous         Total          
jidi                      -22.915826      -0.00043909829  -22.916265      -0.081274017    -1.5573204e-06  -0.081275575   
jishen                    -229.40905      -0.065003708    -229.47405      -0.81362963     -0.00023054428  -0.81386018    
jitou                     548.10257       0.062165896     548.16474       1.9439185       0.0002204796    1.944139       
liangan                   650.28544       0.13624771      650.42169       2.3063236       0.00048322057   2.3068068      
waiyi                     -45.397074      0.61300169      -44.784072      -0.16100675     0.0021740918    -0.15883265    
weiyi                     -706.7171       0.36063062      -706.35647      -2.506466       0.0012790243    -2.505187      
xiaoyi                    55.997116       0.039207312     56.036324       0.1986012       0.00013905394   0.19874026     
youfuyi                   -3.0496398      0.011610609     -3.0380292      -0.010815952    4.1178566e-05   -0.010774774   
youweiduo                 -0.20155771     0.012019501     -0.18953821     -0.00071485118  4.2628756e-05   -0.00067222242 
zhongyangyi               -276.37974      0.34484283      -276.03489      -0.98021741     0.0012230309    -0.97899438    
zuofuyi                   -3.6477469      0.012132689     -3.6356142      -0.012937219    4.3030192e-05   -0.012894188   
zuoweiduo                 -2.8689078      0.057583876     -2.8113239      -0.010174962    0.00020422886   -0.0099707333  
------------------------- --------------- --------------- --------------- --------------- --------------- ---------------
Net                       -36.201509      1.5839999       -34.617509      -0.12839346     0.0056178659    -0.12277559    
