                                    "Force Report"

Moments - Moment Center (0 0 0.05)
                          Moments [N m]                                                                                                                             Coefficients                                                                                                                             
Zone                      Pressure                                      Viscous                                       Total                                         Pressure                                      Viscous                                       Total                                        
jidi                      (-7.9539057e-09 -22.897172 0.0035424781)      (-4.847848e-05 0.00023703163 -0.0011083924)   (-4.8486434e-05 -22.896935 0.0024340857)      (-2.8209582e-11 -0.081207861 1.2563869e-05)   (-1.7193536e-07 8.4066414e-07 -3.9310606e-06) (-1.7196357e-07 -0.08120702 8.632808e-06)    
jishen                    (0.29622081 -231.59808 2.3046078)             (-0.02533303 -0.07952897 -0.010354342)        (0.27088778 -231.67761 2.2942535)             (0.0010505864 -0.82139331 0.0081735975)       (-8.9846951e-05 -0.00028206004 -3.6723047e-05) (0.00096073946 -0.82167537 0.0081368744)     
jitou                     (-0.86649543 538.70112 8.5087035)             (-0.0094120323 -0.037545326 0.10700482)       (-0.87590746 538.66357 8.6157083)             (-0.003073141 1.910575 0.030177246)           (-3.3381021e-05 -0.00013315948 0.00037950678) (-0.003106522 1.9104418 0.030556753)         
liangan                   (0.13389846 646.89322 -0.32046362)            (0.007153326 0.12297444 -0.015794887)         (0.14105179 647.01619 -0.33625851)            (0.00047488867 2.2942926 -0.0011365667)       (2.537022e-05 0.00043614516 -5.6018663e-05)   (0.00050025889 2.2947288 -0.0011925854)      
waiyi                     (-19.078645 -47.557246 -0.25881311)           (0.032621567 0.63593929 -0.021886769)         (-19.046023 -46.921307 -0.28069988)           (-0.067664946 -0.16866808 -0.00091791503)     (0.00011569672 0.0022554431 -7.7624332e-05)   (-0.067549249 -0.16641264 -0.00099553936)    
weiyi                     (-7.5287068 -658.62256 -24.00713)             (0.068469769 0.51299679 -0.24707741)          (-7.460237 -658.10956 -24.254207)             (-0.026701558 -2.3358923 -0.085144471)        (0.00024283712 0.0018194112 -0.00087629282)   (-0.026458721 -2.3340729 -0.086020763)       
xiaoyi                    (3.9880322 55.940109 -0.46274043)             (0.044668557 0.040014667 -0.028767414)        (4.0327007 55.980124 -0.49150785)             (0.014144085 0.19839902 -0.0016411703)        (0.00015842296 0.00014191733 -0.00010202745)  (0.014302508 0.19854094 -0.0017431978)       
youfuyi                   (16.182424 -2.3403275 0.93852991)             (0.021516148 0.018080566 -0.21964079)         (16.20394 -2.322247 0.71888912)               (0.057393113 -0.0083002821 0.0033286209)      (7.6309875e-05 6.4125126e-05 -0.00077898521)  (0.057469423 -0.008236157 0.0025496357)      
youweiduo                 (-0.13376113 0.70929477 -0.24854712)          (0.012275011 0.032289546 -0.10190775)         (-0.12148612 0.74158432 -0.35045487)          (-0.0004744016 0.002515608 -0.00088150535)    (4.3534957e-05 0.00011451916 -0.00036142935)  (-0.00043086664 0.0026301272 -0.0012429347)  
zhongyangyi               (4.8584573 -282.33278 0.2390677)              (0.035439869 0.34630707 -0.017241567)         (4.8938972 -281.98647 0.22182614)             (0.017231164 -1.0013307 0.00084788533)        (0.0001256922 0.001228224 -6.1149505e-05)     (0.017356856 -1.0001025 0.00078673583)       
zuofuyi                   (-25.571365 -3.3453757 2.6562889)             (-0.032170114 0.011801744 0.16346439)         (-25.603535 -3.333574 2.8197533)              (-0.090692238 -0.011864819 0.009420881)       (-0.00011409558 4.1856449e-05 0.00057974817)  (-0.090806333 -0.011822962 0.010000629)      
zuoweiduo                 (-0.17142012 -1.1923913 -0.8151118)           (0.013567185 0.066908333 0.019597605)         (-0.15785294 -1.125483 -0.79551419)           (-0.00060796421 -0.0042289739 -0.0028909022)  (4.8117822e-05 0.00023729928 6.9505508e-05)   (-0.00055984638 -0.0039916747 -0.0028213966) 
------------------------- --------------------------------------------- --------------------------------------------- --------------------------------------------- --------------------------------------------- --------------------------------------------- ---------------------------------------------
Net                       (-27.891361 -7.6421929 -11.462065)            (0.16874778 1.6704752 -0.3737125)             (-27.722613 -5.9717177 -11.835778)            (-0.098920411 -0.027104051 -0.040651736)      (0.00059848639 0.0059245619 -0.001325421)     (-0.098321925 -0.021179489 -0.041977157)     

Moments - Moment Center (0 0 0.05) Moment Axis (0 1 0)
                          Moments [N m]                                   Coefficients                                   
Zone                      Pressure        Viscous         Total           Pressure        Viscous         Total          
jidi                      -22.897172      0.00023703163   -22.896935      -0.081207861    8.4066414e-07   -0.08120702    
jishen                    -231.59808      -0.07952897     -231.67761      -0.82139331     -0.00028206004  -0.82167537    
jitou                     538.70112       -0.037545326    538.66357       1.910575        -0.00013315948  1.9104418      
liangan                   646.89322       0.12297444      647.01619       2.2942926       0.00043614516   2.2947288      
waiyi                     -47.557246      0.63593929      -46.921307      -0.16866808     0.0022554431    -0.16641264    
weiyi                     -658.62256      0.51299679      -658.10956      -2.3358923      0.0018194112    -2.3340729     
xiaoyi                    55.940109       0.040014667     55.980124       0.19839902      0.00014191733   0.19854094     
youfuyi                   -2.3403275      0.018080566     -2.322247       -0.0083002821   6.4125126e-05   -0.008236157   
youweiduo                 0.70929477      0.032289546     0.74158432      0.002515608     0.00011451916   0.0026301272   
zhongyangyi               -282.33278      0.34630707      -281.98647      -1.0013307      0.001228224     -1.0001025     
zuofuyi                   -3.3453757      0.011801744     -3.333574       -0.011864819    4.1856449e-05   -0.011822962   
zuoweiduo                 -1.1923913      0.066908333     -1.125483       -0.0042289739   0.00023729928   -0.0039916747  
------------------------- --------------- --------------- --------------- --------------- --------------- ---------------
Net                       -7.6421929      1.6704752       -5.9717177      -0.027104051    0.0059245619    -0.021179489   
