                                    "Force Report"

Moments - Moment Center (0 0 0.05)
                          Moments [N m]                                                                                                                             Coefficients                                                                                                                             
Zone                      Pressure                                      Viscous                                       Total                                         Pressure                                      Viscous                                       Total                                        
jidi                      (3.3766998e-09 -22.883474 0.0052207399)       (-0.00012610562 0.00069302431 -0.0012238748)  (-0.00012610224 -22.882781 0.0039968651)      (1.1975914e-11 -0.081159276 1.8516047e-05)    (-4.472503e-07 2.4579027e-06 -4.3406344e-06)  (-4.4723833e-07 -0.081156818 1.4175412e-05)  
jishen                    (0.41263726 -232.50314 2.7315526)             (-0.026196874 -0.089352923 -0.010241076)      (0.38644038 -232.59249 2.7213115)             (0.0014634728 -0.82460323 0.0096878136)       (-9.2910691e-05 -0.000316902 -3.6321336e-05)  (0.0013705621 -0.82492013 0.0096514923)      
jitou                     (-0.88012269 532.11584 8.619676)              (-0.0095850941 -0.10778684 0.10736397)        (-0.88970779 532.00805 8.72704)               (-0.0031214719 1.8872194 0.030570825)         (-3.3994808e-05 -0.00038228033 0.00038078056) (-0.0031554667 1.8868371 0.030951605)        
liangan                   (-0.18473743 645.4426 -0.21920288)            (0.0065287879 0.12365383 -0.0057381433)       (-0.17820864 645.56626 -0.22494102)           (-0.00065519579 2.2891478 -0.00077743209)     (2.3155213e-05 0.00043855473 -2.0351087e-05)  (-0.00063204058 2.2895864 -0.00079778318)    
waiyi                     (-21.77967 -51.82119 1.3498779)               (0.033386502 0.5522125 -0.039456981)          (-21.746284 -51.268977 1.310421)              (-0.077244491 -0.18379073 0.0047875213)       (0.00011840966 0.0019584949 -0.00013993942)   (-0.077126082 -0.18183223 0.0046475818)      
weiyi                     (-7.5784052 -626.36543 -23.100799)            (0.069935669 0.57555143 -0.21377433)          (-7.5084695 -625.78988 -23.314574)            (-0.02687782 -2.2214881 -0.081930051)         (0.00024803613 0.0020412695 -0.00075817902)   (-0.026629783 -2.2194469 -0.08268823)        
xiaoyi                    (0.77854598 55.922446 -0.53814481)            (0.021111356 0.041970307 -0.025986668)        (0.79965733 55.964416 -0.56413147)            (0.0027612166 0.19833637 -0.001908602)        (7.4874225e-05 0.00014885326 -9.2165165e-05)  (0.0028360908 0.19848523 -0.0020007671)      
youfuyi                   (12.576124 -1.8350111 0.99166633)             (0.0050451461 0.021379245 -0.23094012)        (12.581169 -1.8136319 0.76072621)             (0.044602892 -0.0065081105 0.0035170762)      (1.789328e-05 7.5824328e-05 -0.00081905976)   (0.044620785 -0.0064322862 0.0026980165)     
youweiduo                 (-0.25532663 1.6904677 -0.80321678)           (0.0089670804 0.040754521 -0.096875876)       (-0.24635955 1.7312222 -0.90009265)           (-0.00090554979 0.0059954679 -0.0028487149)   (3.1802941e-05 0.00014454132 -0.00034358315)  (-0.00087374685 0.0061400092 -0.003192298)   
zhongyangyi               (4.9650126 -289.42124 -0.48786132)            (0.039373961 0.30135448 -0.022166013)         (5.0043865 -289.11988 -0.51002733)            (0.017609076 -1.0264708 -0.0017302649)        (0.00013964498 0.0010687936 -7.8614706e-05)   (0.017748721 -1.025402 -0.0018088796)        
zuofuyi                   (-22.871614 -2.9575956 2.1643791)             (-0.027217927 0.012249842 0.15854333)         (-22.898832 -2.9453457 2.3229224)             (-0.081117215 -0.010489505 0.0076762575)      (-9.6531991e-05 4.344569e-05 0.00056229497)   (-0.081213747 -0.010446059 0.0082385525)     
zuoweiduo                 (-0.10974514 -0.33236349 -0.29785044)         (0.016683407 0.075588798 0.015432611)         (-0.093061738 -0.25677469 -0.28241783)        (-0.00038922572 -0.0011787712 -0.0010563661)  (5.9169916e-05 0.0002680857 5.4733804e-05)    (-0.0003300558 -0.00091068551 -0.0010016323) 
------------------------- --------------------------------------------- --------------------------------------------- --------------------------------------------- --------------------------------------------- --------------------------------------------- ---------------------------------------------
Net                       (-34.927302 7.0519132 -9.5847031)             (0.13790591 1.5482682 -0.36506316)            (-34.789396 8.6001814 -9.9497662)             (-0.12387431 0.025010546 -0.033993421)        (0.0004891016 0.0054911387 -0.0012947449)     (-0.12338521 0.030501685 -0.035288166)       

Moments - Moment Center (0 0 0.05) Moment Axis (0 1 0)
                          Moments [N m]                                   Coefficients                                   
Zone                      Pressure        Viscous         Total           Pressure        Viscous         Total          
jidi                      -22.883474      0.00069302431   -22.882781      -0.081159276    2.4579027e-06   -0.081156818   
jishen                    -232.50314      -0.089352923    -232.59249      -0.82460323     -0.000316902    -0.82492013    
jitou                     532.11584       -0.10778684     532.00805       1.8872194       -0.00038228033  1.8868371      
liangan                   645.4426        0.12365383      645.56626       2.2891478       0.00043855473   2.2895864      
waiyi                     -51.82119       0.5522125       -51.268977      -0.18379073     0.0019584949    -0.18183223    
weiyi                     -626.36543      0.57555143      -625.78988      -2.2214881      0.0020412695    -2.2194469     
xiaoyi                    55.922446       0.041970307     55.964416       0.19833637      0.00014885326   0.19848523     
youfuyi                   -1.8350111      0.021379245     -1.8136319      -0.0065081105   7.5824328e-05   -0.0064322862  
youweiduo                 1.6904677       0.040754521     1.7312222       0.0059954679    0.00014454132   0.0061400092   
zhongyangyi               -289.42124      0.30135448      -289.11988      -1.0264708      0.0010687936    -1.025402      
zuofuyi                   -2.9575956      0.012249842     -2.9453457      -0.010489505    4.344569e-05    -0.010446059   
zuoweiduo                 -0.33236349     0.075588798     -0.25677469     -0.0011787712   0.0002680857    -0.00091068551 
------------------------- --------------- --------------- --------------- --------------- --------------- ---------------
Net                       7.0519132       1.5482682       8.6001814       0.025010546     0.0054911387    0.030501685    
