                                    "Force Report"

Moments - Moment Center (0 0 0.05)
                          Moments [N m]                                                                                                                             Coefficients                                                                                                                             
Zone                      Pressure                                      Viscous                                       Total                                         Pressure                                      Viscous                                       Total                                        
jidi                      (1.4362344e-08 -22.941513 0.011614526)        (-5.1936191e-05 -0.004034998 0.0023020852)    (-5.1921828e-05 -22.945548 0.013916611)       (5.093796e-11 -0.08136512 4.1192458e-05)      (-1.8419859e-07 -1.4310656e-05 8.1646507e-06) (-1.8414765e-07 -0.081379431 4.9357109e-05)  
jishen                    (-0.43718621 -232.46558 2.9684261)            (-0.024594625 -0.097849073 0.017592264)       (-0.46178084 -232.56343 2.9860184)            (-0.0015505389 -0.82447001 0.010527917)       (-8.7228103e-05 -0.00034703472 6.2393299e-05) (-0.001637767 -0.82481705 0.010590311)       
jitou                     (-1.3020966 555.44732 12.872823)              (-0.01446664 0.16459836 0.16437579)           (-1.3165632 555.61192 13.037199)              (-0.0046180583 1.9699676 0.045655174)         (-5.1307858e-05 0.00058376993 0.00058298055)  (-0.0046693662 1.9705514 0.046238154)        
liangan                   (-0.21884557 650.2968 -2.4811075)             (0.0040027795 0.12556685 -0.0027741852)       (-0.21484279 650.42236 -2.4838817)            (-0.00077616486 2.3063639 -0.0087995771)      (1.4196389e-05 0.00044533948 -9.839016e-06)   (-0.00076196847 2.3068092 -0.0088094161)     
waiyi                     (11.447629 -47.048477 -1.5882862)             (0.1240664 0.42720742 -0.12851962)            (11.571695 -46.621269 -1.7168059)             (0.040600535 -0.16686367 -0.0056330679)       (0.00044001796 0.0015151478 -0.00045581188)   (0.041040553 -0.16534852 -0.0060888798)      
weiyi                     (-8.6572392 -739.82586 -19.034001)            (0.064368708 0.11769065 -0.2970523)           (-8.5928705 -739.70817 -19.331053)            (-0.030704048 -2.6238906 -0.067506611)        (0.00022829216 0.00041740552 -0.0010535354)   (-0.030475755 -2.6234732 -0.068560146)       
xiaoyi                    (20.201513 55.694677 -1.6273279)              (0.13678817 0.032192347 0.01355066)           (20.338301 55.726869 -1.6137772)              (0.071647346 0.19752856 -0.0057715342)        (0.00048513739 0.00011417443 4.8059212e-05)   (0.072132483 0.19764274 -0.005723475)        
youfuyi                   (30.4891 -4.2783786 -0.54092091)              (0.062492696 0.0081377615 -0.17006497)        (30.551593 -4.2702408 -0.71098588)            (0.10813364 -0.015173837 -0.0019184478)       (0.00022163864 2.8861651e-05 -0.00060315797)  (0.10835528 -0.015144976 -0.0025216058)      
youweiduo                 (0.090517852 -2.6831072 1.6187523)            (0.020218765 0.0040899277 -0.10770068)        (0.11073662 -2.6790173 1.5110516)             (0.00032103357 -0.0095159959 0.0057411197)    (7.1708533e-05 1.4505471e-05 -0.00038197477)  (0.00039274211 -0.0095014904 0.005359145)    
zhongyangyi               (-9.6131629 -276.73198 -2.2740669)            (-0.0068317544 0.26174277 -0.0025698248)      (-9.6199946 -276.47023 -2.2766368)            (-0.034094358 -0.98146668 -0.0080652801)      (-2.4229723e-05 0.00092830548 -9.1142246e-06) (-0.034118587 -0.98053837 -0.0080743944)     
zuofuyi                   (-34.783905 -4.7036154 3.2040832)             (-0.032188066 0.010291772 0.14655799)         (-34.816093 -4.6933236 3.3506412)             (-0.12336574 -0.016681996 0.011363706)        (-0.00011415925 3.6501134e-05 0.00051978737)  (-0.12347989 -0.016645495 0.011883494)       
zuoweiduo                 (-0.43608526 -6.589848 -3.8143782)            (0.0066795807 0.024314011 0.014065863)        (-0.42940568 -6.565534 -3.8003124)            (-0.0015466342 -0.02337177 -0.013528199)      (2.3690019e-05 8.6232866e-05 4.988645e-05)    (-0.0015229442 -0.023285538 -0.013478312)    
------------------------- --------------------------------------------- --------------------------------------------- --------------------------------------------- --------------------------------------------- --------------------------------------------- ---------------------------------------------
Net                       (6.7802389 -75.829562 -10.68439)              (0.34048408 1.0739478 -0.35023693)            (7.1207229 -74.755614 -11.034627)             (0.024047017 -0.2689396 -0.037893607)         (0.001207572 0.0038088984 -0.0012421617)      (0.025254589 -0.2651307 -0.039135768)        

Moments - Moment Center (0 0 0.05) Moment Axis (0 1 0)
                          Moments [N m]                                   Coefficients                                   
Zone                      Pressure        Viscous         Total           Pressure        Viscous         Total          
jidi                      -22.941513      -0.004034998    -22.945548      -0.08136512     -1.4310656e-05  -0.081379431   
jishen                    -232.46558      -0.097849073    -232.56343      -0.82447001     -0.00034703472  -0.82481705    
jitou                     555.44732       0.16459836      555.61192       1.9699676       0.00058376993   1.9705514      
liangan                   650.2968        0.12556685      650.42236       2.3063639       0.00044533948   2.3068092      
waiyi                     -47.048477      0.42720742      -46.621269      -0.16686367     0.0015151478    -0.16534852    
weiyi                     -739.82586      0.11769065      -739.70817      -2.6238906      0.00041740552   -2.6234732     
xiaoyi                    55.694677       0.032192347     55.726869       0.19752856      0.00011417443   0.19764274     
youfuyi                   -4.2783786      0.0081377615    -4.2702408      -0.015173837    2.8861651e-05   -0.015144976   
youweiduo                 -2.6831072      0.0040899277    -2.6790173      -0.0095159959   1.4505471e-05   -0.0095014904  
zhongyangyi               -276.73198      0.26174277      -276.47023      -0.98146668     0.00092830548   -0.98053837    
zuofuyi                   -4.7036154      0.010291772     -4.6933236      -0.016681996    3.6501134e-05   -0.016645495   
zuoweiduo                 -6.589848       0.024314011     -6.565534       -0.02337177     8.6232866e-05   -0.023285538   
------------------------- --------------- --------------- --------------- --------------- --------------- ---------------
Net                       -75.829562      1.0739478       -74.755614      -0.2689396      0.0038088984    -0.2651307     
