                                    "Force Report"

Forces
                          Forces [N]                                                                                                                                Coefficients                                                                                                                             
Zone                      Pressure                                      Viscous                                       Total                                         Pressure                                      Viscous                                       Total                                        
jidi                      (1145.4148 7.3002286e-08 0.00043616187)       (1.2243907e-09 -0.002401309 -0.00015418962)   (1145.4148 -0.002401236 0.00028197225)        (1.4815446 9.442531e-11 5.6415658e-07)        (1.5836966e-12 -3.1059897e-06 -1.9943762e-07) (1.4815446 -3.1058952e-06 3.6471896e-07)     
jishen                    (9086.2598 0.90418765 -12510.225)             (1.2216245 -0.176939 -0.063933936)            (9087.4814 0.72724865 -12510.289)             (11.752685 0.0011695278 -16.181437)           (0.0015801186 -0.00022886297 -8.2695791e-05)  (11.754266 0.00094066478 -16.18152)          
jitou                     (-11253.74 -20.227415 6.6960305)              (1.1342421 -0.25449429 0.088865442)           (-11252.605 -20.481909 6.784896)              (-14.556227 -0.026163289 0.0086610269)        (0.0014670933 -0.00032917739 0.00011494362)   (-14.55476 -0.026492467 0.0087759705)        
liangan                   (-81.094997 -2.6904797 -3077.7412)            (1.1985087 -0.19269965 0.0017098584)          (-79.896488 -2.8831794 -3077.7394)            (-0.10489288 -0.0034800196 -3.9809256)        (0.0015502194 -0.0002492487 2.2116281e-06)    (-0.10334266 -0.0037292683 -3.9809233)       
waiyi                     (-142.09208 -0.74280785 1716.3843)            (4.2876154 -0.77697423 0.38613181)            (-137.80446 -1.5197821 1716.7704)             (-0.18378998 -0.00096078994 2.2200691)        (0.0055458457 -0.0010049827 0.00049944486)    (-0.17824413 -0.0019657726 2.2205685)        
weiyi                     (43.044239 -27.775957 530.46306)              (1.4072164 -0.28250971 -0.021714481)          (44.451455 -28.058467 530.44134)              (0.055675868 -0.035927004 0.6861311)          (0.0018201738 -0.00036541414 -2.8086746e-05)  (0.057496042 -0.036292418 0.68610302)        
xiaoyi                    (151.89517 -1.3422082 -371.0437)              (0.321774 -0.062200754 0.006727053)           (152.21694 -1.4044089 -371.03697)             (0.19646985 -0.0017360884 -0.47992903)        (0.00041620081 -8.0453995e-05 8.7011532e-06)  (0.19688605 -0.0018165424 -0.47992033)       
youfuyi                   (-0.76818041 -0.5316307 14.635673)            (0.16890762 -0.064351114 0.018969313)         (-0.59927279 -0.59598181 14.654642)           (-0.00099360826 -0.0006876414 0.018930612)    (0.00021847472 -8.3235393e-05 2.4535989e-05)  (-0.00077513354 -0.00077087679 0.018955148)  
youweiduo                 (-0.95467639 -0.46303372 -0.76986246)         (0.15172762 -0.045330177 0.015054475)         (-0.80294876 -0.5083639 -0.75480799)          (-0.0012348328 -0.00059891417 -0.00099578392) (0.00019625314 -5.8632631e-05 1.9472314e-05)  (-0.0010385796 -0.0006575468 -0.0009763116)  
zhongyangyi               (1050.7879 -0.029152062 14238.727)            (2.491084 -0.3438345 0.15219148)              (1053.279 -0.37298656 14238.88)               (1.3591488 -3.7706936e-05 18.41718)           (0.0032221097 -0.00044473511 0.00019685312)   (1.362371 -0.00048244204 18.417377)          
zuofuyi                   (-1.6184392 0.23071027 5.9955073)             (0.19666261 -0.060754003 0.0020310833)        (-1.4217765 0.16995627 5.9975383)             (-0.0020933813 0.00029841379 0.0077549303)    (0.00025437461 -7.8582684e-05 2.6271188e-06)  (-0.0018390067 0.00021983111 0.0077575574)   
zuoweiduo                 (-0.9169969 -0.60718042 1.1147728)            (0.14959404 -0.036870216 -0.019215468)        (-0.76740285 -0.64405064 1.0955573)           (-0.001186096 -0.00078536171 0.0014419106)    (0.00019349345 -4.7690036e-05 -2.485438e-05)  (-0.00099260252 -0.00083305174 0.0014170562) 
------------------------- --------------------------------------------- --------------------------------------------- --------------------------------------------- --------------------------------------------- --------------------------------------------- ---------------------------------------------
Net                       (-3.7830471 -53.274967 554.23712)             (12.728957 -2.299359 0.56666244)              (8.9459099 -55.574326 554.80378)              (-0.0048932084 -0.068908874 0.71688183)       (0.016464357 -0.0029741217 0.00073295345)     (0.011571149 -0.071882996 0.71761478)        

Forces - Direction Vector (0.97755174 -0.20791169 0.034136859)
                          Forces [N]                                      Coefficients                                   
Zone                      Pressure        Viscous         Total           Pressure        Viscous         Total          
jidi                      1119.7022       0.00049399786   1119.7027       1.4482866       6.3896494e-07   1.4482872      
jishen                    8455.0413       1.2288063       8456.2701       10.936232       0.001589408     10.937821      
jitou                     -10996.679      1.1647263       -10995.514      -14.22373       0.0015065233    -14.222223     
liangan                   -183.77959      1.2117272       -182.56786      -0.23771098     0.0015673169    -0.23614366    
waiyi                     -80.155951      4.3660892       -75.789862      -0.10367827     0.0056473482    -0.09803092    
weiyi                     65.961259       1.4336227       67.394882       0.085318047     0.0018543292    0.087172376    
xiaoyi                    136.09818       0.32771264      136.42589       0.17603713      0.00042388218   0.17646101     
youfuyi                   -0.14078796     0.17914284      0.03835488      -0.00018210316  0.00023171354   4.9610384e-05  
youweiduo                 -0.86325613     0.15826019      -0.70499594     -0.0011165846   0.00020470274   -0.00091188186 
zhongyangyi               1513.271        2.511846        1515.7829       1.9573508       0.0032489646    1.9605998      
zuofuyi                   -1.4254076      0.20494868      -1.2204589      -0.0018437033   0.00026509229   -0.001578611   
zuoweiduo                 -0.73211716     0.15324571      -0.57887145     -0.000946962    0.00019821672   -0.00074874528 
------------------------- --------------- --------------- --------------- --------------- --------------- ---------------
Net                       26.298278       12.940622       39.2389         0.03401569      0.016738137     0.050753826    
