                                    "Force Report"

Forces
                          Forces [N]                                                                                                                                Coefficients                                                                                                                             
Zone                      Pressure                                      Viscous                                       Total                                         Pressure                                      Viscous                                       Total                                        
jidi                      (1145.686 -2.1746908e-07 0.00043633985)       (-2.0319744e-09 -0.00052378895 -0.00085633384) (1145.686 -0.00052400641 -0.00041999399)      (1.4818955 -2.8128689e-10 5.6438679e-07)      (-2.6282714e-12 -6.7749843e-07 -1.1076309e-06) (1.4818955 -6.7777972e-07 -5.4324413e-07)    
jishen                    (9087.56 0.52496722 -12508.869)               (1.2050638 -0.17956461 -0.051077025)          (9088.765 0.3454026 -12508.92)                (11.754367 0.00067902247 -16.179683)          (0.0015586981 -0.00023225909 -6.6065931e-05)  (11.755926 0.00044676338 -16.179749)         
jitou                     (-11256.481 -19.999994 11.738182)             (1.1274687 -0.25426268 0.13986516)            (-11255.353 -20.254257 11.878047)             (-14.559773 -0.025869131 0.015182833)         (0.0014583321 -0.00032887782 0.00018090956)   (-14.558314 -0.026198009 0.015363742)        
liangan                   (-81.090051 -2.7169208 -3075.5099)            (1.1650496 -0.1911554 0.037904938)            (-79.925001 -2.9080762 -3075.472)             (-0.10488649 -0.00351422 -3.9780395)          (0.0015069415 -0.00024725128 4.9028404e-05)   (-0.10337954 -0.0037614712 -3.9779905)       
waiyi                     (-155.26233 -0.61214073 1788.6585)            (4.2353924 -0.78548384 0.53478947)            (-151.02694 -1.3976246 1789.1933)             (-0.20082513 -0.00079177765 2.3135527)        (0.0054782976 -0.0010159895 0.00069172713)    (-0.19534683 -0.0018077671 2.3142445)        
weiyi                     (42.971732 -27.651752 543.53953)              (1.3788381 -0.27985039 0.0060588901)          (44.35057 -27.931602 543.54559)               (0.055582084 -0.035766349 0.70304496)         (0.0017834677 -0.00036197442 7.8369132e-06)   (0.057365552 -0.036128324 0.70305279)        
xiaoyi                    (152.24251 -1.5030742 -370.30571)             (0.33004496 -0.064222565 0.01890634)          (152.57256 -1.5672967 -370.2868)              (0.19691913 -0.0019441617 -0.47897448)        (0.00042689893 -8.306912e-05 2.4454536e-05)   (0.19734603 -0.0020272308 -0.47895002)       
youfuyi                   (-0.68142513 -0.62123294 15.904077)           (0.15802906 -0.064530885 0.025122066)         (-0.52339607 -0.68576383 15.929199)           (-0.00088139404 -0.00080353804 0.020571238)   (0.00020440378 -8.3467919e-05 3.2494309e-05)  (-0.00067699026 -0.00088700596 0.020603733)  
youweiduo                 (-0.91754567 -0.25540576 -0.39875853)         (0.1504392 -0.045999424 0.017549124)          (-0.76710647 -0.30140518 -0.38120941)         (-0.0011868058 -0.00033035634 -0.00051577698) (0.00019458663 -5.9498273e-05 2.2699036e-05)  (-0.00099221916 -0.00038985462 -0.00049307794)
zhongyangyi               (1044.5738 -0.030251404 14282.258)            (2.460737 -0.3157703 0.22418533)              (1047.0346 -0.34602171 14282.483)             (1.3511112 -3.9128888e-05 18.473486)          (0.0031828573 -0.00040843528 0.00028997406)   (1.3542941 -0.00044756417 18.473776)         
zuofuyi                   (-1.6437578 0.2876849 7.6537781)              (0.18343366 -0.066157817 0.010706755)         (-1.4603242 0.22152709 7.6644848)             (-0.0021261299 0.00037210803 0.0098998321)    (0.00023726353 -8.5572285e-05 1.3848727e-05)  (-0.0018888664 0.00028653574 0.0099136808)   
zuoweiduo                 (-0.90694303 -0.78745291 1.4168663)           (0.14616388 -0.03546893 -0.015978845)         (-0.76077915 -0.82292184 1.4008874)           (-0.0011730917 -0.0010185364 0.0018326555)    (0.00018905668 -4.5877533e-05 -2.0667947e-05) (-0.00098403505 -0.0010644139 0.0018119875)  
------------------------- --------------------------------------------- --------------------------------------------- --------------------------------------------- --------------------------------------------- --------------------------------------------- ---------------------------------------------
Net                       (-23.948786 -53.365573 696.0866)              (12.54066 -2.2829906 0.94717587)              (-11.408125 -55.648563 697.03378)             (-0.030976722 -0.069026069 0.90035802)        (0.016220804 -0.00295295 0.0012251312)        (-0.014755919 -0.071979019 0.90158316)       

Forces - Direction Vector (0.97576488 -0.20791169 0.068232127)
                          Forces [N]                                      Coefficients                                   
Zone                      Pressure        Viscous         Total           Pressure        Viscous         Total          
jidi                      1117.9202       5.0470384e-05   1117.9202       1.4459816       6.5281266e-08   1.4459817      
jishen                    8013.706        1.2097074       8014.9157       10.365383       0.0015647044    10.366948      
jitou                     -10978.719      1.1625518       -10977.557      -14.200501      0.0015037107    -14.198997     
liangan                   -288.40853      1.1791443       -287.22938      -0.373044       0.0015251723    -0.37151883    
waiyi                     -29.32828       4.3325483       -24.995732      -0.037934867    0.0056039645    -0.032330902   
weiyi                     84.766288       1.4040194       86.170307       0.10964154      0.0018160386    0.11145758     
xiaoyi                    123.59866       0.33668892      123.93534       0.15986953      0.00043549261   0.16030503     
youfuyi                   0.54941989      0.16933006      0.71874996      0.00071065096   0.00021902114   0.0009296721   
youweiduo                 -0.86941515     0.15755452      -0.71186062     -0.001124551    0.00020378999   -0.00092076104 
zhongyangyi               1993.7736       2.4820497       1996.2557       2.5788603       0.0032104244    2.5820707      
zuofuyi                   -1.1415007      0.19347365      -0.94802701     -0.0014764819   0.00025024983   -0.0012262321  
zuoweiduo                 -0.62456669     0.14890572      -0.47566098     -0.0008078501   0.00019260313   -0.00061524698 
------------------------- --------------- --------------- --------------- --------------- --------------- ---------------
Net                       35.222412       12.776024       47.998436       0.045558672     0.016525237     0.062083909    
