                                    "Force Report"

Forces
                          Forces [N]                                                                                                                                Coefficients                                                                                                                             
Zone                      Pressure                                      Viscous                                       Total                                         Pressure                                      Viscous                                       Total                                        
jidi                      (1145.7507 -3.931914e-07 0.00043590409)       (2.7931011e-09 -0.00051019594 3.3929824e-05)  (1145.7507 -0.00051058913 0.00046983391)      (1.4819792 -5.0857613e-10 5.6382315e-07)      (3.6127559e-12 -6.5991646e-07 4.3886765e-08)  (1.4819792 -6.6042504e-07 6.0770992e-07)     
jishen                    (9088.8523 0.078844612 -12507.009)            (1.1948489 -0.17661218 -0.03310312)           (9090.0472 -0.097767563 -12507.042)           (11.756039 0.00010198211 -16.177277)          (0.0015454855 -0.00022844024 -4.2817459e-05)  (11.757584 -0.00012645813 -16.17732)         
jitou                     (-11259.182 -19.796405 16.601782)             (1.1204641 -0.25391096 0.18990951)            (-11258.062 -20.050316 16.791692)             (-14.563267 -0.025605797 0.02147369)          (0.001449272 -0.00032842289 0.00024563977)    (-14.561817 -0.02593422 0.02171933)          
liangan                   (-81.101511 -2.8073697 -3073.2527)            (1.156642 -0.19120139 0.077143202)            (-79.944869 -2.9985711 -3073.1755)            (-0.10490131 -0.0036312117 -3.9751199)        (0.0014960666 -0.00024731076 9.9781408e-05)   (-0.10340524 -0.0038785225 -3.9750201)       
waiyi                     (-171.7088 -0.51659393 1853.255)              (4.0394453 -0.77864773 0.66940695)            (-167.66936 -1.2952417 1853.9245)             (-0.22209794 -0.00066819199 2.3971055)        (0.0052248485 -0.0010071473 0.00086584904)    (-0.21687309 -0.0016753393 2.3979714)        
weiyi                     (42.415997 -27.406173 556.52175)              (1.3489298 -0.27473885 0.032406387)           (43.764926 -27.680912 556.55416)              (0.054863264 -0.035448704 0.71983691)         (0.0017447825 -0.00035536287 4.1916265e-05)   (0.056608046 -0.035804067 0.71987882)        
xiaoyi                    (152.57884 -1.6573199 -369.49274)             (0.33780633 -0.066554368 0.031737925)         (152.91665 -1.7238743 -369.461)               (0.19735416 -0.0021436719 -0.47792294)        (0.00043693794 -8.6085207e-05 4.1051638e-05)  (0.19779109 -0.0022297571 -0.47788189)       
youfuyi                   (-0.52025862 -0.72562723 17.526709)           (0.14820194 -0.06342395 0.031093281)          (-0.37205668 -0.78905118 17.557802)           (-0.0006729321 -0.00093856755 0.022670043)    (0.00019169282 -8.2036147e-05 4.0217819e-05)  (-0.00048123928 -0.0010206037 0.022710261)   
youweiduo                 (-0.89490936 -0.066744342 -0.066713431)       (0.14969066 -0.046511838 0.020052749)         (-0.74521871 -0.11325618 -0.046660682)        (-0.0011575267 -8.633093e-05 -8.6290949e-05)  (0.00019361841 -6.0161058e-05 2.5937367e-05)  (-0.00096390829 -0.00014649199 -6.0353582e-05)
zhongyangyi               (1036.6113 -0.022051357 14320.301)            (2.3557174 -0.28018376 0.28855913)            (1038.9671 -0.30223512 14320.59)              (1.3408121 -2.852248e-05 18.522693)           (0.003047019 -0.00036240562 0.0003732388)     (1.3438591 -0.0003909281 18.523066)          
zuofuyi                   (-1.6219518 0.41173407 9.5381358)             (0.16971226 -0.068306699 0.019096371)         (-1.4522395 0.34342737 9.5572322)             (-0.0020979248 0.00053256027 0.012337168)     (0.00021951549 -8.8351772e-05 2.4700333e-05)  (-0.0018784093 0.0004442085 0.012361868)     
zuoweiduo                 (-0.88800631 -0.95867152 1.6987575)           (0.14052065 -0.03338335 -0.011906554)         (-0.74748566 -0.99205487 1.6868509)           (-0.0011485979 -0.0012400003 0.0021972696)    (0.00018175741 -4.3179925e-05 -1.5400614e-05) (-0.00096684049 -0.0012831802 0.002181869)   
------------------------- --------------------------------------------- --------------------------------------------- --------------------------------------------- --------------------------------------------- --------------------------------------------- ---------------------------------------------
Net                       (-49.708189 -53.466379 825.62284)             (12.161979 -2.2339853 1.3144298)              (-37.54621 -55.700364 826.93727)              (-0.0642954 -0.069156457 1.0679076)           (0.015730996 -0.0028895637 0.0017001582)      (-0.048564404 -0.07204602 1.0696077)         

Forces - Direction Vector (0.97278921 -0.20791169 0.10224427)
                          Forces [N]                                      Coefficients                                   
Zone                      Pressure        Viscous         Total           Pressure        Viscous         Total          
jidi                      1114.574        0.00010954755   1114.5741       1.4416534       1.4169503e-07   1.4416535      
jishen                    7562.7511       1.1956712       7563.9468       9.7820926       0.0015465492    9.7836392      
jitou                     -10946.997      1.1621836       -10945.835      -14.159469      0.0015032344    -14.157966     
liangan                   -392.53345      1.1728093       -391.36064      -0.5077251      0.0015169783    -0.50620813    
waiyi                     22.555638       4.1598618       26.7155         0.029174745     0.005380602     0.034555347    
weiyi                     103.86105       1.3726591       105.2337        0.13433979      0.0017754754    0.13611526     
xiaoyi                    110.99311       0.34569681      111.33881       0.14356481      0.00044714392   0.14401195     
youfuyi                   1.4367699       0.16053494      1.5973049       0.0018584       0.00020764502   0.002066045    
youweiduo                 -0.86350231     0.15733809      -0.70616422     -0.001116903    0.00020351004   -0.00091339299 
zhongyangyi               2472.5776       2.3793735       2474.957        3.1981726       0.0030776171    3.2012502      
zuofuyi                   -0.68820183     0.18124851      -0.50695333     -0.00089015941  0.00023443713   -0.00065572228 
zuoweiduo                 -0.49083573     0.14242038      -0.34841534     -0.00063487486  0.00018421463   -0.00045066023 
------------------------- --------------- --------------- --------------- --------------- --------------- ---------------
Net                       47.175897       12.429907       59.605804       0.06101999      0.016077549     0.077097539    
