                                    "Force Report"

Forces
                          Forces [N]                                                                                                                                Coefficients                                                                                                                             
Zone                      Pressure                                      Viscous                                       Total                                         Pressure                                      Viscous                                       Total                                        
jidi                      (1145.6261 1.3657968e-07 0.00043611544)       (1.8160702e-08 0.0013791551 0.0017758387)     (1145.6261 0.0013792917 0.0022119542)         (1.481818 1.7665994e-10 5.6409652e-07)        (2.3490085e-11 1.7838777e-06 2.2969709e-06)   (1.481818 1.7840544e-06 2.8610674e-06)       
jishen                    (9088.5537 0.40384066 -12500.71)              (1.1863985 -0.10941929 0.010984093)           (9089.7401 0.29442137 -12500.699)             (11.755653 0.00052235049 -16.16913)           (0.0015345554 -0.00014152913 1.4207451e-05)   (11.757187 0.00038082136 -16.169116)         
jitou                     (-11259.168 -13.341678 21.474121)             (1.1296046 -0.16930232 0.24187134)            (-11258.039 -13.51098 21.715993)              (-14.563249 -0.017256885 0.027775851)         (0.0014610949 -0.00021898526 0.00031285016)   (-14.561788 -0.01747587 0.028088701)         
liangan                   (-81.098973 -1.2428399 -3069.9194)            (1.1628711 -0.1209021 0.11853114)             (-79.936102 -1.363742 -3069.8009)             (-0.10489803 -0.0016075599 -3.9708085)        (0.0015041237 -0.00015638166 0.00015331492)   (-0.1033939 -0.0017639416 -3.9706552)        
waiyi                     (-190.67228 -0.27682776 1915.1832)            (3.7869784 -0.51634911 0.8014078)             (-186.8853 -0.79317687 1915.9846)             (-0.24662637 -0.00035806478 2.477207)         (0.0048982934 -0.00066787532 0.0010365864)    (-0.24172808 -0.0010259401 2.4782436)        
weiyi                     (43.158755 -19.127538 571.78579)              (1.3858115 -0.17787995 0.065875937)           (44.544567 -19.305418 571.85167)              (0.05582399 -0.024740646 0.73958028)          (0.0017924875 -0.00023008005 8.5207686e-05)   (0.057616478 -0.024970726 0.73966549)        
xiaoyi                    (153.19096 -0.97326718 -367.98287)            (0.34895885 -0.046382873 0.052881932)         (153.53992 -1.0196501 -367.92999)             (0.19814591 -0.0012588792 -0.47596999)        (0.00045136324 -5.9994248e-05 6.8400501e-05)  (0.19859727 -0.0013188734 -0.47590159)       
youfuyi                   (-0.30878057 -0.92010943 20.843236)           (0.13783129 -0.044370552 0.039978059)         (-0.17094927 -0.96447998 20.883214)           (-0.00039939436 -0.0011901219 0.026959827)    (0.00017827884 -5.7391397e-05 5.1709897e-05)  (-0.00022111552 -0.0012475133 0.027011537)   
youweiduo                 (-0.88150258 0.3345561 0.62716323)            (0.14892527 -0.031811286 0.016106393)         (-0.7325773 0.30274481 0.64326963)            (-0.0011401856 0.00043273389 0.00081120862)   (0.00019262842 -4.1146528e-05 2.0832925e-05)  (-0.00094755717 0.00039158737 0.00083204154) 
zhongyangyi               (1029.7935 0.0015253491 14352.649)            (2.1844721 -0.17102306 0.36212288)            (1031.978 -0.16949771 14353.011)              (1.3319936 1.9729733e-06 18.564533)           (0.0028255206 -0.00022121096 0.00046839034)   (1.3348191 -0.00021923799 18.565002)         
zuofuyi                   (-1.6499667 0.51863486 12.681909)             (0.15191151 -0.052421748 0.030125402)         (-1.4980552 0.46621311 12.712034)             (-0.0021341608 0.00067083185 0.016403503)     (0.00019649099 -6.7805273e-05 3.896591e-05)   (-0.0019376698 0.00060302657 0.016442469)    
zuoweiduo                 (-0.90702802 -1.1127793 1.9416507)            (0.14189404 -0.019682398 -0.0036229372)       (-0.76513398 -1.1324617 1.9380278)            (-0.0011732017 -0.0014393321 0.0025114415)    (0.00018353382 -2.5458334e-05 -4.6861131e-06) (-0.00098966783 -0.0014647904 0.0025067554)  
------------------------- --------------------------------------------- --------------------------------------------- --------------------------------------------- --------------------------------------------- --------------------------------------------- ---------------------------------------------
Net                       (-74.363828 -35.736482 958.57438)             (11.765657 -1.4581655 1.7380379)              (-62.598171 -37.194647 960.31241)             (-0.096186407 -0.046223599 1.2398746)         (0.015218371 -0.0018860743 0.0022480771)      (-0.080968036 -0.048109674 1.2421227)        

Forces - Direction Vector (0.98063085 -0.1391731 0.13781868)
                          Forces [N]                                      Coefficients                                   
Zone                      Pressure        Viscous         Total           Pressure        Viscous         Total          
jidi                      1123.4364       5.2820263e-05   1123.4364       1.4531166       6.8320734e-08   1.4531166      
jishen                    7189.6286       1.180161        7190.8088       9.2994748       0.0015264874    9.3010013      
jitou                     -11036.272      1.1646219       -11035.107      -14.274942      0.0015063882    -14.273435     
liangan                   -502.44742      1.1735094       -501.27391      -0.64989409     0.0015178838    -0.64837621    
waiyi                     77.00743        3.8959387       80.903368       0.099605792     0.0050392289    0.10464502     
weiyi                     123.78761       1.3928045       125.18041       0.16011394      0.0018015327    0.16191547     
xiaoyi                    99.644322       0.35594318      100.00027       0.12888564      0.00046039717   0.12934603     
youfuyi                   2.6978419       0.14684653      2.8446884       0.0034895423    0.00018993966   0.0036794819   
youweiduo                 -0.82455502     0.15268776      -0.67186727     -0.0010665264   0.00019749503   -0.00086903136 
zhongyangyi               2987.9102       2.2158699       2990.1261       3.8647331       0.0028661322    3.8675993      
zuofuyi                   0.057615704     0.16041666      0.21803236      7.452343e-05    0.00020749203   0.00028201546  
zuoweiduo                 -0.46699498     0.14138562      -0.32560935     -0.00060403788  0.00018287621   -0.00042116167 
------------------------- --------------- --------------- --------------- --------------- --------------- ---------------
Net                       64.159547       11.980238       76.139785       0.082987609     0.015495922     0.09848353     
