                                    "Force Report"

Forces
                          Forces [N]                                                                                                                                Coefficients                                                                                                                             
Zone                      Pressure                                      Viscous                                       Total                                         Pressure                                      Viscous                                       Total                                        
jidi                      (1144.6161 1.4397733e-07 0.00043528425)       (-3.0072242e-10 -0.0021458113 -0.00023988334) (1144.6161 -0.0021456673 0.00019540091)       (1.4805116 1.8622847e-10 5.6302142e-07)       (-3.8897149e-13 -2.7755144e-06 -3.1027876e-07) (1.4805116 -2.7753282e-06 2.5274266e-07)     
jishen                    (9082.5144 1.7904316 -12504.848)              (1.1880903 -0.12015552 -0.052827186)          (9083.7025 1.6702761 -12504.901)              (11.747841 0.0023158461 -16.174482)           (0.0015367436 -0.00015541599 -6.8329689e-05)  (11.749378 0.0021604301 -16.17455)           
jitou                     (-11248.348 -13.850271 1.7012067)             (1.1585627 -0.16979698 0.036871305)           (-11247.19 -14.020068 1.738078)               (-14.549254 -0.017914729 0.0022004376)        (0.0014985509 -0.00021962507 4.7691445e-05)   (-14.547755 -0.018134354 0.002248129)        
liangan                   (-81.102018 -1.2295268 -3078.6991)            (1.1398122 -0.11382884 -0.01978251)           (-79.962206 -1.3433556 -3078.7188)            (-0.10490197 -0.0015903399 -3.9821646)        (0.0014742979 -0.0001472327 -2.5587824e-05)   (-0.10342767 -0.0017375726 -3.9821902)       
waiyi                     (-133.02248 -0.79673247 1643.4163)            (4.2653014 -0.51610915 0.23937272)            (-128.75718 -1.3128416 1643.6556)             (-0.17205885 -0.0010305391 2.1256881)         (0.0055169835 -0.00066756494 0.0003096183)    (-0.16654186 -0.0016981041 2.1259977)        
weiyi                     (44.925454 -18.498989 517.3667)               (1.5205218 -0.19165154 -0.055574228)          (46.445976 -18.690641 517.31112)              (0.058109139 -0.023927646 0.66919153)         (0.0019667294 -0.000247893 -7.1882869e-05)    (0.060075868 -0.024175539 0.66911965)        
xiaoyi                    (151.62627 -0.62551054 -371.22932)            (0.31671437 -0.040219237 -0.0014084225)       (151.94298 -0.66572977 -371.23072)            (0.19612204 -0.00080907092 -0.48016912)       (0.00040965639 -5.202185e-05 -1.8217338e-06)  (0.1965317 -0.00086109277 -0.48017094)       
youfuyi                   (-0.81375781 -0.47041064 13.43188)            (0.17760216 -0.045090829 0.013848831)         (-0.63615565 -0.51550147 13.445728)           (-0.0010525607 -0.00060845589 0.017373557)    (0.00022972074 -5.8323045e-05 1.7912866e-05)  (-0.00082283992 -0.00066677893 0.01739147)   
youweiduo                 (-0.98419677 -0.46289836 -0.76252702)         (0.15432864 -0.031783502 0.0077457359)        (-0.82986813 -0.49468186 -0.75478128)         (-0.0012730161 -0.00059873908 -0.00098629583) (0.00019961744 -4.111059e-05 1.0018776e-05)   (-0.0010733987 -0.00063984968 -0.00097627706)
zhongyangyi               (1055.5011 -0.021930053 14192.239)            (2.5116612 -0.23361488 0.080273607)           (1058.0127 -0.25554493 14192.319)             (1.3652451 -2.8365579e-05 18.357049)          (0.0032487255 -0.00030217078 0.00010383045)   (1.3684939 -0.00033053635 18.357153)         
zuofuyi                   (-1.597371 0.18736566 4.339102)               (0.20163049 -0.042698325 -0.0046215497)       (-1.3957406 0.14466733 4.3344805)             (-0.0020661306 0.00024234941 0.0056124415)    (0.00026080035 -5.5228443e-05 -5.9777754e-06) (-0.0018053303 0.00018712096 0.0056064637)   
zuoweiduo                 (-0.94664635 -0.27604405 0.54778717)          (0.15381372 -0.02485284 -0.016722022)         (-0.79283262 -0.30089689 0.53106514)          (-0.0012244463 -0.00035705108 0.00070853909)  (0.00019895142 -3.2146077e-05 -2.1629215e-05) (-0.0010254948 -0.00038919716 0.00068690988) 
------------------------- --------------------------------------------- --------------------------------------------- --------------------------------------------- --------------------------------------------- --------------------------------------------- ---------------------------------------------
Net                       (12.368346 -34.254516 417.5033)               (12.788039 -1.5319474 0.2269364)              (25.156385 -35.786464 417.73024)              (0.015997923 -0.044306741 0.54002253)         (0.016540777 -0.001981508 0.00029353245)      (0.0325387 -0.046288249 0.54031606)          

Forces - Direction Vector (0.99026807 -0.1391731 0)
                          Forces [N]                                      Coefficients                                   
Zone                      Pressure        Viscous         Total           Pressure        Viscous         Total          
jidi                      1133.4768       0.00029863891   1133.4771       1.4661034       3.8627656e-07   1.4661037      
jishen                    8993.8748       1.1932503       8995.068        11.633189       0.0015434178    11.634733      
jitou                     -11136.953      1.1709188       -11135.782      -14.405168      0.001514533     -14.403654     
liangan                   -80.141622      1.1445615       -78.99706       -0.10365973     0.001480441     -0.10217929    
waiyi                     -131.61703      4.2956203       -127.32141      -0.17024096     0.0055561997    -0.16468476    
weiyi                     47.062804       1.5323969       48.595201       0.06087371      0.0019820893    0.062855799    
xiaoyi                    150.2377        0.31922956      150.55693       0.194326        0.00041290968   0.1947389      
youfuyi                   -0.74036987     0.18214918      -0.55822069     -0.00095763652  0.00023560211   -0.00072203441 
youweiduo                 -0.91019563     0.15725013      -0.7529455      -0.0011772988   0.00020339626   -0.00097390256 
zhongyangyi               1045.2321       2.5197308       1047.7518       1.3519626       0.0032591632    1.3552218      
zuofuyi                   -1.6079018      0.20561069      -1.4022911      -0.0020797517   0.00026594857   -0.0018138031  
zuoweiduo                 -0.89901575     0.15577567      -0.74324008     -0.0011628381   0.00020148911   -0.00096134901 
------------------------- --------------- --------------- --------------- --------------- --------------- ---------------
Net                       17.015286       12.876792       29.892078       0.022008539     0.016655576     0.038664115    
