                                    "Force Report"

Forces
                          Forces [N]                                                                                                                                Coefficients                                                                                                                             
Zone                      Pressure                                      Viscous                                       Total                                         Pressure                                      Viscous                                       Total                                        
jidi                      (1143.7074 4.8116277e-08 0.00043489056)       (6.4057347e-09 -0.0002324303 -0.00096966484)  (1143.7074 -0.00023238218 -0.00053477428)     (1.4793362 6.2236331e-11 5.6251219e-07)       (8.2855417e-12 -3.0063857e-07 -1.2542197e-06) (1.4793362 -3.0057634e-07 -6.9170749e-07)    
jishen                    (9077.7 1.0263929 -12501.282)                 (1.2185213 -0.054701626 -0.078415376)         (9078.9185 0.97169124 -12501.36)              (11.741614 0.0013275949 -16.16987)            (0.0015761047 -7.0754196e-05 -0.00010142691)  (11.74319 0.0012568407 -16.169971)           
jitou                     (-11241.247 -7.1838011 -8.947388)             (1.1770982 -0.085811506 -0.072095599)         (-11240.07 -7.2696126 -9.0194836)             (-14.540068 -0.0092919371 -0.011573061)       (0.0015225258 -0.00011099348 -9.3252551e-05)  (-14.538546 -0.0094029306 -0.011666313)      
liangan                   (-81.148835 -0.06776759 -3081.5787)           (1.1362479 -0.035770542 -0.06877231)          (-80.012587 -0.10353813 -3081.6475)           (-0.10496252 -8.7654457e-05 -3.9858892)       (0.0014696877 -4.6267655e-05 -8.8954019e-05)  (-0.10349283 -0.00013392211 -3.9859782)      
waiyi                     (-129.22336 -0.88412199 1476.0232)            (3.8582658 -0.27895215 -0.054058456)          (-125.3651 -1.1630741 1475.9692)              (-0.16714485 -0.0011435737 1.9091724)         (0.0049905006 -0.00036081258 -6.9922283e-05)  (-0.16215435 -0.0015043863 1.9091025)        
weiyi                     (44.073731 -8.8275946 490.59006)              (1.5451921 -0.091024198 -0.11863215)          (45.618924 -8.9186188 490.47143)              (0.057007472 -0.011418113 0.6345571)          (0.0019986394 -0.00011773588 -0.00015344557)  (0.059006112 -0.011535849 0.63440366)        
xiaoyi                    (150.95024 -0.28165563 -372.51539)            (0.30660609 -0.020122128 -0.024041322)        (151.25685 -0.30177776 -372.53943)            (0.19524763 -0.00036430942 -0.4818326)        (0.00039658177 -2.6027106e-05 -3.1096414e-05) (0.19564421 -0.00039033653 -0.4818637)       
youfuyi                   (-0.87064418 -0.3468784 10.384655)            (0.18599761 -0.023282663 0.00056868167)       (-0.68464658 -0.37016106 10.385224)           (-0.0011261407 -0.00044867226 0.013432104)    (0.00024057989 -3.0115122e-05 7.3556523e-07)  (-0.00088556084 -0.00047878738 0.01343284)   
youweiduo                 (-1.037998 -0.66345019 -1.0868351)            (0.15549868 -0.013381784 -0.0044813536)       (-0.88249929 -0.67683198 -1.0913164)          (-0.0013426056 -0.00085814424 -0.0014057743)  (0.00020113084 -1.7308761e-05 -5.7964378e-06) (-0.0011414748 -0.000875453 -0.0014115708)   
zhongyangyi               (1056.1523 -0.016509925 14086.394)            (2.3206052 -0.13356808 -0.068803779)          (1058.4729 -0.150078 14086.325)               (1.3660875 -2.1354877e-05 18.220143)          (0.0030016028 -0.00017276456 -8.8994723e-05)  (1.3690891 -0.00019411943 18.220054)         
zuofuyi                   (-1.6592556 0.0048894673 0.85568214)          (0.19339592 -0.025376419 -0.020749572)        (-1.4658597 -0.020486952 0.83493257)          (-0.0021461756 6.3243152e-06 0.001106788)     (0.00025014929 -3.2823304e-05 -2.6838677e-05) (-0.0018960263 -2.6498989e-05 0.0010799493)  
zuoweiduo                 (-0.99660972 0.3054444 -0.4431185)            (0.15521835 -0.013410393 -0.016073519)        (-0.84139137 0.29203401 -0.45919202)          (-0.0012890717 0.00039507917 -0.00057315469)  (0.00020076825 -1.7345766e-05 -2.0790404e-05) (-0.0010883035 0.00037773341 -0.00059394509) 
------------------------- --------------------------------------------- --------------------------------------------- --------------------------------------------- --------------------------------------------- --------------------------------------------- ---------------------------------------------
Net                       (16.400288 -16.935053 98.394136)              (12.252647 -0.77563392 -0.52652442)           (28.652936 -17.710687 97.867611)              (0.021213066 -0.021904761 0.12726857)         (0.015848271 -0.001003249 -0.00068103665)     (0.037061337 -0.02290801 0.12658754)         

Forces - Direction Vector (0.99513403 -0.069756474 -0.06958655)
                          Forces [N]                                      Coefficients                                   
Zone                      Pressure        Viscous         Total           Pressure        Viscous         Total          
jidi                      1138.1421       8.3695523e-05   1138.1422       1.4721378       1.0825655e-07   1.4721379      
jishen                    9903.3777       1.2218644       9904.5996       12.809592       0.001580429     12.811173      
jitou                     -11185.423      1.1823733       -11184.241      -14.467863      0.0015293489    -14.466334     
liangan                   133.68719       1.1379998       134.82519       0.17291862      0.0014719537    0.17439057     
waiyi                     -231.24426      3.8627121       -227.38155      -0.29910448     0.0049962516    -0.29410823    
weiyi                     10.336582       1.552278        11.88886        0.013369924     0.0020078047    0.015377728    
xiaoyi                    176.15743       0.30819076      176.46562       0.22785205      0.00039863147   0.22825068     
youfuyi                   -1.564843       0.1866771       -1.3781659      -0.002024057    0.00024145878   -0.0017825982  
youweiduo                 -0.91103806     0.15598734      -0.75505072     -0.0011783885   0.0002017629    -0.00097662557 
zhongyangyi               70.790714       2.3234183       73.114132       0.091564738     0.0030052414    0.094569979    
zuofuyi                   -1.7110667      0.19566892      -1.5153978      -0.0022131911   0.00025308932   -0.0019601018  
zuoweiduo                 -0.98223189     0.15651703      -0.82571486     -0.0012704746   0.00020244803   -0.0010680266  
------------------------- --------------- --------------- --------------- --------------- --------------- ---------------
Net                       10.654906       12.283771       22.938677       0.013781662     0.015888528     0.02967019     
