                                    "Force Report"

Moments - Moment Center (0 0 0.05)
                          Moments [N m]                                                                                                                             Coefficients                                                                                                                             
Zone                      Pressure                                      Viscous                                       Total                                         Pressure                                      Viscous                                       Total                                        
jidi                      (-1.5784653e-08 -22.924792 0.005936148)       (8.2024324e-05 -0.0015570977 0.0016005342)    (8.200854e-05 -22.926349 0.0075366821)        (-5.5982365e-11 -0.081305818 2.1053336e-05)   (2.9091015e-07 -5.5224537e-06 5.6765068e-06)  (2.9085417e-07 -0.081311341 2.6729843e-05)   
jishen                    (0.011614602 -229.38485 1.6872474)            (-0.018836697 -0.063778932 0.007308268)       (-0.0072220945 -229.44863 1.6945556)          (4.1192729e-05 -0.81354381 0.0059840467)      (-6.6806845e-05 -0.00022620044 2.5919742e-05) (-2.5614116e-05 -0.81377001 0.0060099665)    
jitou                     (-0.85097791 553.29993 8.3973776)             (-0.009202924 0.12241534 0.10782354)          (-0.86018084 553.42235 8.5052012)             (-0.0030181061 1.9623516 0.029782414)         (-3.2639391e-05 0.00043416225 0.0003824105)   (-0.0030507455 1.9627858 0.030164825)        
liangan                   (1.1992483 650.58717 -1.6355565)              (0.014317009 0.1377303 -0.009391332)          (1.2135653 650.7249 -1.6449478)               (0.0042532934 2.3073937 -0.0058007182)        (5.0777171e-05 0.00048847877 -3.3307605e-05)  (0.0043040705 2.3078822 -0.0058340258)       
waiyi                     (37.764191 -44.700473 2.7307102)              (0.091161248 0.52486787 -0.046865018)         (37.855353 -44.175606 2.6838451)              (0.13393572 -0.15853616 0.0096848259)         (0.00032331546 0.0018615136 -0.000166213)     (0.13425903 -0.15667465 0.0095186129)        
weiyi                     (-8.1438399 -739.83741 -25.661622)            (0.053477968 0.29650906 -0.25676512)          (-8.090362 -739.5409 -25.918387)              (-0.028883209 -2.6239315 -0.091012347)        (0.00018966671 0.0010516087 -0.00091065156)   (-0.028693542 -2.6228799 -0.091922998)       
xiaoyi                    (12.099474 55.839757 -0.72469883)             (0.099028901 0.036135917 -0.023408473)        (12.198503 55.875893 -0.7481073)              (0.04291239 0.19804311 -0.0025702406)         (0.00035121914 0.00012816083 -8.3021254e-05)  (0.043263609 0.19817127 -0.0026532618)       
youfuyi                   (28.25273 -4.0234011 -0.21708026)             (0.05845305 0.0077853285 -0.16368964)         (28.311183 -4.0156158 -0.3807699)             (0.10020206 -0.014269526 -0.00076990394)      (0.0002073115 2.7611701e-05 -0.00058054704)   (0.10040937 -0.014241914 -0.001350451)       
youweiduo                 (0.10169921 -1.5922866 1.0548788)             (0.013917649 0.018994415 -0.093298071)        (0.11561685 -1.5732922 0.96158075)            (0.00036068973 -0.0056472556 0.0037412677)    (4.9360788e-05 6.7366213e-05 -0.00033089399)  (0.00041005052 -0.0055798894 0.0034103737)   
zhongyangyi               (9.1031024 -274.16002 1.0948485)              (0.014770314 0.31563422 -0.013603199)         (9.1178727 -273.84438 1.0812453)              (0.032285361 -0.97234488 0.0038830253)        (5.2384878e-05 0.0011194386 -4.8245551e-05)   (0.032337745 -0.97122545 0.0038347798)       
zuofuyi                   (-19.959026 -3.0055781 -1.6823264)            (-0.044184133 0.0088388619 0.14495783)        (-20.00321 -2.9967392 -1.5373686)             (-0.070787334 -0.010659681 -0.0059665937)     (-0.00015670489 3.1348197e-05 0.00051411217)  (-0.070944039 -0.010628333 -0.0054524816)    
zuoweiduo                 (-0.41372583 -3.2879696 -2.0673583)           (0.0060801629 0.040130374 0.023027353)        (-0.40764566 -3.2478392 -2.0443309)           (-0.0014673335 -0.01166122 -0.0073321605)     (2.1564104e-05 0.0001423277 8.1669564e-05)    (-0.0014457694 -0.011518893 -0.0072504909)   
------------------------- --------------------------------------------- --------------------------------------------- --------------------------------------------- --------------------------------------------- --------------------------------------------- ---------------------------------------------
Net                       (59.16449 -63.189916 -17.017643)              (0.27906457 1.4437057 -0.32230333)            (59.443555 -61.74621 -17.339947)              (0.20983472 -0.22411142 -0.060355331)         (0.00098973954 0.0051202937 -0.0011430915)    (0.21082446 -0.21899113 -0.061498422)        

Moments - Moment Center (0 0 0.05) Moment Axis (0 1 0)
                          Moments [N m]                                   Coefficients                                   
Zone                      Pressure        Viscous         Total           Pressure        Viscous         Total          
jidi                      -22.924792      -0.0015570977   -22.926349      -0.081305818    -5.5224537e-06  -0.081311341   
jishen                    -229.38485      -0.063778932    -229.44863      -0.81354381     -0.00022620044  -0.81377001    
jitou                     553.29993       0.12241534      553.42235       1.9623516       0.00043416225   1.9627858      
liangan                   650.58717       0.1377303       650.7249        2.3073937       0.00048847877   2.3078822      
waiyi                     -44.700473      0.52486787      -44.175606      -0.15853616     0.0018615136    -0.15667465    
weiyi                     -739.83741      0.29650906      -739.5409       -2.6239315      0.0010516087    -2.6228799     
xiaoyi                    55.839757       0.036135917     55.875893       0.19804311      0.00012816083   0.19817127     
youfuyi                   -4.0234011      0.0077853285    -4.0156158      -0.014269526    2.7611701e-05   -0.014241914   
youweiduo                 -1.5922866      0.018994415     -1.5732922      -0.0056472556   6.7366213e-05   -0.0055798894  
zhongyangyi               -274.16002      0.31563422      -273.84438      -0.97234488     0.0011194386    -0.97122545    
zuofuyi                   -3.0055781      0.0088388619    -2.9967392      -0.010659681    3.1348197e-05   -0.010628333   
zuoweiduo                 -3.2879696      0.040130374     -3.2478392      -0.01166122     0.0001423277    -0.011518893   
------------------------- --------------- --------------- --------------- --------------- --------------- ---------------
Net                       -63.189916      1.4437057       -61.74621       -0.22411142     0.0051202937    -0.21899113    
