                                    "Force Report"

Moments - Moment Center (0 0 0.05)
                          Moments [N m]                                                                                                                             Coefficients                                                                                                                             
Zone                      Pressure                                      Viscous                                       Total                                         Pressure                                      Viscous                                       Total                                        
jidi                      (-8.5808525e-09 -22.896829 0.00072870895)     (6.4517024e-05 0.00031829915 0.0010088709)    (6.4508443e-05 -22.89651 0.0017375798)        (-3.0433132e-11 -0.081206641 2.584463e-06)    (2.2881819e-07 1.1288902e-06 3.5780944e-06)   (2.2878775e-07 -0.081205512 6.1625575e-06)   
jishen                    (0.13946827 -231.67062 1.2356421)             (-0.013710086 -0.07976868 -0.0073463259)      (0.12575818 -231.75038 1.2282958)             (0.00049464272 -0.82165058 0.0043823687)      (-4.8624641e-05 -0.00028291021 -2.605472e-05) (0.00044601808 -0.82193349 0.004356314)      
jitou                     (-0.44525972 538.27676 4.3718511)             (-0.004755154 -0.041110218 0.05410024)        (-0.45001488 538.23565 4.4259513)             (-0.0015791727 1.90907 0.01550535)            (-1.6864785e-05 -0.00014580284 0.00019187368) (-0.0015960375 1.9089242 0.015697224)        
liangan                   (0.68544078 646.42153 0.13187901)             (0.011783289 0.11119466 0.0049594362)         (0.69722406 646.53273 0.13683845)             (0.0024310067 2.2926197 0.00046772641)        (4.1790996e-05 0.0003943666 1.7589299e-05)    (0.0024727977 2.2930141 0.00048531571)       
waiyi                     (34.906054 -47.685856 -1.1097826)             (0.065975011 0.62682053 -0.093827336)         (34.972029 -47.059036 -1.20361)               (0.12379895 -0.16912422 -0.0039359914)        (0.00023398913 0.0022231022 -0.0003327711)    (0.12403294 -0.16690111 -0.0042687625)       
weiyi                     (-3.0408565 -653.59722 -10.362421)            (0.032751126 0.54167812 -0.10982297)          (-3.0081054 -653.05554 -10.472244)            (-0.010784801 -2.3180693 -0.036751702)        (0.00011615621 0.0019211333 -0.00038950175)   (-0.010668645 -2.3161481 -0.037141204)       
xiaoyi                    (2.1513216 55.881269 -0.28321257)             (0.025755301 0.039274415 -0.017769689)        (2.1770769 55.920543 -0.30098225)             (0.0076299474 0.19819034 -0.0010044509)       (9.1344592e-05 0.00013929192 -6.3022559e-05)  (0.007721292 0.19832963 -0.0010674735)       
youfuyi                   (16.088691 -2.3273631 0.91836394)             (0.018848582 0.018387244 -0.21850858)         (16.10754 -2.3089759 0.69985536)              (0.057060678 -0.0082543021 0.0032570996)      (6.6848996e-05 6.5212801e-05 -0.00077496967)  (0.057127527 -0.0081890893 0.0024821299)     
youweiduo                 (-0.044328262 0.22833022 0.022001417)         (0.0053772654 0.042062861 -0.080579775)       (-0.038950997 0.27039308 -0.058578359)        (-0.00015721606 0.00080980341 7.8030944e-05)  (1.9071185e-05 0.00014918152 -0.00028578687)  (-0.00013814488 0.00095898493 -0.00020775592)
zhongyangyi               (5.4244295 -282.78266 0.11276338)             (0.019334705 0.34545316 -0.014182499)         (5.4437642 -282.4372 0.098580878)             (0.019238459 -1.0029262 0.00039993028)        (6.8573095e-05 0.0012251955 -5.0300116e-05)   (0.019307032 -1.001701 0.00034963016)        
zuofuyi                   (-5.2743214 -1.0071451 -1.8867947)            (0.0082873116 0.023324115 0.23056022)         (-5.2660341 -0.98382096 -1.6562345)           (-0.018706081 -0.0035719736 -0.0066917679)    (2.939205e-05 8.272207e-05 0.00081771242)     (-0.018676689 -0.0034892516 -0.0058740555)   
zuoweiduo                 (-0.083921325 -0.59522697 -0.48365454)        (0.0068869935 0.058869573 0.042662436)        (-0.077034331 -0.5363574 -0.4409921)          (-0.00029763812 -0.0021110514 -0.001715345)   (2.4425636e-05 0.00020878875 0.00015130799)   (-0.00027321248 -0.0019022627 -0.001564037)  
------------------------- --------------------------------------------- --------------------------------------------- --------------------------------------------- --------------------------------------------- --------------------------------------------- ---------------------------------------------
Net                       (50.506718 -1.7550191 -7.332636)              (0.17659886 1.6865041 -0.20874597)            (50.683317 -0.068515047 -7.541382)            (0.17912878 -0.0062244082 -0.026006167)       (0.00062633129 0.0059814105 -0.00074034529)   (0.17975511 -0.00024299771 -0.026746512)     

Moments - Moment Center (0 0 0.05) Moment Axis (0 1 0)
                          Moments [N m]                                   Coefficients                                   
Zone                      Pressure        Viscous         Total           Pressure        Viscous         Total          
jidi                      -22.896829      0.00031829915   -22.89651       -0.081206641    1.1288902e-06   -0.081205512   
jishen                    -231.67062      -0.07976868     -231.75038      -0.82165058     -0.00028291021  -0.82193349    
jitou                     538.27676       -0.041110218    538.23565       1.90907         -0.00014580284  1.9089242      
liangan                   646.42153       0.11119466      646.53273       2.2926197       0.0003943666    2.2930141      
waiyi                     -47.685856      0.62682053      -47.059036      -0.16912422     0.0022231022    -0.16690111    
weiyi                     -653.59722      0.54167812      -653.05554      -2.3180693      0.0019211333    -2.3161481     
xiaoyi                    55.881269       0.039274415     55.920543       0.19819034      0.00013929192   0.19832963     
youfuyi                   -2.3273631      0.018387244     -2.3089759      -0.0082543021   6.5212801e-05   -0.0081890893  
youweiduo                 0.22833022      0.042062861     0.27039308      0.00080980341   0.00014918152   0.00095898493  
zhongyangyi               -282.78266      0.34545316      -282.4372       -1.0029262      0.0012251955    -1.001701      
zuofuyi                   -1.0071451      0.023324115     -0.98382096     -0.0035719736   8.272207e-05    -0.0034892516  
zuoweiduo                 -0.59522697     0.058869573     -0.5363574      -0.0021110514   0.00020878875   -0.0019022627  
------------------------- --------------- --------------- --------------- --------------- --------------- ---------------
Net                       -1.7550191      1.6865041       -0.068515047    -0.0062244082   0.0059814105    -0.00024299771 
