                                    "Force Report"

Moments - Moment Center (0 0 0.05)
                          Moments [N m]                                                                                                                             Coefficients                                                                                                                             
Zone                      Pressure                                      Viscous                                       Total                                         Pressure                                      Viscous                                       Total                                        
jidi                      (3.3390575e-09 -22.900524 0.0042020848)       (-7.5508706e-05 -0.00029530936 -0.0019695716) (-7.5505367e-05 -22.900819 0.0022325131)      (1.184241e-11 -0.081219746 1.4903251e-05)     (-2.6780164e-07 -1.0473538e-06 -6.9853471e-06) (-2.677898e-07 -0.081220794 7.9179041e-06)   
jishen                    (0.34899855 -231.20215 3.3940078)             (-0.038840017 -0.080489069 -0.0024637341)     (0.31015854 -231.28264 3.3915441)             (0.0012377697 -0.81998912 0.012037299)        (-0.00013775127 -0.00028546516 -8.73796e-06)  (0.0011000184 -0.82027458 0.012028561)       
jitou                     (-1.2987518 538.40088 12.748445)              (-0.014321015 -0.039850251 0.16189792)        (-1.3130728 538.36103 12.910343)              (-0.0046061956 1.9095102 0.045214051)         (-5.079138e-05 -0.0001413342 0.00057419246)   (-0.004656987 1.9093688 0.045788243)         
liangan                   (1.327804 647.82453 -0.30677866)              (0.02549475 0.14401923 -0.0053099374)         (1.3532987 647.96855 -0.31208859)             (0.004709233 2.2975956 -0.0010880312)         (9.0420512e-05 0.00051078329 -1.8832398e-05)  (0.0047996535 2.2981064 -0.0011068636)       
waiyi                     (41.746779 -47.539516 -1.1828573)             (0.12793749 0.60671713 -0.15428466)           (41.874717 -46.932799 -1.337142)              (0.14806049 -0.1686052 -0.0041951605)         (0.00045374729 0.0021518028 -0.000547191)     (0.14851424 -0.1664534 -0.0047423515)        
weiyi                     (-10.462347 -655.03572 -33.297413)            (0.097478137 0.48487638 -0.33584451)          (-10.364869 -654.55085 -33.633257)            (-0.037106104 -2.3231711 -0.11809369)         (0.00034571915 0.0017196784 -0.0011911171)    (-0.036760385 -2.3214514 -0.11928481)        
xiaoyi                    (5.5250237 55.993623 -1.018785)               (0.063095999 0.040693058 -0.044235255)        (5.5881197 56.034316 -1.0630203)              (0.01959523 0.19858881 -0.0036132563)         (0.00022377833 0.00014432333 -0.0001568862)   (0.019819008 0.19873314 -0.0037701425)       
youfuyi                   (16.028748 -2.3186496 0.92061346)             (0.021836088 0.018498903 -0.22445102)         (16.050584 -2.3001507 0.69616244)             (0.056848081 -0.0082233985 0.0032650778)      (7.7444584e-05 6.5608815e-05 -0.00079604533)  (0.056925525 -0.0081577897 0.0024690325)     
youweiduo                 (-0.24073473 1.2184455 -0.51800459)           (0.017192639 0.025741052 -0.11807777)         (-0.22354209 1.2441865 -0.63608237)           (-0.00085379765 0.0043213785 -0.001837172)    (6.0975977e-05 9.1294055e-05 -0.00041877849)  (-0.00079282168 0.0044126726 -0.0022559505)  
zhongyangyi               (12.084477 -282.96917 0.27668177)             (0.056400185 0.33483458 -0.032647531)         (12.140878 -282.63434 0.24403424)             (0.042859202 -1.0035877 0.0009812886)         (0.00020003074 0.0011875353 -0.0001157888)    (0.043059233 -1.0024002 0.0008654998)        
zuofuyi                   (-5.0797254 -0.97925548 -1.8792993)           (0.013725643 0.024467788 0.23201021)          (-5.0659997 -0.95478769 -1.6472891)           (-0.01801592 -0.0034730595 -0.0066651842)     (4.8679813e-05 8.6778258e-05 0.00082285501)   (-0.01796724 -0.0033862813 -0.0058423292)    
zuoweiduo                 (-0.21372819 -1.3908184 -0.92010729)          (0.018248769 0.07291247 0.0044306253)         (-0.19547942 -1.317906 -0.91567666)           (-0.00075801538 -0.0049327221 -0.0032632826)  (6.4721679e-05 0.00025859375 1.57138e-05)     (-0.0006932937 -0.0046741284 -0.0032475688)  
------------------------- --------------------------------------------- --------------------------------------------- --------------------------------------------- --------------------------------------------- --------------------------------------------- ---------------------------------------------
Net                       (59.766543 -0.89833295 -21.779295)            (0.38817316 1.632126 -0.52094523)             (60.154716 0.73379302 -22.30024)              (0.21196998 -0.003186057 -0.077243161)        (0.0013767076 0.0057885513 -0.0018476014)     (0.21334668 0.0026024943 -0.079090762)       

Moments - Moment Center (0 0 0.05) Moment Axis (0 1 0)
                          Moments [N m]                                   Coefficients                                   
Zone                      Pressure        Viscous         Total           Pressure        Viscous         Total          
jidi                      -22.900524      -0.00029530936  -22.900819      -0.081219746    -1.0473538e-06  -0.081220794   
jishen                    -231.20215      -0.080489069    -231.28264      -0.81998912     -0.00028546516  -0.82027458    
jitou                     538.40088       -0.039850251    538.36103       1.9095102       -0.0001413342   1.9093688      
liangan                   647.82453       0.14401923      647.96855       2.2975956       0.00051078329   2.2981064      
waiyi                     -47.539516      0.60671713      -46.932799      -0.1686052      0.0021518028    -0.1664534     
weiyi                     -655.03572      0.48487638      -654.55085      -2.3231711      0.0017196784    -2.3214514     
xiaoyi                    55.993623       0.040693058     56.034316       0.19858881      0.00014432333   0.19873314     
youfuyi                   -2.3186496      0.018498903     -2.3001507      -0.0082233985   6.5608815e-05   -0.0081577897  
youweiduo                 1.2184455       0.025741052     1.2441865       0.0043213785    9.1294055e-05   0.0044126726   
zhongyangyi               -282.96917      0.33483458      -282.63434      -1.0035877      0.0011875353    -1.0024002     
zuofuyi                   -0.97925548     0.024467788     -0.95478769     -0.0034730595   8.6778258e-05   -0.0033862813  
zuoweiduo                 -1.3908184      0.07291247      -1.317906       -0.0049327221   0.00025859375   -0.0046741284  
------------------------- --------------- --------------- --------------- --------------- --------------- ---------------
Net                       -0.89833295     1.632126        0.73379302      -0.003186057    0.0057885513    0.0026024943   
