                                    "Force Report"

Moments - Moment Center (0 0 0.05)
                          Moments [N m]                                                                                                                             Coefficients                                                                                                                             
Zone                      Pressure                                      Viscous                                       Total                                         Pressure                                      Viscous                                       Total                                        
jidi                      (1.1449522e-08 -22.916391 0.011110948)        (5.8984191e-05 -0.0027416067 0.0015105111)    (5.8995641e-05 -22.919133 0.012621459)        (4.060725e-11 -0.081276021 3.9406452e-05)     (2.0919526e-07 -9.7234718e-06 5.357228e-06)   (2.0923587e-07 -0.081285745 4.4763681e-05)   
jishen                    (0.029483186 -229.28737 1.78691)              (-0.0071224348 -0.067515679 0.0088053485)     (0.022360751 -229.35489 1.7957154)            (0.00010456603 -0.8131981 0.0063375135)       (-2.526066e-05 -0.00023945331 3.1229337e-05)  (7.930537e-05 -0.81343755 0.0063687429)      
jitou                     (-0.4600773 557.69984 4.5391283)              (-0.0046529455 0.17971119 0.055528223)        (-0.46473024 557.87955 4.5946565)             (-0.0016317252 1.9779565 0.016098621)         (-1.6502289e-05 0.00063736959 0.00019693821)  (-0.0016482275 1.9785938 0.016295559)        
liangan                   (0.29017402 651.5633 -1.0831042)              (0.0034651713 0.14167143 0.008738438)         (0.29363919 651.70497 -1.0743658)             (0.0010291407 2.3108557 -0.0038413729)        (1.228969e-05 0.00050245654 3.099203e-05)     (0.0010414304 2.3113582 -0.0038103809)       
waiyi                     (30.669688 -46.00023 3.6679267)               (0.060340583 0.43033706 -0.009773932)         (30.730028 -45.569893 3.6581527)              (0.10877412 -0.16314592 0.013008789)          (0.00021400589 0.0015262475 -3.4664547e-05)   (0.10898812 -0.16161967 0.012974124)         
weiyi                     (-5.0324782 -773.2196 -12.643577)             (0.036635485 0.072061337 -0.15652357)         (-4.9958427 -773.14754 -12.800101)            (-0.017848352 -2.7423259 -0.044842124)        (0.00012993261 0.00025557509 -0.00055513163)  (-0.017718419 -2.7420703 -0.045397255)       
xiaoyi                    (8.201514 55.671676 -0.66476941)              (0.058474871 0.031135813 -0.013791275)        (8.2599889 55.702812 -0.67856069)             (0.029087758 0.19744699 -0.0023576929)        (0.00020738889 0.00011042729 -4.8912588e-05)  (0.029295147 0.19755741 -0.0024066055)       
youfuyi                   (32.250262 -4.5589257 -0.59646643)            (0.05739017 0.0096437294 -0.17165541)         (32.307652 -4.549282 -0.76812184)             (0.11437983 -0.016168835 -0.0021154473)       (0.00020354185 3.4202766e-05 -0.0006087987)   (0.11458338 -0.016134632 -0.002724246)       
youweiduo                 (0.3498547 -3.2610217 2.0478567)              (0.017530991 -0.0053439756 -0.088794812)      (0.36738569 -3.2663657 1.9590618)             (0.0012408061 -0.011565646 0.0072629954)      (6.2175985e-05 -1.8953118e-05 -0.00031492259) (0.0013029821 -0.011584599 0.0069480728)     
zhongyangyi               (1.4504835 -274.34775 -1.6757206)             (0.0011014591 0.25566155 0.022595162)         (1.451585 -274.09209 -1.6531255)              (0.0051443324 -0.9730107 -0.0059431656)       (3.9064707e-06 0.00090673763 8.0136742e-05)   (0.0051482388 -0.97210397 -0.0058630288)     
zuofuyi                   (-25.676336 -3.8548606 -1.4839194)            (-0.054804929 0.0085163754 0.15673724)        (-25.731141 -3.8463442 -1.3271821)            (-0.091064532 -0.013671775 -0.005262917)      (-0.00019437295 3.0204455e-05 0.00055588942)  (-0.091258905 -0.01364157 -0.0047070276)     
zuoweiduo                 (-0.65233632 -4.4162612 -2.7860157)           (-0.0052604897 0.015101888 0.047288195)       (-0.65759681 -4.4011593 -2.7387275)           (-0.0023135973 -0.015662856 -0.0098809744)    (-1.8657025e-05 5.3560849e-05 0.00016771386)  (-0.0023322543 -0.015609296 -0.0097132605)   
------------------------- --------------------------------------------- --------------------------------------------- --------------------------------------------- --------------------------------------------- --------------------------------------------- ---------------------------------------------
Net                       (41.420232 -96.927605 -8.8806402)             (0.16315692 1.0682391 -0.13933589)            (41.583389 -95.859366 -9.0199761)             (0.14690235 -0.34376661 -0.031496369)         (0.00057865765 0.0037886518 -0.00049417322)   (0.14748101 -0.33997796 -0.031990542)        

Moments - Moment Center (0 0 0.05) Moment Axis (0 1 0)
                          Moments [N m]                                   Coefficients                                   
Zone                      Pressure        Viscous         Total           Pressure        Viscous         Total          
jidi                      -22.916391      -0.0027416067   -22.919133      -0.081276021    -9.7234718e-06  -0.081285745   
jishen                    -229.28737      -0.067515679    -229.35489      -0.8131981      -0.00023945331  -0.81343755    
jitou                     557.69984       0.17971119      557.87955       1.9779565       0.00063736959   1.9785938      
liangan                   651.5633        0.14167143      651.70497       2.3108557       0.00050245654   2.3113582      
waiyi                     -46.00023       0.43033706      -45.569893      -0.16314592     0.0015262475    -0.16161967    
weiyi                     -773.2196       0.072061337     -773.14754      -2.7423259      0.00025557509   -2.7420703     
xiaoyi                    55.671676       0.031135813     55.702812       0.19744699      0.00011042729   0.19755741     
youfuyi                   -4.5589257      0.0096437294    -4.549282       -0.016168835    3.4202766e-05   -0.016134632   
youweiduo                 -3.2610217      -0.0053439756   -3.2663657      -0.011565646    -1.8953118e-05  -0.011584599   
zhongyangyi               -274.34775      0.25566155      -274.09209      -0.9730107      0.00090673763   -0.97210397    
zuofuyi                   -3.8548606      0.0085163754    -3.8463442      -0.013671775    3.0204455e-05   -0.01364157    
zuoweiduo                 -4.4162612      0.015101888     -4.4011593      -0.015662856    5.3560849e-05   -0.015609296   
------------------------- --------------- --------------- --------------- --------------- --------------- ---------------
Net                       -96.927605      1.0682391       -95.859366      -0.34376661     0.0037886518    -0.33997796    
