                                    "Force Report"

Forces
                          Forces [N]                                                                                                                                Coefficients                                                                                                                             
Zone                      Pressure                                      Viscous                                       Total                                         Pressure                                      Viscous                                       Total                                        
jidi                      (1144.431 -1.2320335e-07 0.00043563348)       (-3.325278e-09 -0.0026583539 -0.0013064074)   (1144.431 -0.0026584771 -0.00087077388)       (1.4802721 -1.5935822e-10 5.6347314e-07)      (-4.3011038e-12 -3.4384663e-06 -1.6897816e-06) (1.4802721 -3.4386256e-06 -1.1263085e-06)    
jishen                    (9080.7667 2.41606 -12504.729)                (1.2065637 -0.11970352 -0.069645979)          (9081.9733 2.2963565 -12504.798)              (11.74558 0.0031250695 -16.174327)            (0.0015606381 -0.00015483135 -9.0084073e-05)  (11.747141 0.0029702382 -16.174418)          
jitou                     (-11245.717 -13.873555 -3.2379433)            (1.1632556 -0.16935236 -0.013998037)          (-11244.553 -14.042907 -3.2519414)            (-14.54585 -0.017944846 -0.0041881402)        (0.0015046209 -0.00021904998 -1.8105858e-05)  (-14.544345 -0.018163896 -0.004206246)       
liangan                   (-81.092695 -1.50628 -3079.7021)              (1.1486845 -0.12295815 -0.039612244)          (-79.94401 -1.6292382 -3079.7417)             (-0.10488991 -0.0019483083 -3.9834619)        (0.0014857738 -0.00015904106 -5.1236731e-05)  (-0.10340413 -0.0021073494 -3.9835131)       
waiyi                     (-127.21996 -0.3159661 1585.8284)             (3.9758481 -0.50700475 0.1146239)             (-123.24412 -0.82297084 1585.943)             (-0.16455354 -0.00040868853 2.0512007)        (0.0051425881 -0.00065578879 0.00014826108)   (-0.15941095 -0.0010644773 2.051349)         
weiyi                     (44.68059 -23.311445 516.16219)               (1.5046291 -0.20134465 -0.074419192)          (46.185219 -23.51279 516.08778)               (0.057792418 -0.03015235 0.66763356)          (0.0019461729 -0.00026043062 -9.6258018e-05)  (0.059738591 -0.030412781 0.6675373)         
xiaoyi                    (151.29777 -0.6632113 -371.96842)             (0.31170109 -0.040347186 -0.013495697)        (151.60947 -0.70355849 -371.98192)            (0.19569715 -0.00085783524 -0.48112512)       (0.00040317193 -5.2187346e-05 -1.7456102e-05) (0.19610032 -0.00091002258 -0.48114258)      
youfuyi                   (-0.83058906 -0.39637523 12.040203)           (0.18677667 -0.048393332 0.0068522417)        (-0.64381239 -0.44476856 12.047055)           (-0.0010743312 -0.00051269428 0.015573483)    (0.00024158758 -6.259469e-05 8.8630794e-06)   (-0.00083274358 -0.00057528897 0.015582346)  
youweiduo                 (-1.0018605 -0.59587907 -0.99941869)          (0.15496184 -0.029296271 0.0052156355)        (-0.8468987 -0.62517534 -0.99420305)          (-0.0012958634 -0.0007707439 -0.001292705)    (0.00020043646 -3.7893464e-05 6.7461998e-06)  (-0.001095427 -0.00080863736 -0.0012859588)  
zhongyangyi               (1057.1714 -0.031447503 14147.506)            (2.4231298 -0.24504862 0.011121155)           (1059.5945 -0.27649612 14147.517)             (1.3674057 -4.067599e-05 18.299189)           (0.003134214 -0.00031695983 1.4384735e-05)    (1.3705399 -0.00035763582 18.299204)         
zuofuyi                   (-0.82366326 0.43940991 11.76014)             (0.19005691 -0.044907179 0.0072972563)        (-0.63360635 0.39450273 11.767437)            (-0.0010653729 0.00056835778 0.015211234)     (0.00024583042 -5.80855e-05 9.4386866e-06)    (-0.00081954252 0.00051027228 0.015220672)   
zuoweiduo                 (-0.74093358 -2.4421758 4.3073828)            (0.13192462 -0.030206126 -0.0095548175)       (-0.60900896 -2.4723819 4.297828)             (-0.00095836565 -0.0031588492 0.0055714141)   (0.00017063881 -3.9070322e-05 -1.2358745e-05) (-0.00078772685 -0.0031979195 0.0055590553)  
------------------------- --------------------------------------------- --------------------------------------------- --------------------------------------------- --------------------------------------------- --------------------------------------------- ---------------------------------------------
Net                       (20.921223 -40.280866 316.96843)              (12.397532 -1.5612205 -0.076922183)           (33.318755 -41.842086 316.89151)              (0.027060701 -0.052101564 0.40998501)         (0.016035673 -0.0020193714 -9.9495529e-05)    (0.043096374 -0.054120935 0.40988551)        

Forces - Direction Vector (0.98966482 -0.1391731 -0.034559857)
                          Forces [N]                                      Coefficients                                   
Zone                      Pressure        Viscous         Total           Pressure        Viscous         Total          
jidi                      1132.6031       0.00041511732   1132.6035       1.4649732       5.3693637e-07   1.4649738      
jishen                    9418.7408       1.2131601       9419.954        12.182735       0.0015691703    12.184305      
jitou                     -11127.447      1.1752862       -11126.272      -14.392874      0.001520182     -14.391353     
liangan                   26.389109       1.1552941       27.544403       0.034133175     0.0014943231    0.035627499    
waiyi                     -180.66715      4.001357        -176.6658       -0.23368518     0.0051755829    -0.22850959    
weiyi                     29.624643       1.5196721       31.144315       0.038318199     0.0019656304    0.04028383     
xiaoyi                    162.68156       0.31456126      162.99612       0.21042159      0.00040687143   0.21082846     
youfuyi                   -1.1829477      0.19134454      -0.99160315     -0.0015300919   0.00024749592   -0.0012825959  
youweiduo                 -0.87403603     0.15725728      -0.71677874     -0.0011305279   0.00020340552   -0.00092712242 
zhongyangyi               557.31396       2.4318062       559.74576       0.72086159      0.0031454365    0.72400702     
zuofuyi                   -1.2827333      0.19409031      -1.088643       -0.0016591603   0.00025104746   -0.0014081128  
zuoweiduo                 -0.54225325     0.13509524      -0.40715801     -0.00070138122  0.00017473988   -0.00052664134 
------------------------- --------------- --------------- --------------- --------------- --------------- ---------------
Net                       15.356628       12.489339       27.845967       0.019863137     0.016154422     0.036017559    
