                                    "Force Report"

Forces
                          Forces [N]                                                                                                                                Coefficients                                                                                                                             
Zone                      Pressure                                      Viscous                                       Total                                         Pressure                                      Viscous                                       Total                                        
jidi                      (1144.6444 7.1131128e-07 0.00043612184)       (1.320026e-08 -0.0002499553 -0.003844784)     (1144.6444 -0.00024924399 -0.0034086622)      (1.4805482 9.2005049e-10 5.6410481e-07)       (1.7073967e-11 -3.2330641e-07 -4.9730624e-06) (1.4805482 -3.2238636e-07 -4.4089576e-06)    
jishen                    (9079.8342 0.69678801 -12514.428)             (1.2698146 -0.15757251 -0.1412925)            (9081.1041 0.5392155 -12514.57)               (11.744374 0.00090126527 -16.186874)          (0.0016424504 -0.00020381326 -0.00018275575)  (11.746017 0.00069745201 -16.187056)         
jitou                     (-11242.687 -19.540656 -14.04096)             (1.1427707 -0.24984318 -0.12233557)           (-11241.544 -19.7905 -14.163296)              (-14.541931 -0.025274997 -0.018161377)        (0.0014781247 -0.00032316139 -0.00015823579)  (-14.540453 -0.025598159 -0.018319613)       
liangan                   (-81.138905 -2.1926434 -3086.3663)            (1.2563257 -0.18644284 -0.12234907)           (-79.882579 -2.3790863 -3086.4886)            (-0.10494968 -0.0028360898 -3.9920818)        (0.0016250031 -0.00024115577 -0.00015825325)  (-0.10332467 -0.0030772456 -3.99224)         
waiyi                     (-132.48037 -0.72370203 1411.8677)            (3.4791867 -0.8274279 -0.16305577)            (-129.00119 -1.5511299 1411.7047)             (-0.17135765 -0.00093607738 1.8261901)        (0.004500178 -0.0010702423 -0.00021090561)    (-0.16685747 -0.0020063197 1.8259791)        
weiyi                     (39.794161 -33.219895 492.4015)               (1.374291 -0.28703784 -0.11348909)            (41.168452 -33.506933 492.28801)              (0.051472033 -0.042968502 0.63690012)         (0.0017775862 -0.00037127108 -0.00014679324)  (0.053249619 -0.043339773 0.63675333)        
xiaoyi                    (150.74507 -1.2530917 -373.90416)             (0.3151432 -0.063185616 -0.04092534)          (151.06021 -1.3162773 -373.94509)             (0.19498225 -0.0016208201 -0.48362892)        (0.00040762415 -8.1727871e-05 -5.2935163e-05) (0.19538987 -0.0017025479 -0.48368186)       
youfuyi                   (-0.86121175 -0.22952794 8.3957852)           (0.17439544 -0.071115617 -0.0072762569)       (-0.68681631 -0.30064356 8.3885089)           (-0.0011139403 -0.0002968845 0.010859586)     (0.00022557299 -9.1984986e-05 -9.4115247e-06) (-0.0008883673 -0.00038886949 0.010850175)   
youweiduo                 (-1.0879149 -1.1601029 -2.0203509)            (0.14574611 -0.038384646 0.0034312108)        (-0.94216884 -1.1984876 -2.0169197)           (-0.0014071711 -0.0015005432 -0.0026132369)   (0.00018851631 -4.9648886e-05 4.4381233e-06)  (-0.0012186548 -0.0015501921 -0.0026087988)  
zhongyangyi               (1056.1361 -0.043047874 14035.408)            (1.9935503 -0.37638404 -0.098385685)          (1058.1297 -0.41943191 14035.309)             (1.3660666 -5.568057e-05 18.154195)           (0.0025785715 -0.00048683653 -0.00012725764)  (1.3686452 -0.0005425171 18.154068)          
zuofuyi                   (-0.82489066 0.2889639 7.6897431)             (0.1742181 -0.071208019 -0.0058991361)        (-0.65067255 0.21775588 7.683844)             (-0.0010669605 0.00037376236 0.0099463514)    (0.00022534361 -9.2104505e-05 -7.6302783e-06) (-0.00084161691 0.00028165785 0.0099387211)  
zuoweiduo                 (-0.72841465 -2.2437675 4.0036143)            (0.13280112 -0.043603674 -0.018705994)        (-0.59561353 -2.2873712 3.9849083)            (-0.00094217296 -0.0029022166 0.0051785026)   (0.00017177252 -5.6399473e-05 -2.4195397e-05) (-0.00077040044 -0.0029586161 0.0051543072)  
------------------------- --------------------------------------------- --------------------------------------------- --------------------------------------------- --------------------------------------------- --------------------------------------------- ---------------------------------------------
Net                       (11.345267 -59.620682 -30.993354)             (11.458243 -2.3724558 -0.83412798)            (22.80351 -61.993138 -31.827482)              (0.014674614 -0.077116783 -0.040088568)       (0.014820744 -0.0030686694 -0.0010789086)     (0.029495357 -0.080185452 -0.041167476)      

Forces - Direction Vector (0.97278921 -0.20791169 -0.10224427)
                          Forces [N]                                      Coefficients                                   
Zone                      Pressure        Viscous         Total           Pressure        Viscous         Total          
jidi                      1113.4977       0.00044508859   1113.4981       1.4402613       5.7570291e-07   1.4402618      
jishen                    10112.148       1.2824694       10113.431       13.079628       0.0016588189    13.081287      
jitou                     -10931.266      1.1761284       -10930.09       -14.139122      0.0015212714    -14.137601     
liangan                   237.08808       1.2734132       238.36149       0.30666321      0.0016471051    0.30831032     
waiyi                     -273.08039      3.5732187       -269.50717      -0.35321771     0.0046218044    -0.34859591    
weiyi                     -4.7270945      1.4081776       -3.3189169      -0.0061142931   0.001821417     -0.004292876   
xiaoyi                    185.13326       0.32388931      185.45715       0.2394619       0.00041893687   0.23988084     
youfuyi                   -1.6484768      0.18517973      -1.4632971      -0.0021322338   0.000239522     -0.0018927118  
youweiduo                 -0.61054365     0.14941003      -0.46113362     -0.00078971191  0.00019325544   -0.00059645647 
zhongyangyi               -407.63319      2.0276183       -405.60557      -0.52725596     0.0026226369    -0.52463332    
zuofuyi                   -1.6487558      0.18488562      -1.4638702      -0.0021325946   0.00023914159   -0.001893453   
zuoweiduo                 -0.65143502     0.14016579      -0.51126923     -0.00084260313  0.0001812984    -0.00066130472 
------------------------- --------------- --------------- --------------- --------------- --------------- ---------------
Net                       26.601283       11.725001       38.326284       0.034407613     0.015165784     0.049573396    
