                                    "Force Report"

Forces
                          Forces [N]                                                                                                                                Coefficients                                                                                                                             
Zone                      Pressure                                      Viscous                                       Total                                         Pressure                                      Viscous                                       Total                                        
jidi                      (1145.1464 -8.2382268e-08 0.00043564222)      (2.2175788e-08 0.0015368012 0.0033652271)     (1145.1464 0.0015367189 0.0038008693)         (1.4811976 -1.0655791e-10 5.6348444e-07)      (2.8683426e-11 1.9877862e-06 4.3527762e-06)   (1.4811976 1.9876796e-06 4.9162607e-06)      
jishen                    (9085.4626 0.64039726 -12499.052)             (1.140254 -0.057222671 0.015616204)           (9086.6028 0.58317458 -12499.036)             (11.751654 0.00082832625 -16.166985)          (0.0014748694 -7.401506e-05 2.0198887e-05)    (11.753129 0.00075431119 -16.166965)         
jitou                     (-11255.362 -6.6801982 17.704468)             (1.1463325 -0.08456605 0.19603334)            (-11254.216 -6.7647642 17.900501)             (-14.558326 -0.0086405485 0.022899967)        (0.0014827317 -0.00010938254 0.00025356067)   (-14.556843 -0.008749931 0.023153527)        
liangan                   (-81.058974 -0.38218301 -3071.2415)           (1.129305 -0.045419745 0.094693339)           (-79.929669 -0.42760275 -3071.1468)           (-0.10484629 -0.00049433725 -3.9725185)       (0.0014607074 -5.8748483e-05 0.00012248175)   (-0.10338558 -0.00055308573 -3.972396)       
waiyi                     (-175.01118 -0.073074291 1893.34)             (4.1437007 -0.26501468 0.71672178)            (-170.86748 -0.33808897 1894.0567)            (-0.22636942 -9.4518446e-05 2.4489537)        (0.0053596983 -0.00034278507 0.00092704874)   (-0.22100972 -0.00043730352 2.4498807)       
weiyi                     (45.485894 -13.504599 571.21514)              (1.4521049 -0.097941136 0.052814668)          (46.937999 -13.60254 571.26795)               (0.058834044 -0.017467616 0.73884217)         (0.0018782352 -0.00012668264 6.8313497e-05)   (0.060712279 -0.017594299 0.73891048)        
xiaoyi                    (153.07993 -0.45846897 -368.50519)            (0.34612962 -0.023137174 0.04355998)          (153.42606 -0.48160614 -368.46163)            (0.19800229 -0.00059300985 -0.47664559)       (0.00044770375 -2.9926938e-05 5.6342957e-05)  (0.19844999 -0.00062293679 -0.47658924)      
youfuyi                   (-0.42651142 -0.67505399 18.159209)           (0.14955759 -0.019015997 0.033450753)         (-0.27695383 -0.69406999 18.19266)            (-0.00055167414 -0.00087315325 0.023488154)   (0.0001934463 -2.4596372e-05 4.3267107e-05)   (-0.00035822784 -0.00089774962 0.023531422)  
youweiduo                 (-0.91001429 0.47635183 0.87233729)           (0.15233479 -0.018226139 0.0096178425)        (-0.75767949 0.45812569 0.88195514)           (-0.0011770643 0.00061614057 0.0011283307)    (0.00019703849 -2.3574726e-05 1.2440265e-05)  (-0.00098002578 0.00059256584 0.001140771)   
zhongyangyi               (1035.0499 0.028253437 14330.4)               (2.3798167 -0.095369732 0.32611957)           (1037.4298 -0.067116295 14330.726)            (1.3387925 3.6544603e-05 18.535754)           (0.0030781904 -0.00012335664 0.0004218216)    (1.3418707 -8.6812035e-05 18.536176)         
zuofuyi                   (-0.29721794 0.65158172 17.736435)            (0.15565246 -0.028536824 0.031492769)         (-0.14156548 0.6230449 17.767928)             (-0.0003844386 0.00084279288 0.022941314)     (0.00020132975 -3.6911153e-05 4.0734539e-05)  (-0.00018310884 0.00080588173 0.022982049)   
zuoweiduo                 (-0.63561557 -2.8600699 4.9650044)            (0.12140397 -0.012987828 0.0053847581)        (-0.5142116 -2.8730577 4.9703891)             (-0.00082214135 -0.0036993772 0.0064220192)   (0.00015703081 -1.6799196e-05 6.9649525e-06)  (-0.00066511054 -0.0037161763 0.0064289841)  
------------------------- --------------------------------------------- --------------------------------------------- --------------------------------------------- --------------------------------------------- --------------------------------------------- ---------------------------------------------
Net                       (-49.477009 -22.837063 915.59412)             (12.316592 -0.74590118 1.5288702)             (-37.160416 -23.582964 917.12299)             (-0.063996379 -0.029538757 1.1842815)         (0.015930981 -0.00096479103 0.0019775278)     (-0.048065397 -0.030503548 1.1862591)        

Forces - Direction Vector (0.99209929 -0.069756474 0.10427384)
                          Forces [N]                                      Coefficients                                   
Zone                      Pressure        Viscous         Total           Pressure        Viscous         Total          
jidi                      1136.099        0.00024372531   1136.0992       1.4694951       3.1524818e-07   1.4694954      
jishen                    7710.3122       1.1368652       7711.4491       9.9729566       0.0014704862    9.9744271      
jitou                     -11164.125      1.1636159       -11162.961      -14.440314      0.001505087     -14.438809     
liangan                   -400.64202      1.133425        -399.5086       -0.51821319     0.0014660365    -0.51674716    
waiyi                     23.802454       4.2041843       28.006638       0.030787448     0.0054379313    0.03622538     
weiyi                     105.63135       1.4529715       107.08432       0.1366296       0.001879356     0.13850896     
xiaoyi                    113.47702       0.34955108      113.82657       0.14677763      0.00045212926   0.14722976     
youfuyi                   1.5174781       0.1531905       1.6706686       0.0019627926    0.00019814532   0.0021609379   
youweiduo                 -0.8450912      0.15340552      -0.69168568     -0.001093089    0.00019842343   -0.00089466562 
zhongyangyi               2521.1561       2.4016729       2523.5578       3.2610068       0.0031064603    3.2641132      
zuofuyi                   1.5091244       0.1596972       1.6688216       0.0019519873    0.00020656144   0.0021585488   
zuoweiduo                 0.08663469      0.12191227      0.20854696      0.00011205824   0.00015768827   0.00026974651  
------------------------- --------------- --------------- --------------- --------------- --------------- ---------------
Net                       47.97944        12.430735       60.410175       0.062059338     0.01607862      0.078137958    
