                                    "Force Report"

Moments - Moment Center (0 0 0.05)
                          Moments [N m]                                                                                                                             Coefficients                                                                                                                             
Zone                      Pressure                                      Viscous                                       Total                                         Pressure                                      Viscous                                       Total                                        
jidi                      (-2.1134611e-08 -22.911241 -0.00079528665)    (2.8888026e-05 0.00050425063 0.0011190821)    (2.8866891e-05 -22.910736 0.00032379545)      (-7.4956703e-11 -0.081257755 -2.8205896e-06)  (1.0245522e-07 1.7883918e-06 3.9689731e-06)   (1.0238026e-07 -0.081255966 1.1483835e-06)   
jishen                    (0.27758589 -231.48987 2.2696314)             (-0.025846489 -0.078922094 -0.013888764)      (0.2517394 -231.5688 2.2557426)               (0.00098449518 -0.82100955 0.0080495489)      (-9.1668002e-05 -0.00027990768 -4.9258343e-05) (0.00089282718 -0.82128946 0.0080002906)     
jitou                     (-0.87324142 538.55313 8.5746992)             (-0.0094526969 -0.038744227 0.10741842)       (-0.88269411 538.51439 8.6821177)             (-0.0030970666 1.9100501 0.030411309)         (-3.3525244e-05 -0.00013741154 0.00038097367) (-0.0031305918 1.9099127 0.030792282)        
liangan                   (0.47337185 646.91395 -0.23573624)            (0.010082942 0.12553786 -0.013534382)         (0.48345479 647.03948 -0.24927062)            (0.0016788761 2.2943661 -0.00083606986)       (3.5760491e-05 0.00044523667 -4.8001482e-05)  (0.0017146366 2.2948114 -0.00088407134)      
waiyi                     (7.0382842 -47.564335 -0.089447876)           (0.063727345 0.62951554 -0.055405988)         (7.1020115 -46.934819 -0.14485386)            (0.024962209 -0.16869322 -0.00031723876)      (0.00022601748 0.0022326604 -0.00019650469)   (0.025188226 -0.16646056 -0.00051374345)     
weiyi                     (-8.6907068 -668.83314 -28.131517)            (0.067122643 0.50594015 -0.24790421)          (-8.6235842 -668.3272 -28.379421)             (-0.030822745 -2.3721055 -0.099772157)        (0.00023805936 0.0017943839 -0.00087922516)   (-0.030584686 -2.3703111 -0.10065138)        
xiaoyi                    (4.0095091 55.931065 -0.53543311)             (0.045593134 0.039938897 -0.030970917)        (4.0551023 55.971004 -0.56640403)             (0.014220256 0.19836695 -0.0018989846)        (0.0001617021 0.0001416486 -0.00010984247)    (0.014381958 0.19850859 -0.002008827)        
youfuyi                   (16.141861 -2.3325378 0.90923957)             (0.021582246 0.018264719 -0.2214107)          (16.163443 -2.3142731 0.68782887)             (0.05724925 -0.0082726549 0.0032247388)       (7.6544299e-05 6.4778249e-05 -0.00078526244)  (0.057325795 -0.0082078767 0.0024394764)     
youweiduo                 (-0.13544681 0.58457361 -0.16966712)          (0.011902139 0.032358716 -0.10065365)         (-0.12354468 0.61693233 -0.27032077)          (-0.0004803801 0.0020732679 -0.00060174696)   (4.2212514e-05 0.00011476448 -0.00035698153)  (-0.00043816759 0.0021880324 -0.00095872849) 
zhongyangyi               (6.7560157 -282.54509 0.22324412)             (0.03677872 0.34421496 -0.019393429)          (6.7927944 -282.20088 0.20385069)             (0.023961106 -1.0020837 0.0007917649)         (0.00013044061 0.001220804 -6.8781369e-05)    (0.024091547 -1.0008629 0.00072298353)       
zuofuyi                   (-15.727804 -2.2915255 -0.93336132)           (-0.011892721 0.018815758 0.20846165)         (-15.739697 -2.2727098 -0.72489967)           (-0.055780745 -0.0081271993 -0.0033102898)    (-4.2179113e-05 6.6732584e-05 0.0007393369)   (-0.055822924 -0.0080604667 -0.0025709529)   
zuoweiduo                 (-0.93078937 -6.4281114 -3.8037068)           (0.01101374 0.047682358 0.0073482601)         (-0.91977563 -6.3804291 -3.7963586)           (-0.003301168 -0.02279815 -0.013490351)       (3.906169e-05 0.00016911181 2.6061579e-05)    (-0.0032621063 -0.022629038 -0.013464289)    
------------------------- --------------------------------------------- --------------------------------------------- --------------------------------------------- --------------------------------------------- --------------------------------------------- ---------------------------------------------
Net                       (8.3386385 -22.413143 -21.92285)              (0.22063989 1.6451069 -0.37881463)            (8.5592784 -20.768036 -22.301665)             (0.029574088 -0.079491185 -0.077752297)       (0.00078252864 0.0058345898 -0.0013435163)    (0.030356617 -0.073656596 -0.079095813)      

Moments - Moment Center (0 0 0.05) Moment Axis (0 1 0)
                          Moments [N m]                                   Coefficients                                   
Zone                      Pressure        Viscous         Total           Pressure        Viscous         Total          
jidi                      -22.911241      0.00050425063   -22.910736      -0.081257755    1.7883918e-06   -0.081255966   
jishen                    -231.48987      -0.078922094    -231.5688       -0.82100955     -0.00027990768  -0.82128946    
jitou                     538.55313       -0.038744227    538.51439       1.9100501       -0.00013741154  1.9099127      
liangan                   646.91395       0.12553786      647.03948       2.2943661       0.00044523667   2.2948114      
waiyi                     -47.564335      0.62951554      -46.934819      -0.16869322     0.0022326604    -0.16646056    
weiyi                     -668.83314      0.50594015      -668.3272       -2.3721055      0.0017943839    -2.3703111     
xiaoyi                    55.931065       0.039938897     55.971004       0.19836695      0.0001416486    0.19850859     
youfuyi                   -2.3325378      0.018264719     -2.3142731      -0.0082726549   6.4778249e-05   -0.0082078767  
youweiduo                 0.58457361      0.032358716     0.61693233      0.0020732679    0.00011476448   0.0021880324   
zhongyangyi               -282.54509      0.34421496      -282.20088      -1.0020837      0.001220804     -1.0008629     
zuofuyi                   -2.2915255      0.018815758     -2.2727098      -0.0081271993   6.6732584e-05   -0.0080604667  
zuoweiduo                 -6.4281114      0.047682358     -6.3804291      -0.02279815     0.00016911181   -0.022629038   
------------------------- --------------- --------------- --------------- --------------- --------------- ---------------
Net                       -22.413143      1.6451069       -20.768036      -0.079491185    0.0058345898    -0.073656596   
