                                    "Force Report"

Moments - Moment Center (0 0 0.05)
                          Moments [N m]                                                                                                                             Coefficients                                                                                                                             
Zone                      Pressure                                      Viscous                                       Total                                         Pressure                                      Viscous                                       Total                                        
jidi                      (6.9795345e-09 -22.902977 0.01064203)         (3.6145631e-05 0.0021530781 -0.00013997535)   (3.6152611e-05 -22.900824 0.010502055)        (2.4753845e-11 -0.081228447 3.7743372e-05)    (1.2819528e-07 7.6361772e-06 -4.9644116e-07)  (1.2822003e-07 -0.081220811 3.7246931e-05)   
jishen                    (0.52549429 -232.11798 2.2494398)             (-0.039960608 -0.10477568 -0.019419494)       (0.48553368 -232.22275 2.2300203)             (0.0018637352 -0.82323721 0.0079779368)       (-0.0001417256 -0.00037160085 -6.8873811e-05) (0.0017220096 -0.82360881 0.007909063)       
jitou                     (-1.2571779 528.73237 12.241649)              (-0.014450602 -0.14375963 0.15858577)         (-1.2716285 528.58861 12.400235)              (-0.0044587482 1.8752195 0.043416633)         (-5.1250978e-05 -0.0005098626 0.00056244548)  (-0.0045099992 1.8747097 0.043979079)        
liangan                   (0.55537035 645.8028 -0.14022303)             (0.013688518 0.14020484 -0.0084220915)        (0.56905887 645.94301 -0.14864513)            (0.0019696947 2.2904253 -0.0004973196)        (4.8548147e-05 0.00049725506 -2.9870065e-05)  (0.0020182428 2.2909226 -0.00052718966)      
waiyi                     (14.09782 -54.873202 -2.2438125)              (0.10102318 0.4867297 -0.16454567)            (14.198843 -54.386472 -2.4083582)             (0.049999788 -0.19461509 -0.0079579788)       (0.00035829212 0.0017262515 -0.00058358307)   (0.050358081 -0.19288884 -0.0085415618)      
weiyi                     (-12.786858 -625.04955 -38.296706)            (0.10204346 0.54986821 -0.30522137)           (-12.684815 -624.49968 -38.601928)            (-0.045350289 -2.2168212 -0.13582435)         (0.00036191068 0.0019501806 -0.0010825081)    (-0.044988378 -2.214871 -0.13690686)         
xiaoyi                    (-1.2021659 55.985684 -0.8629752)             (0.018592143 0.044672763 -0.025093653)        (-1.1835738 56.030357 -0.88806885)            (-0.004263641 0.19856066 -0.003060656)        (6.5939502e-05 0.00015843788 -8.8997971e-05)  (-0.0041977015 0.1987191 -0.003149654)       
youfuyi                   (10.127084 -1.4884259 0.99774708)             (-0.0012098688 0.021447859 -0.22248701)       (10.125874 -1.4669781 0.77526007)             (0.035917048 -0.0052789001 0.0035386424)      (-4.2909603e-06 7.6067678e-05 -0.00078907972) (0.035912757 -0.0052028324 0.0027495627)     
youweiduo                 (-0.42345628 2.4348596 -1.1785431)            (0.012078249 0.036332114 -0.10753433)         (-0.41137804 2.4711917 -1.2860774)            (-0.0015018439 0.0086355528 -0.0041798595)    (4.2837111e-05 0.00012885666 -0.00038138476)  (-0.0014590068 0.0087644095 -0.0045612443)   
zhongyangyi               (13.048968 -290.49297 -0.40398876)            (0.049962222 0.26285826 -0.085576581)         (13.09893 -290.23011 -0.48956535)             (0.046279895 -1.0302718 -0.0014327998)        (0.00017719765 0.0009322617 -0.0003035087)    (0.046457093 -1.0293396 -0.0017363085)       
zuofuyi                   (-9.1782866 -1.374967 -0.95294829)            (0.014817102 0.020991498 0.19212788)          (-9.1634695 -1.3539755 -0.76082041)           (-0.032552011 -0.0048765028 -0.0033797576)    (5.2550819e-05 7.4449134e-05 0.00068140702)   (-0.032499461 -0.0048020537 -0.0026983506)   
zuoweiduo                 (-0.88689214 -5.6464165 -3.3063939)           (0.018865258 0.064098597 -0.012163821)        (-0.86802688 -5.5823179 -3.3185577)           (-0.0031454807 -0.020025765 -0.011726565)     (6.690814e-05 0.00022733418 -4.3140604e-05)   (-0.0030785725 -0.019798431 -0.011769705)    
------------------------- --------------------------------------------- --------------------------------------------- --------------------------------------------- --------------------------------------------- --------------------------------------------- ---------------------------------------------
Net                       (12.619899 -0.9907612 -31.886113)             (0.2754852 1.3808216 -0.59989035)             (12.895384 0.39006041 -32.486003)             (0.044758147 -0.0035138661 -0.11308833)       (0.00097704483 0.0048972671 -0.0021275907)    (0.045735192 0.001383401 -0.11521592)        

Moments - Moment Center (0 0 0.05) Moment Axis (0 1 0)
                          Moments [N m]                                   Coefficients                                   
Zone                      Pressure        Viscous         Total           Pressure        Viscous         Total          
jidi                      -22.902977      0.0021530781    -22.900824      -0.081228447    7.6361772e-06   -0.081220811   
jishen                    -232.11798      -0.10477568     -232.22275      -0.82323721     -0.00037160085  -0.82360881    
jitou                     528.73237       -0.14375963     528.58861       1.8752195       -0.0005098626   1.8747097      
liangan                   645.8028        0.14020484      645.94301       2.2904253       0.00049725506   2.2909226      
waiyi                     -54.873202      0.4867297       -54.386472      -0.19461509     0.0017262515    -0.19288884    
weiyi                     -625.04955      0.54986821      -624.49968      -2.2168212      0.0019501806    -2.214871      
xiaoyi                    55.985684       0.044672763     56.030357       0.19856066      0.00015843788   0.1987191      
youfuyi                   -1.4884259      0.021447859     -1.4669781      -0.0052789001   7.6067678e-05   -0.0052028324  
youweiduo                 2.4348596       0.036332114     2.4711917       0.0086355528    0.00012885666   0.0087644095   
zhongyangyi               -290.49297      0.26285826      -290.23011      -1.0302718      0.0009322617    -1.0293396     
zuofuyi                   -1.374967       0.020991498     -1.3539755      -0.0048765028   7.4449134e-05   -0.0048020537  
zuoweiduo                 -5.6464165      0.064098597     -5.5823179      -0.020025765    0.00022733418   -0.019798431   
------------------------- --------------- --------------- --------------- --------------- --------------- ---------------
Net                       -0.9907612      1.3808216       0.39006041      -0.0035138661   0.0048972671    0.001383401    
