                                    "Force Report"

Moments - Moment Center (0 0 0.05)
                          Moments [N m]                                                                                                                             Coefficients                                                                                                                             
Zone                      Pressure                                      Viscous                                       Total                                         Pressure                                      Viscous                                       Total                                        
jidi                      (5.156313e-09 -22.927249 0.010452129)         (9.1799936e-06 -0.0038694587 0.0018030579)    (9.1851499e-06 -22.931119 0.012255187)        (1.8287548e-11 -0.081314532 3.7069862e-05)    (3.2558065e-08 -1.3723549e-05 6.394784e-06)   (3.2576353e-08 -0.081328255 4.3464646e-05)   
jishen                    (-0.12363284 -231.05549 2.8916516)            (-0.01472475 -0.078214886 0.012097551)        (-0.13835759 -231.13371 2.9037492)            (-0.00043848027 -0.81946896 0.010255626)      (-5.2223279e-05 -0.00027739947 4.2905569e-05) (-0.00049070355 -0.81974636 0.010298532)     
jitou                     (-0.89530928 556.68047 8.8305747)             (-0.0094232292 0.17424635 0.10992245)         (-0.90473251 556.85471 8.9404972)             (-0.0031753332 1.9743411 0.031318805)         (-3.3420733e-05 0.00061798781 0.00038985454)  (-0.0032087539 1.9749591 0.03170866)         
liangan                   (-0.47394876 650.75984 -1.8079994)            (-0.010148921 0.13571041 0.018371289)         (-0.48409768 650.89555 -1.7896281)            (-0.0016809222 2.3080061 -0.0064123098)       (-3.5994494e-05 0.00048131496 6.5156215e-05)  (-0.0017169167 2.3084874 -0.0063471535)      
waiyi                     (18.329236 -46.208656 0.39420016)             (0.088620853 0.42418726 -0.069821606)         (18.417857 -45.784469 0.32437856)             (0.065007068 -0.16388513 0.0013980832)        (0.00031430562 0.0015044364 -0.00024763159)   (0.065321373 -0.1623807 0.0011504516)        
weiyi                     (-9.4040566 -771.69799 -22.938951)            (0.057645831 0.076519548 -0.27333316)         (-9.3464107 -771.62147 -23.212284)            (-0.033352735 -2.7369293 -0.081356033)        (0.00020444859 0.00027138673 -0.00096941231)  (-0.033148286 -2.7366579 -0.082325445)       
xiaoyi                    (14.851654 55.628633 -1.0072634)              (0.10138674 0.032059372 -0.0050119275)        (14.953041 55.660693 -1.0122753)              (0.052673361 0.19729433 -0.0035723932)        (0.00035958151 0.00011370282 -1.7775466e-05)  (0.053032943 0.19740803 -0.0035901687)       
youfuyi                   (31.71992 -4.4697709 -0.66161596)             (0.060098795 0.0095765593 -0.17871675)        (31.780019 -4.4601943 -0.84033271)            (0.11249891 -0.015852636 -0.0023465088)       (0.00021314835 3.3964538e-05 -0.00063384268)  (0.11271205 -0.015818671 -0.0029803515)      
youweiduo                 (0.24258216 -3.0307865 1.9031504)             (0.018095261 -0.0025665093 -0.09557019)       (0.26067742 -3.033353 1.8075802)              (0.00086034983 -0.010749086 0.0067497756)     (6.4177245e-05 -9.1024659e-06 -0.00033895236) (0.00092452708 -0.010758189 0.0064108232)    
zhongyangyi               (0.87056843 -275.43184 -2.3624851)            (-0.00039711582 0.25870569 -0.0056337327)     (0.87017131 -275.17314 -2.3681189)            (0.0030875865 -0.97685558 -0.008378867)       (-1.4084239e-06 0.00091753407 -1.9980781e-05) (0.003086178 -0.97593804 -0.0083988478)      
zuofuyi                   (-31.134722 -4.4348603 0.56503611)            (-0.049799037 0.0092927691 0.15730606)        (-31.184521 -4.4255675 0.72234218)            (-0.11042342 -0.01572882 0.0020039755)        (-0.00017661889 3.2958039e-05 0.00055790683)  (-0.11060004 -0.015695862 0.0025618824)      
zuoweiduo                 (-1.411215 -8.6603152 -5.2755571)             (0.0031096215 0.017469504 0.012712722)        (-1.4081054 -8.6428457 -5.2628443)            (-0.0050050613 -0.030714957 -0.018710463)     (1.1028685e-05 6.1957916e-05 4.5087354e-05)   (-0.0049940326 -0.030652999 -0.018665376)    
------------------------- --------------------------------------------- --------------------------------------------- --------------------------------------------- --------------------------------------------- --------------------------------------------- ---------------------------------------------
Net                       (22.571076 -104.84802 -19.458806)             (0.24447323 1.0531166 -0.31587424)            (22.81555 -103.7949 -19.774681)               (0.080051317 -0.37185742 -0.069013239)        (0.00086705674 0.0037350178 -0.0011202899)    (0.080918374 -0.3681224 -0.070133529)        

Moments - Moment Center (0 0 0.05) Moment Axis (0 1 0)
                          Moments [N m]                                   Coefficients                                   
Zone                      Pressure        Viscous         Total           Pressure        Viscous         Total          
jidi                      -22.927249      -0.0038694587   -22.931119      -0.081314532    -1.3723549e-05  -0.081328255   
jishen                    -231.05549      -0.078214886    -231.13371      -0.81946896     -0.00027739947  -0.81974636    
jitou                     556.68047       0.17424635      556.85471       1.9743411       0.00061798781   1.9749591      
liangan                   650.75984       0.13571041      650.89555       2.3080061       0.00048131496   2.3084874      
waiyi                     -46.208656      0.42418726      -45.784469      -0.16388513     0.0015044364    -0.1623807     
weiyi                     -771.69799      0.076519548     -771.62147      -2.7369293      0.00027138673   -2.7366579     
xiaoyi                    55.628633       0.032059372     55.660693       0.19729433      0.00011370282   0.19740803     
youfuyi                   -4.4697709      0.0095765593    -4.4601943      -0.015852636    3.3964538e-05   -0.015818671   
youweiduo                 -3.0307865      -0.0025665093   -3.033353       -0.010749086    -9.1024659e-06  -0.010758189   
zhongyangyi               -275.43184      0.25870569      -275.17314      -0.97685558     0.00091753407   -0.97593804    
zuofuyi                   -4.4348603      0.0092927691    -4.4255675      -0.01572882     3.2958039e-05   -0.015695862   
zuoweiduo                 -8.6603152      0.017469504     -8.6428457      -0.030714957    6.1957916e-05   -0.030652999   
------------------------- --------------- --------------- --------------- --------------- --------------- ---------------
Net                       -104.84802      1.0531166       -103.7949       -0.37185742     0.0037350178    -0.3681224     
