                                    "Force Report"

Forces
                          Forces [N]                                                                                                                                Coefficients                                                                                                                             
Zone                      Pressure                                      Viscous                                       Total                                         Pressure                                      Viscous                                       Total                                        
jidi                      (1145.0504 9.653249e-08 0.00043530882)        (2.6591833e-08 0.00069355371 0.0044766686)    (1145.0504 0.00069365024 0.0049119774)        (1.4810734 1.2486062e-10 5.630532e-07)        (3.439539e-11 8.9708183e-07 5.7903779e-06)    (1.4810734 8.9720669e-07 6.3534311e-06)      
jishen                    (9084.0767 0.77235688 -12500.127)             (1.1578702 -0.055859476 -0.006706195)         (9085.2346 0.7164974 -12500.134)              (11.749862 0.00099901033 -16.168376)          (0.0014976552 -7.2251825e-05 -8.6741742e-06)  (11.751359 0.00092675851 -16.168385)         
jitou                     (-11252.254 -6.7385114 12.454114)             (1.1536258 -0.084571254 0.14309405)           (-11251.101 -6.8230826 12.597208)             (-14.554306 -0.0087159741 0.01610886)         (0.0014921652 -0.00010938927 0.00018508599)   (-14.552814 -0.0088253634 0.016293946)       
liangan                   (-81.082933 -0.28914752 -3073.6916)           (1.1257185 -0.042062884 0.059224757)          (-79.957215 -0.3312104 -3073.6324)            (-0.10487728 -0.00037399985 -3.9756877)       (0.0014560684 -5.4406528e-05 7.6604672e-05)   (-0.10342121 -0.00042840638 -3.9756111)      
waiyi                     (-156.50396 -0.095102644 1821.3373)           (4.3647408 -0.26634849 0.57550892)            (-152.13922 -0.36145113 1821.9128)            (-0.20243113 -0.00012301117 2.3558213)        (0.0056456041 -0.00034451029 0.00074439599)   (-0.19678553 -0.00046752146 2.3565657)       
weiyi                     (46.904973 -2.0022067 528.60116)              (1.5530852 -0.084562637 -0.0093689579)        (48.458059 -2.0867693 528.59179)              (0.060669562 -0.002589768 0.68372282)         (0.0020088488 -0.00010937813 -1.2118343e-05)  (0.062678411 -0.0026991462 0.6837107)        
xiaoyi                    (152.58655 -0.38613113 -369.39393)            (0.33631115 -0.021901495 0.02905223)          (152.92287 -0.40803263 -369.36488)            (0.19736413 -0.00049944398 -0.47779513)       (0.00043500398 -2.8328641e-05 3.7577807e-05)  (0.19779914 -0.00052777262 -0.47775755)      
youfuyi                   (-0.51983976 -0.59114436 16.299716)           (0.1645131 -0.015190981 0.025556435)          (-0.35532666 -0.60633534 16.325272)           (-0.00067239033 -0.00076461975 0.02108298)    (0.00021279061 -1.9648879e-05 3.3056148e-05)  (-0.00045959972 -0.00078426863 0.021116036)  
youweiduo                 (-0.95341881 0.043740945 0.13288701)          (0.15519938 -0.018597624 0.0054002814)        (-0.79821943 0.02514332 0.13828729)           (-0.0012332061 5.6577027e-05 0.00017188362)   (0.00020074371 -2.4055226e-05 6.9850312e-06)  (-0.0010324624 3.2521801e-05 0.00017886865)  
zhongyangyi               (1044.0644 0.010350793 14287.002)             (2.5246448 -0.10494076 0.24914444)            (1046.5891 -0.094589969 14287.252)            (1.3504523 1.3388304e-05 18.479622)           (0.0032655192 -0.00013573635 0.00032225759)   (1.3537179 -0.00012234805 18.479944)         
zuofuyi                   (-0.48818976 0.57075088 15.897578)            (0.16577573 -0.0254965 0.0255974)             (-0.32241403 0.54525438 15.923175)            (-0.00063145242 0.00073824167 0.020562832)    (0.00021442377 -3.2978624e-05 3.3109134e-05)  (-0.00041702865 0.00070526304 0.020595941)   
zuoweiduo                 (-0.07491623 4.1432613 -7.1305519)            (0.10061004 0.0077114898 -0.024901972)        (0.025693811 4.1509728 -7.1554539)            (-9.6900916e-05 0.00535913 -0.0092230617)     (0.00013013475 9.9744797e-06 -3.2209628e-05)  (3.3233837e-05 0.0053691045 -0.0092552713)   
------------------------- --------------------------------------------- --------------------------------------------- --------------------------------------------- --------------------------------------------- --------------------------------------------- ---------------------------------------------
Net                       (-19.194529 -4.5617828 731.3822)              (12.802095 -0.71112706 1.0760781)             (-6.3924344 -5.2729098 732.45828)             (-0.024827296 -0.0059004694 0.94601136)       (0.016558958 -0.00091981221 0.0013918606)     (-0.0082683384 -0.0068202816 0.94740322)     

Forces - Direction Vector (0.99513403 -0.069756474 0.06958655)
                          Forces [N]                                      Coefficients                                   
Zone                      Pressure        Viscous         Total           Pressure        Viscous         Total          
jidi                      1139.4787       0.00026316252   1139.4789       1.4738666       3.4038938e-07   1.4738669      
jishen                    8169.9793       1.1556659       8171.135        10.567516       0.0014948041    10.569011      
jitou                     -11196.165      1.1638691       -11195.001      -14.481756      0.0015054145    -14.480251     
liangan                   -294.55581      1.1272962       -293.42852      -0.38099525     0.0014581091    -0.37953714    
waiyi                     -28.995203      4.4021293       -24.593074      -0.037504046    0.0056939646    -0.031810082   
weiyi                     83.599933       1.5507748       85.150708       0.10813291      0.0020058604    0.11013877     
xiaoyi                    126.16616       0.33822409      126.50438       0.16319049      0.00043747829   0.16362797     
youfuyi                   0.65816691      0.16655064      0.82471755      0.00085131053   0.00021542608   0.0010667366   
youweiduo                 -0.94258357     0.15611727      -0.78646629     -0.0012191912   0.00020193097   -0.0010172603  
zhongyangyi               2033.1665       2.5370173       2035.7035       2.6298133       0.0032815226    2.6330948      
zuofuyi                   0.58062977      0.16852885      0.74915862      0.00075101958   0.00021798481   0.00096900439  
zuoweiduo                 -0.8597615      0.097849708     -0.76191179     -0.0011120645   0.00012656438   -0.00098550007 
------------------------- --------------- --------------- --------------- --------------- --------------- ---------------
Net                       32.111449       12.864286       44.975735       0.041534775     0.0166394       0.058174175    
