                                    "Force Report"

Forces
                          Forces [N]                                                                                                                                Coefficients                                                                                                                             
Zone                      Pressure                                      Viscous                                       Total                                         Pressure                                      Viscous                                       Total                                        
jidi                      (1145.281 -1.0890161e-07 0.00043545222)       (3.2267583e-08 0.0010864043 0.004921919)      (1145.281 0.0010862954 0.0053573712)          (1.4813716 -1.4085954e-10 5.6323869e-07)      (4.1736728e-11 1.4052171e-06 6.3662901e-06)   (1.4813716 1.4050763e-06 6.9295288e-06)      
jishen                    (9086.42 0.48301995 -12498.202)               (1.164159 -0.054134533 0.028641129)           (9087.5841 0.42888542 -12498.174)             (11.752893 0.00062476549 -16.165886)          (0.0015057895 -7.0020686e-05 3.7046066e-05)   (11.754398 0.00055474481 -16.165849)         
jitou                     (-11257.225 -6.6267094 21.943237)             (1.1399457 -0.084370826 0.24310188)           (-11256.085 -6.7110802 22.186339)             (-14.560735 -0.0085713631 0.028382632)        (0.0014744706 -0.00010913003 0.0003144418)    (-14.559261 -0.0086804931 0.028697073)       
liangan                   (-81.153012 0.13588796 -3069.1857)            (1.1930943 -0.033232557 0.12298857)           (-79.959918 0.1026554 -3069.0627)             (-0.10496792 0.00017576522 -3.9698594)        (0.0015432161 -4.2984881e-05 0.00015908042)   (-0.10342471 0.00013278034 -3.9697003)       
waiyi                     (-192.51781 -0.11869198 1934.018)             (3.8131304 -0.25224943 0.81404194)            (-188.70468 -0.37094141 1934.8321)            (-0.2490135 -0.00015352296 2.501569)          (0.0049321199 -0.00032627377 0.0010529282)    (-0.24408138 -0.00047979673 2.5026219)       
weiyi                     (44.941595 -2.1713342 559.9955)               (1.4461677 -0.071072369 0.071403093)          (46.387763 -2.2424066 560.0669)               (0.058130017 -0.0028085272 0.72433004)        (0.0018705556 -9.1929047e-05 9.2356824e-05)   (0.060000573 -0.0029004563 0.7244224)        
xiaoyi                    (153.41194 -0.52754181 -367.72742)            (0.35437755 -0.024672501 0.058162949)         (153.76632 -0.55221431 -367.66925)            (0.19843173 -0.00068235259 -0.47563957)       (0.00045837209 -3.1912816e-05 7.5231268e-05)  (0.1988901 -0.00071426541 -0.47556434)       
youfuyi                   (-0.070467783 -0.6620085 19.881498)           (0.15355565 -0.0091067706 0.035132756)        (0.083087869 -0.67111527 19.916631)           (-9.1147041e-05 -0.00085627947 0.025715861)   (0.00019861762 -1.1779215e-05 4.5442707e-05)  (0.00010747058 -0.00086805869 0.025761304)   
youweiduo                 (-0.8876331 0.52553197 0.94381223)            (0.14887779 -0.019232557 0.011190015)         (-0.73875532 0.50629942 0.95500225)           (-0.0011481152 0.00067975296 0.0012207805)    (0.000192567 -2.4876483e-05 1.4473802e-05)    (-0.00095554817 0.00065487648 0.0012352543)  
zhongyangyi               (1027.1962 0.020284595 14347.664)             (2.1785021 -0.074216976 0.38046414)           (1029.3747 -0.053932382 14348.044)            (1.328634 2.6237249e-05 18.558085)            (0.0028177985 -9.5996461e-05 0.00049211397)   (1.3314518 -6.9759212e-05 18.558577)         
zuofuyi                   (0.013425228 0.66159749 19.341831)            (0.15476634 -0.034014938 0.034468231)         (0.16819157 0.62758255 19.376299)             (1.7364954e-05 0.00085574784 0.025017825)     (0.00020018359 -4.3996856e-05 4.4583171e-05)  (0.00021754855 0.00081175099 0.025062408)    
zuoweiduo                 (-0.24353251 3.2906228 -5.6744499)            (0.10020922 0.014059229 -0.013333676)         (-0.1433233 3.304682 -5.6877836)              (-0.00031499881 0.0042562788 -0.0073396564)   (0.0001296163 1.8185007e-05 -1.7246536e-05)   (-0.00018538251 0.0042744638 -0.0073569029)  
------------------------- --------------------------------------------- --------------------------------------------- --------------------------------------------- --------------------------------------------- --------------------------------------------- ---------------------------------------------
Net                       (-74.833411 -4.9893413 962.99807)             (11.846786 -0.64115783 1.7911829)             (-62.986625 -5.6304991 964.78926)             (-0.096793792 -0.0064534979 1.2455965)        (0.015323307 -0.00082931002 0.0023168179)     (-0.081470485 -0.0072828079 1.2479133)       

Forces - Direction Vector (0.98785583 -0.069756474 0.13883408)
                          Forces [N]                                      Coefficients                                   
Zone                      Pressure        Viscous         Total           Pressure        Viscous         Total          
jidi                      1131.3726       0.00060757825   1131.3732       1.4633816       7.8587628e-07   1.4633824      
jishen                    7240.8628       1.1577738       7242.0205       9.3657439       0.0014975306    9.3672415      
jitou                     -11117.007      1.1657382       -11115.841      -14.379369      0.0015078321    -14.377861     
liangan                   -506.28453      1.1979983       -505.08653      -0.65485722     0.0015495592    -0.65330766    
waiyi                     78.336056       3.8974359       82.233492       0.10132431      0.0050411654    0.10636548     
weiyi                     122.29374       1.4434761       123.73722       0.15818169      0.0018670742    0.16004876     
xiaoyi                    100.53258       0.35987         100.89245       0.13003456      0.00046547633   0.13050003     
youfuyi                   2.7367969       0.15720373      2.8940007       0.0035399289    0.00020333625   0.0037432651   
youweiduo                 -0.78247949     0.14996494      -0.63251455     -0.0010121035   0.00019397319   -0.00081813031 
zhongyangyi               3006.665        2.2100445       3008.875        3.8889916       0.0028585973    3.8918502      
zuofuyi                   2.6524169       0.16004496      2.8124618       0.0034307869    0.00020701126   0.0036377982   
zuoweiduo                 -1.2579243      0.096160366     -1.1617639      -0.0016270709   0.00012437929   -0.0015026916  
------------------------- --------------- --------------- --------------- --------------- --------------- ---------------
Net                       60.120372       11.996318       72.11669        0.07776311      0.015516721     0.093279831    
