                                    "Force Report"

Forces
                          Forces [N]                                                                                                                                Coefficients                                                                                                                             
Zone                      Pressure                                      Viscous                                       Total                                         Pressure                                      Viscous                                       Total                                        
jidi                      (1145.1719 -9.1457394e-08 0.0004353947)       (2.9924127e-08 0.0010965838 0.0049208515)     (1145.1719 0.0010964924 0.0053562462)         (1.4812306 -1.182962e-10 5.6316428e-07)       (3.8705568e-11 1.4183839e-06 6.3649094e-06)   (1.4812306 1.4182656e-06 6.9280737e-06)      
jishen                    (9085.2936 0.66690727 -12499.22)              (1.1520936 -0.05719097 0.011940816)           (9086.4457 0.6097163 -12499.208)              (11.751436 0.00086261582 -16.167202)          (0.0014901834 -7.3974055e-05 1.5444931e-05)   (11.752926 0.00078864176 -16.167186)         
jitou                     (-11254.907 -6.6741822 17.415435)             (1.1468505 -0.084452402 0.19418544)           (-11253.761 -6.7586346 17.60962)              (-14.557738 -0.0086327671 0.022526114)        (0.0014834017 -0.00010923554 0.0002511705)    (-14.556254 -0.0087420027 0.022777285)       
liangan                   (-81.116607 0.018688748 -3071.5385)           (1.1555083 -0.037792434 0.088538972)          (-79.961098 -0.019103686 -3071.45)            (-0.10492083 2.4173091e-05 -3.9729027)        (0.0014946001 -4.8882885e-05 0.00011452134)   (-0.10342623 -2.4709794e-05 -3.9727882)      
waiyi                     (-174.15629 -0.1057912 1886.8819)             (4.1508561 -0.26130609 0.70752598)            (-170.00543 -0.36709729 1887.5894)            (-0.22526366 -0.00013683636 2.4406004)        (0.0053689534 -0.00033798817 0.00091515437)   (-0.2198947 -0.00047482453 2.4415155)        
weiyi                     (46.333002 -2.1792794 544.04951)              (1.5056879 -0.081018471 0.026918967)          (47.83869 -2.2602979 544.07643)               (0.059929741 -0.002818804 0.7037046)          (0.0019475424 -0.0001047939 3.4818524e-05)    (0.061877284 -0.0029235979 0.70373942)       
xiaoyi                    (153.03799 -0.45787819 -368.56733)            (0.34652629 -0.023374065 0.043335685)         (153.38452 -0.48125226 -368.52399)            (0.19794805 -0.00059224571 -0.47672596)       (0.00044821682 -3.0233345e-05 5.6052841e-05)  (0.19839627 -0.00062247906 -0.47666991)      
youfuyi                   (-0.28484528 -0.63102693 17.907886)           (0.15894894 -0.014388137 0.029423021)         (-0.12589634 -0.64541506 17.937309)           (-0.00036843509 -0.00081620614 0.023163078)   (0.0002055936 -1.8610435e-05 3.805741e-05)    (-0.00016284149 -0.00083481657 0.023201136)  
youweiduo                 (-0.93039017 0.27795001 0.5256602)            (0.15416962 -0.019035251 0.0081163354)        (-0.77622055 0.25891476 0.53377653)           (-0.0012034196 0.00035951636 0.00067991882)   (0.00019941176 -2.4621276e-05 1.049813e-05)   (-0.0010040078 0.00033489508 0.00069041695)  
zhongyangyi               (1035.6693 0.019179793 14323.115)             (2.3783964 -0.090294702 0.32387239)           (1038.0477 -0.071114909 14323.439)            (1.3395936 2.4808236e-05 18.526332)           (0.0030763533 -0.00011679231 0.00041891498)   (1.3426699 -9.198407e-05 18.526751)          
zuofuyi                   (-0.22901401 0.61049974 17.348362)            (0.15938084 -0.02902797 0.029529128)          (-0.069633175 0.58147177 17.377891)           (-0.00029621976 0.00078965511 0.022439359)    (0.00020615225 -3.7546428e-05 3.8194655e-05)  (-9.0067511e-05 0.00075210868 0.022477554)   
zuoweiduo                 (-0.16369083 3.6847599 -6.3368195)            (0.10050426 0.010206066 -0.019717078)         (-0.063186567 3.694966 -6.3565366)            (-0.00021172704 0.0047660781 -0.0081964029)   (0.00012999794 1.3201106e-05 -2.5503191e-05)  (-8.1729101e-05 0.0047792792 -0.0082219061)  
------------------------- --------------------------------------------- --------------------------------------------- --------------------------------------------- --------------------------------------------- --------------------------------------------- ---------------------------------------------
Net                       (-46.282462 -4.7701726 861.58182)             (12.408923 -0.68657784 1.4485905)             (-33.87354 -5.4567505 863.03041)              (-0.059864371 -0.0061700127 1.114419)         (0.016050407 -0.00088805885 0.0018736894)     (-0.043813964 -0.0070580716 1.1162926)       

Forces - Direction Vector (0.99209929 -0.069756474 0.10427384)
                          Forces [N]                                      Coefficients                                   
Zone                      Pressure        Viscous         Total           Pressure        Viscous         Total          
jidi                      1136.1243       0.00043665193   1136.1247       1.4695278       5.6479046e-07   1.4695284      
jishen                    7710.1252       1.1482258       7711.2734       9.9727147       0.0014851806    9.9741999      
jitou                     -11163.704      1.1639291       -11162.54       -14.43977       0.0015054921    -14.438265     
liangan                   -400.75814      1.1582475       -399.59989      -0.51836338     0.0014981432    -0.51686524    
waiyi                     23.979461       4.2100656       28.189527       0.0310164       0.0054455384    0.036461938    
weiyi                     102.84909       1.5022504       104.35134       0.13303086      0.0019430962    0.13497396     
xiaoyi                    113.42889       0.34993775      113.77883       0.14671539      0.0004526294    0.14716802     
youfuyi                   1.6287474       0.16176485      1.7905122       0.0021067145    0.00020923586   0.0023159504   
youweiduo                 -0.88761563     0.15512572      -0.73248991     -0.0011480926   0.00020064844   -0.00094744413 
zhongyangyi               2521.0116       2.3996754       2523.4112       3.2608198       0.0031038768    3.2639237      
zuofuyi                   1.5391894       0.16322562      1.702415        0.0019908751    0.00021112531   0.0022020004   
zuoweiduo                 -1.0801979      0.096942295     -0.9832556      -0.0013971894   0.00012539068   -0.0012717987  
------------------------- --------------- --------------- --------------- --------------- --------------- ---------------
Net                       44.256394       12.509827       56.766221       0.057243739     0.016180922     0.073424661    
