                                    "Force Report"

Forces
                          Forces [N]                                                                                                                                Coefficients                                                                                                                             
Zone                      Pressure                                      Viscous                                       Total                                         Pressure                                      Viscous                                       Total                                        
jidi                      (1146.2253 2.0566364e-07 0.00043612114)       (2.3051623e-08 0.0054464864 0.0058183199)     (1146.2253 0.005446692 0.0062544411)          (1.482593 2.6601705e-10 5.641039e-07)         (2.9816281e-11 7.0447954e-06 7.5257461e-06)   (1.482593 7.0450614e-06 8.08985e-06)         
jishen                    (9090.8192 0.68749321 -12503.521)             (1.1952513 -0.16984233 -0.012350941)          (9092.0145 0.51765088 -12503.534)             (11.758583 0.00088924284 -16.172766)          (0.0015460061 -0.00021968374 -1.597541e-05)   (11.760129 0.0006695591 -16.172782)          
jitou                     (-11261.275 -19.633977 20.914957)             (1.1099043 -0.2534484 0.23922994)             (-11260.165 -19.887426 21.154187)             (-14.565974 -0.025395704 0.027052595)         (0.0014356134 -0.00032782459 0.00030943361)   (-14.564538 -0.025723528 0.027362029)        
liangan                   (-81.137878 -2.9925575 -3069.742)             (1.1958857 -0.20171487 0.13972882)            (-79.941993 -3.1942724 -3069.6023)            (-0.10494835 -0.0038707442 -3.970579)         (0.0015468267 -0.00026090949 0.0001807332)    (-0.10340152 -0.0041316537 -3.9703983)       
waiyi                     (-191.86747 -0.3804949 1925.8065)             (3.7233963 -0.77493295 0.80203783)            (-188.14408 -1.1554279 1926.6085)             (-0.24817231 -0.00049215376 2.4909477)        (0.0048160526 -0.0010023424 0.0010374014)     (-0.24335626 -0.0014944961 2.4919851)        
weiyi                     (42.446766 -20.54938 553.19115)               (1.3959392 -0.27618158 0.04857877)            (43.842705 -20.825561 553.23973)              (0.054903062 -0.026579737 0.71552892)         (0.0018055872 -0.00035722898 6.2834546e-05)   (0.05670865 -0.026936966 0.71559175)         
xiaoyi                    (152.91212 -1.8421452 -368.52786)             (0.34346484 -0.069006371 0.047021483)         (153.25559 -1.9111516 -368.48084)             (0.19778524 -0.0023827354 -0.47667491)        (0.00044425697 -8.9256767e-05 6.0820262e-05)  (0.1982295 -0.0024719922 -0.47661409)        
youfuyi                   (-0.19028683 -0.83539383 20.105446)           (0.136597 -0.068011936 0.038740262)           (-0.053689822 -0.90340576 20.144186)          (-0.00024612781 -0.0010805459 0.026005528)    (0.00017668234 -8.7970508e-05 5.0108859e-05)  (-6.9445471e-05 -0.0011685164 0.026055637)   
youweiduo                 (-0.85378827 0.02048453 0.077007593)          (0.1445058 -0.048730735 0.022672737)          (-0.70928247 -0.028246206 0.09968033)         (-0.0011043383 2.6495856e-05 9.9606003e-05)   (0.00018691203 -6.3031106e-05 2.9326208e-05)  (-0.00091742631 -3.653525e-05 0.00012893221) 
zhongyangyi               (1030.7984 -0.0012082426 14350.905)           (2.1723272 -0.2571059 0.33748554)             (1032.9708 -0.25831415 14351.242)             (1.3332934 -1.5628098e-06 18.562277)          (0.0028098116 -0.00033255541 0.00043652301)   (1.3361032 -0.00033411822 18.562714)         
zuofuyi                   (-0.10560307 0.86052874 19.211733)            (0.15258975 -0.073674121 0.035157634)         (0.046986682 0.78685462 19.246891)            (-0.00013659301 0.0011130568 0.024849549)     (0.00019736826 -9.5294301e-05 4.5474884e-05)  (6.0775248e-05 0.0010177625 0.024895024)     
zuoweiduo                 (-0.2403485 3.0054019 -5.1681884)             (0.097923867 -0.017598379 -0.029442525)       (-0.14242464 2.9878035 -5.1976309)            (-0.00031088043 0.0038873579 -0.006684829)    (0.0001266603 -2.2762745e-05 -3.8082637e-05)  (-0.00018422013 0.0038645951 -0.0067229116)  
------------------------- --------------------------------------------- --------------------------------------------- --------------------------------------------- --------------------------------------------- --------------------------------------------- ---------------------------------------------
Net                       (-72.46862 -41.661248 943.25263)              (11.667785 -2.2048011 1.6746779)              (-60.800835 -43.866049 944.9273)              (-0.093735037 -0.053887029 1.2200566)         (0.015091777 -0.0028518152 0.0021661237)      (-0.078643259 -0.056738845 1.2222227)        

Forces - Direction Vector (0.96862834 -0.20791169 0.13613184)
                          Forces [N]                                      Coefficients                                   
Zone                      Pressure        Viscous         Total           Pressure        Viscous         Total          
jidi                      1110.2663       -0.00034030729  1110.266        1.4360817       -4.4017282e-07  1.4360812      
jishen                    7103.3549       1.1913852       7104.5462       9.1878834       0.0015410054    9.1894244      
jitou                     -10901.061      1.1603465       -10899.9        -14.100052      0.0015008582    -14.098552     
liangan                   -495.85987      1.2193292       -494.64054      -0.64137338     0.0015771498    -0.63979623    
waiyi                     76.394409       3.8768876       80.271297       0.098812876     0.0050145871    0.10382746     
weiyi                     120.69452       1.4161808       122.1107        0.15611316      0.0018317688    0.15794493     
xiaoyi                    98.329645       0.35343813      98.683083       0.12718516      0.00045715699   0.12764232     
youfuyi                   2.7263622       0.15172599      2.8780882       0.003526432     0.00019625103   0.003722683    
youweiduo                 -0.8207793      0.15319058      -0.66758872     -0.0010616427   0.00019814542   -0.00086349724 
zhongyangyi               2952.0759       2.2035755       2954.2794       3.8183829       0.0028502299    3.8212331      
zuofuyi                   2.3341244       0.16790654      2.5020309       0.0030190893    0.00021717987   0.0032362692   
zuoweiduo                 -1.5612215      0.094502676     -1.4667189      -0.0020193728   0.00012223514   -0.0018971376  
------------------------- --------------- --------------- --------------- --------------- --------------- ---------------
Net                       66.873413       11.988128       78.861541       0.086497877     0.015506127     0.102004       
