                                    "Force Report"

Forces
                          Forces [N]                                                                                                                                Coefficients                                                                                                                             
Zone                      Pressure                                      Viscous                                       Total                                         Pressure                                      Viscous                                       Total                                        
jidi                      (1145.7623 -1.0132523e-07 0.0004358481)       (6.4825977e-09 -0.00056888517 0.00012565591)  (1145.7623 -0.00056898649 0.000561504)        (1.4819942 -1.3105982e-10 5.6375073e-07)      (8.3849608e-12 -7.3582845e-07 1.625305e-07)   (1.4819942 -7.3595951e-07 7.2628123e-07)     
jishen                    (9088.9114 0.34002426 -12506.847)             (1.2042133 -0.1735908 -0.035647019)           (9090.1156 0.16643346 -12506.883)             (11.756115 0.00043980673 -16.177068)          (0.001557598 -0.00022453222 -4.6107882e-05)   (11.757673 0.00021527451 -16.177114)         
jitou                     (-11259.176 -19.700679 16.816056)             (1.1202381 -0.25342242 0.19138144)            (-11258.055 -19.954102 17.007438)             (-14.563258 -0.02548198 0.021750844)          (0.0014489797 -0.00032779098 0.00024754365)   (-14.561809 -0.025809771 0.021998388)        
liangan                   (-81.116758 -2.705349 -3072.3668)             (1.1514718 -0.18765245 0.086601712)           (-79.965286 -2.8930014 -3072.2802)            (-0.10492103 -0.0034992523 -3.973974)         (0.0014893791 -0.00024272036 0.00011201558)   (-0.10343165 -0.0037419727 -3.973862)        
waiyi                     (-172.92275 -0.31747418 1875.0071)            (4.052424 -0.7830695 0.68933335)              (-168.87033 -1.1005437 1875.6965)             (-0.22366813 -0.00041063917 2.4252409)        (0.0052416358 -0.0010128667 0.00089162298)    (-0.21842649 -0.0014235058 2.4261326)        
weiyi                     (43.321783 -20.376603 539.82635)              (1.3755667 -0.26813758 0.017245184)           (44.69735 -20.644741 539.84359)               (0.05603486 -0.026356258 0.69824212)          (0.0017792363 -0.0003468244 2.2305902e-05)    (0.057814096 -0.026703083 0.69826443)        
xiaoyi                    (152.61472 -1.759831 -369.51957)              (0.33912731 -0.067155634 0.032018754)         (152.95385 -1.8269866 -369.48755)             (0.19740056 -0.0022762655 -0.47795764)        (0.00043864657 -8.6862918e-05 4.1414879e-05)  (0.19783921 -0.0023631284 -0.47791623)       
youfuyi                   (-0.58130856 -0.72092181 17.818753)           (0.15466654 -0.062539084 0.029640191)         (-0.42664203 -0.78346089 17.848394)           (-0.00075189758 -0.0009324813 0.02304779)     (0.0002000545 -8.089161e-05 3.833831e-05)     (-0.00055184308 -0.0010133729 0.023086128)   
youweiduo                 (-0.90570819 -0.16036343 -0.23346862)         (0.14965754 -0.044131713 0.017694153)         (-0.75605065 -0.20449514 -0.21577447)         (-0.0011714945 -0.00020742318 -0.0003019816)  (0.00019357558 -5.7082469e-05 2.2886625e-05)  (-0.00097791894 -0.00026450565 -0.00027909498)
zhongyangyi               (1036.1861 -0.012850042 14324.622)            (2.3564554 -0.27842581 0.29421648)            (1038.5425 -0.29127586 14324.916)             (1.340262 -1.6620976e-05 18.528281)           (0.0030479735 -0.00036013179 0.00038055634)   (1.34331 -0.00037675277 18.528661)           
zuofuyi                   (-0.39336665 0.66148069 16.927934)            (0.16033491 -0.06904221 0.029300917)          (-0.23303174 0.59243848 16.957235)            (-0.00050880281 0.00085559676 0.021895553)    (0.0002073863 -8.9303124e-05 3.7899474e-05)   (-0.00030141651 0.00076629364 0.021933453)   
zuoweiduo                 (-0.15865885 3.4945587 -5.9995467)            (0.093480461 -0.017934204 -0.034340304)       (-0.065178387 3.4766245 -6.033887)            (-0.00020521838 0.0045200611 -0.0077601552)   (0.00012091295 -2.319712e-05 -4.4417703e-05)  (-8.4305435e-05 0.004496864 -0.0078045729)   
------------------------- --------------------------------------------- --------------------------------------------- --------------------------------------------- --------------------------------------------- --------------------------------------------- ---------------------------------------------
Net                       (-48.457838 -41.258009 836.05145)             (12.157636 -2.2056703 1.3175705)              (-36.300202 -43.463679 837.36902)             (-0.062678125 -0.053365456 1.0813965)         (0.015725378 -0.0028529395 0.0017042207)      (-0.046952747 -0.056218396 1.0831007)        

Forces - Direction Vector (0.97278921 -0.20791169 0.10224427)
                          Forces [N]                                      Coefficients                                   
Zone                      Pressure        Viscous         Total           Pressure        Viscous         Total          
jidi                      1114.5853       0.00013113178   1114.5854       1.441668        1.6961331e-07   1.4416682      
jishen                    7562.7708       1.2038925       7563.9746       9.7821181       0.0015571831    9.7836752      
jitou                     -10946.989      1.1620127       -10945.827      -14.159459      0.0015030133    -14.157956     
liangan                   -392.47892      1.168009        -391.31091      -0.50765457     0.0015107693    -0.5061438     
waiyi                     23.55735        4.175444        27.732794       0.030470417     0.0054007569    0.035871174    
weiyi                     101.57365       1.3956486       102.96929       0.13138113      0.0018052113    0.13318635     
xiaoyi                    111.04658       0.34713556      111.39372       0.14363397      0.00044900489   0.14408298     
youfuyi                   1.4062627       0.16649108      1.5727538       0.0018189403    0.00021534904   0.0020342893   
youweiduo                 -0.87159255     0.15656986      -0.71502269     -0.0011273674   0.00020251637   -0.00092485103 
zhongyangyi               2472.6037       2.3803043       2474.984        3.1982063       0.0030788211    3.2012851      
zuofuyi                   1.2105918       0.1733226       1.3839144       0.0015658483    0.00022418532   0.0017900337   
zuoweiduo                 -1.4943205      0.091154415     -1.4031661      -0.0019328391   0.00011790431   -0.0018149348  
------------------------- --------------- --------------- --------------- --------------- --------------- ---------------
Net                       46.920228       12.420116       59.340344       0.060689293     0.016064885     0.076754178    
