                                    "Force Report"

Forces
                          Forces [N]                                                                                                                                Coefficients                                                                                                                             
Zone                      Pressure                                      Viscous                                       Total                                         Pressure                                      Viscous                                       Total                                        
jidi                      (1143.3882 2.0558914e-07 0.00043473839)       (2.2238726e-08 -0.0006446852 -0.00095094474)  (1143.3882 -0.00064447961 -0.00051620635)     (1.4789234 2.6592069e-10 5.6231537e-07)       (2.8764833e-11 -8.3387252e-07 -1.230006e-06)  (1.4789234 -8.336066e-07 -6.6769067e-07)     
jishen                    (9076.3216 0.91460216 -12501.81)              (1.2671859 -0.037348701 -0.088473502)         (9077.5888 0.87725346 -12501.899)             (11.739831 0.0011829985 -16.170553)           (0.0016390504 -4.8308935e-05 -0.00011443666)  (11.74147 0.0011346895 -16.170667)           
jitou                     (-11238.993 -7.0907445 -13.898775)            (1.1782418 -0.085068194 -0.12538418)          (-11237.815 -7.1758127 -14.024159)            (-14.537153 -0.0091715724 -0.017977466)       (0.0015240051 -0.00011003204 -0.00016217903)  (-14.535629 -0.0092816045 -0.018139646)      
liangan                   (-81.150275 -0.22261482 -3083.2872)           (1.2183223 -0.045668693 -0.09408791)          (-79.931953 -0.26828351 -3083.3813)           (-0.10496438 -0.00028794268 -3.9880992)       (0.0015758475 -5.9070486e-05 -0.00012169866)  (-0.10338854 -0.00034701316 -3.9882209)      
waiyi                     (-131.30706 -0.20764487 1418.3247)            (3.5892452 -0.28341762 -0.15787754)           (-127.71781 -0.49106249 1418.1668)            (-0.16984002 -0.00026857969 1.8345419)        (0.0046425341 -0.00036658848 -0.0002042078)   (-0.16519749 -0.00063516817 1.8343376)       
weiyi                     (41.305884 -2.1829261 460.78383)              (1.4781673 -0.089938816 -0.16270899)          (42.784052 -2.2728649 460.62112)              (0.053427381 -0.0028235208 0.59600402)        (0.0019119457 -0.00011633198 -0.00021045707)  (0.055339327 -0.0029398528 0.59579357)       
xiaoyi                    (150.70675 -0.35292501 -373.24447)            (0.30716717 -0.020298196 -0.035449116)        (151.01391 -0.37322321 -373.27992)            (0.19493268 -0.0004564933 -0.48277564)        (0.00039730749 -2.6254842e-05 -4.5851904e-05) (0.19532999 -0.00048274814 -0.48282149)      
youfuyi                   (-0.90236838 -0.30985962 9.1530586)           (0.17485549 -0.013802849 -0.00518988)         (-0.7275129 -0.32366247 9.1478687)            (-0.0011671746 -0.00040079006 0.011839087)    (0.00022616804 -1.7853391e-05 -6.7128862e-06) (-0.00094100658 -0.00041864345 0.011832374)  
youweiduo                 (-1.1006881 -0.94419478 -1.5377293)           (0.15595101 -0.013709572 -0.0073875414)       (-0.94473713 -0.95790435 -1.5451168)          (-0.0014236927 -0.0012212753 -0.0019889866)   (0.00020171591 -1.7732741e-05 -9.5554665e-06) (-0.0012219768 -0.001239008 -0.001998542)    
zhongyangyi               (1053.2194 -0.011561904 14040.857)            (2.1513018 -0.13829346 -0.13447601)           (1055.3707 -0.14985536 14040.722)             (1.3622939 -1.4954824e-05 18.161243)          (0.0027826162 -0.00017887663 -0.00017393893)  (1.3650766 -0.00019383145 18.161069)         
zuofuyi                   (-0.79641676 0.327197 8.7237092)              (0.16834759 -0.026107073 -0.0043812061)       (-0.62806917 0.30108993 8.719328)             (-0.0010301308 0.00042321522 0.011283742)     (0.00021775036 -3.3768374e-05 -5.6669013e-06) (-0.00081238041 0.00038944685 0.011278075)   
zuoweiduo                 (0.21297114 4.9944394 -8.6931718)             (0.10233459 -0.0072362642 -0.03862362)        (0.31530573 4.9872031 -8.7317954)             (0.00027546899 0.0064600921 -0.011244243)     (0.00013236538 -9.3597959e-06 -4.9957987e-05) (0.00040783437 0.0064507323 -0.011294201)    
------------------------- --------------------------------------------- --------------------------------------------- --------------------------------------------- --------------------------------------------- --------------------------------------------- ---------------------------------------------
Net                       (10.904919 -5.0862328 -44.6294)               (11.79112 -0.76153413 -0.85499044)            (22.696039 -5.8477669 -45.48439)              (0.014105043 -0.0065788229 -0.057726205)      (0.015251306 -0.00098501158 -0.0011058933)    (0.029356349 -0.0075638345 -0.058832099)     

Forces - Direction Vector (0.99209929 -0.069756474 -0.10427384)
                          Forces [N]                                      Coefficients                                   
Zone                      Pressure        Viscous         Total           Pressure        Viscous         Total          
jidi                      1134.3546       0.00014415169   1134.3547       1.4672388       1.8645399e-07   1.467239       
jishen                    10308.16        1.269005        10309.429       13.333161       0.0016414033    13.334802      
jitou                     -11148.253      1.1879412       -11147.065      -14.419785      0.0015365508    -14.418248     
liangan                   241.01259       1.2216933       242.23428       0.3117394       0.0015802077    0.31331961     
waiyi                     -278.14931      3.5971204       -274.55219      -0.35977415     0.0046527202    -0.35512143    
weiyi                     -6.915886       1.4897288       -5.4261572      -0.0089454005   0.0019269       -0.0070185005  
xiaoyi                    188.46031       0.30985267      188.77016       0.24376529      0.00040078108   0.24416607     
youfuyi                   -1.8280489      0.17497801      -1.6530708      -0.0023645024   0.00022632652   -0.0021381759  
youweiduo                 -0.86578329     0.15644554      -0.70933775     -0.0011198534   0.00020235557   -0.00091749781 
zhongyangyi               -419.19495      2.1579742       -417.03698      -0.54221061     0.0027912467    -0.53941936    
zuofuyi                   -1.7226032      0.16929551      -1.5533077      -0.0022281131   0.00021897645   -0.0020091366  
zuoweiduo                 0.76936442      0.10605828      0.8754227       0.00099513972   0.00013718182   0.0011323215   
------------------------- --------------- --------------- --------------- --------------- --------------- ---------------
Net                       15.827239       11.840237       27.667476       0.020471851     0.015314837     0.035786688    
