                                    "Force Report"

Forces
                          Forces [N]                                                                                                                                Coefficients                                                                                                                             
Zone                      Pressure                                      Viscous                                       Total                                         Pressure                                      Viscous                                       Total                                        
jidi                      (1144.4512 6.4334369e-07 0.000435101)         (1.7047088e-08 -0.0037514831 6.3638831e-05)   (1144.4512 -0.0037508398 0.00049873984)       (1.4802983 8.3213733e-10 5.627844e-07)        (2.2049674e-11 -4.8523817e-06 8.2314085e-08)  (1.4802983 -4.8515496e-06 6.4509849e-07)     
jishen                    (9083.3242 0.65139769 -12511.908)             (1.297373 -0.14015565 -0.088304116)           (9084.6215 0.51124204 -12511.997)             (11.748888 0.00084255484 -16.183614)          (0.0016780961 -0.0001812853 -0.00011421757)   (11.750566 0.00066126954 -16.183728)         
jitou                     (-11248.254 -20.571083 -3.3744078)            (1.146481 -0.25471863 -0.01353536)            (-11247.107 -20.825801 -3.3879431)            (-14.549132 -0.026607809 -0.004364651)        (0.0014829238 -0.00032946757 -1.7507405e-05)  (-14.547649 -0.026937276 -0.0043821584)      
liangan                   (-81.118295 -2.5083946 -3081.0793)            (1.2275977 -0.18399819 -0.045773982)          (-79.890697 -2.6923928 -3081.1251)            (-0.10492302 -0.0032445003 -3.9852433)        (0.0015878447 -0.00023799372 -5.9206673e-05)  (-0.10333517 -0.003482494 -3.9853026)        
waiyi                     (-127.13265 -0.48298614 1583.8692)            (3.9141493 -0.74192781 0.11343999)            (-123.2185 -1.2249139 1583.9826)              (-0.1644406 -0.00062472176 2.0486666)         (0.0050627835 -0.00095965165 0.00014672974)   (-0.15937782 -0.0015843734 2.0488133)        
weiyi                     (42.060534 -19.963288 486.00445)              (1.4072397 -0.27456573 -0.0961931)            (43.467773 -20.237853 485.90826)              (0.054403488 -0.025821652 0.62862581)         (0.0018202039 -0.00035513894 -0.00012442163)  (0.056223692 -0.026176791 0.62850139)        
xiaoyi                    (151.26602 -1.2608625 -372.49874)             (0.31494187 -0.060638852 -0.017849786)        (151.58096 -1.3215014 -372.51659)             (0.19565608 -0.0016308714 -0.48181107)        (0.00040736374 -7.8433742e-05 -2.3087929e-05) (0.19606345 -0.0017093051 -0.48183416)       
youfuyi                   (-0.87760134 -0.44353864 12.893006)           (0.21410153 -0.063923955 0.00085496476)       (-0.66349982 -0.50746259 12.893861)           (-0.0011351395 -0.00057369812 0.016676548)    (0.0002769311 -8.2682881e-05 1.1058601e-06)   (-0.00085820842 -0.000656381 0.016677654)    
youweiduo                 (-1.0710365 -0.90077225 -1.5133087)           (0.15478647 -0.041211862 0.0074470551)        (-0.91625002 -0.94198411 -1.5058616)          (-0.0013853395 -0.0011651101 -0.0019573996)   (0.00020020963 -5.3305768e-05 9.6324448e-06)  (-0.0011851299 -0.0012184159 -0.0019477671)  
zhongyangyi               (1056.589 -0.039327358 14147.326)             (2.3829367 -0.35140694 0.0077782019)          (1058.972 -0.3907343 14147.334)               (1.3666524 -5.0868243e-05 18.298956)          (0.0030822259 -0.00045452973 1.0060769e-05)   (1.3697346 -0.00050539797 18.298966)         
zuofuyi                   (-0.84463215 0.45992181 12.033059)            (0.20258957 -0.045699841 0.004105926)         (-0.64204258 0.41422197 12.037165)            (-0.0010924953 0.00059488904 0.015564243)     (0.00026204088 -5.9110775e-05 5.3108383e-06)  (-0.00083045441 0.00053577827 0.015569554)   
zuoweiduo                 (-0.12545823 4.6615878 -8.0424251)            (0.098509284 -0.026214336 -0.048282449)       (-0.026948951 4.6353735 -8.0907075)           (-0.00016227482 0.006029563 -0.01040253)      (0.00012741751 -3.3907114e-05 -6.2451268e-05) (-3.4857306e-05 0.0059956559 -0.010464982)   
------------------------- --------------------------------------------- --------------------------------------------- --------------------------------------------- --------------------------------------------- --------------------------------------------- ---------------------------------------------
Net                       (18.267511 -40.397344 263.7096)               (12.360706 -2.1882133 -0.17624901)            (30.628217 -42.585557 263.53335)              (0.023628238 -0.052252223 0.34109701)         (0.015988041 -0.0028303596 -0.0002279705)     (0.039616279 -0.055082583 0.34086904)        

Forces - Direction Vector (0.97755174 -0.20791169 -0.034136859)
                          Forces [N]                                      Coefficients                                   
Zone                      Pressure        Viscous         Total           Pressure        Viscous         Total          
jidi                      1118.7603       0.00077782143   1118.761        1.4470682       1.0060785e-06   1.4470692      
jishen                    9306.4011       1.3004037       9307.7015       12.037429       0.0016820161    12.039111      
jitou                     -10991.358      1.1741656       -10990.184      -14.216848      0.0015187326    -14.215329     
liangan                   26.402565       1.2398582       27.642423       0.03415058      0.0016037032    0.035754283    
waiyi                     -178.24664      3.9766664       -174.26998      -0.23055435     0.0051436467    -0.2254107     
weiyi                     28.676283       1.4360188       30.112302       0.037091537     0.0018574284    0.038948965    
xiaoyi                    160.84845       0.32108883      161.16954       0.20805054      0.00041531457   0.20846585     
youfuyi                   -1.2058106      0.22255667      -0.98325392     -0.001559664    0.00028786746   -0.0012717966  
youweiduo                 -0.8080529      0.15962599      -0.6484269      -0.0010451816   0.00020646934   -0.00083871226 
zhongyangyi               549.93334       2.40224         552.33558       0.71131508      0.0031071939    0.71442227     
zuofuyi                   -1.3320656      0.20740316      -1.1246624      -0.0017229694   0.00026826705   -0.0014547024  
zuoweiduo                 -0.81729739     0.1033964       -0.71390099     -0.001057139    0.00013373879   -0.00092340017 
------------------------- --------------- --------------- --------------- --------------- --------------- ---------------
Net                       17.2543         12.544202       29.798501       0.022317693     0.016225384     0.038543077    
