                                    "Force Report"

Moments - Moment Center (0 0 0.05)
                          Moments [N m]                                                                                                                             Coefficients                                                                                                                             
Zone                      Pressure                                      Viscous                                       Total                                         Pressure                                      Viscous                                       Total                                        
jidi                      (-1.8334963e-08 -22.921736 0.0038592994)      (-4.8653929e-05 -7.0367272e-05 -0.00031857585) (-4.8672264e-05 -22.921807 0.0035407235)      (-6.5027378e-11 -0.08129498 1.3687517e-05)    (-1.7255762e-07 -2.4956687e-07 -1.1298715e-06) (-1.7262264e-07 -0.08129523 1.2557646e-05)   
jishen                    (0.073861098 -229.49412 2.4222355)            (-0.0331389 -0.062600174 -0.0003499295)       (0.040722197 -229.55672 2.4218855)            (0.00026195818 -0.81393135 0.0085907795)      (-0.00011753151 -0.00022201982 -1.2410714e-06) (0.00014442668 -0.81415337 0.0085895384)     
jitou                     (-1.2542928 547.96601 12.392493)              (-0.014021413 0.060595529 0.16099325)         (-1.2683142 548.0266 12.553486)               (-0.0044485159 1.9434342 0.043951619)         (-4.9728803e-05 0.00021491009 0.00057098393)  (-0.0044982447 1.9436491 0.044522603)        
liangan                   (1.1374416 649.81405 -0.9804622)              (0.023266353 0.1412497 -0.0086893566)         (1.160708 649.9553 -0.98915156)               (0.0040340876 2.3046518 -0.0034773393)        (8.2517207e-05 0.00050096079 -3.0817956e-05)  (0.0041166048 2.3051527 -0.0035081573)       
waiyi                     (12.118697 -45.075314 -1.0251708)             (0.0937832 0.61465831 -0.077031993)           (12.21248 -44.460656 -1.1022028)              (0.042980567 -0.15986558 -0.0036359042)       (0.00033261456 0.0021799672 -0.00027320418)   (0.043313182 -0.15768562 -0.0039091084)      
weiyi                     (-7.7270997 -681.72889 -25.478699)            (0.0947258 0.39002909 -0.37049761)            (-7.6323739 -681.33886 -25.849196)            (-0.027405184 -2.417842 -0.090363586)         (0.00033595762 0.0013832899 -0.0013140189)    (-0.027069227 -2.4164587 -0.091677605)       
xiaoyi                    (12.396599 56.00377 -0.97026846)              (0.10775284 0.039331526 -0.028880206)         (12.504352 56.043102 -0.99914867)             (0.043966183 0.1986248 -0.0034411858)         (0.00038215974 0.00013949448 -0.00010242748)  (0.044348343 0.1987643 -0.0035436133)        
youfuyi                   (21.239989 -3.0593672 0.54701233)             (0.041138976 0.013308315 -0.19748439)         (21.281128 -3.0460588 0.34952794)             (0.075330439 -0.010850452 0.0019400518)       (0.00014590484 4.7199707e-05 -0.0007004046)   (0.075476343 -0.010803252 0.0012396472)      
youweiduo                 (-0.05199273 0.051463063 0.1079756)           (0.018923723 0.018883588 -0.11508156)         (-0.033069007 0.070346651 -0.0071059602)      (-0.00018439912 0.00018252058 0.0003829498)   (6.7115495e-05 6.6973149e-05 -0.00040815203)  (-0.00011728362 0.00024949373 -2.5202231e-05)
zhongyangyi               (8.4743173 -275.66967 1.6915867)              (0.039214918 0.34798395 0.0021049421)         (8.5135322 -275.32169 1.6936916)              (0.030055291 -0.97769906 0.0059994366)        (0.00013908091 0.0012341713 7.4654566e-06)    (0.030194372 -0.97646489 0.0060069021)       
zuofuyi                   (-19.973286 -2.8985804 -0.40314291)           (-0.027550421 0.01375565 0.17660961)          (-20.000836 -2.8848248 -0.2265333)            (-0.070837908 -0.0102802 -0.0014297998)       (-9.7711225e-05 4.8786239e-05 0.00062636942)  (-0.070935619 -0.010231414 -0.0008034304)    
zuoweiduo                 (1.1143608 8.108246 4.6865956)                (0.017586082 0.074469335 0.0086940251)        (1.1319469 8.1827153 4.6952896)               (0.0039522286 0.02875697 0.016621633)         (6.2371373e-05 0.00026411538 3.0834514e-05)   (0.0040145999 0.029021086 0.016652468)       
------------------------- --------------------------------------------- --------------------------------------------- --------------------------------------------- --------------------------------------------- --------------------------------------------- ---------------------------------------------
Net                       (27.548595 1.095855 -7.0059855)               (0.3616325 1.6515944 -0.44993179)             (27.910227 2.7474495 -7.4559173)              (0.097704747 0.0038865952 -0.024847657)       (0.0012825777 0.0058575989 -0.0015957428)     (0.098987324 0.0097441941 -0.0264434)        

Moments - Moment Center (0 0 0.05) Moment Axis (0 1 0)
                          Moments [N m]                                   Coefficients                                   
Zone                      Pressure        Viscous         Total           Pressure        Viscous         Total          
jidi                      -22.921736      -7.0367272e-05  -22.921807      -0.08129498     -2.4956687e-07  -0.08129523    
jishen                    -229.49412      -0.062600174    -229.55672      -0.81393135     -0.00022201982  -0.81415337    
jitou                     547.96601       0.060595529     548.0266        1.9434342       0.00021491009   1.9436491      
liangan                   649.81405       0.1412497       649.9553        2.3046518       0.00050096079   2.3051527      
waiyi                     -45.075314      0.61465831      -44.460656      -0.15986558     0.0021799672    -0.15768562    
weiyi                     -681.72889      0.39002909      -681.33886      -2.417842       0.0013832899    -2.4164587     
xiaoyi                    56.00377        0.039331526     56.043102       0.1986248       0.00013949448   0.1987643      
youfuyi                   -3.0593672      0.013308315     -3.0460588      -0.010850452    4.7199707e-05   -0.010803252   
youweiduo                 0.051463063     0.018883588     0.070346651     0.00018252058   6.6973149e-05   0.00024949373  
zhongyangyi               -275.66967      0.34798395      -275.32169      -0.97769906     0.0012341713    -0.97646489    
zuofuyi                   -2.8985804      0.01375565      -2.8848248      -0.0102802      4.8786239e-05   -0.010231414   
zuoweiduo                 8.108246        0.074469335     8.1827153       0.02875697      0.00026411538   0.029021086    
------------------------- --------------- --------------- --------------- --------------- --------------- ---------------
Net                       1.095855        1.6515944       2.7474495       0.0038865952    0.0058575989    0.0097441941   
