                                    "Force Report"

Moments - Moment Center (0 0 0.05)
                          Moments [N m]                                                                                                                             Coefficients                                                                                                                             
Zone                      Pressure                                      Viscous                                       Total                                         Pressure                                      Viscous                                       Total                                        
jidi                      (1.7973709e-08 -22.929646 0.012231856)        (-2.4031032e-05 -0.0027782279 0.0012879441)   (-2.4013058e-05 -22.932425 0.0135198)         (6.3746142e-11 -0.081323034 4.3381899e-05)    (-8.5229244e-08 -9.8533537e-06 4.5678648e-06) (-8.5165498e-08 -0.081332887 4.7949764e-05)  
jishen                    (-0.1765578 -232.55019 2.7791829)             (-0.015106875 -0.09349025 0.02170738)         (-0.19166468 -232.64368 2.8008903)            (-0.00062618568 -0.82477012 0.009856741)      (-5.3578535e-05 -0.00033157558 7.6988103e-05) (-0.00067976422 -0.82510169 0.0099337291)    
jitou                     (-0.9126677 555.83079 8.9988841)              (-0.0096816604 0.1683022 0.11101311)          (-0.92234936 555.9991 9.1098972)              (-0.0032368971 1.9713277 0.031915736)         (-3.4337293e-05 0.00059690608 0.00039372273)  (-0.0032712344 1.9719246 0.032309459)        
liangan                   (-0.39543596 650.48564 -1.0753456)            (-0.0080886413 0.13442866 0.019478742)        (-0.4035246 650.62006 -1.0558668)             (-0.0014024661 2.3070336 -0.0038138558)       (-2.868744e-05 0.00047676907 6.9083943e-05)   (-0.0014311535 2.3075104 -0.0037447719)      
waiyi                     (19.086697 -46.484024 0.19450022)             (0.092642674 0.43500082 -0.084343136)         (19.179339 -46.049023 0.11015709)             (0.067693502 -0.16486176 0.00068982086)       (0.00032856954 0.0015427881 -0.00029913413)   (0.068022072 -0.16331897 0.00039068673)      
weiyi                     (-4.8883236 -742.62811 -9.220422)             (0.062977717 0.089378007 -0.26639991)         (-4.8253459 -742.53874 -9.4868219)            (-0.017337088 -2.6338291 -0.03270145)         (0.00022335883 0.00031699096 -0.00094482264)  (-0.01711373 -2.6335122 -0.033646273)        
xiaoyi                    (15.089272 55.62294 -1.0385739)               (0.10153334 0.031876234 -0.0054652555)        (15.190805 55.654816 -1.0440391)              (0.053516104 0.19727414 -0.00368344)          (0.00036010146 0.00011305329 -1.9383254e-05)  (0.053876205 0.19738719 -0.0037028233)       
youfuyi                   (31.332087 -4.4103815 -0.61567157)            (0.060568173 0.0090612059 -0.17307088)        (31.392655 -4.4013203 -0.78874244)            (0.1111234 -0.015642003 -0.0021835609)        (0.00021481306 3.2136769e-05 -0.00061381883)  (0.11133822 -0.015609866 -0.0027973797)      
youweiduo                 (0.16254457 -3.0948025 1.9242019)             (0.016431484 0.0045708609 -0.093970271)       (0.17897606 -3.0902316 1.8302317)             (0.0005764859 -0.010976128 0.0068244375)      (5.8276437e-05 1.6211165e-05 -0.00033327803)  (0.00063476234 -0.010959916 0.0064911595)    
zhongyangyi               (-6.5863458 -276.44308 -3.9353978)            (-0.0099796102 0.2605026 -0.0023227408)       (-6.5963254 -276.18257 -3.9377205)            (-0.023359349 -0.98044205 -0.01395741)        (-3.5394012e-05 0.00092390705 -8.2379085e-06) (-0.023394743 -0.97951814 -0.013965648)      
zuofuyi                   (-31.05892 -4.4246027 0.56185791)             (-0.051271131 0.008813151 0.15293558)         (-31.110191 -4.4157896 0.71479349)            (-0.11015458 -0.015692441 0.0019927036)       (-0.00018183987 3.1257009e-05 0.00054240633)  (-0.11033642 -0.015661184 0.00253511)        
zuoweiduo                 (1.0083268 3.5041403 1.9230971)               (0.0062272044 0.033178005 0.021805436)        (1.014554 3.5373183 1.9449026)                (0.0035761647 0.012427899 0.0068205192)       (2.2085607e-05 0.0001176702 7.7335871e-05)    (0.0035982503 0.012545569 0.0068978551)      
------------------------- --------------------------------------------- --------------------------------------------- --------------------------------------------- --------------------------------------------- --------------------------------------------- ---------------------------------------------
Net                       (22.660676 -67.521329 0.50854523)             (0.24622864 1.0788433 -0.297344)              (22.906904 -66.442485 0.21120123)             (0.080369093 -0.23947335 0.0018036231)        (0.00087328255 0.0038262608 -0.00105457)      (0.081242376 -0.23564709 0.00074905317)      

Moments - Moment Center (0 0 0.05) Moment Axis (0 1 0)
                          Moments [N m]                                   Coefficients                                   
Zone                      Pressure        Viscous         Total           Pressure        Viscous         Total          
jidi                      -22.929646      -0.0027782279   -22.932425      -0.081323034    -9.8533537e-06  -0.081332887   
jishen                    -232.55019      -0.09349025     -232.64368      -0.82477012     -0.00033157558  -0.82510169    
jitou                     555.83079       0.1683022       555.9991        1.9713277       0.00059690608   1.9719246      
liangan                   650.48564       0.13442866      650.62006       2.3070336       0.00047676907   2.3075104      
waiyi                     -46.484024      0.43500082      -46.049023      -0.16486176     0.0015427881    -0.16331897    
weiyi                     -742.62811      0.089378007     -742.53874      -2.6338291      0.00031699096   -2.6335122     
xiaoyi                    55.62294        0.031876234     55.654816       0.19727414      0.00011305329   0.19738719     
youfuyi                   -4.4103815      0.0090612059    -4.4013203      -0.015642003    3.2136769e-05   -0.015609866   
youweiduo                 -3.0948025      0.0045708609    -3.0902316      -0.010976128    1.6211165e-05   -0.010959916   
zhongyangyi               -276.44308      0.2605026       -276.18257      -0.98044205     0.00092390705   -0.97951814    
zuofuyi                   -4.4246027      0.008813151     -4.4157896      -0.015692441    3.1257009e-05   -0.015661184   
zuoweiduo                 3.5041403       0.033178005     3.5373183       0.012427899     0.0001176702    0.012545569    
------------------------- --------------- --------------- --------------- --------------- --------------- ---------------
Net                       -67.521329      1.0788433       -66.442485      -0.23947335     0.0038262608    -0.23564709    
