                                    "Force Report"

Forces
                          Forces [N]                                                                                                                                Coefficients                                                                                                                             
Zone                      Pressure                                      Viscous                                       Total                                         Pressure                                      Viscous                                       Total                                        
jidi                      (1144.2691 2.4642169e-08 0.00043508749)       (6.5463387e-09 -0.00030909033 -0.00011903651) (1144.2691 -0.00030906569 0.00031605098)      (1.4800628 3.1873583e-11 5.6276692e-07)       (8.467407e-12 -3.9979502e-07 -1.5396859e-07)  (1.4800628 -3.9976315e-07 4.0879832e-07)     
jishen                    (9080.4369 -0.0096140295 -12499.529)          (1.1491528 -1.4425061e-05 -0.031762538)       (9081.5861 -0.0096284545 -12499.561)          (11.745154 -1.2435333e-05 -16.167602)         (0.0014863796 -1.8658195e-08 -4.1083474e-05)  (11.74664 -1.2453991e-05 -16.167643)         
jitou                     (-11246.298 0.075502857 2.2653327)            (1.1640289 -6.667678e-05 0.039396447)         (-11245.134 0.07543618 2.3047292)             (-14.546601 9.7659691e-05 0.0029301103)       (0.0015056212 -8.6243541e-08 5.0957606e-05)   (-14.545096 9.7573448e-05 0.0029810679)      
liangan                   (-81.047394 0.27713248 -3076.514)             (1.0027867 0.0029800349 0.012199675)          (-80.044608 0.28011251 -3076.5018)            (-0.10483131 0.00035845892 -3.9793382)        (0.0012970613 3.8545468e-06 1.5779754e-05)    (-0.10353425 0.00036231346 -3.9793224)       
waiyi                     (-132.26261 -0.00049232698 1675.2365)         (4.3917501 0.00027710187 0.27670626)          (-127.87086 -0.0002152251 1675.5132)          (-0.17107599 -6.3680373e-07 2.1668463)        (0.0056805395 3.5841933e-07 0.00035790763)    (-0.16539545 -2.7838439e-07 2.1672042)       
weiyi                     (47.643285 11.132298 549.29501)               (1.5505306 0.01492057 -0.023603315)           (49.193816 11.147219 549.2714)                (0.061624536 0.014399148 0.71048942)          (0.0020055446 1.9299114e-05 -3.0529871e-05)   (0.063630081 0.014418447 0.71045889)         
xiaoyi                    (151.76739 0.01237285 -370.70393)             (0.31746903 -0.00024680131 0.0033847867)      (152.08486 0.012126048 -370.70055)            (0.19630458 1.6003748e-05 -0.47948956)        (0.00041063252 -3.1922686e-07 4.3780757e-06)  (0.19671522 1.5684521e-05 -0.47948519)       
youfuyi                   (-0.80241762 -0.4691131 13.481268)            (0.17966429 0.0010461334 0.014923019)         (-0.62275334 -0.46806697 13.496191)           (-0.0010378926 -0.00060677758 0.017437439)    (0.00023238802 1.3531284e-06 1.9302282e-05)   (-0.0008055046 -0.00060542445 0.017456741)   
youweiduo                 (5.0050706 7.5047119 12.840749)               (0.11717752 0.0061585565 0.0064659067)        (5.1222481 7.5108705 12.847215)               (0.0064738432 0.0097070215 0.016608956)       (0.00015156407 7.9658274e-06 8.3633716e-06)   (0.0066254072 0.0097149873 0.016617319)      
zhongyangyi               (1055.7568 -0.00025227704 14199.954)          (2.5533449 0.00032825342 0.093382696)         (1058.3101 7.5976378e-05 14200.048)           (1.3655759 -3.2630949e-07 18.367029)          (0.0033026416 4.2458166e-07 0.00012078649)    (1.3688786 9.8272171e-08 18.36715)           
zuofuyi                   (-0.77826927 0.46261759 13.473535)            (0.18140341 -0.0011300289 0.014912516)        (-0.59686586 0.46148756 13.488448)            (-0.0010066578 0.00059837591 0.017427437)     (0.0002346375 -1.4616437e-06 1.9288697e-05)   (-0.00077202027 0.00059691427 0.017446726)   
zuoweiduo                 (-0.93496732 -0.21341762 0.42440257)          (0.15590586 -4.5515075e-05 -0.0034572741)     (-0.77906146 -0.21346313 0.42094529)          (-0.0012093399 -0.00027604649 0.00054894643)  (0.00020165752 -5.8871788e-08 -4.4718351e-06) (-0.0010076824 -0.00027610536 0.0005444746)  
------------------------- --------------------------------------------- --------------------------------------------- --------------------------------------------- --------------------------------------------- --------------------------------------------- ---------------------------------------------
Net                       (22.755282 18.771747 520.22496)               (12.763214 0.023898113 0.40242914)            (35.518497 18.795645 520.62739)               (0.029432977 0.024280445 0.67288856)          (0.016508667 3.0911179e-05 0.00052052476)     (0.045941645 0.024311356 0.67340909)         

Forces - Direction Vector (1 0 0)
                          Forces [N]                                      Coefficients                                   
Zone                      Pressure        Viscous         Total           Pressure        Viscous         Total          
jidi                      1144.2691       6.5463387e-09   1144.2691       1.4800628       8.467407e-12    1.4800628      
jishen                    9080.4369       1.1491528       9081.5861       11.745154       0.0014863796    11.74664       
jitou                     -11246.298      1.1640289       -11245.134      -14.546601      0.0015056212    -14.545096     
liangan                   -81.047394      1.0027867       -80.044608      -0.10483131     0.0012970613    -0.10353425    
waiyi                     -132.26261      4.3917501       -127.87086      -0.17107599     0.0056805395    -0.16539545    
weiyi                     47.643285       1.5505306       49.193816       0.061624536     0.0020055446    0.063630081    
xiaoyi                    151.76739       0.31746903      152.08486       0.19630458      0.00041063252   0.19671522     
youfuyi                   -0.80241762     0.17966429      -0.62275334     -0.0010378926   0.00023238802   -0.0008055046  
youweiduo                 5.0050706       0.11717752      5.1222481       0.0064738432    0.00015156407   0.0066254072   
zhongyangyi               1055.7568       2.5533449       1058.3101       1.3655759       0.0033026416    1.3688786      
zuofuyi                   -0.77826927     0.18140341      -0.59686586     -0.0010066578   0.0002346375    -0.00077202027 
zuoweiduo                 -0.93496732     0.15590586      -0.77906146     -0.0012093399   0.00020165752   -0.0010076824  
------------------------- --------------- --------------- --------------- --------------- --------------- ---------------
Net                       22.755282       12.763214       35.518497       0.029432977     0.016508667     0.045941645    
