                                    "Force Report"

Forces
                          Forces [N]                                                                                                                                Coefficients                                                                                                                             
Zone                      Pressure                                      Viscous                                       Total                                         Pressure                                      Viscous                                       Total                                        
jidi                      (1145.0734 9.1025681e-08 0.00043528934)       (2.7220416e-08 -0.00019384141 0.0030322462)   (1145.0734 -0.00019375039 0.0034675356)       (1.4811031 1.177378e-10 5.6302801e-07)        (3.5208435e-11 -2.5072551e-07 3.9220798e-06)  (1.4811031 -2.5060777e-07 4.4851078e-06)     
jishen                    (9085.686 -0.049072931 -12497.017)            (1.1309005 -0.00029095145 0.041010123)        (9086.8169 -0.049363882 -12496.976)           (11.751943 -6.3473721e-05 -16.164352)         (0.0014627711 -3.7633316e-07 5.3044827e-05)   (11.753406 -6.3850054e-05 -16.164299)        
jitou                     (-11256.923 0.061384635 22.334181)            (1.1391809 -4.4284235e-05 0.24556963)         (-11255.783 0.061340351 22.579751)            (-14.560344 7.9398381e-05 0.028888301)        (0.0014734814 -5.727975e-08 0.00031763373)    (-14.558871 7.9341101e-05 0.029205934)       
liangan                   (-81.092251 0.41779819 -3069.9676)            (1.2168084 0.004056653 0.10363747)            (-79.875443 0.42185485 -3069.864)             (-0.10488933 0.00054040396 -3.9708709)        (0.0015738892 5.2471058e-06 0.00013405061)    (-0.10331544 0.00054565107 -3.9707368)       
waiyi                     (-194.54756 0.0044931712 1943.5436)           (3.8187864 0.00056366673 0.82912585)          (-190.72877 0.005056838 1944.3727)            (-0.25163888 5.8117233e-06 2.5138898)         (0.0049394356 7.2907863e-07 0.0010724386)     (-0.24669945 6.540802e-06 2.5149623)         
weiyi                     (42.596667 9.5538263 604.99071)               (1.3226796 0.012906373 0.12071661)            (43.919347 9.5667327 605.11143)               (0.055096953 0.012357463 0.78252942)          (0.0017108291 1.6693837e-05 0.00015614173)    (0.056807783 0.012374156 0.78268556)         
xiaoyi                    (153.59481 0.017449528 -367.51298)            (0.35741276 -0.00020990303 0.062005478)       (153.95222 0.017239625 -367.45097)            (0.19866827 2.2570212e-05 -0.4753622)         (0.000462298 -2.7150053e-07 8.0201414e-05)    (0.19913056 2.2298712e-05 -0.475282)         
youfuyi                   (-0.028895523 -0.68213099 19.965845)          (0.1472835 0.0095487646 0.036759764)          (0.11838798 -0.67258223 20.002605)            (-3.7375114e-05 -0.00088230704 0.02582496)    (0.00019050486 1.2350916e-05 4.754717e-05)    (0.00015312975 -0.00086995613 0.025872508)   
youweiduo                 (4.615027 7.3868532 12.609542)                (0.10889354 -0.0014851254 0.010505887)        (4.7239205 7.3853681 12.620048)               (0.0059693385 0.0095545763 0.016309899)       (0.0001408491 -1.9209458e-06 1.3588912e-05)   (0.0061101876 0.0095526554 0.016323488)      
zhongyangyi               (1026.3464 0.00035990243 14352.839)           (2.1454107 0.0010055102 0.39252604)           (1028.4918 0.0013654126 14353.232)            (1.3275348 4.6551829e-07 18.564779)           (0.0027749962 1.3005841e-06 0.00050771552)    (1.3303098 1.7661024e-06 18.565287)          
zuofuyi                   (-0.020185523 0.68651584 19.993811)           (0.14792554 -0.0085323932 0.037217671)        (0.12774002 0.67798344 20.031029)             (-2.6109104e-05 0.00088797865 0.025861133)    (0.00019133532 -1.1036283e-05 4.8139454e-05)  (0.00016522621 0.00087694237 0.025909273)    
zuoweiduo                 (-0.88315113 -1.1139317 1.9898469)            (0.14204454 0.005289647 0.0098160966)         (-0.74110659 -1.1086421 1.999663)             (-0.0011423179 -0.0014408227 0.0025737812)    (0.00018372849 6.8419304e-06 1.2696698e-05)   (-0.00095858944 -0.0014339807 0.0025864779)  
------------------------- --------------------------------------------- --------------------------------------------- --------------------------------------------- --------------------------------------------- --------------------------------------------- ---------------------------------------------
Net                       (-75.582293 16.283545 1043.7701)              (11.677326 0.022614116 1.8919229)             (-63.904966 16.306159 1045.662)               (-0.097762439 0.021062064 1.3500716)          (0.015104118 2.9250384e-05 0.0024471207)      (-0.08265832 0.021091315 1.3525187)          

Forces - Direction Vector (0.99026864 0 0.1391731)
                          Forces [N]                                      Coefficients                                   
Zone                      Pressure        Viscous         Total           Pressure        Viscous         Total          
jidi                      1133.9297       0.00042203383   1133.9301       1.4666892       5.4588257e-07   1.4666898      
jishen                    7258.0172       1.1256022       7259.1428       9.3879325       0.0014559179    9.3893884      
jitou                     -11144.263      1.1622711       -11143.1        -14.414624      0.0015033476    -14.41312      
liangan                   -507.55974      1.21939         -506.34035      -0.65650666     0.0015772285    -0.65492943    
waiyi                     77.834592       3.8970142       81.731606       0.10067569      0.0050406199    0.10571631     
weiyi                     126.38051       1.3266079       127.70711       0.16346774      0.0017159102    0.16518365     
xiaoyi                    100.95215       0.36256393      101.31471       0.13057725      0.00046896082   0.13104621     
youfuyi                   2.7500927       0.15096612      2.9010588       0.0035571264    0.00019526817   0.0037523946   
youweiduo                 6.325022        0.10929593      6.4343179       0.0081811433    0.00014136957   0.0083225129   
zhongyangyi               3013.8861       2.1791607       3016.0653       3.8983318       0.0028186505    3.9011505      
zuofuyi                   2.76261         0.15166564      2.9142757       0.003573317     0.00019617297   0.00376949     
zuoweiduo                 -0.59762337     0.14202831      -0.45559506     -0.00077300007  0.0001837075    -0.00058929258 
------------------------- --------------- --------------- --------------- --------------- --------------- ---------------
Net                       70.417901       11.826988       82.244889       0.09108252      0.0152977       0.10638022     