                                    "Force Report"

Forces
                          Forces [N]                                                                                                                                Coefficients                                                                                                                             
Zone                      Pressure                                      Viscous                                       Total                                         Pressure                                      Viscous                                       Total                                        
jidi                      (1144.9628 -4.1382143e-07 0.00043597738)      (2.1069683e-08 0.002681592 0.0020205021)      (1144.9628 0.0026811782 0.0024564795)         (1.4809601 -5.3526018e-10 5.6391795e-07)      (2.7252727e-11 3.4685237e-06 2.6134324e-06)   (1.4809601 3.4679884e-06 3.1773504e-06)      
jishen                    (9082.7664 0.646326 -12500.883)               (1.1415897 -0.065659668 -0.021067634)         (9083.908 0.58066633 -12500.904)              (11.748167 0.00083599483 -16.169353)          (0.0014765971 -8.4927951e-05 -2.7250077e-05)  (11.749644 0.00075106688 -16.16938)          
jitou                     (-11249.985 -6.7950756 7.5762875)             (1.1587147 -0.084515749 0.092854501)          (-11248.826 -6.8795913 7.669142)              (-14.551371 -0.0087891374 0.0097996014)       (0.0014987475 -0.00010931748 0.0001201033)    (-14.549872 -0.0088984549 0.0099197047)      
liangan                   (-81.041032 -0.36260927 -3075.0048)           (1.0673936 -0.056095657 0.038839814)          (-79.973638 -0.41870493 -3074.966)            (-0.10482308 -0.00046901947 -3.9773862)       (0.0013806276 -7.2557315e-05 5.0237626e-05)   (-0.10344245 -0.00054157679 -3.977336)       
waiyi                     (-142.64462 -0.099628505 1755.2506)           (4.4392848 -0.27018558 0.43165674)            (-138.20534 -0.36981408 1755.6822)            (-0.18450467 -0.00012886518 2.270341)         (0.0057420235 -0.0003494734 0.00055832939)    (-0.17876265 -0.00047833858 2.2708993)       
weiyi                     (47.298083 1.34804 562.38564)                 (1.5069395 -0.08463404 0.0091527236)          (48.805022 1.263406 562.39479)                (0.061178032 0.0017436317 0.72742159)         (0.0019491613 -0.00010947048 1.1838654e-05)   (0.063127193 0.0016341612 0.72743343)        
xiaoyi                    (152.20416 -0.29427095 -370.04951)            (0.32762353 -0.020749594 0.015467623)         (152.53179 -0.31502054 -370.03404)            (0.19686953 -0.00038062679 -0.47864309)       (0.00042376692 -2.6838705e-05 2.0006704e-05)  (0.1972933 -0.00040746549 -0.47862308)       
youfuyi                   (-0.75836046 -0.54656687 14.971533)           (0.16712887 -0.022932421 0.021785794)         (-0.59123159 -0.56949929 14.993319)           (-0.00098090658 -0.00070696069 0.019365033)   (0.000216174 -2.9662098e-05 2.8178985e-05)    (-0.00076473258 -0.00073662279 0.019393212)  
youweiduo                 (4.9282054 7.3791317 12.633069)               (0.11470438 -0.0095578307 0.016014145)        (5.0429098 7.3695739 12.649083)               (0.0063744214 0.0095445889 0.01634033)        (0.00014836517 -1.2362642e-05 2.0713606e-05)  (0.0065227865 0.0095322263 0.016361044)      
zhongyangyi               (1050.8855 -0.0033553389 14249.951)           (2.5798443 -0.11942849 0.17343072)            (1053.4653 -0.12278383 14250.125)             (1.3592751 -4.3399862e-06 18.431698)          (0.0033369175 -0.00015447561 0.00022432516)   (1.362612 -0.0001588156 18.431922)           
zuofuyi                   (-0.6911713 0.50692338 14.793174)             (0.17300016 -0.02631194 0.021771974)          (-0.51817114 0.48061144 14.814946)            (-0.0008940003 0.00065568355 0.019134333)     (0.00022376826 -3.403336e-05 2.816111e-05)    (-0.00067023204 0.00062165019 0.019162494)   
zuoweiduo                 (-0.92885964 -0.6211309 1.1340044)            (0.15413017 -0.01305581 -0.0068949259)        (-0.77472947 -0.63418671 1.1271095)           (-0.0012014399 -0.00080340605 0.0014667858)   (0.00019936074 -1.6887128e-05 -8.9182895e-06) (-0.0010020792 -0.00082029318 0.0014578675)  
------------------------- --------------------------------------------- --------------------------------------------- --------------------------------------------- --------------------------------------------- --------------------------------------------- ---------------------------------------------
Net                       (6.996054 1.1577833 672.75894)                (12.830354 -0.77044519 0.79503198)            (19.826408 0.38733812 673.55397)              (0.0090490943 0.0014975428 0.8701847)         (0.01659551 -0.00099653765 0.0010283396)      (0.025644604 0.00050100517 0.87121304)       

Forces - Direction Vector (0.99695636 -0.06971398 0.034814483)
                          Forces [N]                                      Coefficients                                   
Zone                      Pressure        Viscous         Total           Pressure        Viscous         Total          
jidi                      1141.4814       -0.00011658105  1141.4812       1.4764569       -1.5079257e-07  1.4764568      
jishen                    8619.8905       1.1419624       8621.0324       11.149457       0.0014770792    11.150934      
jitou                     -11215.04       1.164316        -11213.876      -14.506171      0.0015059926    -14.504665     
liangan                   -187.82435      1.0694109       -186.75494      -0.24294271     0.0013832369    -0.24155947    
waiyi                     -81.095616      4.45965         -76.635966      -0.10489368     0.0057683651    -0.09912532    
weiyi                     66.63951        1.5085762       68.148086       0.086195335     0.0019512783    0.088146613    
xiaoyi                    138.87875       0.32861237      139.20737       0.17963368      0.00042504595   0.18005873     
youfuyi                   -0.19672333     0.16897787      -0.027745466    -0.00025445315  0.00021856559   -3.5887565e-05 
youweiduo                 4.8386052       0.11557944      4.9541847       0.0062585274    0.00014949702   0.0064080244   
zhongyangyi               1543.7964       2.5863636       1546.3828       1.9968342       0.0033453499    2.0001795      
zuofuyi                   -0.2093912      0.17506642      -0.034324775    -0.00027083849  0.00022644087   -4.4397617e-05 
zuoweiduo                 -0.84325374     0.15433164      -0.6889221      -0.0010907124   0.00019962133   -0.00089109105 
------------------------- --------------- --------------- --------------- --------------- --------------- ---------------
Net                       30.315891       12.87273        43.188622       0.039212299     0.016650322     0.055862621    
