                                    "Force Report"

Forces
                          Forces [N]                                                                                                                                Coefficients                                                                                                                             
Zone                      Pressure                                      Viscous                                       Total                                         Pressure                                      Viscous                                       Total                                        
jidi                      (1144.1314 -1.4721528e-07 0.00043515299)      (-3.1301185e-09 -0.0014453842 -0.0013447211)  (1144.1314 -0.0014455314 -0.00090956807)      (1.4798847 -1.9041662e-10 5.6285164e-07)      (-4.0486734e-12 -1.8695422e-06 -1.7393387e-06) (1.4798847 -1.8697326e-06 -1.1764871e-06)    
jishen                    (9079.3142 1.2769893 -12501.026)              (1.179281 -0.059771496 -0.057060182)          (9080.4935 1.2172178 -12501.083)              (11.743702 0.0016517306 -16.169538)           (0.0015253491 -7.7311854e-05 -7.3804887e-05)  (11.745227 0.0015744187 -16.169612)          
jitou                     (-11244.19 -6.9429709 -3.1297909)             (1.1705533 -0.084789588 -0.01407551)          (-11243.019 -7.0277604 -3.1438664)            (-14.543875 -0.0089804336 -0.0040482496)      (0.0015140603 -0.00010967168 -1.8206066e-05)  (-14.542361 -0.0090901053 -0.0040664557)     
liangan                   (-81.099597 -0.46101187 -3078.4506)           (1.0697388 -0.054332185 -0.020943064)         (-80.029858 -0.51534406 -3078.4716)           (-0.10489883 -0.00059629899 -3.9818432)       (0.001383661 -7.027634e-05 -2.7088951e-05)    (-0.10351517 -0.00066657533 -3.9818703)      
waiyi                     (-127.04972 -0.16813303 1589.4294)            (4.0338846 -0.25729109 0.11973931)            (-123.01583 -0.42542413 1589.5491)            (-0.16433334 -0.00021747283 2.0558584)        (0.0052176558 -0.00033279494 0.00015487763)   (-0.15911568 -0.00055026778 2.0560133)       
weiyi                     (47.246401 1.8525685 536.76441)               (1.5407268 -0.084327963 -0.052108015)         (48.787128 1.7682405 536.71231)               (0.061111184 0.0023962175 0.69428164)         (0.0019928638 -0.00010907459 -6.7399471e-05)  (0.063104047 0.0022871429 0.69421424)        
xiaoyi                    (151.3223 -0.27224213 -371.64808)             (0.31087327 -0.019829449 -0.010740822)        (151.63318 -0.29207158 -371.65882)            (0.19572888 -0.00035213346 -0.48071078)       (0.00040210118 -2.5648538e-05 -1.389279e-05)  (0.19613098 -0.000377782 -0.48072467)        
youfuyi                   (-0.84085913 -0.41146157 12.122769)           (0.18739965 -0.023444002 0.0075099367)        (-0.65345947 -0.43490557 12.130279)           (-0.001087615 -0.00053220781 0.01568028)      (0.00024239338 -3.0323807e-05 9.7137796e-06)  (-0.00084522167 -0.00056253162 0.015689994)  
youweiduo                 (4.9743196 7.1798111 12.337667)               (0.11363453 -0.0059354295 0.015532491)        (5.0879541 7.1738756 12.353199)               (0.006434068 0.0092867762 0.01595824)         (0.00014698137 -7.6772223e-06 2.0090608e-05)  (0.0065810494 0.009279099 0.015978331)       
zhongyangyi               (1057.534 -0.018786142 14147.986)             (2.4538711 -0.1243611 0.012909565)            (1059.9879 -0.14314724 14147.999)             (1.3678747 -2.4299065e-05 18.29981)           (0.0031739766 -0.00016085572 1.6697966e-05)   (1.3710487 -0.00018515478 18.299826)         
zuofuyi                   (-0.81626278 0.43183091 11.968991)            (0.19068686 -0.023694722 0.0078048048)        (-0.62557591 0.40813619 11.976796)            (-0.0010558007 0.00055855467 0.015481374)     (0.00024664524 -3.0648102e-05 1.0095179e-05)  (-0.00080915549 0.00052790657 0.015491469)   
zuoweiduo                 (-0.93612272 -0.22351174 0.44663873)          (0.15500264 -0.016142415 -0.012652286)        (-0.78112008 -0.23965415 0.43398644)          (-0.0012108344 -0.0002891028 0.00057770795)   (0.00020048924 -2.0879519e-05 -1.6365187e-05) (-0.0010103452 -0.00030998232 0.00056134276) 
------------------------- --------------------------------------------- --------------------------------------------- --------------------------------------------- --------------------------------------------- --------------------------------------------- ---------------------------------------------
Net                       (29.590113 2.2430822 356.80176)               (12.405653 -0.75536483 -0.0054284964)         (41.995766 1.4877174 356.79634)               (0.038273536 0.0029013302 0.46150771)         (0.016046177 -0.00097703185 -7.0215261e-06)   (0.054319713 0.0019242984 0.46150069)        

Forces - Direction Vector (0.99695636 -0.069756474 -0.034814483)
                          Forces [N]                                      Coefficients                                   
Zone                      Pressure        Viscous         Total           Pressure        Viscous         Total          
jidi                      1140.6491       0.00014763755   1140.6492       1.4753804       1.9096281e-07   1.4753806      
jishen                    9486.8077       1.1818476       9487.9895       12.270777       0.001528669     12.272306      
jitou                     -11209.373      1.1733952       -11208.2        -14.498842      0.0015177362    -14.497324     
liangan                   26.354066       1.071002        27.425068       0.034087849     0.001385295     0.035473144    
waiyi                     -181.98646      4.0353859       -177.95107      -0.23539164     0.0052195978    -0.23017204    
weiyi                     28.286196       1.543734        29.82993        0.036586975     0.0019967533    0.038583728    
xiaoyi                    163.81946       0.31168425      164.13114       0.21189341      0.00040315015   0.21229656     
youfuyi                   -1.2316457      0.18820319      -1.0434425      -0.0015930806   0.00024343272   -0.0013496479  
youweiduo                 4.0288117       0.11316195      4.1419737       0.0052110944    0.00014637011   0.0053574645   
zhongyangyi               561.7618        2.454628        564.21643       0.72661468      0.0031749555    0.72978964     
zuofuyi                   -1.2605956      0.19148762      -1.069108       -0.0016305261   0.00024768098   -0.0013828451  
zuoweiduo                 -0.93323161     0.15609739      -0.77713422     -0.0012070949   0.00020190525   -0.0010051896  
------------------------- --------------- --------------- --------------- --------------- --------------- ---------------
Net                       16.921713       12.420775       29.342488       0.021887507     0.016065737     0.037953244    
