                                    "Force Report"

Forces
                          Forces [N]                                                                                                                                Coefficients                                                                                                                             
Zone                      Pressure                                      Viscous                                       Total                                         Pressure                                      Viscous                                       Total                                        
jidi                      (1145.5936 1.3001895e-07 0.00043559723)       (-9.5948454e-10 -0.0032671132 0.00096196829)  (1145.5936 -0.0032669832 0.0013975655)        (1.4817759 1.6817391e-10 5.6342624e-07)       (-1.2410519e-12 -4.2258701e-06 1.2442645e-06) (1.4817759 -4.225702e-06 1.8076908e-06)      
jishen                    (9088.7448 0.61957241 -12507.133)             (1.1821178 -0.18762431 -0.029527295)          (9089.9269 0.43194811 -12507.163)             (11.7559 0.00080139022 -16.177438)            (0.0015290184 -0.00024268396 -3.8192284e-05)  (11.757429 0.00055870626 -16.177476)         
jitou                     (-11259.572 -19.696169 16.903848)             (1.1179269 -0.25307339 0.19300886)            (-11258.454 -19.949242 17.096857)             (-14.563772 -0.025476145 0.021864399)         (0.0014459903 -0.00032733952 0.00024964864)   (-14.562326 -0.025803485 0.022114048)        
liangan                   (-81.05432 -2.9073469 -3072.5143)             (1.1290637 -0.20359291 0.099019162)           (-79.925256 -3.1109398 -3072.4152)            (-0.10484027 -0.003760528 -3.9741648)         (0.0014603952 -0.00026333866 0.00012807702)   (-0.10337987 -0.0040238666 -3.9740367)       
waiyi                     (-173.7815 -0.32338289 1878.4601)             (4.0382862 -0.78806283 0.69755927)            (-169.74322 -1.1114457 1879.1576)             (-0.22477888 -0.00041828183 2.4297072)        (0.0052233492 -0.0010193253 0.00090226285)    (-0.21955553 -0.0014376071 2.4306094)        
weiyi                     (42.532432 -17.40887 585.94363)               (1.3170986 -0.26818717 0.06528791)            (43.84953 -17.677058 586.00892)               (0.055013868 -0.022517624 0.75789284)         (0.0017036102 -0.00034688855 8.4447098e-05)   (0.056717478 -0.022864512 0.75797729)        
xiaoyi                    (152.62348 -1.7469033 -369.43293)             (0.3386321 -0.067337417 0.033142288)          (152.96211 -1.8142407 -369.39979)             (0.19741189 -0.0022595441 -0.47784558)        (0.00043800602 -8.7098047e-05 4.2868122e-05)  (0.1978499 -0.0023466422 -0.47780271)        
youfuyi                   (-0.54563002 -0.76282715 17.784157)           (0.14438205 -0.069356709 0.032805518)         (-0.40124797 -0.83218386 17.816962)           (-0.00070574892 -0.00098668404 0.02300304)    (0.00018675197 -8.9709914e-05 4.2432524e-05)  (-0.00051899696 -0.001076394 0.023045473)    
youweiduo                 (4.5874977 6.7601568 11.599714)               (0.10544348 -0.039574847 0.034547834)         (4.6929412 6.720582 11.634262)                (0.0059337306 0.0087439716 0.01500373)        (0.0001363866 -5.1188359e-05 4.4686135e-05)   (0.0060701172 0.0086927832 0.015048416)      
zhongyangyi               (1037.7902 -0.012319345 14330.141)            (2.3168325 -0.28488048 0.29862572)            (1040.1071 -0.29719983 14330.44)              (1.3423369 -1.5934542e-05 18.53542)           (0.002996723 -0.00036848063 0.00038625949)    (1.3453337 -0.00038441517 18.535806)         
zuofuyi                   (-0.35951522 0.73786029 17.378959)            (0.15593866 -0.070443207 0.031978822)         (-0.20357656 0.66741708 17.410938)            (-0.00046501745 0.00095439048 0.022478935)    (0.00020169993 -9.1115252e-05 4.1363228e-05)  (-0.00026331751 0.00086327523 0.022520298)   
zuoweiduo                 (-0.90915719 -1.2899727 2.2791069)            (0.13862421 -0.037153237 -0.010724106)        (-0.77053298 -1.327126 2.2683828)             (-0.0011759556 -0.0016685241 0.0029479266)    (0.00017930444 -4.8056111e-05 -1.3871169e-05) (-0.0009966512 -0.0017165802 0.0029340554)   
------------------------- --------------------------------------------- --------------------------------------------- --------------------------------------------- --------------------------------------------- --------------------------------------------- ---------------------------------------------
Net                       (-44.350471 -36.030202 911.41064)             (11.984346 -2.2725536 1.4466859)              (-32.366124 -38.302755 912.85733)             (-0.057365422 -0.046603513 1.1788704)         (0.015501235 -0.0029394502 0.0018712259)      (-0.041864187 -0.049542963 1.1807416)        

Forces - Direction Vector (0.97278921 -0.20791169 0.10224427)
                          Forces [N]                                      Coefficients                                   
Zone                      Pressure        Viscous         Total           Pressure        Viscous         Total          
jidi                      1114.4211       0.00077762584   1114.4219       1.4414557       1.0058255e-06   1.4414567      
jishen                    7562.5214       1.1859417       7563.7073       9.7817955       0.0015339645    9.7833295      
jitou                     -10947.367      1.1598582       -10946.207      -14.159948      0.0015002266    -14.158447     
liangan                   -392.39126      1.1507944       -391.24047      -0.50754119     0.001488503     -0.50605268    
waiyi                     23.076239       4.1635702       27.239809       0.02984812      0.0053853986    0.035233519    
weiyi                     104.90397       1.3436938       106.24767       0.13568877      0.0017380101    0.13742678     
xiaoyi                    111.06128       0.34680649      111.40808       0.14365297      0.00044857925   0.14410155     
youfuyi                   1.4461457       0.15822755      1.6043733       0.0018705272    0.00020466052   0.0020751877   
youweiduo                 4.2431569       0.11433467      4.3574915       0.0054883406    0.00014788697   0.0056362275   
zhongyangyi               2474.7285       2.3435524       2477.072        3.2009546       0.003031284     3.2039859      
zuofuyi                   1.2737566       0.16961106      1.4433677       0.0016475493    0.0002193846    0.0018669339   
zuoweiduo                 -0.38319227     0.14148025      -0.24171203     -0.00049564269  0.00018299861   -0.00031264409 
------------------------- --------------- --------------- --------------- --------------- --------------- ---------------
Net                       57.533953       12.278648       69.812602       0.074417689     0.015881902     0.090299592    
