                                    "Force Report"

Moments - Moment Center (0 0 0.05)
                          Moments [N m]                                                                                                                             Coefficients                                                                                                                             
Zone                      Pressure                                      Viscous                                       Total                                         Pressure                                      Viscous                                       Total                                        
jidi                      (-8.1826711e-09 -22.924776 0.0067554072)      (0.00010748786 -0.0032327699 0.0030907064)    (0.00010747968 -22.928008 0.0098461137)       (-2.9020929e-11 -0.081305759 2.3958948e-05)   (3.8121997e-07 -1.1465447e-05 1.0961601e-05)  (3.8119095e-07 -0.081317224 3.4920549e-05)   
jishen                    (0.041231526 -229.80588 2.6675041)            (-0.029041363 -0.064772531 0.0052445134)      (0.012190163 -229.87065 2.6727486)            (0.00014623308 -0.81503705 0.0094606573)      (-0.00010299905 -0.00022972438 1.8600363e-05) (4.3234031e-05 -0.81526677 0.0094792576)     
jitou                     (-1.2502474 550.63731 12.363835)              (-0.013950827 0.092235174 0.16105952)         (-1.2641982 550.72955 12.524894)              (-0.0044341682 1.9529083 0.043849981)         (-4.9478458e-05 0.00032712428 0.00057121896)  (-0.0044836466 1.9532354 0.0444212)          
liangan                   (1.3972926 650.25188 -1.4597305)              (0.020646519 0.12934112 -0.0019874151)        (1.4179392 650.38122 -1.4617179)              (0.0049556838 2.3062046 -0.0051771278)        (7.3225621e-05 0.00045872546 -7.0486313e-06)  (0.0050289094 2.3066633 -0.0051841764)       
waiyi                     (12.259328 -45.195018 -1.5544167)             (0.093514228 0.57225688 -0.10125194)          (12.352842 -44.622761 -1.6556687)             (0.043479332 -0.16029013 -0.0055129451)       (0.00033166062 0.0020295849 -0.00035910343)   (0.043810993 -0.15826054 -0.0058720486)      
weiyi                     (-6.2060611 -754.36402 -23.664659)            (0.098543013 0.27866829 -0.36100904)          (-6.1075181 -754.08535 -24.025668)            (-0.022010619 -2.6754521 -0.083929853)        (0.00034949587 0.00098833405 -0.0012803665)   (-0.021661123 -2.6744638 -0.08521022)        
xiaoyi                    (14.776449 55.938603 -1.2022886)              (0.1206382 0.037956318 -0.032673114)          (14.897087 55.976559 -1.2349617)              (0.052406637 0.19839368 -0.0042640761)        (0.0004278594 0.00013461712 -0.00011587953)   (0.052834496 0.19852829 -0.0043799557)       
youfuyi                   (23.9748 -3.4360941 0.061611669)              (0.051579323 0.0097596647 -0.17813294)        (24.026379 -3.4263344 -0.11652127)            (0.085029809 -0.012186564 0.00021851396)      (0.00018293291 3.4613946e-05 -0.0006317721)   (0.085212741 -0.01215195 -0.00041325814)     
youweiduo                 (2.2795498 -14.416638 7.5096864)              (0.023193635 -0.01479401 -0.085984955)        (2.3027434 -14.431432 7.4237014)              (0.0080847258 -0.05113052 0.026634099)        (8.2259304e-05 -5.2468919e-05 -0.00030495705) (0.0081669851 -0.051182989 0.026329142)      
zhongyangyi               (7.5211256 -275.74492 1.5322699)              (0.028072385 0.32774116 -0.0079892747)        (7.549198 -275.41717 1.5242806)               (0.02667467 -0.97796593 0.0054343985)         (9.9562439e-05 0.0011623775 -2.8335023e-05)   (0.026774232 -0.97680356 0.0054060635)       
zuofuyi                   (-22.726626 -3.2937576 0.00067306193)         (-0.034812113 0.011854596 0.16632124)         (-22.761438 -3.281903 0.1669943)              (-0.080602996 -0.011681748 2.3871035e-06)     (-0.00012346578 4.2043899e-05 0.00058988036)  (-0.080726461 -0.011639705 0.00059226746)    
zuoweiduo                 (-0.42932545 -3.7088795 -2.2848195)           (0.013796316 0.049448423 -0.00067466164)      (-0.41552913 -3.659431 -2.2854941)            (-0.0015226597 -0.013154033 -0.0081034155)    (4.8930464e-05 0.00017537539 -2.392777e-06)   (-0.0014737292 -0.012978658 -0.0081058082)   
------------------------- --------------------------------------------- --------------------------------------------- --------------------------------------------- --------------------------------------------- --------------------------------------------- ---------------------------------------------
Net                       (31.637516 -96.06218 -6.023579)               (0.37228681 1.4264623 -0.43398735)            (32.009802 -94.635718 -6.4575663)             (0.11220665 -0.34069727 -0.021363422)         (0.0013203646 0.0050591379 -0.0015391937)     (0.11352701 -0.33563813 -0.022902616)        

Moments - Moment Center (0 0 0.05) Moment Axis (0 1 0)
                          Moments [N m]                                   Coefficients                                   
Zone                      Pressure        Viscous         Total           Pressure        Viscous         Total          
jidi                      -22.924776      -0.0032327699   -22.928008      -0.081305759    -1.1465447e-05  -0.081317224   
jishen                    -229.80588      -0.064772531    -229.87065      -0.81503705     -0.00022972438  -0.81526677    
jitou                     550.63731       0.092235174     550.72955       1.9529083       0.00032712428   1.9532354      
liangan                   650.25188       0.12934112      650.38122       2.3062046       0.00045872546   2.3066633      
waiyi                     -45.195018      0.57225688      -44.622761      -0.16029013     0.0020295849    -0.15826054    
weiyi                     -754.36402      0.27866829      -754.08535      -2.6754521      0.00098833405   -2.6744638     
xiaoyi                    55.938603       0.037956318     55.976559       0.19839368      0.00013461712   0.19852829     
youfuyi                   -3.4360941      0.0097596647    -3.4263344      -0.012186564    3.4613946e-05   -0.01215195    
youweiduo                 -14.416638      -0.01479401     -14.431432      -0.05113052     -5.2468919e-05  -0.051182989   
zhongyangyi               -275.74492      0.32774116      -275.41717      -0.97796593     0.0011623775    -0.97680356    
zuofuyi                   -3.2937576      0.011854596     -3.281903       -0.011681748    4.2043899e-05   -0.011639705   
zuoweiduo                 -3.7088795      0.049448423     -3.659431       -0.013154033    0.00017537539   -0.012978658   
------------------------- --------------- --------------- --------------- --------------- --------------- ---------------
Net                       -96.06218       1.4264623       -94.635718      -0.34069727     0.0050591379    -0.33563813    
