                                    "Force Report"

Moments - Moment Center (0 0 0.05)
                          Moments [N m]                                                                                                                             Coefficients                                                                                                                             
Zone                      Pressure                                      Viscous                                       Total                                         Pressure                                      Viscous                                       Total                                        
jidi                      (5.2851446e-10 -22.900236 0.00044209941)      (-4.5884895e-06 -0.0019172546 -7.9336315e-05) (-4.587961e-06 -22.902154 0.0003627631)       (1.8744467e-12 -0.081218727 1.5679642e-06)    (-1.6273687e-08 -6.799798e-06 -2.8137677e-07) (-1.6271813e-08 -0.081225527 1.2865875e-06)  
jishen                    (-0.00014043999 -230.1533 -0.00053819053)     (9.229252e-05 -0.069717427 -0.00054388454)    (-4.8147468e-05 -230.22301 -0.0010820751)     (-4.9808905e-07 -0.81626921 -1.9087641e-06)   (3.2732767e-07 -0.00024726211 -1.9289587e-06) (-1.7076138e-07 -0.81651647 -3.8377228e-06)  
jitou                     (0.0044769807 545.17136 -0.040680586)         (2.4933855e-05 0.030066265 -0.00020032767)    (0.0045019146 545.20142 -0.040880913)         (1.5878206e-05 1.9335226 -0.0001442791)       (8.8431227e-08 0.000106634 -7.1048867e-07)    (1.5966638e-05 1.9336292 -0.00014498958)     
liangan                   (-0.0084394633 647.47802 0.46051061)          (0.0018570913 0.11807165 0.0021643161)        (-0.006582372 647.59609 0.46267493)           (-2.9931677e-05 2.2963667 0.001633262)        (6.5864208e-06 0.00041875677 7.6760342e-06)   (-2.3345256e-05 2.2967855 0.001640938)       
waiyi                     (0.81720332 -45.446024 0.058199274)           (0.00085322173 0.65591798 -0.0030963036)      (0.81805655 -44.790106 0.05510297)            (0.00289832 -0.16118036 0.00020641145)        (3.0260641e-06 0.0023263002 -1.0981452e-05)   (0.0029013461 -0.15885405 0.00019543)        
weiyi                     (4.1416722 -726.44688 13.348968)              (0.0034908309 0.39165575 0.031782541)         (4.1451631 -726.05522 13.380751)              (0.01468899 -2.5764402 0.047343886)           (1.2380695e-05 0.0013890591 0.000112721)      (0.014701371 -2.5750512 0.047456607)         
xiaoyi                    (0.030905759 55.917941 0.00033290891)         (0.00014833961 0.037827622 0.00098328184)     (0.031054098 55.955769 0.0013161908)          (0.00010961137 0.1983204 1.1807056e-06)       (5.261061e-07 0.00013416068 3.4873395e-06)    (0.00011013748 0.19845456 4.6680452e-06)     
youfuyi                   (19.537778 -2.8181631 0.59888239)             (0.032172354 0.013906831 -0.19029814)         (19.56995 -2.8042563 0.40858425)              (0.069293322 -0.0099949895 0.0021240158)      (0.00011410352 4.9322421e-05 -0.00067491759)  (0.069407425 -0.0099456671 0.0014490983)     
youweiduo                 (2.5466714 -16.406211 8.6479478)              (0.0018334938 0.022308161 -0.037702689)       (2.5485048 -16.383902 8.6102451)              (0.0090321079 -0.058186803 0.030671095)       (6.5027292e-06 7.9118853e-05 -0.00013371759)  (0.0090386106 -0.058107684 0.030537377)      
zhongyangyi               (0.068791425 -276.52463 0.0055786318)         (8.8054906e-05 0.36713565 -9.5058185e-05)     (0.06887948 -276.1575 0.0054835736)           (0.00024397792 -0.9807313 1.9785358e-05)      (3.1229841e-07 0.0013020953 -3.3713647e-07)   (0.00024429022 -0.97942921 1.9448222e-05)    
zuofuyi                   (-19.517991 -2.8118275 -0.56709502)           (-0.032122564 0.014115509 0.19230101)         (-19.550113 -2.797712 -0.37479401)            (-0.069223144 -0.0099725195 -0.0020112777)    (-0.00011392694 5.0062526e-05 0.00068202104)  (-0.069337071 -0.0099224569 -0.0013292567)   
zuoweiduo                 (-0.14445136 -1.8658369 -1.2132904)           (-0.00084008767 0.041464804 0.060397548)      (-0.14529145 -1.8243721 -1.1528928)           (-0.00051231593 -0.0066174382 -0.0043030952)  (-2.9794824e-06 0.00014706043 0.00021420792)  (-0.00051529541 -0.0064703777 -0.0040888873) 
------------------------- --------------------------------------------- --------------------------------------------- --------------------------------------------- --------------------------------------------- --------------------------------------------- ---------------------------------------------
Net                       (7.4764769 -76.805787 21.299258)              (0.0075933727 1.6208355 0.055612957)          (7.4840702 -75.184952 21.354871)              (0.026516317 -0.27240192 0.075540643)         (2.6930904e-05 0.0057485084 0.00019723873)    (0.026543248 -0.26665341 0.075737882)        

Moments - Moment Center (0 0 0.05) Moment Axis (0 1 0)
                          Moments [N m]                                   Coefficients                                   
Zone                      Pressure        Viscous         Total           Pressure        Viscous         Total          
jidi                      -22.900236      -0.0019172546   -22.902154      -0.081218727    -6.799798e-06   -0.081225527   
jishen                    -230.1533       -0.069717427    -230.22301      -0.81626921     -0.00024726211  -0.81651647    
jitou                     545.17136       0.030066265     545.20142       1.9335226       0.000106634     1.9336292      
liangan                   647.47802       0.11807165      647.59609       2.2963667       0.00041875677   2.2967855      
waiyi                     -45.446024      0.65591798      -44.790106      -0.16118036     0.0023263002    -0.15885405    
weiyi                     -726.44688      0.39165575      -726.05522      -2.5764402      0.0013890591    -2.5750512     
xiaoyi                    55.917941       0.037827622     55.955769       0.1983204       0.00013416068   0.19845456     
youfuyi                   -2.8181631      0.013906831     -2.8042563      -0.0099949895   4.9322421e-05   -0.0099456671  
youweiduo                 -16.406211      0.022308161     -16.383902      -0.058186803    7.9118853e-05   -0.058107684   
zhongyangyi               -276.52463      0.36713565      -276.1575       -0.9807313      0.0013020953    -0.97942921    
zuofuyi                   -2.8118275      0.014115509     -2.797712       -0.0099725195   5.0062526e-05   -0.0099224569  
zuoweiduo                 -1.8658369      0.041464804     -1.8243721      -0.0066174382   0.00014706043   -0.0064703777  
------------------------- --------------- --------------- --------------- --------------- --------------- ---------------
Net                       -76.805787      1.6208355       -75.184952      -0.27240192     0.0057485084    -0.26665341    
