                                    "Force Report"

Moments - Moment Center (0 0 0.05)
                          Moments [N m]                                                                                                                             Coefficients                                                                                                                             
Zone                      Pressure                                      Viscous                                       Total                                         Pressure                                      Viscous                                       Total                                        
jidi                      (-2.4597985e-10 -22.887279 0.00023661768)     (-1.4249184e-05 6.6660333e-05 -0.00017309053) (-1.424943e-05 -22.887212 6.3527143e-05)      (-8.7240018e-13 -0.081172771 8.3919599e-07)   (-5.0536621e-08 2.3641972e-07 -6.1388854e-07) (-5.0537493e-08 -0.081172535 2.2530744e-07)  
jishen                    (-0.00083752765 -231.71503 -0.0033537936)     (4.8133728e-05 -0.078428798 -0.00057701944)   (-0.00078939393 -231.79346 -0.0039308131)     (-2.970403e-06 -0.8218081 -1.1894674e-05)     (1.7071265e-07 -0.00027815814 -2.046476e-06)  (-2.7996903e-06 -0.82208626 -1.394115e-05)   
jitou                     (0.003873391 538.52778 -0.041229592)          (1.503641e-05 -0.038917813 -0.0001421953)     (0.0038884274 538.48886 -0.041371787)         (1.3737495e-05 1.9099602 -0.00014622622)      (5.3328623e-08 -0.00013802719 -5.0431449e-07) (1.3790824e-05 1.9098222 -0.00014673053)     
liangan                   (0.072268518 645.86262 0.32015073)            (0.0023914518 0.091424063 0.0023514561)       (0.07465997 645.95404 0.32250218)             (0.00025630989 2.2906375 0.001135457)         (8.4816011e-06 0.00032424757 8.3397512e-06)   (0.00026479149 2.2909617 0.0011437968)       
waiyi                     (0.68268044 -47.616978 -0.0067336865)         (0.00081132608 0.64000133 -0.0043296161)      (0.68349176 -46.976976 -0.011063303)          (0.0024212168 -0.16887993 -2.3881913e-05)     (2.8774756e-06 0.0022698496 -1.5355558e-05)   (0.0024240942 -0.16661008 -3.9237471e-05)    
weiyi                     (4.2465722 -693.31716 13.804349)              (0.0033099106 0.49090372 0.029078605)         (4.2498821 -692.82626 13.833428)              (0.015061032 -2.4589413 0.048958957)          (1.1739037e-05 0.0017410552 0.00010313113)    (0.015072771 -2.4572003 0.049062088)         
xiaoyi                    (0.013252015 55.869395 0.0014429965)          (0.00044907521 0.038965356 0.00078454193)     (0.01370109 55.90836 0.0022275384)            (4.700003e-05 0.19814822 5.1177785e-06)       (1.5927048e-06 0.0001381958 2.7824821e-06)    (4.8592735e-05 0.19828642 7.9002606e-06)     
youfuyi                   (16.141523 -2.3374969 0.91579248)             (0.017290851 0.018336891 -0.21445737)         (16.158814 -2.31916 0.70133511)               (0.057248053 -0.0082902428 0.0032479795)      (6.1324296e-05 6.5034218e-05 -0.0007606015)   (0.057309377 -0.0082252085 0.002487378)      
youweiduo                 (2.5748917 -16.144195 8.422954)               (0.00055222426 0.023723647 -0.035045448)      (2.575444 -16.120471 8.3879086)               (0.0091321952 -0.057257529 0.029873124)       (1.9585366e-06 8.4139064e-05 -0.00012429333)  (0.0091341538 -0.05717339 0.029748831)       
zhongyangyi               (0.074363778 -282.39109 0.0027144161)         (1.011911e-05 0.34882514 -0.00035487789)      (0.074373897 -282.04227 0.0023595383)         (0.000263741 -1.0015375 9.6270371e-06)        (3.5888766e-08 0.0012371546 -1.2586215e-06)   (0.00026377689 -1.0003003 8.3684156e-06)     
zuofuyi                   (-16.127064 -2.3324907 -0.89441128)           (-0.017269854 0.018519854 0.2161993)          (-16.144334 -2.3139708 -0.67821198)           (-0.057196774 -0.0082724877 -0.0031721483)    (-6.1249828e-05 6.568312e-05 0.00076677952)   (-0.057258024 -0.0082068046 -0.0024053688)   
zuoweiduo                 (-0.03927142 -0.84721123 -0.63446766)         (0.001581904 0.049075611 0.057759081)         (-0.037689516 -0.79813562 -0.57670858)        (-0.0001392813 -0.003004747 -0.0022502237)    (5.6104326e-06 0.00017405317 0.00020485025)   (-0.00013367087 -0.0028306939 -0.0020453735) 
------------------------- --------------------------------------------- --------------------------------------------- --------------------------------------------- --------------------------------------------- --------------------------------------------- ---------------------------------------------
Net                       (7.6422517 -59.329148 21.887445)              (0.009175929 1.6024957 0.051093375)           (7.6514276 -57.726652 21.938538)              (0.02710426 -0.2104187 0.077626726)           (3.254365e-05 0.0056834635 0.00018120944)     (0.027136803 -0.20473523 0.077807936)        

Moments - Moment Center (0 0 0.05) Moment Axis (0 1 0)
                          Moments [N m]                                   Coefficients                                   
Zone                      Pressure        Viscous         Total           Pressure        Viscous         Total          
jidi                      -22.887279      6.6660333e-05   -22.887212      -0.081172771    2.3641972e-07   -0.081172535   
jishen                    -231.71503      -0.078428798    -231.79346      -0.8218081      -0.00027815814  -0.82208626    
jitou                     538.52778       -0.038917813    538.48886       1.9099602       -0.00013802719  1.9098222      
liangan                   645.86262       0.091424063     645.95404       2.2906375       0.00032424757   2.2909617      
waiyi                     -47.616978      0.64000133      -46.976976      -0.16887993     0.0022698496    -0.16661008    
weiyi                     -693.31716      0.49090372      -692.82626      -2.4589413      0.0017410552    -2.4572003     
xiaoyi                    55.869395       0.038965356     55.90836        0.19814822      0.0001381958    0.19828642     
youfuyi                   -2.3374969      0.018336891     -2.31916        -0.0082902428   6.5034218e-05   -0.0082252085  
youweiduo                 -16.144195      0.023723647     -16.120471      -0.057257529    8.4139064e-05   -0.05717339    
zhongyangyi               -282.39109      0.34882514      -282.04227      -1.0015375      0.0012371546    -1.0003003     
zuofuyi                   -2.3324907      0.018519854     -2.3139708      -0.0082724877   6.568312e-05    -0.0082068046  
zuoweiduo                 -0.84721123     0.049075611     -0.79813562     -0.003004747    0.00017405317   -0.0028306939  
------------------------- --------------- --------------- --------------- --------------- --------------- ---------------
Net                       -59.329148      1.6024957       -57.726652      -0.2104187      0.0056834635    -0.20473523    
