                                    "Force Report"

Moments - Moment Center (0 0 0.05)
                          Moments [N m]                                                                                                                             Coefficients                                                                                                                             
Zone                      Pressure                                      Viscous                                       Total                                         Pressure                                      Viscous                                       Total                                        
jidi                      (-1.0531072e-08 -22.878323 0.0012095788)      (-0.00010944794 0.00078534897 -0.00072564902) (-0.00010945847 -22.877538 0.00048392974)     (-3.7349845e-11 -0.08114101 4.2899316e-06)    (-3.8817165e-07 2.7853443e-06 -2.5736105e-06) (-3.88209e-07 -0.081138224 1.716321e-06)     
jishen                    (0.21742605 -232.8065 1.4473874)              (-0.013500695 -0.089171497 -0.0079033615)     (0.20392535 -232.89567 1.439484)              (0.00077113033 -0.82567914 0.0051333514)      (-4.7882005e-05 -0.00031625855 -2.803032e-05) (0.00072324833 -0.8259954 0.0051053211)      
jitou                     (-0.44515529 531.87805 4.3632041)             (-0.0048115783 -0.10975011 0.053841142)       (-0.44996687 531.7683 4.4170453)              (-0.0015788023 1.8863761 0.015474682)         (-1.7064901e-05 -0.00038924332 0.00019095476) (-0.0015958672 1.8859868 0.015665637)        
liangan                   (0.47168269 644.78858 0.018616276)            (0.0087804524 0.10533845 0.014424329)         (0.48046314 644.89392 0.033040606)            (0.0016728852 2.2868283 6.6025095e-05)        (3.114104e-05 0.00037359681 5.1157797e-05)    (0.0017040263 2.2872019 0.00011718289)       
waiyi                     (4.6889568 -52.109474 -0.47477433)            (0.033394782 0.5523459 -0.032660835)          (4.7223516 -51.557128 -0.50743517)            (0.016630007 -0.18481316 -0.0016838502)       (0.00011843903 0.001958968 -0.00011583599)    (0.016748446 -0.1828542 -0.0017996862)       
weiyi                     (0.87288464 -662.15767 2.9156389)             (0.03765232 0.5601173 -0.089496643)           (0.91053696 -661.59755 2.8261423)             (0.0030958012 -2.34843 0.0103407)             (0.00013353895 0.0019865303 -0.00031741172)   (0.0032293402 -2.3464435 0.010023289)        
xiaoyi                    (0.42052051 55.87453 -0.28954415)             (0.011126978 0.041042943 -0.015004462)        (0.43164749 55.915573 -0.30454861)            (0.0014914318 0.19816643 -0.0010269067)       (3.9463304e-05 0.00014556424 -5.3215314e-05)  (0.0015308951 0.198312 -0.0010801221)        
youfuyi                   (12.563727 -1.8329447 0.99476098)             (0.003051813 0.021405436 -0.22788129)         (12.566779 -1.8115393 0.76687969)             (0.044558925 -0.0065007816 0.0035280518)      (1.082366e-05 7.5917221e-05 -0.00080821122)   (0.044569749 -0.0064248643 0.0027198406)     
youweiduo                 (2.503233 -15.164909 7.7820347)               (0.0067505108 0.010836218 -0.046602478)       (2.5099836 -15.154073 7.7354323)              (0.0088780482 -0.053784363 0.027600019)       (2.3941582e-05 3.8432085e-05 -0.00016528187)  (0.0089019898 -0.053745931 0.027434737)      
zhongyangyi               (3.6918294 -289.73885 -0.33241443)            (0.020521957 0.30223918 -0.013452922)         (3.7123514 -289.43661 -0.34586735)            (0.013093563 -1.0275973 -0.0011789519)        (7.2783845e-05 0.0010719313 -4.7712573e-05)   (0.013166347 -1.0265254 -0.0012266645)       
zuofuyi                   (-12.292894 -1.8017212 -0.9549676)            (0.0017315239 0.02145498 0.21921156)          (-12.291163 -1.7802662 -0.73575604)           (-0.04359838 -0.0063900432 -0.0033869193)     (6.1410793e-06 7.6092935e-05 0.00077746288)   (-0.043592239 -0.0063139503 -0.0026094564)   
zuoweiduo                 (-0.024879898 -0.41464027 -0.37885026)        (0.010805833 0.06536103 0.032845918)          (-0.014074064 -0.34927924 -0.34600434)        (-8.8239858e-05 -0.0014705767 -0.0013436427)  (3.8324322e-05 0.00023181157 0.00011649241)   (-4.9915536e-05 -0.0012387652 -0.0012271503) 
------------------------- --------------------------------------------- --------------------------------------------- --------------------------------------------- --------------------------------------------- --------------------------------------------- ---------------------------------------------
Net                       (12.667331 -46.363876 15.092301)              (0.11539445 1.4820052 -0.11340469)            (12.782725 -44.881871 14.978897)              (0.04492637 -0.16443564 0.053526849)          (0.00040926173 0.005256128 -0.00040220478)    (0.045335632 -0.15917951 0.053124644)        

Moments - Moment Center (0 0 0.05) Moment Axis (0 1 0)
                          Moments [N m]                                   Coefficients                                   
Zone                      Pressure        Viscous         Total           Pressure        Viscous         Total          
jidi                      -22.878323      0.00078534897   -22.877538      -0.08114101     2.7853443e-06   -0.081138224   
jishen                    -232.8065       -0.089171497    -232.89567      -0.82567914     -0.00031625855  -0.8259954     
jitou                     531.87805       -0.10975011     531.7683        1.8863761       -0.00038924332  1.8859868      
liangan                   644.78858       0.10533845      644.89392       2.2868283       0.00037359681   2.2872019      
waiyi                     -52.109474      0.5523459       -51.557128      -0.18481316     0.001958968     -0.1828542     
weiyi                     -662.15767      0.5601173       -661.59755      -2.34843        0.0019865303    -2.3464435     
xiaoyi                    55.87453        0.041042943     55.915573       0.19816643      0.00014556424   0.198312       
youfuyi                   -1.8329447      0.021405436     -1.8115393      -0.0065007816   7.5917221e-05   -0.0064248643  
youweiduo                 -15.164909      0.010836218     -15.154073      -0.053784363    3.8432085e-05   -0.053745931   
zhongyangyi               -289.73885      0.30223918      -289.43661      -1.0275973      0.0010719313    -1.0265254     
zuofuyi                   -1.8017212      0.02145498      -1.7802662      -0.0063900432   7.6092935e-05   -0.0063139503  
zuoweiduo                 -0.41464027     0.06536103      -0.34927924     -0.0014705767   0.00023181157   -0.0012387652  
------------------------- --------------- --------------- --------------- --------------- --------------- ---------------
Net                       -46.363876      1.4820052       -44.881871      -0.16443564     0.005256128     -0.15917951    
