                                    "Force Report"

Moments - Moment Center (0 0 0.05)
                          Moments [N m]                                                                                                                             Coefficients                                                                                                                             
Zone                      Pressure                                      Viscous                                       Total                                         Pressure                                      Viscous                                       Total                                        
jidi                      (-1.1319983e-09 -22.881133 7.7104636e-06)     (-8.8744898e-06 0.00063893188 -5.4503403e-05) (-8.8756218e-06 -22.880494 -4.679294e-05)     (-4.0147821e-12 -0.081150976 2.7346182e-08)   (-3.1474556e-08 2.2660567e-06 -1.9330355e-07) (-3.147857e-08 -0.08114871 -1.6595737e-07)   
jishen                    (-0.0010651995 -232.3932 -0.0010770868)       (8.0705857e-06 -0.083484661 -0.00054495926)   (-0.001057129 -232.47669 -0.001622046)        (-3.7778715e-06 -0.82421333 -3.8200311e-06)   (2.8623403e-08 -0.00029608943 -1.9327703e-06) (-3.7492481e-06 -0.82450942 -5.7528015e-06)  
jitou                     (0.0035191732 535.16914 -0.039338038)         (1.3194684e-05 -0.074164914 -0.000123523)     (0.0035323679 535.09497 -0.039461561)         (1.2481215e-05 1.8980484 -0.00013951757)      (4.6796698e-08 -0.00026303571 -4.3809072e-07) (1.2528011e-05 1.8977853 -0.00013995566)     
liangan                   (0.098462217 645.41621 0.24404422)            (0.0025785599 0.095917684 0.0034190696)       (0.10104078 645.51213 0.24746329)             (0.00034920932 2.2890542 0.00086553522)       (9.1452047e-06 0.00034018479 1.2126184e-05)   (0.00035835452 2.2893944 0.0008776614)       
waiyi                     (0.65698758 -49.589522 -0.034604887)          (0.00073628148 0.58695138 -0.0046986684)      (0.65772386 -49.002571 -0.039303556)          (0.0023300936 -0.17587582 -0.00012273082)     (2.61132e-06 0.002081701 -1.6664451e-05)      (0.002332705 -0.17379412 -0.00013939528)     
weiyi                     (4.2820991 -677.31859 13.964048)              (0.0031829495 0.53118414 0.026431173)         (4.285282 -676.7874 13.99048)                 (0.015187033 -2.4022002 0.049525351)          (1.1288753e-05 0.001883915 9.3741662e-05)     (0.015198321 -2.4003163 0.049619092)         
xiaoyi                    (0.0065507829 55.858317 0.00091991177)        (0.00056481116 0.03958237 -4.0515854e-05)     (0.0071155941 55.897899 0.00087939591)        (2.3233221e-05 0.19810893 3.2625892e-06)      (2.0031777e-06 0.00014038413 -1.4369485e-07)  (2.5236399e-05 0.19824932 3.1188943e-06)     
youfuyi                   (14.458492 -2.1010216 0.96678789)             (0.0085585681 0.020521247 -0.22563907)        (14.46705 -2.0805003 0.74114882)              (0.051278959 -0.0074515517 0.0034288416)      (3.0354098e-05 7.2781326e-05 -0.00080025892)  (0.051309313 -0.0073787704 0.0026285826)     
youweiduo                 (2.5279184 -15.851869 8.232959)               (-2.7054581e-05 0.023387713 -0.031617671)     (2.5278914 -15.828482 8.2013414)              (0.0089655982 -0.056220758 0.029199282)       (-9.5952661e-08 8.2947627e-05 -0.00011213627) (0.0089655022 -0.056137811 0.029087145)      
zhongyangyi               (0.073749718 -285.93889 0.00091460253)        (5.6948728e-05 0.32871862 -0.00016581871)     (0.073806667 -285.61017 0.00074878382)        (0.00026156316 -1.0141202 3.2437592e-06)      (2.0197622e-07 0.0011658442 -5.8809805e-07)   (0.00026176514 -1.0129544 2.6556612e-06)     
zuofuyi                   (-14.436245 -2.095296 -0.94653662)            (-0.0084971383 0.02070039 0.22729289)         (-14.444743 -2.0745956 -0.71924373)           (-0.05120006 -0.0074312452 -0.0033570177)     (-3.0136228e-05 7.3416679e-05 0.00080612438)  (-0.051230196 -0.0073578285 -0.0025508933)   
zuoweiduo                 (0.0043457591 -0.37861622 -0.36813089)        (0.0030067519 0.05304958 0.055356045)         (0.0073525111 -0.32556664 -0.31277485)        (1.5412811e-05 -0.0013428127 -0.0013056251)   (1.0663845e-05 0.00018814738 0.00019632756)   (2.6076656e-05 -0.0011546653 -0.0011092975)  
------------------------- --------------------------------------------- --------------------------------------------- --------------------------------------------- --------------------------------------------- --------------------------------------------- ---------------------------------------------
Net                       (7.6748138 -52.104471 22.019994)              (0.010173069 1.5430025 0.049614439)           (7.6849868 -50.561468 22.069609)              (0.027219745 -0.18479542 0.078096832)         (3.6080138e-05 0.005472463 0.00017596419)     (0.027255826 -0.17932296 0.078272796)        

Moments - Moment Center (0 0 0.05) Moment Axis (0 1 0)
                          Moments [N m]                                   Coefficients                                   
Zone                      Pressure        Viscous         Total           Pressure        Viscous         Total          
jidi                      -22.881133      0.00063893188   -22.880494      -0.081150976    2.2660567e-06   -0.08114871    
jishen                    -232.3932       -0.083484661    -232.47669      -0.82421333     -0.00029608943  -0.82450942    
jitou                     535.16914       -0.074164914    535.09497       1.8980484       -0.00026303571  1.8977853      
liangan                   645.41621       0.095917684     645.51213       2.2890542       0.00034018479   2.2893944      
waiyi                     -49.589522      0.58695138      -49.002571      -0.17587582     0.002081701     -0.17379412    
weiyi                     -677.31859      0.53118414      -676.7874       -2.4022002      0.001883915     -2.4003163     
xiaoyi                    55.858317       0.03958237      55.897899       0.19810893      0.00014038413   0.19824932     
youfuyi                   -2.1010216      0.020521247     -2.0805003      -0.0074515517   7.2781326e-05   -0.0073787704  
youweiduo                 -15.851869      0.023387713     -15.828482      -0.056220758    8.2947627e-05   -0.056137811   
zhongyangyi               -285.93889      0.32871862      -285.61017      -1.0141202      0.0011658442    -1.0129544     
zuofuyi                   -2.095296       0.02070039      -2.0745956      -0.0074312452   7.3416679e-05   -0.0073578285  
zuoweiduo                 -0.37861622     0.05304958      -0.32556664     -0.0013428127   0.00018814738   -0.0011546653  
------------------------- --------------- --------------- --------------- --------------- --------------- ---------------
Net                       -52.104471      1.5430025       -50.561468      -0.18479542     0.005472463     -0.17932296    
