                                    "Force Report"

Moments - Moment Center (0 0 0.05)
                          Moments [N m]                                                                                                                             Coefficients                                                                                                                             
Zone                      Pressure                                      Viscous                                       Total                                         Pressure                                      Viscous                                       Total                                        
jidi                      (-1.7461842e-08 -22.907328 0.0023532884)      (5.428615e-05 -0.0015635229 0.0010119166)     (5.4268688e-05 -22.908892 0.003365205)        (-6.1930741e-11 -0.081243879 8.3462497e-06)   (1.9253304e-07 -5.5452416e-06 3.5888965e-06)  (1.924711e-07 -0.081249425 1.1935146e-05)    
jishen                    (0.072896387 -230.19223 0.83726408)           (-0.011663525 -0.068138 -0.0046158553)        (0.061232862 -230.26036 0.83264823)           (0.00025853671 -0.81640727 0.0029694682)      (-4.136624e-05 -0.00024166046 -1.6370743e-05) (0.00021717047 -0.81664893 0.0029530974)     
jitou                     (-0.42814773 545.18447 4.2218268)             (-0.0046016136 0.030133735 0.053334666)       (-0.43274935 545.2146 4.2751615)              (-0.0015184828 1.9335691 0.014973269)         (-1.6320233e-05 0.00010687329 0.00018915847)  (-0.001534803 1.9336759 0.015162428)         
liangan                   (0.52114968 647.36065 0.031703591)            (0.012637386 0.11077156 0.011294726)          (0.53378707 647.47142 0.042998316)            (0.0018483265 2.2959505 0.00011244099)        (4.4820166e-05 0.00039286603 4.0058243e-05)   (0.0018931467 2.2963433 0.00015249923)       
waiyi                     (4.2522292 -45.444887 -0.17680737)            (0.033361852 0.65405539 -0.015433329)         (4.285591 -44.790832 -0.1922407)              (0.015081095 -0.16117632 -0.00062707079)      (0.00011832223 0.0023196942 -5.4736351e-05)   (0.015199417 -0.15885663 -0.00068180714)     
weiyi                     (0.55183579 -725.77159 1.1310229)             (0.035125567 0.38530963 -0.099141554)         (0.58696136 -725.38628 1.0318813)             (0.0019571589 -2.5740453 0.0040113227)        (0.00012457748 0.0013665517 -0.00035161868)   (0.0020817363 -2.5726787 0.003659704)        
xiaoyi                    (3.8408352 55.926654 -0.11237012)             (0.03912975 0.038315919 -0.017174505)         (3.879965 55.96497 -0.12954463)               (0.013622032 0.1983513 -0.00039853556)        (0.00013877885 0.00013589249 -6.091166e-05)   (0.013760811 0.19848719 -0.00045944722)      
youfuyi                   (19.718997 -2.849191 0.65295149)              (0.035062919 0.013634311 -0.19348307)         (19.75406 -2.8355567 0.45946842)              (0.06993604 -0.010105034 0.0023157791)        (0.00012435529 4.8355893e-05 -0.00068621339)  (0.070060395 -0.010056678 0.0016295657)      
youweiduo                 (2.5668368 -16.008164 8.4027148)              (0.0090744488 0.010246494 -0.055430844)       (2.5759112 -15.997917 8.347284)               (0.0091036272 -0.056775077 0.029801343)       (3.2183737e-05 3.634055e-05 -0.00019659284)   (0.009135811 -0.056738737 0.02960475)        
zhongyangyi               (2.9317466 -276.80509 0.62428136)             (0.014192397 0.3656058 -0.014672777)          (2.945939 -276.43948 0.60960859)              (0.010397828 -0.98172598 0.0022140967)        (5.0335218e-05 0.0012966695 -5.2038951e-05)   (0.010448164 -0.98042931 0.0021620577)       
zuofuyi                   (-19.397181 -2.8030406 -0.56579655)           (-0.029802753 0.014416783 0.1896535)          (-19.426984 -2.7886238 -0.37614306)           (-0.068794678 -0.0099413553 -0.0020066726)    (-0.00010569942 5.1131033e-05 0.00067263129)  (-0.068900377 -0.0098902242 -0.0013340413)   
zuoweiduo                 (-0.19180145 -2.2672865 -1.4419325)           (0.0051383676 0.048710098 0.038998948)        (-0.18666308 -2.2185764 -1.4029335)           (-0.0006802493 -0.0080412326 -0.0051140048)   (1.8223903e-05 0.00017275683 0.00013831494)   (-0.00066202539 -0.0078684758 -0.0049756899) 
------------------------- --------------------------------------------- --------------------------------------------- --------------------------------------------- --------------------------------------------- --------------------------------------------- ---------------------------------------------
Net                       (14.439396 -76.577026 13.607212)              (0.13770908 1.6014982 -0.10565819)            (14.577105 -74.975528 13.501554)              (0.051211235 -0.27159059 0.048259782)         (0.00048840353 0.0056799259 -0.00037473077)   (0.051699638 -0.26591066 0.047885052)        

Moments - Moment Center (0 0 0.05) Moment Axis (0 1 0)
                          Moments [N m]                                   Coefficients                                   
Zone                      Pressure        Viscous         Total           Pressure        Viscous         Total          
jidi                      -22.907328      -0.0015635229   -22.908892      -0.081243879    -5.5452416e-06  -0.081249425   
jishen                    -230.19223      -0.068138       -230.26036      -0.81640727     -0.00024166046  -0.81664893    
jitou                     545.18447       0.030133735     545.2146        1.9335691       0.00010687329   1.9336759      
liangan                   647.36065       0.11077156      647.47142       2.2959505       0.00039286603   2.2963433      
waiyi                     -45.444887      0.65405539      -44.790832      -0.16117632     0.0023196942    -0.15885663    
weiyi                     -725.77159      0.38530963      -725.38628      -2.5740453      0.0013665517    -2.5726787     
xiaoyi                    55.926654       0.038315919     55.96497        0.1983513       0.00013589249   0.19848719     
youfuyi                   -2.849191       0.013634311     -2.8355567      -0.010105034    4.8355893e-05   -0.010056678   
youweiduo                 -16.008164      0.010246494     -15.997917      -0.056775077    3.634055e-05    -0.056738737   
zhongyangyi               -276.80509      0.3656058       -276.43948      -0.98172598     0.0012966695    -0.98042931    
zuofuyi                   -2.8030406      0.014416783     -2.7886238      -0.0099413553   5.1131033e-05   -0.0098902242  
zuoweiduo                 -2.2672865      0.048710098     -2.2185764      -0.0080412326   0.00017275683   -0.0078684758  
------------------------- --------------- --------------- --------------- --------------- --------------- ---------------
Net                       -76.577026      1.6014982       -74.975528      -0.27159059     0.0056799259    -0.26591066    
