                                    "Force Report"

Forces
                          Forces [N]                                                                                                                                Coefficients                                                                                                                             
Zone                      Pressure                                      Viscous                                       Total                                         Pressure                                      Viscous                                       Total                                        
jidi                      (1145.2507 -7.3922524e-08 0.00043540993)      (1.0478195e-08 -0.00019365299 0.00047016115)  (1145.2507 -0.00019372691 0.00090557108)      (1.4813325 -9.56156e-11 5.6318399e-07)        (1.3553094e-11 -2.504818e-07 6.0813319e-07)   (1.4813325 -2.5057742e-07 1.1713172e-06)     
jishen                    (9087.3326 0.75940718 -12501.504)             (1.1693771 -0.11763679 -0.0045724624)         (9088.5019 0.64177039 -12501.509)             (11.754073 0.00098226046 -16.170157)          (0.0015125389 -0.00015215812 -5.9142831e-06)  (11.755586 0.00083010234 -16.170163)         
jitou                     (-11257.531 -13.512328 18.02977)              (1.135338 -0.17029499 0.19898289)             (-11256.395 -13.682623 18.228753)             (-14.561131 -0.017477613 0.023320731)         (0.0014685108 -0.00022026924 0.00025737579)   (-14.559662 -0.017697883 0.023578107)        
liangan                   (-81.086802 -0.77825861 -3072.0968)           (1.1919589 -0.10393811 0.072761461)           (-79.894843 -0.88219672 -3072.024)            (-0.10488228 -0.001006644 -3.9736248)         (0.0015417475 -0.00013443947 9.4113815e-05)   (-0.10334054 -0.0011410834 -3.9735307)       
waiyi                     (-180.07284 -0.76402094 1941.0395)            (4.025437 -0.5227025 0.76410542)              (-176.0474 -1.2867234 1941.8036)              (-0.23291645 -0.00098822816 2.510651)         (0.0052067293 -0.00067609316 0.00098833743)   (-0.22770973 -0.0016643213 2.5116393)        
weiyi                     (44.11532 -18.007299 564.35663)               (1.4226273 -0.17007203 0.043530306)           (45.537947 -18.177371 564.40016)              (0.057061265 -0.023291665 0.72997098)         (0.0018401071 -0.00021998084 5.6304575e-05)   (0.058901372 -0.023511646 0.73002729)        
xiaoyi                    (152.92481 -0.84164045 -368.65767)            (0.34384263 -0.044652219 0.040784056)         (153.26866 -0.88629267 -368.61688)            (0.19780166 -0.0010886257 -0.4768428)         (0.00044474562 -5.7755721e-05 5.2752419e-05)  (0.1982464 -0.0011463814 -0.47679005)        
youfuyi                   (13.346262 -1.4834649 34.548014)              (0.12043356 -0.043830869 0.024747978)         (13.466696 -1.5272958 34.572762)              (0.017262815 -0.001918798 0.044686367)        (0.00015577562 -5.669334e-05 3.2010443e-05)   (0.017418591 -0.0019754913 0.044718378)      
youweiduo                 (-0.91085826 0.28308331 0.5414064)            (0.1533479 -0.028005836 0.013052937)          (-0.75751036 0.25507748 0.55445934)           (-0.0011781559 0.00036615607 0.00070028585)   (0.0001983489 -3.6224342e-05 1.6883412e-05)   (-0.00097980701 0.00032993173 0.00071716926) 
zhongyangyi               (1033.8387 -0.0080613045 14338.691)           (2.3369314 -0.17281764 0.32954509)            (1036.1756 -0.18087894 14339.02)              (1.3372258 -1.042695e-05 18.546478)           (0.00302272 -0.00022353217 0.00042625237)     (1.3402485 -0.00023395912 18.546905)         
zuofuyi                   (-0.34213602 0.69453239 17.512952)            (0.1582192 -0.048299981 0.030588685)          (-0.18391682 0.64623241 17.54354)             (-0.0004425382 0.00089834772 0.022652248)     (0.00020464972 -6.2473944e-05 3.9565146e-05)  (-0.00023788848 0.00083587377 0.022691814)   
zuoweiduo                 (-0.90693252 -0.94291453 1.6640397)           (0.14472228 -0.01984437 -0.0056367177)        (-0.76221024 -0.9627589 1.658403)             (-0.0011730781 -0.0012196193 0.0021523637)    (0.00018719203 -2.5667838e-05 -7.2908514e-06) (-0.0009858861 -0.0012452871 0.0021450728)   
------------------------- --------------------------------------------- --------------------------------------------- --------------------------------------------- --------------------------------------------- --------------------------------------------- ---------------------------------------------
Net                       (-44.041872 -34.600964 974.12491)             (12.202235 -1.442289 1.5083598)               (-31.839637 -36.043253 975.63327)             (-0.056966264 -0.044754856 1.2599886)         (0.015783065 -0.0018655387 0.0019509984)      (-0.041183198 -0.046620395 1.2619396)        

Forces - Direction Vector (0.98484328 -0.1391731 0.1035112)
                          Forces [N]                                      Coefficients                                   
Zone                      Pressure        Viscous         Total           Pressure        Viscous         Total          
jidi                      1127.8925       7.5628551e-05   1127.8926       1.4588804       9.7822272e-08   1.4588805      
jishen                    7655.447        1.1675517       7656.6146       9.9019908       0.0015101778    9.903501       
jitou                     -11083.157      1.1624275       -11081.994      -14.335585      0.0015035498    -14.334082     
liangan                   -397.7459       1.1958898       -396.55001      -0.51446718     0.0015468319    -0.51292035    
waiyi                     23.682136       4.1162642       27.7984         0.030631822     0.0053242103    0.035956032    
weiyi                     104.37004       1.4292402       105.79928       0.13499815      0.0018486607    0.13684681     
xiaoyi                    112.56391       0.34906709      112.91298       0.14559657      0.00045150324   0.14604807     
youfuyi                   16.926542       0.12726996      17.053812       0.021893752     0.0001646182    0.02205837     
youweiduo                 -0.88040859     0.15627243      -0.72413616     -0.0011387706   0.00020213166   -0.00093663892 
zhongyangyi               2502.3852       2.3596743       2504.7449       3.2367275       0.0030521371    3.2397796      
zuofuyi                   1.3791761       0.16570945      1.5448855       0.0017839048    0.00021433803   0.0019982428   
zuoweiduo                 -0.58971131     0.1447071       -0.4450042      -0.00076276616  0.0001871724    -0.00057559376 
------------------------- --------------- --------------- --------------- --------------- --------------- ---------------
Net                       62.274019       12.374149       74.648168       0.08054876      0.016005429     0.096554189    
