                                    "Force Report"

Forces
                          Forces [N]                                                                                                                                Coefficients                                                                                                                             
Zone                      Pressure                                      Viscous                                       Total                                         Pressure                                      Viscous                                       Total                                        
jidi                      (1145.2659 -6.5373941e-08 0.00043528388)      (2.9189367e-08 0.00070855725 0.001619967)     (1145.2659 0.00070849187 0.0020552509)        (1.4813521 -8.4558375e-11 5.6302094e-07)      (3.7755188e-11 9.1648826e-07 2.0953576e-06)   (1.4813521 9.1640371e-07 2.6583785e-06)      
jishen                    (9089.5513 -1.3237831 -12492.478)             (1.2122553 -0.0092984059 0.10769145)          (9090.7635 -1.3330815 -12492.37)              (11.756943 -0.0017122564 -16.158482)          (0.0015680001 -1.2027087e-05 0.00013929425)   (11.758511 -0.0017242835 -16.158343)         
jitou                     (-11263.366 -0.25574476 34.514704)            (1.1118308 -0.0025626573 0.38772361)          (-11262.254 -0.25830742 34.902428)            (-14.568679 -0.00033079483 0.044643283)       (0.0014381052 -3.3146867e-06 0.00050150378)   (-14.567241 -0.00033410952 0.045144786)      
liangan                   (-81.585944 0.29691789 -3060.2802)            (1.3139988 -0.015450865 0.24952828)           (-80.271945 0.28146703 -3060.0307)            (-0.1055279 0.0003840505 -3.9583406)          (0.0016996008 -1.9985028e-05 0.00032275408)   (-0.1038283 0.00036406547 -3.9580179)        
waiyi                     (-258.49814 0.07696564 2063.3183)             (2.4878064 0.021736225 0.99210723)            (-256.01034 0.098701866 2064.3104)            (-0.33435621 9.9551739e-05 2.6688133)         (0.0032178703 2.8114871e-05 0.001283248)      (-0.33113834 0.00012766661 2.6700965)        
weiyi                     (38.72023 -0.73758801 613.31141)              (1.0744082 -0.00011765448 0.21594204)         (39.794639 -0.73770566 613.52736)             (0.050082949 -0.00095403831 0.79329188)       (0.0013897007 -1.52181e-07 0.00027931172)     (0.05147265 -0.00095419049 0.7935712)        
xiaoyi                    (154.47319 0.30796586 -364.57531)             (0.36448841 0.0012061555 0.10832761)          (154.83768 0.30917202 -364.46698)             (0.19980441 0.00039834057 -0.47156246)        (0.00047145005 1.5601101e-06 0.0001401171)    (0.20027586 0.00039990068 -0.47142234)       
youfuyi                   (13.88152 -1.7475294 39.116866)               (0.10894061 0.0053726602 0.029631755)         (13.990461 -1.7421568 39.146498)              (0.017955149 -0.002260354 0.05059598)         (0.00014090998 6.9493044e-06 3.8327398e-05)   (0.018096059 -0.0022534047 0.050634308)      
youweiduo                 (-1.068597 2.8949301 4.989229)                (0.12719175 -0.018379725 0.033551075)         (-0.94140522 2.8765504 5.02278)               (-0.0013821841 0.0037444673 0.0064533527)     (0.00016451705 -2.3773382e-05 4.3396869e-05)  (-0.0012176671 0.0037206939 0.0064967495)    
zhongyangyi               (1002.6298 -0.0056899116 14393.861)           (1.5639499 0.01100976 0.4326542)              (1004.1938 0.0053198487 14394.293)            (1.2968585 -7.3596555e-06 18.617838)          (0.0020229018 1.4240651e-05 0.00055961957)    (1.2988814 6.8809951e-06 18.618398)          
zuofuyi                   (0.42861568 0.87291971 27.257008)             (0.1412126 -0.025815312 0.04980381)           (0.56982827 0.8471044 27.306812)              (0.00055439591 0.001129084 0.035255766)       (0.00018265241 -3.3390994e-05 6.4419082e-05)  (0.00073704832 0.001095693 0.035320185)      
zuoweiduo                 (-0.70560328 -1.6361885 2.8144548)            (0.13012441 0.017776083 0.024720108)          (-0.57547886 -1.6184125 2.8391749)            (-0.00091266743 -0.0021163394 0.003640376)    (0.00016831032 2.2992597e-05 3.1974394e-05)   (-0.00074435711 -0.0020933468 0.0036723504)  
------------------------- --------------------------------------------- --------------------------------------------- --------------------------------------------- --------------------------------------------- --------------------------------------------- ---------------------------------------------
Net                       (-160.274 -1.2568246 1261.8496)               (9.6362072 -0.013815179 2.6333011)            (-150.63779 -1.2706398 1264.4829)             (-0.20730751 -0.0016256485 1.632148)          (0.012464019 -1.7869338e-05 0.0034060616)     (-0.19484349 -0.0016435178 1.6355541)        

Forces - Direction Vector (0.97029747 0 0.2419149)
                          Forces [N]                                      Coefficients                                   
Zone                      Pressure        Viscous         Total           Pressure        Viscous         Total          
jidi                      1111.2487       0.00039192249   1111.2491       1.4373524       5.0693485e-07   1.4373529      
jishen                    5797.452        1.2023005       5798.6543       7.4987544       0.0015551238    7.5003095      
jitou                     -10920.466      1.1726027       -10919.294      -14.125152      0.0015167111    -14.123636     
liangan                   -819.49003      1.3353343       -818.1547       -1.059975       0.0017271974    -1.0582478     
waiyi                     248.32735       2.6539177       250.98127       0.32120073      0.0034327282    0.32463346     
weiyi                     185.93931       1.0947351       187.03405       0.24050449      0.0014159927    0.24192048     
xiaoyi                    61.688743       0.37986824      62.068612       0.079791731     0.0004913432    0.080283074    
youfuyi                   22.932157       0.11287316      23.04503        0.029661757     0.00014599657   0.029807753    
youweiduo                 0.1701119       0.13153034      0.30164224      0.00022003242   0.00017012883   0.00039016124  
zhongyangyi               4454.9386       1.6221622       4456.5608       5.7622711       0.0020981968    5.7643693      
zuofuyi                   7.0097613       0.14906651      7.1588278       0.0090668241    0.00019281111   0.0092596352   
zuoweiduo                 -0.0037865094   0.13223955      0.12845304      -4.8976868e-06  0.00017104616   0.00016614848  
------------------------- --------------- --------------- --------------- --------------- --------------- ---------------
Net                       149.74676       9.9870223       159.73378       0.19369098      0.012917783     0.20660877     
