                                    "Force Report"

Forces
                          Forces [N]                                                                                                                                Coefficients                                                                                                                             
Zone                      Pressure                                      Viscous                                       Total                                         Pressure                                      Viscous                                       Total                                        
jidi                      (1145.3893 -3.1449164e-07 0.0004353036)       (3.3535196e-08 0.00099823249 0.0042012337)    (1145.3893 0.000997918 0.0046365373)          (1.4815117 -4.0678139e-10 5.6304645e-07)      (4.3376331e-11 1.2911707e-06 5.4341147e-06)   (1.4815117 1.2907639e-06 5.9971612e-06)      
jishen                    (9087.2788 -1.3178219 -12495.259)             (1.1473715 -0.0098213074 0.065155863)         (9088.4262 -1.3276432 -12495.194)             (11.754004 -0.0017045459 -16.16208)           (0.0014840756 -1.2703438e-05 8.4276301e-05)   (11.755488 -0.0017172493 -16.161995)         
jitou                     (-11259.541 -0.26515586 27.038977)            (1.1312129 -0.0022013153 0.29724904)          (-11258.41 -0.26735717 27.336226)             (-14.563731 -0.00034296767 0.034973752)       (0.0014631751 -2.8473065e-06 0.00038447882)   (-14.562268 -0.00034581498 0.03535823)       
liangan                   (-81.210494 0.44586186 -3066.8145)            (1.2718927 -0.0091008426 0.14739786)          (-79.938601 0.43676101 -3066.6671)            (-0.10504227 0.0005767031 -3.9667924)         (0.0016451384 -1.1771548e-05 0.00019065278)   (-0.10339714 0.00056493155 -3.9666017)       
waiyi                     (-220.64873 -0.046210264 2029.9789)           (3.3306486 0.016158075 0.96506977)            (-217.31808 -0.030052189 2030.944)            (-0.28539962 -5.9770985e-05 2.6256903)        (0.0043080505 2.0899773e-05 0.0012482762)     (-0.28109157 -3.8871211e-05 2.6269386)       
weiyi                     (40.787664 2.3808601 598.07568)               (1.3096653 0.0027212628 0.15017487)           (42.097329 2.3835814 598.22586)               (0.052757086 0.00307954 0.77358512)           (0.0016939956 3.5198361e-06 0.00019424472)    (0.054451082 0.0030830598 0.77377937)        
xiaoyi                    (154.06992 0.34095819 -366.38538)             (0.36662753 0.0015458778 0.080750201)         (154.43654 0.34250407 -366.30463)             (0.1992828 0.00044101472 -0.4739037)          (0.00047421691 1.9995263e-06 0.00010444691)   (0.19975701 0.00044301425 -0.47379925)       
youfuyi                   (13.338011 -1.6671853 36.509865)              (0.10134312 0.0067699378 0.035001896)         (13.439354 -1.6604154 36.544867)              (0.017252143 -0.0021564324 0.047223937)       (0.00013108296 8.7566228e-06 4.5273444e-05)   (0.017383226 -0.0021476758 0.04726921)       
youweiduo                 (-0.86002992 1.1561253 2.0168045)             (0.14021108 -0.012523019 0.015592297)         (-0.71981883 1.1436023 2.0323968)             (-0.0011124116 0.0014953983 0.0026086497)     (0.00018135699 -1.6197985e-05 2.0167965e-05)  (-0.00093105464 0.0014792003 0.0026288177)   
zhongyangyi               (1018.9023 -0.046934326 14378.993)            (1.8752677 0.020272209 0.44109883)            (1020.7776 -0.026662117 14379.434)            (1.3179062 -6.0707529e-05 18.598608)          (0.002425578 2.6221229e-05 0.00057054233)     (1.3203318 -3.4486299e-05 18.599178)         
zuofuyi                   (0.17991196 0.76671102 23.650217)             (0.13789696 -0.017863857 0.045924207)         (0.31780892 0.74884716 23.696141)             (0.00023270837 0.00099170767 0.030590537)     (0.00017836377 -2.3106129e-05 5.9400983e-05)  (0.00041107215 0.00096860154 0.030649938)    
zuoweiduo                 (-0.84775993 -1.1263115 1.981471)             (0.13661889 0.011323619 0.014452577)          (-0.71114104 -1.1149879 1.9959235)            (-0.0010965409 -0.0014568354 0.0025629473)    (0.00017671065 1.4646613e-05 1.8693786e-05)   (-0.00091983029 -0.0014421888 0.0025816411)  
------------------------- --------------------------------------------- --------------------------------------------- --------------------------------------------- --------------------------------------------- --------------------------------------------- ---------------------------------------------
Net                       (-103.1619 0.62089695 1169.7861)              (10.948756 0.0082788724 2.2620686)            (-92.213143 0.62917582 1172.0481)             (-0.13343547 0.00080310344 1.5130679)         (0.014161745 1.0708365e-05 0.0029258883)      (-0.11927373 0.00081381181 1.5159938)        

Forces - Direction Vector (0.98480865 0 0.17364311)
                          Forces [N]                                      Coefficients                                   
Zone                      Pressure        Viscous         Total           Pressure        Viscous         Total          
jidi                      1127.9893       0.0007295483    1127.9901       1.4590056       9.4363928e-07   1.4590065      
jishen                    6779.5151       1.1412553       6780.6563       8.7690106       0.0014761645    8.7704867      
jitou                     -11083.798      1.1656435       -11082.632      -14.336415      0.0015077096    -14.334907     
liangan                   -612.508        1.2781656       -611.22983      -0.7922527      0.0016532521    -0.79059945    
waiyi                     135.19508       3.4476293       138.6427        0.174869        0.0044593599    0.17932836     
weiyi                     144.01976       1.3158465       145.33561       0.18628336      0.0017019908    0.18798535     
xiaoyi                    88.10909        0.37507968      88.48417        0.11396531      0.0004851494    0.11445046     
youfuyi                   19.475075       0.10588142      19.580957       0.02519017      0.00013695305   0.025327123    
youweiduo                 -0.4967607      0.14078858      -0.35597212     -0.00064253856  0.00018210396   -0.00046043459 
zhongyangyi               3500.2368       1.9233736       3502.1602       4.5274055       0.0024878009    4.5298933      
zuofuyi                   4.2838761       0.14377654      4.4276526       0.0055410091    0.00018596876   0.0057269778   
zuoweiduo                 -0.49081254     0.13705305      -0.35375948     -0.00063484486  0.00017727222   -0.00045757264 
------------------------- --------------- --------------- --------------- --------------- --------------- ---------------
Net                       101.53056       11.175223       112.70578       0.1313254       0.014454669     0.14578007     
