                                    "Force Report"

Forces
                          Forces [N]                                                                                                                                Coefficients                                                                                                                             
Zone                      Pressure                                      Viscous                                       Total                                         Pressure                                      Viscous                                       Total                                        
jidi                      (1146.3691 1.0282177e-06 0.00043630928)       (3.4892448e-08 0.0026601371 0.005517766)      (1146.3691 0.0026611654 0.0059540752)         (1.482779 1.3299552e-09 5.6434725e-07)        (4.5131877e-11 3.4407728e-06 7.1369925e-06)   (1.482779 3.4421027e-06 7.7013398e-06)       
jishen                    (9095.782 -0.87123759 -12494.688)             (1.2511118 -0.099638599 0.08792463)           (9097.0331 -0.97087619 -12494.6)              (11.765002 -0.0011269083 -16.16134)           (0.0016182592 -0.00012887823 0.00011372672)   (11.76662 -0.0012557865 -16.161226)          
jitou                     (-11261.088 -14.853204 29.255908)             (1.074663 -0.1753018 0.36254676)              (-11260.013 -15.028506 29.618455)             (-14.565731 -0.019211979 0.037841256)         (0.0013900302 -0.00022674532 0.00046893861)   (-14.564341 -0.019438725 0.038310195)        
liangan                   (-81.411596 -0.30560716 -3060.4431)           (1.3316922 -0.075639319 0.22131037)           (-80.079904 -0.38124647 -3060.2218)           (-0.10530239 -0.00039528969 -3.9585513)       (0.0017224864 -9.78362e-05 0.00028625543)     (-0.1035799 -0.00049312589 -3.9582651)       
waiyi                     (-255.0692 -0.24809457 2049.0166)             (2.4975142 -0.47263788 0.98475837)            (-252.57168 -0.72073246 2050.0013)            (-0.32992102 -0.00032089964 2.6503146)        (0.003230427 -0.00061133673 0.0012737425)     (-0.32669059 -0.00093223637 2.6515884)       
weiyi                     (37.29722 -12.006856 602.12758)               (1.0007126 -0.17186421 0.17827086)            (38.297933 -12.17872 602.30586)               (0.048242347 -0.015530351 0.77882608)         (0.0012943786 -0.00022229895 0.00023058567)   (0.049536726 -0.01575265 0.77905667)         
xiaoyi                    (154.028 -0.86935168 -364.6802)               (0.34438986 -0.04966146 0.096403585)          (154.37239 -0.91901314 -364.58379)            (0.19922859 -0.0011244689 -0.47169812)        (0.00044545345 -6.4234958e-05 0.00012469388)  (0.19967404 -0.0011887039 -0.47157343)       
youfuyi                   (12.812105 -1.5606949 36.654867)              (0.10649952 -0.033755688 0.025100387)         (12.918604 -1.5944505 36.679968)              (0.016571906 -0.0020186915 0.047411491)       (0.00013775254 -4.3661528e-05 3.2466269e-05)  (0.016709658 -0.0020623531 0.047443957)      
youweiduo                 (-0.71336796 1.27093 2.2655876)               (0.12584083 -0.031212809 0.026741385)         (-0.58752713 1.2397172 2.2923289)             (-0.00092271072 0.0016438932 0.0029304399)    (0.00016276969 -4.0372424e-05 3.4588829e-05)  (-0.00075994103 0.0016035208 0.0029650287)   
zhongyangyi               (1025.5284 0.011491529 14351.869)             (1.6662992 -0.14150569 0.36402049)            (1027.1947 -0.13001416 14352.233)             (1.3264768 1.4863797e-05 18.563524)           (0.0021552862 -0.00018303151 0.00047084482)   (1.3286321 -0.00016816771 18.563994)         
zuofuyi                   (0.46379408 0.95752481 26.228418)             (0.14282307 -0.072260708 0.048675851)         (0.60661715 0.8852641 26.277094)              (0.00059989766 0.0012385171 0.033925329)      (0.00018473548 -9.3466112e-05 6.2960115e-05)  (0.00078463314 0.001145051 0.033988289)      
zuoweiduo                 (-0.83168107 -2.2334514 3.7986468)            (0.12527941 -0.0203877 0.0084821017)          (-0.70640166 -2.2538391 3.8071289)            (-0.0010757436 -0.0028888732 0.0049133859)    (0.00016204352 -2.6370612e-05 1.0971233e-05)  (-0.00091370011 -0.0029152438 0.0049243571)  
------------------------- --------------------------------------------- --------------------------------------------- --------------------------------------------- --------------------------------------------- --------------------------------------------- ---------------------------------------------
Net                       (-126.8327 -30.70855 1181.4057)               (9.6668256 -1.3412057 2.4097525)              (-117.16587 -32.049756 1183.8154)             (-0.16405263 -0.039720186 1.5280973)          (0.012503622 -0.0017347918 0.0031169111)      (-0.15154901 -0.041454978 1.5312142)         

Forces - Direction Vector (0.96085288 -0.1391731 0.23956753)
                          Forces [N]                                      Coefficients                                   
Zone                      Pressure        Viscous         Total           Pressure        Viscous         Total          
jidi                      1101.4922       0.00095169154   1101.4931       1.4247326       1.230972e-06    1.4247339      
jishen                    5746.5081       1.2370653       5747.7452       7.4328606       0.0016000906    7.4344607      
jitou                     -10811.172      1.1438447       -10810.029      -13.983786      0.0014795139    -13.982306     
liangan                   -811.36483      1.343106        -810.02173      -1.0494654      0.0017372497    -1.0477282     
waiyi                     245.82839       2.7014383       248.52982       0.31796842      0.003494194     0.32146262     
weiyi                     181.75839       1.0281643       182.78655       0.23509664      0.0013298863    0.23642653     
xiaoyi                    60.753707       0.3609147       61.114622       0.078582303     0.00046682761   0.07904913     
youfuyi                   21.309071       0.11304149      21.422112       0.027562364     0.00014621429   0.027708579    
youweiduo                 -0.31955972     0.13166488      -0.18789484     -0.00041333672  0.00017030284   -0.00024303388 
zhongyangyi               4423.622        1.7079696       4425.33         5.7217645       0.0022091851    5.7239736      
zuofuyi                   6.5958535       0.15894985      6.7548034       0.0085314523    0.00020559479   0.0087370471   
zuoweiduo                 0.42174562      0.12524454      0.54699016      0.00054550979   0.00016199841   0.0007075082   
------------------------- --------------- --------------- --------------- --------------- --------------- ---------------
Net                       165.43267       10.052355       175.48503       0.21398003      0.013002289     0.22698232     
