                                    "Force Report"

Forces
                          Forces [N]                                                                                                                                Coefficients                                                                                                                             
Zone                      Pressure                                      Viscous                                       Total                                         Pressure                                      Viscous                                       Total                                        
jidi                      (1144.7139 2.2942862e-07 0.00043525426)       (1.6471356e-08 0.00086778153 0.0017039384)    (1144.7139 0.00086801096 0.0021391927)        (1.4806381 2.9675604e-10 5.6298263e-07)       (2.1304989e-11 1.122438e-06 2.2039709e-06)    (1.4806381 1.1227348e-06 2.7669536e-06)      
jishen                    (9082.0538 0.14576296 -12501.503)             (1.1676061 -0.059284611 -0.034801827)         (9083.2214 0.08647835 -12501.538)             (11.747245 0.00018853811 -16.170156)          (0.0015102481 -7.6682089e-05 -4.5014663e-05)  (11.748755 0.00011185602 -16.170201)         
jitou                     (-11247.985 -7.2145543 2.9754089)             (1.1631468 -0.08678686 0.044456793)           (-11246.822 -7.3013412 3.0198656)             (-14.548784 -0.0093317151 0.0038485631)       (0.0015044803 -0.00011225506 5.7502946e-05)   (-14.547279 -0.0094439701 0.0039060661)      
liangan                   (-81.099291 0.51030014 -3077.5058)            (1.1321222 -0.029784686 -0.019263746)         (-79.967168 0.48051545 -3077.525)             (-0.10489844 0.00066005124 -3.9806211)        (0.0014643513 -3.8525207e-05 -2.4916826e-05)  (-0.10343409 0.00062152603 -3.980646)        
waiyi                     (-133.78775 -1.2513602 1733.1521)             (4.3780601 -0.26828066 0.34885116)            (-129.40969 -1.5196409 1733.501)              (-0.17304869 -0.0016185805 2.2417576)         (0.005662832 -0.00034700948 0.00045122395)    (-0.16738586 -0.00196559 2.2422088)          
weiyi                     (46.483766 -8.9019648 522.07837)              (1.5827729 -0.075799681 -0.058009091)         (48.066539 -8.9777645 522.02037)              (0.060124749 -0.011514308 0.67528588)         (0.0020472485 -9.8043621e-05 -7.5032259e-05)  (0.062171997 -0.011612352 0.67521085)        
xiaoyi                    (151.80145 -0.14731423 -370.69906)            (0.31923837 -0.019450378 0.0044874234)        (152.12069 -0.16676461 -370.69457)            (0.19634863 -0.00019054461 -0.47948326)       (0.00041292108 -2.5158225e-05 5.8042888e-06)  (0.19676155 -0.00021570284 -0.47947746)      
youfuyi                   (14.937489 -1.5961441 34.521198)              (0.13228402 -0.027796508 0.024706663)         (15.069773 -1.6239406 34.545905)              (0.019320999 -0.0020645436 0.044651682)       (0.00017110368 -3.5953585e-05 3.1957004e-05)  (0.019492102 -0.0021004972 0.044683639)      
youweiduo                 (-0.98564471 -0.1850493 -0.2674213)           (0.15638456 -0.0083459941 -0.002858626)       (-0.82926015 -0.19339529 -0.27027992)         (-0.001274889 -0.00023935329 -0.00034589793)  (0.00020227669 -1.0795184e-05 -3.6975096e-06) (-0.0010726123 -0.00025014848 -0.00034959544)
zhongyangyi               (1055.2663 -0.016929144 14216.759)            (2.5771427 -0.11458006 0.10739927)            (1057.8434 -0.1315092 14216.867)              (1.3649414 -2.1897118e-05 18.388766)          (0.003333423 -0.00014820437 0.00013891633)    (1.3682748 -0.00017010149 18.388904)         
zuofuyi                   (-0.79988278 0.4697855 13.406588)             (0.18334941 -0.021090832 0.014474395)         (-0.61653336 0.44869467 13.421062)            (-0.0010346139 0.0006076473 0.017340844)      (0.00023715457 -2.7280082e-05 1.8722006e-05)  (-0.00079745934 0.00058036722 0.017359566)   
zuoweiduo                 (-0.95690436 -0.14921163 0.31875531)          (0.15502995 -0.0097309611 -0.0093331963)      (-0.80187441 -0.15894259 0.30942211)          (-0.0012377146 -0.00019299881 0.00041229625)  (0.00020052456 -1.2586579e-05 -1.2072087e-05) (-0.00103719 -0.00020558539 0.00040022416)   
------------------------- --------------------------------------------- --------------------------------------------- --------------------------------------------- --------------------------------------------- --------------------------------------------- ---------------------------------------------
Net                       (29.642326 -18.336679 573.23665)              (12.947137 -0.72006345 0.42181316)            (42.589463 -19.056742 573.65847)              (0.038341071 -0.023717704 0.74145691)         (0.016746564 -0.00093137105 0.00054559715)    (0.055087635 -0.024649075 0.74200251)        

Forces - Direction Vector (0.99756405 -0.069756474 0)
                          Forces [N]                                      Coefficients                                   
Zone                      Pressure        Viscous         Total           Pressure        Viscous         Total          
jidi                      1141.9254       -6.0516948e-05  1141.9254       1.4770313       -7.8276065e-08  1.4770312      
jishen                    9059.9202       1.1688973       9061.0891       11.718616       0.0015119183    11.720128      
jitou                     -11220.082      1.1663674       -11218.916      -14.512693      0.001508646     -14.511184     
liangan                   -80.937334      1.1314421       -79.805892      -0.10468895     0.0014634716    -0.10322548    
waiyi                     -133.37456      4.3861097       -128.98845      -0.17251425     0.0056732438    -0.166841      
weiyi                     46.991504       1.5842048       48.575709       0.060781485     0.0020491007    0.062830586    
xiaoyi                    151.44194       0.31981752      151.76176       0.19588363      0.00041367017   0.1962973      
youfuyi                   15.012444       0.13390077      15.146344       0.019417949     0.00017319488   0.019591144    
youweiduo                 -0.97033534     0.1565858       -0.81374954     -0.0012550869   0.00020253699   -0.00105255    
zhongyangyi               1052.6969       2.5788576       1055.2757       1.361618        0.0033356412    1.3649537      
zuofuyi                   -0.83070488     0.18437401      -0.64633088     -0.001074481    0.00023847983   -0.00083600114 
zuoweiduo                 -0.94416491     0.15533111      -0.78883381     -0.0012212366   0.00020091409   -0.0010203225  
------------------------- --------------- --------------- --------------- --------------- --------------- ---------------
Net                       30.849221       12.965828       43.815048       0.039902137     0.016770739     0.056672877    
