                                    "Force Report"

Forces
                          Forces [N]                                                                                                                                Coefficients                                                                                                                             
Zone                      Pressure                                      Viscous                                       Total                                         Pressure                                      Viscous                                       Total                                        
jidi                      (1143.9964 3.4850716e-07 0.00043493778)       (1.8242535e-08 0.00041692848 -0.00088585764)  (1143.9964 0.00041727699 -0.00045091986)      (1.47971 4.50779e-10 5.6257328e-07)           (2.3595932e-11 5.3927902e-07 -1.1458187e-06)  (1.47971 5.397298e-07 -5.832454e-07)         
jishen                    (9078.9083 0.063911254 -12501.975)            (1.215326 -0.050961504 -0.068447589)          (9080.1236 0.01294975 -12502.043)             (11.743177 8.2666453e-05 -16.170766)          (0.0015719718 -6.5916509e-05 -8.8534007e-05)  (11.744749 1.6749943e-05 -16.170854)         
jitou                     (-11242.719 -7.4235409 -7.634532)             (1.1720041 -0.087308953 -0.061985381)         (-11241.547 -7.5108498 -7.6965174)            (-14.541972 -0.0096020302 -0.0098749381)      (0.0015159368 -0.00011293037 -8.0175419e-05)  (-14.540456 -0.0097149606 -0.0099551136)     
liangan                   (-81.15212 1.1103623 -3081.5929)              (1.1749151 -0.022183817 -0.084293841)         (-79.977205 1.0881785 -3081.6772)             (-0.10496677 0.0014362058 -3.9859076)         (0.0015197021 -2.8693811e-05 -0.00010903045)  (-0.10344707 0.001407512 -3.9860166)         
waiyi                     (-124.45469 -1.8378601 1568.8727)             (3.8832848 -0.28158522 0.052083024)           (-120.5714 -2.1194453 1568.9248)              (-0.16097678 -0.0023771929 2.0292692)         (0.0050228616 -0.00036421835 6.7367147e-05)   (-0.15595391 -0.0027414112 2.0293366)        
weiyi                     (44.448084 -9.1244148 493.65868)              (1.5594068 -0.070180647 -0.12403)             (46.007491 -9.1945954 493.53465)              (0.057491682 -0.011802037 0.63852623)         (0.0020170255 -9.0775643e-05 -0.00016042747)  (0.059508707 -0.011892813 0.63836581)        
xiaoyi                    (151.05129 -0.24339835 -372.28978)            (0.30738985 -0.019873679 -0.020815708)        (151.35868 -0.26327202 -372.31059)            (0.19537833 -0.00031482527 -0.48154079)       (0.00039759552 -2.5705747e-05 -2.6924221e-05) (0.19577593 -0.00034053102 -0.48156771)      
youfuyi                   (14.979418 -1.6299797 33.036312)              (0.12511961 -0.031261121 0.028419892)         (15.104538 -1.6612408 33.064732)              (0.019375232 -0.0021083085 0.042731046)       (0.00016183683 -4.0434913e-05 3.6759906e-05)  (0.019537069 -0.0021487434 0.042767806)      
youweiduo                 (-1.0455025 -0.63449662 -1.0346573)           (0.1556379 -0.0046248427 -0.0092772628)       (-0.88986464 -0.63912146 -1.0439346)          (-0.0013523125 -0.00082069403 -0.0013382847)  (0.00020131092 -5.9820348e-06 -1.199974e-05)  (-0.0011510016 -0.00082667607 -0.0013502844) 
zhongyangyi               (1057.6578 -0.0229065 14115.014)              (2.3636447 -0.12440331 -0.043950549)          (1060.0215 -0.14730981 14114.97)              (1.3680348 -2.962857e-05 18.257162)           (0.0030572725 -0.00016091032 -5.6848141e-05)  (1.3710921 -0.00019053889 18.257105)         
zuofuyi                   (-0.84807923 0.38750328 10.60814)             (0.18808302 -0.022599072 0.0016941531)        (-0.65999621 0.36490421 10.609834)            (-0.0010969539 0.0005012188 0.013721172)      (0.00024327727 -2.9230926e-05 2.191314e-06)   (-0.00085367666 0.00047198787 0.013723363)   
zuoweiduo                 (-0.99806179 0.25927379 -0.36639766)          (0.15581169 -0.012734549 -0.015207072)        (-0.84225009 0.24653924 -0.38160474)          (-0.0012909499 0.00033535947 -0.00047391959)  (0.00020153571 -1.647159e-05 -1.9669693e-05)  (-0.0010894142 0.00031888788 -0.00049358928) 
------------------------- --------------------------------------------- --------------------------------------------- --------------------------------------------- --------------------------------------------- --------------------------------------------- ---------------------------------------------
Net                       (39.824127 -19.095546 256.297)                (12.300624 -0.72729979 -0.3466962)            (52.124751 -19.822846 255.9503)               (0.051510792 -0.024699266 0.33150912)         (0.015910327 -0.00094073093 -0.00044843659)   (0.067421119 -0.025639997 0.33106068)        

Forces - Direction Vector (0.99513403 -0.069756474 -0.06958655)
                          Forces [N]                                      Coefficients                                   
Zone                      Pressure        Viscous         Total           Pressure        Viscous         Total          
jidi                      1138.4297       3.257847e-05    1138.4297       1.4725098       4.2138847e-08   1.4725098      
jishen                    9904.6955       1.2177302       9905.9132       12.811297       0.0015750815    12.812872      
jitou                     -11186.963      1.1767049       -11185.786      -14.469854      0.0015220171    -14.468332     
liangan                   133.60272       1.1766112       134.77934       0.17280937      0.0015218959    0.17433126     
waiyi                     -232.89333      3.880407        -229.01293      -0.30123749     0.0050191393    -0.29621835    
weiyi                     10.516284       1.5653452       12.081629       0.01360236      0.0020247065    0.015627067    
xiaoyi                    176.23962       0.30872891      176.54835       0.22795835      0.00039932754   0.22835768     
youfuyi                   12.721348       0.12471381      12.846061       0.016454515     0.00016131194   0.016615827    
youweiduo                 -0.92415668     0.15584876      -0.76830792     -0.0011953568   0.00020158365   -0.00099377319 
zhongyangyi               70.297768       2.3638796       72.661648       0.090927134     0.0030575764    0.09398471     
zuofuyi                   -1.6091672      0.18862635      -1.4205409      -0.0020813884   0.00024398006   -0.0018374084  
zuoweiduo                 -0.98579493     0.15700004      -0.82879488     -0.0012750833   0.00020307279   -0.0010720105  
------------------------- --------------- --------------- --------------- --------------- --------------- ---------------
Net                       23.127558       12.315629       35.443187       0.0299145       0.015929735     0.045844235    
