                                    "Force Report"

Moments - Moment Center (0 0 0.05)
                          Moments [N m]                                                                                                                             Coefficients                                                                                                                             
Zone                      Pressure                                      Viscous                                       Total                                         Pressure                                      Viscous                                       Total                                        
jidi                      (-1.8109856e-08 -22.909964 0.0023072627)      (-4.8703162e-05 0.00040790235 -0.0005100649)  (-4.8721272e-05 -22.909556 0.0017971978)      (-6.4229007e-11 -0.081253228 8.1830132e-06)   (-1.7273223e-07 1.4466798e-06 -1.8090129e-06) (-1.7279646e-07 -0.081251781 6.3740003e-06)  
jishen                    (0.14820824 -230.26316 1.9872868)             (-0.025278996 -0.065954811 -0.0037916154)     (0.12292924 -230.32912 1.9834952)             (0.00052564017 -0.81665885 0.0070481764)      (-8.9655312e-05 -0.00023391749 -1.3447467e-05) (0.00043598486 -0.81689277 0.0070347289)     
jitou                     (-0.86879456 545.49856 8.5603082)             (-0.0093827064 0.032492129 0.10835928)        (-0.87817726 545.53105 8.6686675)             (-0.0030812952 1.934683 0.030360269)          (-3.3277013e-05 0.00011523765 0.00038431057)  (-0.0031145722 1.9347983 0.03074458)         
liangan                   (-0.080288179 648.95415 -0.43453347)          (-0.0055099236 0.14572544 -0.010086821)       (-0.085798102 649.09987 -0.44462029)          (-0.00028475268 2.301602 -0.0015411306)       (-1.9541675e-05 0.00051683461 -3.5774248e-05) (-0.00030429435 2.3021188 -0.0015769049)     
waiyi                     (76.204578 -46.108635 4.8122078)              (0.14406387 0.64528592 0.036797142)           (76.348642 -45.463349 4.8490049)              (0.27026965 -0.16353039 0.017067133)          (0.00051094163 0.0022885922 0.00013050595)    (0.27078059 -0.1612418 0.017197639)          
weiyi                     (-7.2691404 -692.78822 -23.030285)            (0.054389641 0.43136652 -0.24479667)          (-7.2147507 -692.35686 -23.275081)            (-0.025780971 -2.4570654 -0.081679961)        (0.00019290008 0.0015298986 -0.00086820386)   (-0.025588071 -2.4555355 -0.082548165)       
xiaoyi                    (7.7476751 55.942156 -0.53116114)             (0.074084603 0.03882546 -0.027748166)         (7.8217597 55.980981 -0.55890931)             (0.027478158 0.19840628 -0.0018838335)        (0.00026275088 0.00013769965 -9.8412554e-05)  (0.027740909 0.19854398 -0.001982246)        
youfuyi                   (41.832061 -4.3320201 -16.915294)             (0.033022042 0.011718591 -0.16062284)         (41.865083 -4.3203015 -17.075917)             (0.14836296 -0.015364084 -0.059992335)        (0.00011711705 4.1561538e-05 -0.00056967022)  (0.14848007 -0.015322523 -0.060562005)       
youweiduo                 (0.0032070875 -0.42767651 0.39772586)         (0.010866229 0.031096375 -0.093910906)        (0.014073316 -0.39658014 0.30381496)          (1.1374361e-05 -0.0015168115 0.0014105875)    (3.8538522e-05 0.00011028742 -0.00033306749)  (4.9912883e-05 -0.0014065241 0.0010775201)   
zhongyangyi               (9.5771664 -276.55186 1.3891282)              (0.034537766 0.36156977 0.00068842132)        (9.6117041 -276.19029 1.3898166)              (0.033966691 -0.98082787 0.0049267274)        (0.00012249277 0.0012823552 2.4415776e-06)    (0.034089184 -0.97954551 0.0049291689)       
zuofuyi                   (-19.018914 -2.7587183 -0.65557911)           (-0.02634135 0.014940051 0.1878345)           (-19.045255 -2.7437783 -0.46774461)           (-0.067453101 -0.0097841607 -0.0023250983)    (-9.3423094e-05 5.2986873e-05 0.00066617998)  (-0.067546524 -0.0097311738 -0.0016589183)   
zuoweiduo                 (-0.24559748 -2.0259074 -1.3079986)           (0.0090061058 0.055352094 0.026012271)        (-0.23659137 -1.9705553 -1.2819863)           (-0.00087104404 -0.0071851493 -0.0046389906)  (3.1941349e-05 0.00019631355 9.2255972e-05)   (-0.00083910269 -0.0069888357 -0.0045467346) 
------------------------- --------------------------------------------- --------------------------------------------- --------------------------------------------- --------------------------------------------- --------------------------------------------- ---------------------------------------------
Net                       (108.03016 -27.771298 -25.725887)             (0.29340858 1.7028254 -0.18177546)            (108.32357 -26.068473 -25.907662)             (0.3831433 -0.098494595 -0.091240272)         (0.0010406125 0.0060392964 -0.0006446908)     (0.38418392 -0.092455299 -0.091884963)       

Moments - Moment Center (0 0 0.05) Moment Axis (0 1 0)
                          Moments [N m]                                   Coefficients                                   
Zone                      Pressure        Viscous         Total           Pressure        Viscous         Total          
jidi                      -22.909964      0.00040790235   -22.909556      -0.081253228    1.4466798e-06   -0.081251781   
jishen                    -230.26316      -0.065954811    -230.32912      -0.81665885     -0.00023391749  -0.81689277    
jitou                     545.49856       0.032492129     545.53105       1.934683        0.00011523765   1.9347983      
liangan                   648.95415       0.14572544      649.09987       2.301602        0.00051683461   2.3021188      
waiyi                     -46.108635      0.64528592      -45.463349      -0.16353039     0.0022885922    -0.1612418     
weiyi                     -692.78822      0.43136652      -692.35686      -2.4570654      0.0015298986    -2.4555355     
xiaoyi                    55.942156       0.03882546      55.980981       0.19840628      0.00013769965   0.19854398     
youfuyi                   -4.3320201      0.011718591     -4.3203015      -0.015364084    4.1561538e-05   -0.015322523   
youweiduo                 -0.42767651     0.031096375     -0.39658014     -0.0015168115   0.00011028742   -0.0014065241  
zhongyangyi               -276.55186      0.36156977      -276.19029      -0.98082787     0.0012823552    -0.97954551    
zuofuyi                   -2.7587183      0.014940051     -2.7437783      -0.0097841607   5.2986873e-05   -0.0097311738  
zuoweiduo                 -2.0259074      0.055352094     -1.9705553      -0.0071851493   0.00019631355   -0.0069888357  
------------------------- --------------- --------------- --------------- --------------- --------------- ---------------
Net                       -27.771298      1.7028254       -26.068473      -0.098494595    0.0060392964    -0.092455299   
