                                    "Force Report"

Moments - Moment Center (0 0 0.05)
                          Moments [N m]                                                                                                                             Coefficients                                                                                                                             
Zone                      Pressure                                      Viscous                                       Total                                         Pressure                                      Viscous                                       Total                                        
jidi                      (-1.9512634e-08 -22.927206 0.0052990412)      (-0.00012022115 -0.0011456219 -0.00088659814) (-0.00012024066 -22.928352 0.004412443)       (-6.9204147e-11 -0.08131438 1.8793753e-05)    (-4.2638025e-07 -4.0631e-06 -3.1444379e-06)   (-4.2644945e-07 -0.081318443 1.5649315e-05)  
jishen                    (0.0227033 -229.26413 2.555503)               (-0.032372039 -0.06329967 -0.0010095355)      (-0.0096687388 -229.32743 2.5544934)          (8.0520265e-05 -0.81311566 0.0090634303)      (-0.00011481173 -0.00022450068 -3.5804517e-06) (-3.4291465e-05 -0.81334016 0.0090598499)    
jitou                     (-1.2679054 548.40781 12.521545)              (-0.014067883 0.064557263 0.16205023)         (-1.2819733 548.47237 12.683596)              (-0.0044967947 1.9450011 0.044409322)         (-4.9893615e-05 0.0002289609 0.00057473264)   (-0.0045466883 1.94523 0.044984055)          
liangan                   (1.1083944 650.75106 -1.3436968)              (0.012841592 0.15376221 -0.051324029)         (1.121236 650.90482 -1.3950208)               (0.0039310679 2.307975 -0.004765599)          (4.5544408e-05 0.00054533809 -0.00018202748)  (0.0039766123 2.3085203 -0.0049476265)       
waiyi                     (78.871156 -46.14727 5.1982389)               (0.16248188 0.60831833 0.023770569)           (79.033638 -45.538952 5.2220095)              (0.27972702 -0.16366742 0.018436244)          (0.00057626356 0.0021574817 8.4305476e-05)    (0.28030328 -0.16150994 0.01852055)          
weiyi                     (-10.895088 -706.72515 -35.63302)             (0.087543079 0.37141032 -0.37849208)          (-10.807545 -706.35374 -36.011513)            (-0.038640875 -2.5064945 -0.12637724)         (0.00031048315 0.001317256 -0.0013423724)     (-0.038330392 -2.5051773 -0.12771961)        
xiaoyi                    (13.223275 55.967131 -1.1656236)              (0.11304393 0.038886003 -0.033709347)         (13.336319 56.006017 -1.1993329)              (0.046898099 0.19849486 -0.0041340386)        (0.0004009253 0.00013791437 -0.00011955467)   (0.047299024 0.19863277 -0.0042535933)       
youfuyi                   (41.315286 -4.328081 -15.731917)              (0.04002843 0.0099585479 -0.15180912)         (41.355315 -4.3181225 -15.883726)             (0.14653015 -0.015350114 -0.055795332)        (0.00014196614 3.5319312e-05 -0.00053841119)  (0.14667211 -0.015314794 -0.056333743)       
youweiduo                 (-0.079430059 -0.17850302 0.25655965)         (0.019635353 0.016957956 -0.11978706)         (-0.059794705 -0.16154506 0.13677259)         (-0.00028170924 -0.00063308465 0.00090992283) (6.9639387e-05 6.0143643e-05 -0.0004248407)   (-0.00021206986 -0.000572941 0.00048508213)  
zhongyangyi               (12.398268 -276.14081 2.1281552)              (0.039394736 0.34498437 -0.0039095352)        (12.437663 -275.79582 2.1242456)              (0.043972103 -0.97937001 0.0075477847)        (0.00013971866 0.0012235328 -1.3865685e-05)   (0.044111822 -0.97814648 0.0075339191)       
zuofuyi                   (-20.466534 -2.9780418 -0.30976501)           (-0.02999102 0.012779659 0.17066695)          (-20.496525 -2.9652621 -0.13909806)           (-0.072587278 -0.01056202 -0.0010986227)      (-0.00010636713 4.5324757e-05 0.00060529297)  (-0.072693645 -0.010516696 -0.00049332972)   
zuoweiduo                 (-0.39226578 -2.8987847 -1.8153969)           (0.013548467 0.056551666 0.005906817)         (-0.37871731 -2.8422331 -1.8094901)           (-0.0013912226 -0.010280925 -0.0064385461)    (4.8051435e-05 0.00020056799 2.094931e-05)    (-0.0013431712 -0.010080357 -0.0064175967)   
------------------------- --------------------------------------------- --------------------------------------------- --------------------------------------------- --------------------------------------------- --------------------------------------------- ---------------------------------------------
Net                       (113.83786 -36.461962 -33.334119)             (0.41196631 1.613721 -0.37853274)             (114.24983 -34.848241 -33.712652)             (0.40374108 -0.12931719 -0.11822388)          (0.0014610932 0.0057232758 -0.0013425166)     (0.40520217 -0.12359391 -0.11956639)         

Moments - Moment Center (0 0 0.05) Moment Axis (0 1 0)
                          Moments [N m]                                   Coefficients                                   
Zone                      Pressure        Viscous         Total           Pressure        Viscous         Total          
jidi                      -22.927206      -0.0011456219   -22.928352      -0.08131438     -4.0631e-06     -0.081318443   
jishen                    -229.26413      -0.06329967     -229.32743      -0.81311566     -0.00022450068  -0.81334016    
jitou                     548.40781       0.064557263     548.47237       1.9450011       0.0002289609    1.94523        
liangan                   650.75106       0.15376221      650.90482       2.307975        0.00054533809   2.3085203      
waiyi                     -46.14727       0.60831833      -45.538952      -0.16366742     0.0021574817    -0.16150994    
weiyi                     -706.72515      0.37141032      -706.35374      -2.5064945      0.001317256     -2.5051773     
xiaoyi                    55.967131       0.038886003     56.006017       0.19849486      0.00013791437   0.19863277     
youfuyi                   -4.328081       0.0099585479    -4.3181225      -0.015350114    3.5319312e-05   -0.015314794   
youweiduo                 -0.17850302     0.016957956     -0.16154506     -0.00063308465  6.0143643e-05   -0.000572941   
zhongyangyi               -276.14081      0.34498437      -275.79582      -0.97937001     0.0012235328    -0.97814648    
zuofuyi                   -2.9780418      0.012779659     -2.9652621      -0.01056202     4.5324757e-05   -0.010516696   
zuoweiduo                 -2.8987847      0.056551666     -2.8422331      -0.010280925    0.00020056799   -0.010080357   
------------------------- --------------- --------------- --------------- --------------- --------------- ---------------
Net                       -36.461962      1.613721        -34.848241      -0.12931719     0.0057232758    -0.12359391    
