                                    "Force Report"

Moments - Moment Center (0 0 0.05)
                          Moments [N m]                                                                                                                             Coefficients                                                                                                                             
Zone                      Pressure                                      Viscous                                       Total                                         Pressure                                      Viscous                                       Total                                        
jidi                      (1.7974218e-08 -22.930855 0.01242497)         (-1.8761782e-05 -0.0030899494 0.0014896764)   (-1.8743808e-05 -22.933944 0.013914646)       (6.3747949e-11 -0.081327318 4.4066805e-05)    (-6.6541151e-08 -1.0958915e-05 5.2833349e-06) (-6.6477403e-08 -0.081338277 4.9350139e-05)  
jishen                    (-0.19836027 -232.56826 2.930934)             (-0.01557274 -0.091938003 0.021097404)        (-0.21393301 -232.6602 2.9520314)             (-0.00070351103 -0.82483419 0.010394946)      (-5.5230788e-05 -0.00032607033 7.4824742e-05) (-0.00075874182 -0.82516026 0.010469771)     
jitou                     (-0.93032797 556.12164 9.165933)              (-0.009774362 0.17096258 0.11236391)          (-0.94010233 556.2926 9.2782969)              (-0.0032995316 1.9723592 0.032508198)         (-3.4666072e-05 0.00060634147 0.00039851352)  (-0.0033341977 1.9729655 0.032906711)        
liangan                   (-0.74670266 651.12711 -1.7709792)            (-0.018945775 0.14084138 0.029980806)         (-0.76564844 651.26795 -1.7409984)            (-0.0026482801 2.3093087 -0.0062810126)       (-6.7193706e-05 0.00049951266 0.00010633091)  (-0.0027154738 2.3098082 -0.0061746817)      
waiyi                     (72.978096 -48.134792 10.619504)              (0.12639889 0.41440594 0.12533278)            (73.104495 -47.720386 10.744837)              (0.2588265 -0.17071643 0.037663481)           (0.00044829043 0.0014697456 0.00044450935)    (0.25927479 -0.16924668 0.03810799)          
weiyi                     (-8.1062013 -762.02605 -16.200709)            (0.061849835 0.045586073 -0.26553421)         (-8.0443514 -761.98046 -16.466243)            (-0.028749719 -2.7026265 -0.057457964)        (0.00021935865 0.00016167706 -0.0009417523)   (-0.02853036 -2.7024648 -0.058399717)        
xiaoyi                    (15.683394 55.597899 -1.1396754)              (0.10658153 0.0317345 -0.009468317)           (15.789975 55.629633 -1.1491437)              (0.055623237 0.19718532 -0.0040420101)        (0.00037800552 0.00011255061 -3.3580643e-05)  (0.056001243 0.19729788 -0.0040755907)       
youfuyi                   (44.555777 -4.8317717 -15.670698)             (0.032802764 0.0091633409 -0.13389608)        (44.58858 -4.8226084 -15.804594)              (0.15802298 -0.01713652 -0.055578209)         (0.00011633936 3.2499004e-05 -0.00047488023)  (0.15813932 -0.017104021 -0.056053089)       
youweiduo                 (0.14940794 -3.2914929 2.0052147)             (0.017281063 -0.0020962636 -0.091573816)      (0.166689 -3.2935892 1.9136409)               (0.00052989507 -0.011673716 0.00711176)       (6.1289582e-05 -7.4346769e-06 -0.00032477869) (0.00059118465 -0.011681151 0.0067869813)    
zhongyangyi               (-3.8893597 -276.41493 -3.6909733)            (-0.0066075635 0.26150883 0.0016942865)       (-3.8959673 -276.15342 -3.689279)             (-0.01379413 -0.98034222 -0.013090526)        (-2.3434601e-05 0.00092747578 6.0090119e-06)  (-0.013817565 -0.97941475 -0.013084517)      
zuofuyi                   (-31.078147 -4.4261842 0.62288687)            (-0.050664909 0.0090014208 0.1538585)         (-31.128812 -4.4171827 0.77674537)            (-0.11022277 -0.015698049 0.002209151)        (-0.00017968982 3.1924733e-05 0.00054567957)  (-0.11040246 -0.015666125 0.0027548305)      
zuoweiduo                 (-0.69869925 -5.4057648 -3.3778661)           (0.0032061393 0.02269402 0.020644648)         (-0.69549311 -5.3830708 -3.3572214)           (-0.0024780296 -0.019172262 -0.01198005)      (1.1370998e-05 8.0487354e-05 7.3218984e-05)   (-0.0024666586 -0.019091775 -0.011906831)    
------------------------- --------------------------------------------- --------------------------------------------- --------------------------------------------- --------------------------------------------- --------------------------------------------- ---------------------------------------------
Net                       (87.718877 -97.18344 -16.494003)              (0.2465361 1.0087739 -0.034010413)            (87.965413 -96.174667 -16.528013)             (0.31110664 -0.34467397 -0.05849817)          (0.000874373 0.0035777504 -0.00012062244)     (0.31198101 -0.34109622 -0.058618793)        

Moments - Moment Center (0 0 0.05) Moment Axis (0 1 0)
                          Moments [N m]                                   Coefficients                                   
Zone                      Pressure        Viscous         Total           Pressure        Viscous         Total          
jidi                      -22.930855      -0.0030899494   -22.933944      -0.081327318    -1.0958915e-05  -0.081338277   
jishen                    -232.56826      -0.091938003    -232.6602       -0.82483419     -0.00032607033  -0.82516026    
jitou                     556.12164       0.17096258      556.2926        1.9723592       0.00060634147   1.9729655      
liangan                   651.12711       0.14084138      651.26795       2.3093087       0.00049951266   2.3098082      
waiyi                     -48.134792      0.41440594      -47.720386      -0.17071643     0.0014697456    -0.16924668    
weiyi                     -762.02605      0.045586073     -761.98046      -2.7026265      0.00016167706   -2.7024648     
xiaoyi                    55.597899       0.0317345       55.629633       0.19718532      0.00011255061   0.19729788     
youfuyi                   -4.8317717      0.0091633409    -4.8226084      -0.01713652     3.2499004e-05   -0.017104021   
youweiduo                 -3.2914929      -0.0020962636   -3.2935892      -0.011673716    -7.4346769e-06  -0.011681151   
zhongyangyi               -276.41493      0.26150883      -276.15342      -0.98034222     0.00092747578   -0.97941475    
zuofuyi                   -4.4261842      0.0090014208    -4.4171827      -0.015698049    3.1924733e-05   -0.015666125   
zuoweiduo                 -5.4057648      0.02269402      -5.3830708      -0.019172262    8.0487354e-05   -0.019091775   
------------------------- --------------- --------------- --------------- --------------- --------------- ---------------
Net                       -97.18344       1.0087739       -96.174667      -0.34467397     0.0035777504    -0.34109622    
