                                    "Force Report"

Moments - Moment Center (0 0 0.05)
                          Moments [N m]                                                                                                                             Coefficients                                                                                                                             
Zone                      Pressure                                      Viscous                                       Total                                         Pressure                                      Viscous                                       Total                                        
jidi                      (-2.1848466e-08 -22.911202 0.00045441222)     (2.40035e-05 -0.001675699 0.00086546095)      (2.3981651e-05 -22.912877 0.0013198732)       (-7.7488482e-11 -0.081257617 1.6116332e-06)   (8.5131598e-08 -5.9430888e-06 3.0694721e-06)  (8.5054109e-08 -0.08126356 4.6811054e-06)    
jishen                    (0.045319672 -228.4888 0.95269917)            (-0.010409424 -0.058999177 0.00079496271)     (0.034910249 -228.54779 0.95349413)           (0.00016073223 -0.81036583 0.003378874)       (-3.6918403e-05 -0.00020924841 2.8194408e-06) (0.00012381383 -0.81057508 0.0033816935)     
jitou                     (-0.43662663 554.15113 4.3033872)             (-0.0045890852 0.12840029 0.054655633)        (-0.44121571 554.27953 4.3580428)             (-0.0015485543 1.9653705 0.015262534)         (-1.62758e-05 0.00045538867 0.00019384346)    (-0.0015648301 1.9658259 0.015456377)        
liangan                   (-0.052300277 650.17379 -0.69168293)          (-0.013549572 0.13750009 0.030159146)         (-0.06584985 650.31129 -0.66152378)           (-0.00018548987 2.3059276 -0.0024531453)      (-4.8055357e-05 0.00048766233 0.00010696341)  (-0.00023354523 2.3064153 -0.0023461819)     
waiyi                     (90.027002 -46.552708 12.812812)              (0.1096523 0.5292789 0.068567314)             (90.136654 -46.023429 12.881379)              (0.31929271 -0.16510536 0.045442337)          (0.00038889644 0.0018771578 0.00024318308)    (0.31968161 -0.1632282 0.045685521)          
weiyi                     (-4.7288015 -753.80624 -11.384121)            (0.019660072 0.22217119 -0.11976039)          (-4.7091414 -753.58407 -11.503881)            (-0.016771322 -2.6734738 -0.040375295)        (6.9727055e-05 0.00078795961 -0.0004247461)   (-0.016701595 -2.6726859 -0.040800041)       
xiaoyi                    (6.9821295 55.829267 -0.3581155)              (0.058439539 0.035160222 -0.016804429)        (7.0405691 55.864427 -0.37491993)             (0.024763049 0.1980059 -0.0012701042)         (0.00020726358 0.00012470039 -5.9599137e-05)  (0.024970313 0.19813061 -0.0013297033)       
youfuyi                   (43.01193 -4.6914884 -15.408878)              (0.038821349 0.0074459205 -0.12310817)        (43.050751 -4.6840425 -15.531986)             (0.15254752 -0.016638986 -0.05464963)         (0.00013768507 2.6407945e-05 -0.00043661946)  (0.1526852 -0.016612578 -0.055086249)        
youweiduo                 (0.26454922 -2.6140353 1.6291495)             (0.011255567 0.015299012 -0.077090601)        (0.27580479 -2.5987363 1.5520589)             (0.00093825893 -0.009271023 0.0057779949)     (3.9919364e-05 5.4259978e-05 -0.00027341205)  (0.00097817829 -0.009216763 0.0055045828)    
zhongyangyi               (6.4908037 -273.4551 1.1439041)               (0.013015108 0.30473534 0.010654804)          (6.5038188 -273.15037 1.1545589)              (0.023020497 -0.96984481 0.0040570075)        (4.6159809e-05 0.0010807843 3.7788678e-05)    (0.023066656 -0.96876403 0.0040947962)       
zuofuyi                   (-27.273749 -3.8423941 0.33955495)            (-0.048792721 0.0090841864 0.15690614)        (-27.322542 -3.8333099 0.49646109)            (-0.096729971 -0.01362756 0.0012042767)       (-0.00017304986 3.2218273e-05 0.00055648844)  (-0.096903021 -0.013595342 0.0017607651)     
zuoweiduo                 (-0.40734531 -3.2652884 -2.0585404)           (-0.002392286 0.027961887 0.049092702)        (-0.40973759 -3.2373265 -2.0094477)           (-0.0014447042 -0.011580779 -0.0073008866)    (-8.4845596e-06 9.9170543e-05 0.00017411378)  (-0.0014531887 -0.011481608 -0.0071267728)   
------------------------- --------------------------------------------- --------------------------------------------- --------------------------------------------- --------------------------------------------- --------------------------------------------- ---------------------------------------------
Net                       (113.92291 -79.473064 -8.7193763)             (0.17113485 1.3563622 0.034932572)            (114.09405 -78.116702 -8.6844437)             (0.40404272 -0.28186177 -0.030924425)         (0.00060695247 0.0048105184 0.000123893)      (0.40464967 -0.27705125 -0.030800532)        

Moments - Moment Center (0 0 0.05) Moment Axis (0 1 0)
                          Moments [N m]                                   Coefficients                                   
Zone                      Pressure        Viscous         Total           Pressure        Viscous         Total          
jidi                      -22.911202      -0.001675699    -22.912877      -0.081257617    -5.9430888e-06  -0.08126356    
jishen                    -228.4888       -0.058999177    -228.54779      -0.81036583     -0.00020924841  -0.81057508    
jitou                     554.15113       0.12840029      554.27953       1.9653705       0.00045538867   1.9658259      
liangan                   650.17379       0.13750009      650.31129       2.3059276       0.00048766233   2.3064153      
waiyi                     -46.552708      0.5292789       -46.023429      -0.16510536     0.0018771578    -0.1632282     
weiyi                     -753.80624      0.22217119      -753.58407      -2.6734738      0.00078795961   -2.6726859     
xiaoyi                    55.829267       0.035160222     55.864427       0.1980059       0.00012470039   0.19813061     
youfuyi                   -4.6914884      0.0074459205    -4.6840425      -0.016638986    2.6407945e-05   -0.016612578   
youweiduo                 -2.6140353      0.015299012     -2.5987363      -0.009271023    5.4259978e-05   -0.009216763   
zhongyangyi               -273.4551       0.30473534      -273.15037      -0.96984481     0.0010807843    -0.96876403    
zuofuyi                   -3.8423941      0.0090841864    -3.8333099      -0.01362756     3.2218273e-05   -0.013595342   
zuoweiduo                 -3.2652884      0.027961887     -3.2373265      -0.011580779    9.9170543e-05   -0.011481608   
------------------------- --------------- --------------- --------------- --------------- --------------- ---------------
Net                       -79.473064      1.3563622       -78.116702      -0.28186177     0.0048105184    -0.27705125    
