                                    "Force Report"

Forces
                          Forces [N]                                                                                                                                Coefficients                                                                                                                             
Zone                      Pressure                                      Viscous                                       Total                                         Pressure                                      Viscous                                       Total                                        
jidi                      (1145.2452 -9.4643754e-08 0.00043548438)      (2.9185647e-08 0.0012601251 0.0044341529)     (1145.2452 0.0012600304 0.0048696373)         (1.4813254 -1.2241762e-10 5.6328028e-07)      (3.7750377e-11 1.6299175e-06 5.7353857e-06)   (1.4813254 1.6297951e-06 6.2986659e-06)      
jishen                    (9086.4144 -0.18523552 -12498.916)            (1.162031 -0.058741745 0.028096096)           (9087.5764 -0.24397726 -12498.888)            (11.752885 -0.00023959416 -16.166809)         (0.001503037 -7.5979916e-05 3.6341089e-05)    (11.754388 -0.00031557407 -16.166773)        
jitou                     (-11257.179 -6.7957514 21.514332)             (1.1408089 -0.085388499 0.24021268)           (-11256.038 -6.8811399 21.754545)             (-14.560675 -0.0087900116 0.027827862)        (0.0014755871 -0.00011044634 0.00031070475)   (-14.5592 -0.008900458 0.028138567)          
liangan                   (-81.159752 0.5068902 -3070.7629)             (1.1965434 -0.031826698 0.096303508)          (-79.963208 0.4750635 -3070.6666)             (-0.10497664 0.00065564062 -3.9718995)        (0.0015476774 -4.1166462e-05 0.00012456444)   (-0.10342896 0.00061447416 -3.9717749)       
waiyi                     (-188.05972 -0.39411952 1891.5847)            (3.8232793 -0.2463669 0.77984798)             (-184.23644 -0.64048643 1892.3645)            (-0.24324714 -0.00050977662 2.4466833)        (0.004945247 -0.00031866497 0.0010086998)     (-0.2383019 -0.00082844159 2.447692)         
weiyi                     (44.189864 -8.5611668 575.08311)              (1.4223295 -0.083786472 0.077292865)          (45.612194 -8.6449533 575.1604)               (0.057157685 -0.0110735 0.74384522)           (0.0018397219 -0.00010837419 9.9974991e-05)   (0.058997407 -0.011181875 0.74394519)        
xiaoyi                    (153.3616 -0.32206661 -367.79583)             (0.35248613 -0.023267425 0.056506666)         (153.71408 -0.34533403 -367.73932)            (0.19836662 -0.00041657928 -0.47572805)       (0.00045592562 -3.0095412e-05 7.3088938e-05)  (0.19882254 -0.00044667469 -0.47565497)      
youfuyi                   (-0.13732568 -0.6735937 19.879888)            (0.15194304 -0.0085353771 0.03535001)         (0.01461736 -0.68212907 19.915238)            (-0.00017762485 -0.00087126442 0.025713778)   (0.00019653177 -1.1040143e-05 4.5723714e-05)  (1.8906926e-05 -0.00088230456 0.025759502)   
youweiduo                 (-0.8763726 0.63800803 1.1451706)             (0.14773435 -0.017903938 0.011458808)         (-0.72863824 0.6201041 1.1566294)             (-0.0011335502 0.0008252359 0.0014812288)     (0.00019108802 -2.3157972e-05 1.4821474e-05)  (-0.00094246217 0.00080207793 0.0014960503)  
zhongyangyi               (1028.3333 0.0029623365 14341.383)            (2.2026758 -0.065712729 0.37013951)           (1030.536 -0.062750393 14341.753)             (1.3301048 3.8316546e-06 18.549961)           (0.0028490662 -8.4996584e-05 0.0004787595)    (1.3329539 -8.1164929e-05 18.55044)          
zuofuyi                   (-2.1869465 0.096436201 6.1277251)            (0.1161189 -0.034104219 0.022077581)          (-2.0708276 0.062331982 6.1498027)            (-0.0028287211 0.00012473607 0.0079259483)    (0.00015019479 -4.4112338e-05 2.85564e-05)    (-0.0026785263 8.0623733e-05 0.0079545047)   
zuoweiduo                 (-0.87111493 -0.97063841 1.7018)              (0.14044906 -0.0047597779 0.0033538379)       (-0.73066587 -0.97539819 1.7051538)           (-0.0011267496 -0.001255479 0.0022012049)     (0.00018166481 -6.1565676e-06 4.3380448e-06)  (-0.00094508481 -0.0012616355 0.002205543)   
------------------------- --------------------------------------------- --------------------------------------------- --------------------------------------------- --------------------------------------------- --------------------------------------------- ---------------------------------------------
Net                       (-72.925391 -16.658275 920.9457)              (11.856399 -0.65913366 1.7250737)             (-61.068992 -17.317409 922.67078)             (-0.094325851 -0.021546761 1.1912036)         (0.015335742 -0.00085256099 0.0022313085)     (-0.078990109 -0.022399322 1.1934349)        

Forces - Direction Vector (0.98785583 -0.069756474 0.13883408)
                          Forces [N]                                      Coefficients                                   
Zone                      Pressure        Viscous         Total           Pressure        Viscous         Total          
jidi                      1131.3372       0.00052773849   1131.3378       1.463336        6.82607e-07     1.4633367      
jishen                    7240.8048       1.1559174       7241.9607       9.3656689       0.0014951294    9.3671641      
jitou                     -11117.008      1.1662608       -11115.842      -14.379371      0.0015085081    -14.377863     
liangan                   -506.53604      1.1976027       -505.33844      -0.65518254     0.0015490475    -0.65363349    
waiyi                     76.868026       3.9023039       80.770329       0.099425479     0.0050474619    0.10447294     
weiyi                     124.09155       1.421632        125.51318       0.16050707      0.0018388197    0.16234589     
xiaoyi                    100.45902       0.35767358      100.81669       0.12993941      0.00046263536   0.13040204     
youfuyi                   2.6713355       0.155601        2.8269365       0.0034552574    0.00020126319   0.0036565206   
youweiduo                 -0.75124626     0.14878003      -0.60246623     -0.00097170466  0.00019244056   -0.0007792641  
zhongyangyi               3006.9176       2.231898        3009.1495       3.8893184       0.0028868638    3.8922052      
zuofuyi                   -1.3163778      0.12015284      -1.196225       -0.001702678    0.00015541252   -0.0015472655  
zuoweiduo                 -0.55655981     0.13954107      -0.41701873     -0.00071988613  0.00018049037   -0.00053939576 
------------------------- --------------- --------------- --------------- --------------- --------------- ---------------
Net                       56.980902       11.997891       68.978793       0.073702341     0.015518755     0.089221096    
