                                    "Force Report"

Moments - Moment Center (0 0 0.05)
                          Moments [N m]                                                                                                                             Coefficients                                                                                                                             
Zone                      Pressure                                      Viscous                                       Total                                         Pressure                                      Viscous                                       Total                                        
jidi                      (-3.9312279e-09 -22.925194 0.0082298311)      (8.1434966e-05 -0.0034140011 0.002887997)     (8.1431035e-05 -22.928608 0.011117828)        (-1.3942621e-11 -0.081307241 2.9188188e-05)   (2.8881991e-07 -1.2108208e-05 1.0242664e-05)  (2.8880597e-07 -0.08131935 3.9430852e-05)    
jishen                    (-0.12803112 -229.53154 2.7718404)            (-0.028502106 -0.068275294 0.0097523891)      (-0.15653323 -229.59982 2.7815928)            (-0.00045407937 -0.81406407 0.0098306999)     (-0.0001010865 -0.00024214739 3.4588142e-05)  (-0.00055516587 -0.81430622 0.009865288)     
jitou                     (-1.2681776 552.79295 12.545283)              (-0.014077817 0.11866035 0.16262105)          (-1.2822554 552.91161 12.707904)              (-0.00449776 1.9605535 0.044493511)           (-4.9928847e-05 0.00042084468 0.00057675714)  (-0.0045476888 1.9609744 0.045070268)        
liangan                   (2.1738393 651.58739 -1.9725274)              (0.03656071 0.14671326 -0.0095640429)         (2.2104 651.7341 -1.9820915)                  (0.0077098095 2.3109411 -0.0069958302)        (0.00012966741 0.00052033803 -3.3920147e-05)  (0.0078394769 2.3114615 -0.0070297504)       
waiyi                     (66.672566 -44.400013 5.7180472)              (0.14051255 0.51851676 -0.062837256)          (66.813078 -43.881496 5.65521)                (0.2364631 -0.15747054 0.020279813)           (0.00049834642 0.0018389885 -0.00022286067)   (0.23696145 -0.15563155 0.020056953)         
weiyi                     (-10.057152 -733.90512 -34.762565)            (0.092089437 0.30023442 -0.3816348)           (-9.9650624 -733.60489 -35.1442)              (-0.035669023 -2.6028919 -0.12329005)         (0.00032660741 0.0010648212 -0.0013535185)    (-0.035342416 -2.6018271 -0.12464357)        
xiaoyi                    (16.8094 55.855625 -1.4723421)                (0.13249884 0.036220289 -0.037390317)         (16.941899 55.891846 -1.5097324)              (0.059616769 0.19809939 -0.0052218566)        (0.00046992471 0.00012846006 -0.00013260972)  (0.060086693 0.19822785 -0.0053544663)       
youfuyi                   (27.484156 -3.9059499 -0.17529432)            (0.060765378 0.0075039285 -0.16562895)        (27.544922 -3.8984459 -0.34092327)            (0.097476207 -0.01385297 -0.00062170458)      (0.00021551248 2.6613678e-05 -0.00058742505)  (0.09769172 -0.013826356 -0.0012091296)      
youweiduo                 (0.044982587 -1.1415749 0.78109417)           (0.020675145 0.010756865 -0.1127109)          (0.065657732 -1.130818 0.66838327)            (0.00015953671 -0.0040487469 0.0027702541)    (7.3327144e-05 3.8150649e-05 -0.00039974417)  (0.00023286386 -0.0040105963 0.00237051)     
zhongyangyi               (10.818171 -274.94969 1.1871273)              (0.019104376 0.3092091 -0.0038037652)         (10.837276 -274.64048 1.1833235)              (0.038368079 -0.97514554 0.0042103044)        (6.7756206e-05 0.0010966511 -1.3490558e-05)   (0.038435836 -0.97404889 0.0041968138)       
zuofuyi                   (-11.429756 -1.9011572 -2.7449595)            (-0.023415675 0.010020178 0.1248004)          (-11.453171 -1.891137 -2.6201591)             (-0.040537145 -0.0067427061 -0.0097353631)    (-8.3046797e-05 3.553789e-05 0.00044262117)   (-0.040620192 -0.0067071682 -0.0092927419)   
zuoweiduo                 (-0.45401549 -3.5126656 -2.189451)            (0.012266009 0.048644906 0.0047372717)        (-0.44174948 -3.4640207 -2.1847138)           (-0.0016102262 -0.012458135 -0.0077651787)    (4.3503029e-05 0.00017252561 1.6801363e-05)   (-0.0015667231 -0.012285609 -0.0077483773)   
------------------------- --------------------------------------------- --------------------------------------------- --------------------------------------------- --------------------------------------------- --------------------------------------------- ---------------------------------------------
Net                       (100.66598 -55.936939 -20.305518)             (0.44855828 1.4347908 -0.46877093)            (101.11454 -54.502148 -20.774289)             (0.35702527 -0.19838778 -0.072016214)         (0.0015908715 0.0050886758 -0.0016625583)     (0.35861614 -0.1932991 -0.073678772)         

Moments - Moment Center (0 0 0.05) Moment Axis (0 1 0)
                          Moments [N m]                                   Coefficients                                   
Zone                      Pressure        Viscous         Total           Pressure        Viscous         Total          
jidi                      -22.925194      -0.0034140011   -22.928608      -0.081307241    -1.2108208e-05  -0.08131935    
jishen                    -229.53154      -0.068275294    -229.59982      -0.81406407     -0.00024214739  -0.81430622    
jitou                     552.79295       0.11866035      552.91161       1.9605535       0.00042084468   1.9609744      
liangan                   651.58739       0.14671326      651.7341        2.3109411       0.00052033803   2.3114615      
waiyi                     -44.400013      0.51851676      -43.881496      -0.15747054     0.0018389885    -0.15563155    
weiyi                     -733.90512      0.30023442      -733.60489      -2.6028919      0.0010648212    -2.6018271     
xiaoyi                    55.855625       0.036220289     55.891846       0.19809939      0.00012846006   0.19822785     
youfuyi                   -3.9059499      0.0075039285    -3.8984459      -0.01385297     2.6613678e-05   -0.013826356   
youweiduo                 -1.1415749      0.010756865     -1.130818       -0.0040487469   3.8150649e-05   -0.0040105963  
zhongyangyi               -274.94969      0.3092091       -274.64048      -0.97514554     0.0010966511    -0.97404889    
zuofuyi                   -1.9011572      0.010020178     -1.891137       -0.0067427061   3.553789e-05    -0.0067071682  
zuoweiduo                 -3.5126656      0.048644906     -3.4640207      -0.012458135    0.00017252561   -0.012285609   
------------------------- --------------- --------------- --------------- --------------- --------------- ---------------
Net                       -55.936939      1.4347908       -54.502148      -0.19838778     0.0050886758    -0.1932991     
