                                    "Force Report"

Moments - Moment Center (0 0 0.05)
                          Moments [N m]                                                                                                                             Coefficients                                                                                                                             
Zone                      Pressure                                      Viscous                                       Total                                         Pressure                                      Viscous                                       Total                                        
jidi                      (-3.1364295e-09 -22.8804 0.0029765981)        (-1.5960316e-05 0.00062937835 0.0001918736)   (-1.5963452e-05 -22.87977 0.0031684717)       (-1.1123764e-11 -0.081148374 1.05569e-05)     (-5.6605379e-08 2.2321738e-06 6.805052e-07)   (-5.6616502e-08 -0.081146142 1.1237405e-05)  
jishen                    (0.20356474 -232.8511 1.5766768)              (-0.014887671 -0.091813862 -0.005820385)      (0.18867706 -232.94291 1.5708564)             (0.00072196935 -0.82583732 0.0055918934)      (-5.2801102e-05 -0.00032563004 -2.0642768e-05) (0.00066916825 -0.82616295 0.0055712507)     
jitou                     (-0.45962201 531.40996 4.5105834)             (-0.0048995718 -0.11380305 0.054858626)       (-0.46452159 531.29616 4.565442)              (-0.0016301105 1.884716 0.015997383)          (-1.7376982e-05 -0.00040361763 0.0001945634)  (-0.0016474874 1.8843123 0.016191946)        
liangan                   (1.3382844 645.60121 -0.081161378)            (0.023617816 0.13174837 0.031716129)          (1.3619022 645.73296 -0.04944525)             (0.0047464033 2.2897104 -0.0002878496)        (8.3763719e-05 0.00046726309 0.00011248546)   (0.004830167 2.2901776 -0.00017536414)       
waiyi                     (65.02625 -52.618521 -5.1887073)              (0.10087993 0.53701346 -0.1243589)            (65.12713 -52.081507 -5.3130662)              (0.23062423 -0.18661857 -0.018402439)         (0.00035778405 0.0019045895 -0.00044105533)   (0.23098201 -0.18471398 -0.018843494)        
weiyi                     (-2.7313756 -618.8543 -9.1086731)             (0.031043585 0.60904302 -0.091905191)         (-2.700332 -618.24526 -9.2005783)             (-0.009687186 -2.1948489 -0.032305118)        (0.00011010019 0.0021600519 -0.00032595395)   (-0.0095770858 -2.1926888 -0.032631072)      
xiaoyi                    (0.57254173 55.871153 -0.36584819)            (0.012987669 0.041198181 -0.01334531)         (0.5855294 55.912351 -0.3791935)              (0.0020305952 0.19815446 -0.0012975291)       (4.6062493e-05 0.00014611481 -4.7330912e-05)  (0.0020766577 0.19830057 -0.0013448601)      
youfuyi                   (12.494575 -1.8288187 1.0389739)              (0.002300147 0.021532237 -0.22725318)         (12.496875 -1.8072865 0.81172074)             (0.044313668 -0.0064861483 0.0036848589)      (8.1577766e-06 7.6366936e-05 -0.00080598355)  (0.044321826 -0.0064097813 0.0028788753)     
youweiduo                 (-0.14228591 1.1983373 -0.54758628)           (0.0019915779 0.051107552 -0.074928785)       (-0.14029433 1.2494449 -0.62251507)           (-0.00050463587 0.0042500624 -0.0019420874)   (7.0633953e-06 0.00018125972 -0.00026574488)  (-0.00049757247 0.0044313221 -0.0022078323)  
zhongyangyi               (7.587845 -290.49677 -0.59859427)             (0.024137692 0.29787296 -0.017210892)         (7.6119827 -290.19889 -0.61580516)            (0.026911299 -1.0302853 -0.002122994)         (8.5607527e-05 0.001056446 -6.1040713e-05)    (0.026996907 -1.0292289 -0.0021840347)       
zuofuyi                   (11.395058 1.3133764 -1.4964728)              (0.055034319 0.022197101 0.14775737)          (11.450092 1.3355735 -1.3487154)              (0.040414084 0.0046580635 -0.0053074392)      (0.00019518651 7.8724963e-05 0.00052404112)   (0.040609271 0.0047367885 -0.0047833981)     
zuoweiduo                 (-0.00071222564 0.40494388 0.11013076)        (0.0095486493 0.067124605 0.038702492)        (0.0088364237 0.47206848 0.14883325)          (-2.5260027e-06 0.0014361872 0.00039059336)   (3.3865552e-05 0.00023806632 0.00013726352)   (3.1339549e-05 0.0016742535 0.00052785689)   
------------------------- --------------------------------------------- --------------------------------------------- --------------------------------------------- --------------------------------------------- --------------------------------------------- ---------------------------------------------
Net                       (95.284123 16.269084 -10.147702)              (0.24173818 1.5738499 -0.28159615)            (95.525861 17.842934 -10.429298)              (0.33793779 0.057700465 -0.035990171)         (0.00085735653 0.0055818677 -0.0009987181)    (0.33879514 0.063282332 -0.036988889)        

Moments - Moment Center (0 0 0.05) Moment Axis (0 1 0)
                          Moments [N m]                                   Coefficients                                   
Zone                      Pressure        Viscous         Total           Pressure        Viscous         Total          
jidi                      -22.8804        0.00062937835   -22.87977       -0.081148374    2.2321738e-06   -0.081146142   
jishen                    -232.8511       -0.091813862    -232.94291      -0.82583732     -0.00032563004  -0.82616295    
jitou                     531.40996       -0.11380305     531.29616       1.884716        -0.00040361763  1.8843123      
liangan                   645.60121       0.13174837      645.73296       2.2897104       0.00046726309   2.2901776      
waiyi                     -52.618521      0.53701346      -52.081507      -0.18661857     0.0019045895    -0.18471398    
weiyi                     -618.8543       0.60904302      -618.24526      -2.1948489      0.0021600519    -2.1926888     
xiaoyi                    55.871153       0.041198181     55.912351       0.19815446      0.00014611481   0.19830057     
youfuyi                   -1.8288187      0.021532237     -1.8072865      -0.0064861483   7.6366936e-05   -0.0064097813  
youweiduo                 1.1983373       0.051107552     1.2494449       0.0042500624    0.00018125972   0.0044313221   
zhongyangyi               -290.49677      0.29787296      -290.19889      -1.0302853      0.001056446     -1.0292289     
zuofuyi                   1.3133764       0.022197101     1.3355735       0.0046580635    7.8724963e-05   0.0047367885   
zuoweiduo                 0.40494388      0.067124605     0.47206848      0.0014361872    0.00023806632   0.0016742535   
------------------------- --------------- --------------- --------------- --------------- --------------- ---------------
Net                       16.269084       1.5738499       17.842934       0.057700465     0.0055818677    0.063282332    
