                                    "Force Report"

Moments - Moment Center (0 0 0.05)
                          Moments [N m]                                                                                                                             Coefficients                                                                                                                             
Zone                      Pressure                                      Viscous                                       Total                                         Pressure                                      Viscous                                       Total                                        
jidi                      (5.7521062e-09 -22.925222 0.0097465197)       (1.8764032e-05 -0.0036332248 0.0024519488)    (1.8769784e-05 -22.928855 0.012198469)        (2.0400608e-11 -0.081307343 3.4567325e-05)    (6.6549129e-08 -1.2885714e-05 8.6961617e-06)  (6.6569529e-08 -0.081320229 4.3263487e-05)   
jishen                    (-0.26983396 -232.05208 3.5621721)            (-0.027108093 -0.082833365 0.019613204)       (-0.29694205 -232.13491 3.5817853)            (-0.00095700193 -0.8230035 0.012633716)       (-9.614245e-05 -0.00029377952 6.9560832e-05)  (-0.0010531444 -0.82329728 0.012703277)      
jitou                     (-1.3099821 553.65523 12.941992)              (-0.01440468 0.14085441 0.16444387)           (-1.3243868 553.79609 13.106436)              (-0.0046460253 1.9636118 0.045900493)         (-5.108811e-05 0.00049955884 0.00058322199)   (-0.0046971134 1.9641113 0.046483715)        
liangan                   (2.1649002 651.49387 -2.2336277)              (0.034879854 0.14222276 -0.0046613441)        (2.19978 651.63609 -2.238289)                 (0.0076781057 2.3106095 -0.007921857)         (0.00012370603 0.00050441188 -1.6532075e-05)  (0.0078018117 2.3111139 -0.007938389)        
waiyi                     (66.210727 -45.056239 6.4435828)              (0.14979893 0.47522639 -0.051921036)          (66.360526 -44.581012 6.3916617)              (0.23482513 -0.15979793 0.022853021)          (0.0005312818 0.0016854535 -0.00018414484)    (0.23535641 -0.15811248 0.022668876)         
weiyi                     (-9.2514406 -740.39817 -29.643945)            (0.086448928 0.20363775 -0.3844474)           (-9.1649916 -740.19453 -30.028392)            (-0.032811462 -2.6259204 -0.10513618)         (0.00030660259 0.00072222832 -0.0013634937)   (-0.032504859 -2.6251981 -0.10649968)        
xiaoyi                    (18.873279 55.755018 -1.6672419)              (0.14243065 0.034417362 -0.036669007)         (19.015709 55.789435 -1.7039109)              (0.066936588 0.19774257 -0.0059130946)        (0.00050514919 0.00012206574 -0.0001300515)   (0.067441737 0.19786463 -0.0060431461)       
youfuyi                   (29.479778 -4.1454551 -0.49653857)            (0.062914921 0.0076719119 -0.16712507)        (29.542693 -4.1377832 -0.66366364)            (0.10455395 -0.014702407 -0.0017610399)       (0.00022313612 2.7209454e-05 -0.00059273123)  (0.10477708 -0.014675197 -0.0023537712)      
youweiduo                 (0.0629825 -1.6801753 1.1042276)              (0.020088769 0.010164979 -0.11003525)         (0.083071268 -1.6700103 0.99419233)           (0.00022337579 -0.0059589646 0.0039162896)    (7.1247484e-05 3.6051446e-05 -0.00039025461)  (0.00029462328 -0.0059229132 0.003526035)    
zhongyangyi               (2.7154832 -276.37876 -1.7036479)             (0.0059745946 0.28785449 -0.0016687154)       (2.7214577 -276.09091 -1.7053166)             (0.0096308213 -0.98021396 -0.0060422133)      (2.1189692e-05 0.0010209141 -5.9183207e-06)   (0.009652011 -0.97919304 -0.0060481316)      
zuofuyi                   (-13.84787 -2.2472855 -2.7036305)             (-0.027180853 0.010449262 0.13356364)         (-13.875051 -2.2368363 -2.5700668)            (-0.049113309 -0.0079702963 -0.0095887843)    (-9.6400501e-05 3.7059694e-05 0.00047370118)  (-0.049209709 -0.0079332366 -0.0091150831)   
zuoweiduo                 (-0.42153515 -4.1657508 -2.5823963)           (0.010827443 0.038327726 0.0047766016)        (-0.41070771 -4.127423 -2.5776197)            (-0.0014950303 -0.014774388 -0.0091588113)    (3.8400963e-05 0.00013593436 1.6940851e-05)   (-0.0014566294 -0.014638454 -0.0091418704)   
------------------------- --------------------------------------------- --------------------------------------------- --------------------------------------------- --------------------------------------------- --------------------------------------------- ---------------------------------------------
Net                       (94.406488 -68.145017 -16.969306)             (0.44468923 1.2643604 -0.43167856)            (94.851178 -66.880656 -17.400985)             (0.33482514 -0.24168534 -0.060183897)         (0.0015771494 0.0044842221 -0.0015310053)     (0.33640229 -0.23720112 -0.061714902)        

Moments - Moment Center (0 0 0.05) Moment Axis (0 1 0)
                          Moments [N m]                                   Coefficients                                   
Zone                      Pressure        Viscous         Total           Pressure        Viscous         Total          
jidi                      -22.925222      -0.0036332248   -22.928855      -0.081307343    -1.2885714e-05  -0.081320229   
jishen                    -232.05208      -0.082833365    -232.13491      -0.8230035      -0.00029377952  -0.82329728    
jitou                     553.65523       0.14085441      553.79609       1.9636118       0.00049955884   1.9641113      
liangan                   651.49387       0.14222276      651.63609       2.3106095       0.00050441188   2.3111139      
waiyi                     -45.056239      0.47522639      -44.581012      -0.15979793     0.0016854535    -0.15811248    
weiyi                     -740.39817      0.20363775      -740.19453      -2.6259204      0.00072222832   -2.6251981     
xiaoyi                    55.755018       0.034417362     55.789435       0.19774257      0.00012206574   0.19786463     
youfuyi                   -4.1454551      0.0076719119    -4.1377832      -0.014702407    2.7209454e-05   -0.014675197   
youweiduo                 -1.6801753      0.010164979     -1.6700103      -0.0059589646   3.6051446e-05   -0.0059229132  
zhongyangyi               -276.37876      0.28785449      -276.09091      -0.98021396     0.0010209141    -0.97919304    
zuofuyi                   -2.2472855      0.010449262     -2.2368363      -0.0079702963   3.7059694e-05   -0.0079332366  
zuoweiduo                 -4.1657508      0.038327726     -4.127423       -0.014774388    0.00013593436   -0.014638454   
------------------------- --------------- --------------- --------------- --------------- --------------- ---------------
Net                       -68.145017      1.2643604       -66.880656      -0.24168534     0.0044842221    -0.23720112    
