                                    "Force Report"

Moments - Moment Center (0 0 0.05)
                          Moments [N m]                                                                                                                             Coefficients                                                                                                                             
Zone                      Pressure                                      Viscous                                       Total                                         Pressure                                      Viscous                                       Total                                        
jidi                      (-1.5423549e-09 -22.892833 0.0036706311)      (9.0723042e-05 -0.00056811391 0.00039829183)  (9.07215e-05 -22.893402 0.004068923)          (-5.4701664e-12 -0.081192472 1.301838e-05)    (3.2176131e-07 -2.0148914e-06 1.4125948e-06)  (3.2175584e-07 -0.081194487 1.4430975e-05)   
jishen                    (0.13345975 -231.70993 1.282779)              (-0.01454238 -0.080468041 -0.0044174735)      (0.11891737 -231.7904 1.2783616)              (0.00047333273 -0.82179003 0.004549546)       (-5.157648e-05 -0.00028539058 -1.5667156e-05) (0.00042175625 -0.82207542 0.0045338789)     
jitou                     (-0.45135123 538.06467 4.4317266)             (-0.0047959502 -0.042837192 0.054529154)      (-0.45614718 538.02183 4.4862557)             (-0.001600777 1.9083178 0.015717706)          (-1.7009474e-05 -0.00015192779 0.00019339488) (-0.0016177865 1.9081658 0.015911101)        
liangan                   (1.3827596 646.7803 0.15133349)               (0.02603638 0.12413272 0.026303432)           (1.408796 646.90443 0.17763693)               (0.0049041403 2.2938921 0.00053672431)        (9.2341477e-05 0.00044025315 9.3288614e-05)   (0.0049964818 2.2943324 0.00063001293)       
waiyi                     (66.95572 -47.684943 -1.4071498)              (0.106648 0.61632064 -0.1726428)              (67.062368 -47.068622 -1.5797926)             (0.23746735 -0.16912098 -0.0049906435)        (0.00037824128 0.0021858629 -0.0006123006)    (0.23784559 -0.16693512 -0.0056029441)       
weiyi                     (-2.4657748 -650.7293 -9.0373142)             (0.031530488 0.54668435 -0.10138543)          (-2.4342443 -650.18261 -9.1386996)            (-0.0087451976 -2.3078978 -0.032052034)       (0.00011182706 0.0019388886 -0.00035957688)   (-0.0086333705 -2.3059589 -0.032411611)      
xiaoyi                    (2.2015971 55.878925 -0.34570823)             (0.02618011 0.039158586 -0.018515097)         (2.2277772 55.918084 -0.36422333)             (0.0078082561 0.19818202 -0.0012261001)       (9.2851236e-05 0.00013888112 -6.566625e-05)   (0.0079011074 0.1983209 -0.0012917664)       
youfuyi                   (16.074936 -2.3328659 0.97848534)             (0.017090074 0.018851889 -0.21974621)         (16.092026 -2.314014 0.75873913)              (0.057011893 -0.0082738184 0.0034703281)      (6.0612216e-05 6.6860727e-05 -0.00077935909)  (0.057072505 -0.0082069577 0.002690969)      
youweiduo                 (-0.047796497 0.24115454 0.014919998)         (0.004821343 0.043197456 -0.079351591)        (-0.042975154 0.28435199 -0.064431593)        (-0.00016951662 0.00085528656 5.2915754e-05)  (1.7099533e-05 0.00015320551 -0.00028143095)  (-0.00015241709 0.0010084921 -0.00022851519) 
zhongyangyi               (7.2262286 -283.0705 0.12590261)              (0.021217708 0.34330526 -0.014538551)         (7.2474463 -282.7272 0.11136406)              (0.025628779 -1.0039471 0.00044653032)        (7.5251416e-05 0.0012175777 -5.15629e-05)     (0.02570403 -1.0027295 0.00039496742)        
zuofuyi                   (7.4816567 0.65536346 -2.0130616)             (0.039750461 0.021063588 0.16114285)          (7.5214071 0.67642705 -1.8519187)             (0.026534688 0.0023243335 -0.0071395899)      (0.00014098028 7.470481e-05 0.00057151449)    (0.026675668 0.0023990383 -0.0065680754)     
zuoweiduo                 (-0.068190896 -0.46215198 -0.40832137)        (0.0067468401 0.059160067 0.043403441)        (-0.061444056 -0.40299191 -0.36491793)        (-0.00024184806 -0.0016390833 -0.0014481659)  (2.3928564e-05 0.00020981903 0.00015393606)   (-0.0002179195 -0.0014292643 -0.0012942299)  
------------------------- --------------------------------------------- --------------------------------------------- --------------------------------------------- --------------------------------------------- --------------------------------------------- ---------------------------------------------
Net                       (98.423244 2.7378834 -6.2227375)              (0.2607738 1.6880012 -0.32481998)             (98.684018 4.4258846 -6.5475575)              (0.3490711 0.0097102668 -0.022069764)         (0.00092486887 0.0059867203 -0.0011520172)    (0.34999596 0.015696987 -0.023221781)        

Moments - Moment Center (0 0 0.05) Moment Axis (0 1 0)
                          Moments [N m]                                   Coefficients                                   
Zone                      Pressure        Viscous         Total           Pressure        Viscous         Total          
jidi                      -22.892833      -0.00056811391  -22.893402      -0.081192472    -2.0148914e-06  -0.081194487   
jishen                    -231.70993      -0.080468041    -231.7904       -0.82179003     -0.00028539058  -0.82207542    
jitou                     538.06467       -0.042837192    538.02183       1.9083178       -0.00015192779  1.9081658      
liangan                   646.7803        0.12413272      646.90443       2.2938921       0.00044025315   2.2943324      
waiyi                     -47.684943      0.61632064      -47.068622      -0.16912098     0.0021858629    -0.16693512    
weiyi                     -650.7293       0.54668435      -650.18261      -2.3078978      0.0019388886    -2.3059589     
xiaoyi                    55.878925       0.039158586     55.918084       0.19818202      0.00013888112   0.1983209      
youfuyi                   -2.3328659      0.018851889     -2.314014       -0.0082738184   6.6860727e-05   -0.0082069577  
youweiduo                 0.24115454      0.043197456     0.28435199      0.00085528656   0.00015320551   0.0010084921   
zhongyangyi               -283.0705       0.34330526      -282.7272       -1.0039471      0.0012175777    -1.0027295     
zuofuyi                   0.65536346      0.021063588     0.67642705      0.0023243335    7.470481e-05    0.0023990383   
zuoweiduo                 -0.46215198     0.059160067     -0.40299191     -0.0016390833   0.00020981903   -0.0014292643  
------------------------- --------------- --------------- --------------- --------------- --------------- ---------------
Net                       2.7378834       1.6880012       4.4258846       0.0097102668    0.0059867203    0.015696987    
