                                    "Force Report"

Moments - Moment Center (0 0 0.05)
                          Moments [N m]                                                                                                                             Coefficients                                                                                                                             
Zone                      Pressure                                      Viscous                                       Total                                         Pressure                                      Viscous                                       Total                                        
jidi                      (1.7358129e-08 -22.926563 0.012320382)        (-1.920276e-05 -0.0029088104 0.0013587008)    (-1.9185402e-05 -22.929472 0.013679083)       (6.1562906e-11 -0.081312097 4.3695871e-05)    (-6.8105136e-08 -1.0316482e-05 4.8188128e-06) (-6.8043573e-08 -0.081322414 4.8514684e-05)  
jishen                    (-0.19053733 -232.60549 2.8571943)            (-0.016123612 -0.092521391 0.0202833)         (-0.20666094 -232.69801 2.8774776)            (-0.00067576593 -0.82496625 0.010133419)      (-5.7184529e-05 -0.00032813939 7.1937414e-05) (-0.00073295046 -0.82529439 0.010205356)     
jitou                     (-0.92258308 555.62844 9.0857372)             (-0.0097661764 0.16701107 0.1117713)          (-0.93234925 555.79545 9.1975085)             (-0.0032720633 1.97061 0.032223773)           (-3.4637041e-05 0.00059232692 0.00039641174)  (-0.0033067004 1.9712023 0.032620184)        
liangan                   (1.1208483 651.33138 -2.1258133)              (0.0092460081 0.13710572 0.0010540933)        (1.1300944 651.46848 -2.1247592)              (0.0039752374 2.3100332 -0.007539479)         (3.2792195e-05 0.00048626364 3.7384818e-06)   (0.0040080296 2.3105194 -0.0075357406)       
waiyi                     (59.708061 -45.658069 7.5045789)              (0.11911926 0.43592401 -0.025561739)          (59.82718 -45.222145 7.4790171)               (0.21176256 -0.1619324 0.026615985)           (0.00042247227 0.0015460623 -9.0658099e-05)   (0.21218503 -0.16038634 0.026525327)         
weiyi                     (-7.9854802 -759.43776 -17.600133)            (0.055935033 0.059282172 -0.26768497)         (-7.9295452 -759.37847 -17.867818)            (-0.028321565 -2.6934468 -0.062421207)        (0.00019838102 0.00021025209 -0.00094938028)  (-0.028123184 -2.6932365 -0.063370587)       
xiaoyi                    (15.176593 55.621988 -1.1005543)              (0.10487075 0.03187107 -0.0099701852)         (15.281464 55.653859 -1.1105245)              (0.053825803 0.19727076 -0.0039032617)        (0.00037193803 0.00011303498 -3.5360585e-05)  (0.054197741 0.1973838 -0.0039386223)        
youfuyi                   (31.239528 -4.3981972 -0.60202441)            (0.059354618 0.0094464505 -0.17412333)        (31.298883 -4.3887507 -0.77614774)            (0.11079513 -0.01559879 -0.0021351595)        (0.00021050903 3.350309e-05 -0.00061755149)   (0.11100564 -0.015565287 -0.0027527109)      
youweiduo                 (0.16739561 -3.2734913 2.0211891)             (0.015861058 0.0032400165 -0.090610716)       (0.18325667 -3.2702513 1.9305784)             (0.00059369076 -0.011609871 0.0071684153)     (5.6253346e-05 1.1491148e-05 -0.00032136293)  (0.0006499441 -0.01159838 0.0068470523)      
zhongyangyi               (-4.1424044 -276.19714 -3.8264975)            (-0.0071971875 0.26294076 0.01843039)         (-4.1496016 -275.9342 -3.8080671)             (-0.014691587 -0.97956982 -0.013571181)       (-2.552578e-05 0.00093255429 6.5365825e-05)   (-0.014717113 -0.97863726 -0.013505815)      
zuofuyi                   (-17.010508 -2.7486928 -2.7898468)            (-0.039117926 0.0079591522 0.13292366)        (-17.049626 -2.7407337 -2.6569231)            (-0.060330023 -0.0097486038 -0.0098945618)    (-0.00013873691 2.822819e-05 0.00047143139)   (-0.06046876 -0.0097203757 -0.0094231305)    
zuoweiduo                 (-0.43709204 -4.4084688 -2.7151759)           (0.0038284708 0.026365774 0.024705514)        (-0.43326357 -4.382103 -2.6904703)            (-0.0015502049 -0.015635219 -0.0096297314)    (1.357818e-05 9.3509717e-05 8.7621384e-05)    (-0.0015366267 -0.01554171 -0.0095421101)    
------------------------- --------------------------------------------- --------------------------------------------- --------------------------------------------- --------------------------------------------- --------------------------------------------- ---------------------------------------------
Net                       (76.723822 -89.072067 -9.2790253)             (0.2959911 1.045716 -0.25742399)              (77.019813 -88.026351 -9.5364493)             (0.27211122 -0.3159059 -0.032909294)          (0.0010497717 0.0037087705 -0.00091298833)    (0.27316099 -0.31219713 -0.033822283)        

Moments - Moment Center (0 0 0.05) Moment Axis (0 1 0)
                          Moments [N m]                                   Coefficients                                   
Zone                      Pressure        Viscous         Total           Pressure        Viscous         Total          
jidi                      -22.926563      -0.0029088104   -22.929472      -0.081312097    -1.0316482e-05  -0.081322414   
jishen                    -232.60549      -0.092521391    -232.69801      -0.82496625     -0.00032813939  -0.82529439    
jitou                     555.62844       0.16701107      555.79545       1.97061         0.00059232692   1.9712023      
liangan                   651.33138       0.13710572      651.46848       2.3100332       0.00048626364   2.3105194      
waiyi                     -45.658069      0.43592401      -45.222145      -0.1619324      0.0015460623    -0.16038634    
weiyi                     -759.43776      0.059282172     -759.37847      -2.6934468      0.00021025209   -2.6932365     
xiaoyi                    55.621988       0.03187107      55.653859       0.19727076      0.00011303498   0.1973838      
youfuyi                   -4.3981972      0.0094464505    -4.3887507      -0.01559879     3.350309e-05    -0.015565287   
youweiduo                 -3.2734913      0.0032400165    -3.2702513      -0.011609871    1.1491148e-05   -0.01159838    
zhongyangyi               -276.19714      0.26294076      -275.9342       -0.97956982     0.00093255429   -0.97863726    
zuofuyi                   -2.7486928      0.0079591522    -2.7407337      -0.0097486038   2.822819e-05    -0.0097203757  
zuoweiduo                 -4.4084688      0.026365774     -4.382103       -0.015635219    9.3509717e-05   -0.01554171    
------------------------- --------------- --------------- --------------- --------------- --------------- ---------------
Net                       -89.072067      1.045716        -88.026351      -0.3159059      0.0037087705    -0.31219713    
