                                    "Force Report"

Forces
                          Forces [N]                                                                                                                                Coefficients                                                                                                                             
Zone                      Pressure                                      Viscous                                       Total                                         Pressure                                      Viscous                                       Total                                        
jidi                      (1145.189 1.5305028e-07 0.00043528972)        (2.8209679e-08 1.2885066e-05 0.0017791138)    (1145.189 1.3038117e-05 0.0022144035)         (1.4812526 1.9796394e-10 5.6302849e-07)       (3.6488005e-11 1.6666278e-08 2.301207e-06)    (1.4812526 1.6864242e-08 2.8642355e-06)      
jishen                    (9089.1237 -0.22978299 -12492.641)            (1.213704 -0.00073974488 0.10510937)          (9090.3374 -0.23052273 -12492.536)            (11.75639 -0.00029721439 -16.158693)          (0.0015698738 -9.5682813e-07 0.00013595444)   (11.75796 -0.00029817122 -16.158557)         
jitou                     (-11262.735 0.015318741 34.028255)            (1.1131525 -0.00049138116 0.38463596)         (-11261.622 0.01482736 34.412891)             (-14.567862 1.9814131e-05 0.044014082)        (0.0014398148 -6.3558036e-07 0.00049751004)   (-14.566423 1.9178551e-05 0.044511592)       
liangan                   (-81.45914 -0.27796938 -3062.2991)            (1.3069267 -0.0098983157 0.21596393)          (-80.152213 -0.2878677 -3062.0831)            (-0.10536389 -0.00035954142 -3.9609519)       (0.0016904534 -1.2803045e-05 0.00027934004)   (-0.10367343 -0.00037234446 -3.9606726)      
waiyi                     (-250.79841 0.00028770482 2022.0542)          (2.6354971 0.0026115362 0.96771521)           (-248.16291 0.0028992411 2023.022)            (-0.32439693 3.7213379e-07 2.61544)           (0.0034089019 3.3779096e-06 0.0012516979)     (-0.32098803 3.7500434e-06 2.6166917)        
weiyi                     (36.523237 0.49827115 615.26892)              (1.1032205 -0.00040444991 0.22427034)         (37.626458 0.4978667 615.49319)               (0.047241234 0.00064449226 0.79582384)        (0.0014269682 -5.2313853e-07 0.00029008403)   (0.048668202 0.00064396912 0.79611392)       
xiaoyi                    (154.37089 -0.0074529115 -364.76537)          (0.36280058 -0.00017870141 0.10599498)        (154.73369 -0.0076316129 -364.65938)          (0.1996721 -9.6400198e-06 -0.47180829)        (0.00046926691 -2.3114257e-07 0.00013709994)  (0.20014136 -9.8711624e-06 -0.47167119)      
youfuyi                   (0.38281538 -0.86785302 26.988216)            (0.14222402 0.02600756 0.049121901)           (0.5250394 -0.84184546 27.037337)             (0.0004951552 -0.0011225305 0.034908094)      (0.00018396064 3.3639658e-05 6.3537062e-05)   (0.00067911584 -0.0010888908 0.034971631)    
youweiduo                 (-0.9080363 1.9942014 3.4413929)              (0.12705822 -0.017596798 0.027115892)         (-0.78097808 1.9766046 3.4685088)             (-0.0011745058 0.0025794135 0.0044512934)     (0.00016434433 -2.27607e-05 3.5073238e-05)    (-0.0010101615 0.0025566528 0.0044863666)    
zhongyangyi               (1003.0776 -0.0015286443 14387.408)           (1.6022308 0.00080039211 0.43268396)          (1004.6799 -0.00072825216 14387.84)           (1.2974377 -1.9772355e-06 18.609492)          (0.0020724165 1.0352727e-06 0.00055965805)    (1.2995101 -9.4196278e-07 18.610051)         
zuofuyi                   (0.4109081 0.87744635 27.163499)              (0.14105994 -0.025804268 0.050078362)         (0.55196804 0.85164209 27.213578)             (0.00053149191 0.001134939 0.035134816)       (0.00018245495 -3.3376709e-05 6.4774203e-05)  (0.00071394687 0.0011015623 0.03519959)      
zuoweiduo                 (-0.71171485 -1.6029255 2.7546063)            (0.12961351 0.0168455 0.023795702)            (-0.58210135 -1.58608 2.778402)               (-0.00092057249 -0.0020733151 0.0035629645)   (0.00016764949 2.1788929e-05 3.0778716e-05)   (-0.00075292301 -0.0020515261 0.0035937432)  
------------------------- --------------------------------------------- --------------------------------------------- --------------------------------------------- --------------------------------------------- --------------------------------------------- ---------------------------------------------
Net                       (-167.53409 0.39801301 1199.4012)             (9.8774879 -0.0088357865 2.5882647)           (-157.6566 0.38917722 1201.9895)              (-0.21669812 0.00051481268 1.5513738)         (0.012776105 -1.1428709e-05 0.0033478089)     (-0.20392202 0.00050338397 1.5547216)        

Forces - Direction Vector (0.97029747 0 0.2419149)
                          Forces [N]                                      Coefficients                                   
Zone                      Pressure        Viscous         Total           Pressure        Viscous         Total          
jidi                      1111.1741       0.00043042151   1111.1745       1.4372558       5.5673167e-07   1.4372564      
jishen                    5796.9976       1.2030815       5798.2006       7.4981665       0.001556134     7.4997227      
jitou                     -10919.971      1.1731382       -10918.798      -14.124512      0.0015174037    -14.122995     
liangan                   -819.85538      1.3203526       -818.53503      -1.0604476      0.0017078192    -1.0587398     
waiyi                     245.81599       2.7913209       248.60731       0.3179524       0.0036104533    0.32156285     
weiyi                     184.28113       1.1247064       185.40583       0.2383597       0.0014547592    0.23981445     
xiaoyi                    61.543505       0.37766625      61.921171       0.079603872     0.00048849502   0.080092367    
youfuyi                   6.9002963       0.14988292      7.0501793       0.008925236     0.0001938671    0.0091191031   
youweiduo                 -0.048541094    0.12984401      0.081302911     -6.2785814e-05  0.00016794763   0.00010516181  
zhongyangyi               4453.812        1.6593132       4455.4713       5.7608139       0.0021462501    5.7629602      
zuofuyi                   6.9699584       0.1489848       7.1189432       0.0090153408    0.00019270542   0.0092080462   
zuoweiduo                 -0.024194818    0.13152019      0.10732537      -3.1294955e-05  0.0001701157    0.00013882075  
------------------------- --------------- --------------- --------------- --------------- --------------- ---------------
Net                       127.59513       10.210241       137.80537       0.1650388       0.013206507     0.17824531     
