                                    "Force Report"

Forces
                          Forces [N]                                                                                                                                Coefficients                                                                                                                             
Zone                      Pressure                                      Viscous                                       Total                                         Pressure                                      Viscous                                       Total                                        
jidi                      (1143.4602 1.9909872e-08 0.00043498137)       (-2.0855342e-09 -0.0011466858 -0.0018539603)  (1143.4602 -0.0011466659 -0.0014189789)       (1.4790165 2.5752562e-11 5.6262965e-07)       (-2.6975486e-12 -1.4831887e-06 -2.3980178e-06) (1.4790165 -1.4831629e-06 -1.8353881e-06)    
jishen                    (9075.9977 1.346744 -12500.741)               (1.2220149 -0.049854354 -0.1018165)           (9077.2197 1.2968896 -12500.843)              (11.739412 0.0017419553 -16.169169)           (0.0015806236 -6.4484458e-05 -0.00013169526)  (11.740993 0.0016774709 -16.169301)          
jitou                     (-11238.94 -7.0626831 -13.917135)             (1.1780609 -0.08495235 -0.12532699)           (-11237.762 -7.1476355 -14.042462)            (-14.537084 -0.0091352762 -0.018001215)       (0.001523771 -0.0001098822 -0.00016210506)    (-14.535561 -0.0092451584 -0.01816332)       
liangan                   (-81.180808 -0.21291643 -3083.1137)           (1.2032674 -0.044841776 -0.09261784)          (-79.977541 -0.25775821 -3083.2063)           (-0.10500388 -0.00027539823 -3.9878747)       (0.0015563745 -5.8000905e-05 -0.00011979718)  (-0.1034475 -0.00033339913 -3.9879945)       
waiyi                     (-131.74436 -0.21502911 1414.9608)            (3.6014679 -0.2840732 -0.16351946)            (-128.1429 -0.4991023 1414.7973)              (-0.17040566 -0.00027813088 1.8301908)        (0.0046583436 -0.00036743644 -0.00021150538)  (-0.16574731 -0.00064556732 1.8299793)       
weiyi                     (42.394202 -9.6037977 478.41904)              (1.5011776 -0.096951414 -0.14582793)          (43.895379 -9.7007491 478.27321)              (0.054835073 -0.012422098 0.61881441)         (0.0019417086 -0.00012540248 -0.00018862215)  (0.056776781 -0.012547501 0.61862579)        
xiaoyi                    (150.70133 -0.33268747 -373.2547)             (0.30775924 -0.020486865 -0.03562315)         (151.00909 -0.35317433 -373.29033)            (0.19492567 -0.00043031691 -0.48278887)       (0.00039807331 -2.6498877e-05 -4.6077009e-05) (0.19532374 -0.00045681578 -0.48283495)      
youfuyi                   (-0.89426114 -0.25234192 8.4956073)           (0.17395967 -0.022829296 -0.0060975842)       (-0.72030148 -0.27517121 8.4895098)           (-0.0011566883 -0.00032639339 0.010988702)    (0.00022500933 -2.9528711e-05 -7.8869625e-06) (-0.00093167892 -0.0003559221 0.010980815)   
youweiduo                 (-1.0775947 -0.88310743 -1.4580171)           (0.15499508 -0.011818604 -0.0072786065)       (-0.92259965 -0.89492604 -1.4652957)          (-0.0013938223 -0.0011422614 -0.0018858823)   (0.00020047946 -1.5286854e-05 -9.4145638e-06) (-0.0011933429 -0.0011575483 -0.0018952969)  
zhongyangyi               (1053.2656 -0.011772799 14039.381)            (2.190027 -0.13940225 -0.13322967)            (1055.4556 -0.15117504 14039.248)             (1.3623536 -1.5227608e-05 18.159335)          (0.0028327056 -0.0001803108 -0.00017232684)   (1.3651863 -0.0001955384 18.159162)          
zuofuyi                   (-0.85075959 0.31134439 8.4322513)            (0.17594836 -0.027391272 -0.0047596089)       (-0.67481123 0.28395311 8.4274917)            (-0.0011004209 0.00040271055 0.010906754)     (0.00022758162 -3.542943e-05 -6.156349e-06)   (-0.00087283925 0.00036728112 0.010900597)   
zuoweiduo                 (-1.0213672 0.48018305 -0.73345084)           (0.15458082 -0.016977986 -0.019722831)        (-0.86678639 0.46320507 -0.75317367)          (-0.0013210945 0.00062109609 -0.00094868706)  (0.00019994362 -2.1960293e-05 -2.5510632e-05) (-0.0011211508 0.00059913579 -0.00097419769) 
------------------------- --------------------------------------------- --------------------------------------------- --------------------------------------------- --------------------------------------------- --------------------------------------------- ---------------------------------------------
Net                       (10.109991 -16.436065 -23.528353)             (11.863259 -0.80072605 -0.83767414)           (21.973249 -17.236791 -24.366027)             (0.013076837 -0.021259341 -0.03043291)        (0.015344614 -0.0010357046 -0.0010834954)     (0.028421451 -0.022295046 -0.031516406)      

Forces - Direction Vector (0.99209929 -0.069756474 -0.10427384)
                          Forces [N]                                      Coefficients                                   
Zone                      Pressure        Viscous         Total           Pressure        Viscous         Total          
jidi                      1134.426        0.00027330624   1134.4263       1.4673312       3.5350985e-07   1.4673315      
jishen                    10307.697       1.2264546       10308.924       13.332562       0.0015863661    13.334148      
jitou                     -11148.2        1.1877477       -11147.013      -14.419717      0.0015363004    -14.418181     
liangan                   240.96353       1.2065463       242.17007       0.31167594      0.0015606157    0.31323655     
waiyi                     -278.23188      3.6098805       -274.622        -0.35988095     0.0046692249    -0.35521172    
weiyi                     -7.1574046      1.5112863       -5.6461183      -0.0092577945   0.0019547837    -0.0073030108  
xiaoyi                    188.45459       0.31047138      188.76506       0.24375789      0.00040158135   0.24415947     
youfuyi                   -1.7554629      0.17481357      -1.5806494      -0.0022706157   0.00022611382   -0.0020445018  
youweiduo                 -0.85544547     0.1553539       -0.70009157     -0.0011064819   0.00020094358   -0.00090553827 
zhongyangyi               -418.99531      2.1963408       -416.79896      -0.54195237     0.0028408722    -0.5391115     
zuofuyi                   -1.7450195      0.17696526      -1.5680542      -0.0022571075   0.00022889694   -0.0020282105  
zuoweiduo                 -0.97031383     0.15660042      -0.81371341     -0.0012550591   0.00020255589   -0.0010525032  
------------------------- --------------- --------------- --------------- --------------- --------------- ---------------
Net                       13.630028       11.912734       25.542762       0.017629854     0.015408608     0.033038462    
