                                    "Force Report"

Forces
                          Forces [N]                                                                                                                                Coefficients                                                                                                                             
Zone                      Pressure                                      Viscous                                       Total                                         Pressure                                      Viscous                                       Total                                        
jidi                      (1145.4597 -1.7077219e-07 0.00043532563)      (-2.5504723e-09 -0.0016556139 0.0023511902)   (1145.4597 -0.0016557846 0.0027865158)        (1.4816028 -2.2088646e-10 5.6307494e-07)      (-3.298926e-12 -2.1414652e-06 3.0411632e-06)  (1.4816028 -2.1416861e-06 3.6042382e-06)     
jishen                    (9087.5879 1.357055 -12508.703)               (1.1844669 -0.19981454 -0.046716992)          (9088.7723 1.1572405 -12508.75)               (11.754403 0.0017552922 -16.179468)           (0.0015320569 -0.0002584515 -6.0426416e-05)   (11.755935 0.0014968407 -16.179529)          
jitou                     (-11256.771 -19.880335 12.058636)             (1.1263719 -0.25345742 0.14220089)            (-11255.645 -20.133792 12.200837)             (-14.560148 -0.025714356 0.015597326)         (0.0014569135 -0.00032783626 0.00018393072)   (-14.558692 -0.026042193 0.015781257)        
liangan                   (-81.06975 -3.0365666 -3075.3063)             (1.1539685 -0.20707276 0.05075678)            (-79.915781 -3.2436394 -3075.2555)            (-0.10486023 -0.0039276681 -3.9777762)        (0.0014926085 -0.00026783969 6.5651708e-05)   (-0.10336762 -0.0041955078 -3.9777105)       
waiyi                     (-156.00269 -0.32426371 1812.7228)            (4.2488319 -0.7975035 0.56180982)             (-151.75386 -1.1217672 1813.2846)             (-0.20178276 -0.00041942114 2.3446788)        (0.0054956809 -0.0010315364 0.00072667679)    (-0.19628708 -0.0014509576 2.3454055)        
weiyi                     (42.807461 -28.192493 545.67295)              (1.3867437 -0.28731856 0.0093693883)          (44.194204 -28.479812 545.68231)              (0.055369606 -0.036465775 0.70580444)         (0.0017936933 -0.00037163418 1.21189e-05)     (0.057163299 -0.036837409 0.70581656)        
xiaoyi                    (152.2893 -1.5890207 -370.24418)              (0.33099588 -0.064897054 0.019723747)         (152.6203 -1.6539178 -370.22446)              (0.19697965 -0.0020553298 -0.4788949)         (0.00042812891 -8.3941542e-05 2.5511816e-05)  (0.19740778 -0.0021392714 -0.47886938)       
youfuyi                   (-0.70208265 -0.64812294 15.973874)           (0.15468151 -0.070351661 0.02674329)          (-0.54740115 -0.7184746 16.000618)            (-0.00090811366 -0.00083831909 0.020661518)   (0.00020007386 -9.0996842e-05 3.4591293e-05)  (-0.00070803979 -0.00092931593 0.02069611)   
youweiduo                 (-0.91790472 -0.27013828 -0.43120602)         (0.15200981 -0.050016235 0.020130134)         (-0.76589491 -0.32015452 -0.41107589)         (-0.0011872702 -0.00034941223 -0.00055774641) (0.00019661814 -6.4693844e-05 2.603746e-05)   (-0.00099065206 -0.00041410607 -0.00053170895)
zhongyangyi               (1044.3037 -0.015306213 14289.587)            (2.4525093 -0.31669729 0.23329917)            (1046.7563 -0.3320035 14289.82)               (1.3507619 -1.9797927e-05 18.482965)          (0.0031722151 -0.00040963429 0.00030176242)   (1.3539341 -0.00042943222 18.483267)         
zuofuyi                   (-0.59123938 0.67562821 15.968007)            (0.16212178 -0.068270304 0.027511307)         (-0.4291176 0.6073579 15.995518)              (-0.00076474266 0.00087389597 0.020653929)    (0.00020969754 -8.8304696e-05 3.5584691e-05)  (-0.00055504512 0.00078559128 0.020689514)   
zuoweiduo                 (-0.92225464 -0.89964744 1.6105231)           (0.14625901 -0.036179501 -0.015842752)        (-0.77599563 -0.93582694 1.5946804)           (-0.0011928966 -0.0011636552 0.0020831423)    (0.00018917972 -4.6796625e-05 -2.0491918e-05) (-0.0010037169 -0.0012104518 0.0020626503)   
------------------------- --------------------------------------------- --------------------------------------------- --------------------------------------------- --------------------------------------------- --------------------------------------------- ---------------------------------------------
Net                       (-24.529053 -52.823211 738.90932)             (12.49896 -2.3532344 1.031336)                (-12.030093 -55.176445 739.94066)             (-0.031727273 -0.068324547 0.95574736)        (0.016166866 -0.0030438073 0.0013339886)      (-0.015560407 -0.071368354 0.95708135)       

Forces - Direction Vector (0.97576488 -0.20791169 0.068232127)
                          Forces [N]                                      Coefficients                                   
Zone                      Pressure        Viscous         Total           Pressure        Viscous         Total          
jidi                      1117.6994       0.0005046457    1117.6999       1.445696        6.5273746e-07   1.4456966      
jishen                    8013.5715       1.1941174       8014.7657       10.365209       0.0015445394    10.366754      
jitou                     -10979.006      1.1614735       -10977.844      -14.200871      0.001502316     -14.199369     
liangan                   -288.30837      1.172518        -287.13585      -0.37291445     0.0015166015    -0.37139785    
waiyi                     -28.468597      4.3500047       -24.118592      -0.036822903    0.0056265436    -0.03119636    
weiyi                     84.863991       1.413512        86.277503       0.10976792      0.0018283169    0.11159623     
xiaoyi                    123.66638       0.3378128       124.0042        0.15995714      0.00043694631   0.16039408     
youfuyi                   0.53961617      0.16738447      0.70700064      0.00069797026   0.00021650459   0.00091447485  
youweiduo                 -0.86891638     0.16009832      -0.70881807     -0.0011239059   0.00020708027   -0.00091682563 
zhongyangyi               1994.007        2.474836        1996.4818       2.5791621       0.0032010937    2.5823632      
zuofuyi                   0.37214946      0.17426409      0.54641355      0.0004813593    0.00022540309   0.00070676239  
zuoweiduo                 -0.60296705     0.14915556      -0.45381149     -0.00077991189  0.00019292629   -0.00058698561 
------------------------- --------------- --------------- --------------- --------------- --------------- ---------------
Net                       37.465329       12.755682       50.221011       0.048459789     0.016498924     0.064958713    
