                                    "Force Report"

Forces
                          Forces [N]                                                                                                                                Coefficients                                                                                                                             
Zone                      Pressure                                      Viscous                                       Total                                         Pressure                                      Viscous                                       Total                                        
jidi                      (1144.1665 -2.4536741e-07 0.00043520637)      (-2.6134227e-09 -0.0019372719 -0.0013830689)  (1144.1665 -0.0019375173 -0.0009478625)       (1.4799301 -3.1737217e-10 5.6292068e-07)      (-3.3803496e-12 -2.5057777e-06 -1.78894e-06)  (1.4799301 -2.5060951e-06 -1.2260193e-06)    
jishen                    (9079.4086 1.3060053 -12501.139)              (1.1858014 -0.060096041 -0.058361189)         (9080.5944 1.2459092 -12501.197)              (11.743824 0.0016892615 -16.169684)           (0.001533783 -7.773164e-05 -7.5487683e-05)    (11.745358 0.0016115299 -16.16976)           
jitou                     (-11244.03 -6.9731062 -3.2531056)             (1.1715967 -0.085061106 -0.014999516)         (-11242.858 -7.0581673 -3.2681051)            (-14.543668 -0.0090194123 -0.0042077519)      (0.0015154098 -0.00011002287 -1.9401227e-05)  (-14.542153 -0.0091294352 -0.0042271531)     
liangan                   (-81.108018 -0.52716162 -3078.8079)           (1.0744147 -0.05544996 -0.028175304)          (-80.033603 -0.58261158 -3078.8361)           (-0.10490973 -0.00068186084 -3.9823054)       (0.0013897092 -7.1722133e-05 -3.6443541e-05)  (-0.10352002 -0.00075358297 -3.9823418)      
waiyi                     (-127.00152 -0.16237984 1587.3891)            (4.0265957 -0.25783161 0.11617265)            (-122.97492 -0.42021145 1587.5053)            (-0.16427099 -0.00021003132 2.0532195)        (0.005208228 -0.00033349408 0.00015026431)    (-0.15906276 -0.0005435254 2.0533697)        
weiyi                     (45.513165 -9.4769798 506.08314)              (1.5731707 -0.09941413 -0.086424615)          (47.086336 -9.5763939 505.99672)              (0.058869318 -0.012258065 0.65459673)         (0.0020348285 -0.00012858789 -0.00011178652)  (0.060904146 -0.012386653 0.65448495)        
xiaoyi                    (151.31521 -0.27599974 -371.65377)            (0.31087218 -0.019836323 -0.010988002)        (151.62609 -0.29583606 -371.66476)            (0.19571971 -0.00035699377 -0.48071813)       (0.00040209977 -2.5657429e-05 -1.4212508e-05) (0.19612181 -0.0003826512 -0.48073235)       
youfuyi                   (-0.84279186 -0.41186477 12.02944)            (0.18768729 -0.024506434 0.0073535706)        (-0.65510457 -0.43637121 12.036794)           (-0.001090115 -0.00053272934 0.015559563)     (0.00024276542 -3.1698017e-05 9.5115267e-06)  (-0.00084734954 -0.00056442735 0.015569074)  
youweiduo                 (-0.99968444 -0.43724419 -0.70316716)         (0.15559739 -0.015621616 -0.0010024685)       (-0.84408704 -0.45286581 -0.70416963)         (-0.0012930487 -0.00056555652 -0.00090951642) (0.00020125852 -2.0205887e-05 -1.2966498e-06) (-0.0010917902 -0.00058576241 -0.00091081307)
zhongyangyi               (1057.5838 -0.01857574 14146.577)             (2.4554466 -0.1253434 0.010574629)            (1060.0393 -0.14391914 14146.588)             (1.3679391 -2.4026919e-05 18.297988)          (0.0031760143 -0.00016212629 1.3677827e-05)   (1.3711151 -0.00018615321 18.298002)         
zuofuyi                   (-0.83462286 0.4255906 11.875885)             (0.18880556 -0.023854349 0.0077058614)        (-0.6458173 0.40173625 11.883591)             (-0.0010795487 0.0005504831 0.015360945)      (0.00024421186 -3.0854572e-05 9.9671997e-06)  (-0.00083533684 0.00051962853 0.015370912)   
zuoweiduo                 (-0.97393302 0.056590083 -0.023901109)        (0.15498966 -0.013782743 -0.013925304)        (-0.81894336 0.042807339 -0.037826413)        (-0.0012597404 7.3196833e-05 -3.0915054e-05)  (0.00020047245 -1.7827385e-05 -1.8011781e-05) (-0.0010592679 5.5369449e-05 -4.8926835e-05) 
------------------------- --------------------------------------------- --------------------------------------------- --------------------------------------------- --------------------------------------------- --------------------------------------------- ---------------------------------------------
Net                       (22.196727 -16.495126 308.37495)              (12.484978 -0.78273499 -0.073452759)          (34.681705 -17.277861 308.3015)               (0.02871051 -0.021335735 0.39886971)          (0.016148781 -0.001012434 -9.5007978e-05)     (0.044859291 -0.022348169 0.3987747)         

Forces - Direction Vector (0.99695636 -0.069756474 -0.034814483)
                          Forces [N]                                      Coefficients                                   
Zone                      Pressure        Viscous         Total           Pressure        Viscous         Total          
jidi                      1140.6841       0.00018328548   1140.6843       1.4754257       2.3707187e-07   1.475426       
jishen                    9486.9037       1.1884161       9488.0921       12.270901       0.0015371651    12.272438      
jitou                     -11209.208      1.1744865       -11208.033      -14.498627      0.0015191477    -14.497108     
liangan                   26.362725       1.0759935       27.438719       0.034099049     0.0013917512    0.0354908      
waiyi                     -181.86777      4.0282811       -177.83949      -0.23523813     0.005210408     -0.23002772    
weiyi                     28.416697       1.5783261       29.995023       0.036755773     0.0020414968    0.03879727     
xiaoyi                    163.81285       0.31169226      164.12454       0.21188486      0.0004031605    0.21228802     
youfuyi                   -1.2302952      0.18856951      -1.0417257      -0.0015913339   0.00024390654   -0.0013474273  
youweiduo                 -0.94166075     0.15624842      -0.78541232     -0.0012179976   0.0002021006    -0.001015897   
zhongyangyi               561.86045       2.4563484       564.3168        0.72674228      0.0031771809    0.72991946     
zuofuyi                   -1.2752231      0.18962663      -1.0855964      -0.0016494461   0.00024527387   -0.0014041722  
zuoweiduo                 -0.97408414     0.15596417      -0.81811997     -0.0012599359   0.00020173293   -0.0010582029  
------------------------- --------------- --------------- --------------- --------------- --------------- ---------------
Net                       12.543896       12.504136       25.048032       0.016224989     0.016173561     0.03239855     
