                                    "Force Report"

Moments - Moment Center (0 0 0.05)
                          Moments [N m]                                                                                                                             Coefficients                                                                                                                             
Zone                      Pressure                                      Viscous                                       Total                                         Pressure                                      Viscous                                       Total                                        
jidi                      (-1.1062206e-09 -22.875643 -3.4906229e-06)    (-4.5171377e-06 0.00083203539 -4.2499623e-05) (-4.518244e-06 -22.874811 -4.5990246e-05)     (-3.9233583e-12 -0.081131503 -1.2379957e-08)  (-1.6020628e-08 2.9509239e-06 -1.5073055e-07) (-1.6024552e-08 -0.081128552 -1.6311051e-07) 
jishen                    (-0.0017042244 -232.9068 -0.00091242164)      (-5.9139194e-05 -0.089300699 -0.00056489308)  (-0.0017633636 -232.9961 -0.0014773147)       (-6.0442581e-06 -0.82603486 -3.2360244e-06)   (-2.09745e-07 -0.00031671678 -2.0034683e-06)  (-6.2540031e-06 -0.82635157 -5.2394927e-06)  
jitou                     (0.0015540715 531.74712 -0.022791059)         (-3.7972259e-07 -0.11071297 6.7665884e-05)    (0.0015536918 531.63641 -0.022723393)         (5.5117209e-06 1.8859117 -8.0831515e-05)      (-1.3467365e-09 -0.00039265822 2.3998604e-07) (5.5103742e-06 1.8855191 -8.0591529e-05)     
liangan                   (0.0047504177 645.19886 0.0011918559)         (9.0721406e-05 0.11035012 0.0011094608)       (0.0048411391 645.30921 0.0023013167)         (1.6847987e-05 2.2882834 4.227075e-06)        (3.217555e-07 0.00039137133 3.93485e-06)      (1.7169742e-05 2.2886748 8.1619251e-06)      
waiyi                     (0.10440564 -52.233217 -0.0073233402)         (0.00018078251 0.55427816 0.0017312393)       (0.10458642 -51.678939 -0.0055921009)         (0.00037028846 -0.18525204 -2.5973198e-05)    (6.4116917e-07 0.001965821 6.14007e-06)       (0.00037092963 -0.18328622 -1.9833128e-05)   
weiyi                     (0.022938685 -622.99175 0.020080128)          (4.2525453e-05 0.61273236 -0.00018588603)     (0.02298121 -622.37902 0.019894242)           (8.135509e-05 -2.2095229 7.1216839e-05)       (1.5082216e-07 0.0021731366 -6.5926949e-07)   (8.1505912e-05 -2.2073498 7.055757e-05)      
xiaoyi                    (0.0014638528 55.857558 0.0016954662)         (0.00015674109 0.04060482 -4.1018459e-05)     (0.0016205939 55.898163 0.0016544478)         (5.1917484e-06 0.19810624 6.013196e-06)       (5.5590308e-07 0.00014401038 -1.4547741e-07)  (5.7476514e-06 0.19825025 5.8677186e-06)     
youfuyi                   (12.362865 -1.8068064 0.99427114)             (0.00033818343 0.021361441 -0.22269768)       (12.363203 -1.785445 0.77157346)              (0.043846541 -0.0064080786 0.0035263145)      (1.1994124e-06 7.5761184e-05 -0.00078982689)  (0.04384774 -0.0063323175 0.0027364877)      
youweiduo                 (-0.057277974 0.69158186 -0.26610561)         (-0.0038040124 0.059026487 -0.056447321)      (-0.061081987 0.75060835 -0.32255293)         (-0.00020314394 0.0024527868 -0.00094377886)  (-1.3491435e-05 0.00020934527 -0.00020019792) (-0.00021663537 0.0026621321 -0.0011439768)  
zhongyangyi               (0.023134416 -289.89013 0.00070593197)        (9.6328224e-05 0.30441053 0.0018023085)       (0.023230745 -289.58572 0.0025082405)         (8.2049278e-05 -1.0281338 2.5036814e-06)      (3.4164083e-07 0.0010796323 6.3921264e-06)    (8.2390919e-05 -1.0270542 8.8958078e-06)     
zuofuyi                   (-12.353474 -1.8055374 -0.99196323)           (-0.00042642741 0.021320458 0.22237451)       (-12.3539 -1.7842169 -0.76958872)             (-0.043813235 -0.0064035779 -0.0035181292)    (-1.5123814e-06 7.5615832e-05 0.00078868071)  (-0.043814747 -0.006327962 -0.0027294485)    
zuoweiduo                 (0.05838395 0.69467441 0.26978004)            (0.0038147441 0.058712912 0.05590824)         (0.062198694 0.75338732 0.32568828)           (0.00020706643 0.002463755 0.00095681072)     (1.3529496e-05 0.00020823314 0.00019828599)   (0.00022059592 0.0026719881 0.0011550967)    
------------------------- --------------------------------------------- --------------------------------------------- --------------------------------------------- --------------------------------------------- --------------------------------------------- ---------------------------------------------
Net                       (0.16703978 9.6799177 -0.0013745843)          (0.00042555034 1.5836157 0.0030141229)        (0.16746533 11.263533 0.0016395386)           (0.00059242875 0.034331113 -4.8751455e-06)    (1.5092707e-06 0.0056165031 1.0689987e-05)    (0.00059393802 0.039947616 5.8148412e-06)    

Moments - Moment Center (0 0 0.05) Moment Axis (0 1 0)
                          Moments [N m]                                   Coefficients                                   
Zone                      Pressure        Viscous         Total           Pressure        Viscous         Total          
jidi                      -22.875643      0.00083203539   -22.874811      -0.081131503    2.9509239e-06   -0.081128552   
jishen                    -232.9068       -0.089300699    -232.9961       -0.82603486     -0.00031671678  -0.82635157    
jitou                     531.74712       -0.11071297     531.63641       1.8859117       -0.00039265822  1.8855191      
liangan                   645.19886       0.11035012      645.30921       2.2882834       0.00039137133   2.2886748      
waiyi                     -52.233217      0.55427816      -51.678939      -0.18525204     0.001965821     -0.18328622    
weiyi                     -622.99175      0.61273236      -622.37902      -2.2095229      0.0021731366    -2.2073498     
xiaoyi                    55.857558       0.04060482      55.898163       0.19810624      0.00014401038   0.19825025     
youfuyi                   -1.8068064      0.021361441     -1.785445       -0.0064080786   7.5761184e-05   -0.0063323175  
youweiduo                 0.69158186      0.059026487     0.75060835      0.0024527868    0.00020934527   0.0026621321   
zhongyangyi               -289.89013      0.30441053      -289.58572      -1.0281338      0.0010796323    -1.0270542     
zuofuyi                   -1.8055374      0.021320458     -1.7842169      -0.0064035779   7.5615832e-05   -0.006327962   
zuoweiduo                 0.69467441      0.058712912     0.75338732      0.002463755     0.00020823314   0.0026719881   
------------------------- --------------- --------------- --------------- --------------- --------------- ---------------
Net                       9.6799177       1.5836157       11.263533       0.034331113     0.0056165031    0.039947616    
