                                    "Force Report"

Moments - Moment Center (0 0 0.05)
                          Moments [N m]                                                                                                                             Coefficients                                                                                                                             
Zone                      Pressure                                      Viscous                                       Total                                         Pressure                                      Viscous                                       Total                                        
jidi                      (-3.153643e-10 -22.887921 0.0001968723)       (-1.100527e-05 -5.2993138e-07 -0.00013979333) (-1.1005585e-05 -22.887922 5.7078961e-05)     (-1.1184813e-12 -0.081175051 6.9823372e-07)   (-3.9031651e-08 -1.879472e-09 -4.9579561e-07) (-3.9032769e-08 -0.081175052 2.0243811e-07)  
jishen                    (-0.00093036489 -231.72932 0.00085237786)     (-2.3902166e-06 -0.078723637 -0.00063861567)  (-0.0009327551 -231.80804 0.0002137622)       (-3.2996625e-06 -0.82185877 3.0230712e-06)    (-8.4772203e-09 -0.00027920382 -2.2649352e-06) (-3.3081397e-06 -0.82213797 7.5813599e-07)   
jitou                     (0.002454045 538.45839 -0.026923447)          (5.9079475e-06 -0.039512126 -2.1221556e-05)   (0.002459953 538.41888 -0.026944668)          (8.7035964e-06 1.9097141 -9.5487577e-05)      (2.095332e-08 -0.000140135 -7.5265063e-08)    (8.7245497e-06 1.909574 -9.5562842e-05)      
liangan                   (0.0038075231 646.03601 -0.0034212903)        (7.4657602e-05 0.096301158 0.00073134895)     (0.0038821807 646.13231 -0.0026899413)        (1.3503886e-05 2.2912524 -1.213406e-05)       (2.6478309e-07 0.00034154484 2.5938261e-06)   (1.3768669e-05 2.291594 -9.5402338e-06)      
waiyi                     (0.1321703 -47.651919 0.0097434846)           (0.00030025744 0.63976657 -0.00015637822)     (0.13247056 -47.012152 0.0095871063)          (0.00046875952 -0.16900385 3.4556561e-05)     (1.0649029e-06 0.002269017 -5.546161e-07)     (0.00046982442 -0.16673484 3.4001945e-05)    
weiyi                     (0.020547205 -656.18708 0.03653233)           (8.7482848e-05 0.54682269 0.00023948829)      (0.020634687 -655.64026 0.036771818)          (7.2873388e-05 -2.3272545 0.00012956676)      (3.1026953e-07 0.0019393792 8.4937699e-07)    (7.3183657e-05 -2.3253152 0.00013041613)     
xiaoyi                    (0.012165838 55.868184 0.0020379834)          (0.00017013281 0.039003664 0.00069430917)     (0.012335971 55.907188 0.0027322926)          (4.3147759e-05 0.19814393 7.2279786e-06)      (6.0339857e-07 0.00013833167 2.4624596e-06)   (4.3751157e-05 0.19828226 9.6904382e-06)     
youfuyi                   (16.088993 -2.330725 0.92293747)              (0.017120094 0.018421962 -0.21501959)         (16.106113 -2.312303 0.70791788)              (0.05706175 -0.0082662254 0.0032733202)       (6.0718683e-05 6.5335931e-05 -0.00076259549)  (0.057122469 -0.0082008894 0.0025107247)     
youweiduo                 (0.030227284 -0.26440009 0.30043613)          (-0.00089196557 0.050680003 -0.061438965)     (0.029335318 -0.21372008 0.23899716)          (0.00010720507 -0.00093772999 0.0010655366)   (-3.1634742e-06 0.00017974336 -0.00021790144) (0.0001040416 -0.00075798664 0.00084763516)  
zhongyangyi               (0.023756601 -282.46638 0.0032766487)         (5.2084195e-05 0.34900319 -0.00011041292)     (0.023808686 -282.11737 0.0031662358)         (8.4255939e-05 -1.0018045 1.162107e-05)       (1.8472351e-07 0.0012377861 -3.9159406e-07)   (8.4440663e-05 -1.0005667 1.1229476e-05)     
zuofuyi                   (-16.082432 -2.3292402 -0.92183868)           (-0.017166668 0.018404621 0.21492354)         (-16.099599 -2.3108356 -0.70691514)           (-0.057038479 -0.0082609595 -0.0032694232)    (-6.0883865e-05 6.5274431e-05 0.00076225485)  (-0.057099363 -0.0081956851 -0.0025071684)   
zuoweiduo                 (-0.030580127 -0.26298612 -0.29994696)        (0.00094360931 0.050481225 0.060955369)       (-0.029636518 -0.2125049 -0.23899159)         (-0.00010845648 -0.00093271518 -0.0010638017) (3.3466356e-06 0.00017903836 0.00021618631)   (-0.00010510984 -0.00075367681 -0.00084761539)
------------------------- --------------------------------------------- --------------------------------------------- --------------------------------------------- --------------------------------------------- --------------------------------------------- ---------------------------------------------
Net                       (0.20017973 -5.7473736 0.023882916)           (0.00068219691 1.6906488 1.9081911e-05)       (0.20086193 -4.0567248 0.023901997)           (0.00070996399 -0.020383823 8.4703929e-05)    (2.4195019e-06 0.0059961103 6.7676529e-08)    (0.00071238349 -0.014387713 8.4771606e-05)   

Moments - Moment Center (0 0 0.05) Moment Axis (0 1 0)
                          Moments [N m]                                   Coefficients                                   
Zone                      Pressure        Viscous         Total           Pressure        Viscous         Total          
jidi                      -22.887921      -5.2993138e-07  -22.887922      -0.081175051    -1.879472e-09   -0.081175052   
jishen                    -231.72932      -0.078723637    -231.80804      -0.82185877     -0.00027920382  -0.82213797    
jitou                     538.45839       -0.039512126    538.41888       1.9097141       -0.000140135    1.909574       
liangan                   646.03601       0.096301158     646.13231       2.2912524       0.00034154484   2.291594       
waiyi                     -47.651919      0.63976657      -47.012152      -0.16900385     0.002269017     -0.16673484    
weiyi                     -656.18708      0.54682269      -655.64026      -2.3272545      0.0019393792    -2.3253152     
xiaoyi                    55.868184       0.039003664     55.907188       0.19814393      0.00013833167   0.19828226     
youfuyi                   -2.330725       0.018421962     -2.312303       -0.0082662254   6.5335931e-05   -0.0082008894  
youweiduo                 -0.26440009     0.050680003     -0.21372008     -0.00093772999  0.00017974336   -0.00075798664 
zhongyangyi               -282.46638      0.34900319      -282.11737      -1.0018045      0.0012377861    -1.0005667     
zuofuyi                   -2.3292402      0.018404621     -2.3108356      -0.0082609595   6.5274431e-05   -0.0081956851  
zuoweiduo                 -0.26298612     0.050481225     -0.2125049      -0.00093271518  0.00017903836   -0.00075367681 
------------------------- --------------- --------------- --------------- --------------- --------------- ---------------
Net                       -5.7473736      1.6906488       -4.0567248      -0.020383823    0.0059961103    -0.014387713   
