                                    "Force Report"

Forces
                          Forces [N]                                                                                                                                Coefficients                                                                                                                             
Zone                      Pressure                                      Viscous                                       Total                                         Pressure                                      Viscous                                       Total                                        
jidi                      (1145.8332 9.0063996e-07 0.00043570223)       (3.1345214e-08 0.0020308371 0.0046922385)     (1145.8332 0.0020317377 0.0051279407)         (1.4820859 1.164939e-09 5.6356205e-07)        (4.0543684e-11 2.6268003e-06 6.0692083e-06)   (1.4820859 2.6279652e-06 6.6327704e-06)      
jishen                    (9091.3083 0.8934976 -12494.061)              (1.2096443 -0.04768211 0.099996417)           (9092.518 0.84581549 -12493.961)              (11.759216 0.0011557006 -16.160529)           (0.0015646227 -6.1674755e-05 0.00012934106)   (11.76078 0.0010940259 -16.1604)             
jitou                     (-11262.104 -7.3724025 32.260277)             (1.1033593 -0.087027787 0.37800016)           (-11261.001 -7.4594303 32.638277)             (-14.567047 -0.009535885 0.041727279)         (0.0014271477 -0.00011256669 0.00048892692)   (-14.56562 -0.0096484517 0.042216205)        
liangan                   (-81.369517 0.34328033 -3061.3365)            (1.3346651 -0.020632353 0.222625)             (-80.034852 0.32264798 -3061.1139)            (-0.10524796 0.00044401832 -3.9597069)        (0.0017263318 -2.668706e-05 0.00028795584)    (-0.10352163 0.00041733126 -3.9594189)       
waiyi                     (-250.39135 -0.10183547 2019.3096)            (2.6461491 -0.24289576 0.96525174)            (-247.7452 -0.34473123 2020.2749)             (-0.32387042 -0.00013171979 2.61189)          (0.0034226799 -0.0003141752 0.0012485115)     (-0.32044774 -0.00044589499 2.6131385)       
weiyi                     (38.112581 -7.2362262 616.44666)              (1.0891604 -0.090749722 0.2116837)            (39.201742 -7.3269759 616.65834)              (0.049296982 -0.0093597468 0.79734719)        (0.001408782 -0.00011738085 0.00027380375)    (0.050705764 -0.0094771276 0.79762099)       
xiaoyi                    (154.17728 -0.38277414 -364.94606)            (0.35745365 -0.026284547 0.10322749)          (154.53473 -0.40905869 -364.84283)            (0.19942167 -0.00049510186 -0.472042)         (0.00046235089 -3.3997928e-05 0.0001335203)   (0.19988402 -0.00052909979 -0.47190848)      
youfuyi                   (0.48674171 -0.87350581 27.039426)            (0.14776361 -0.0040837596 0.046927958)        (0.63450533 -0.87758957 27.086354)            (0.00062957943 -0.0011298421 0.034974333)     (0.00019112587 -5.282167e-06 6.0699291e-05)   (0.0008207053 -0.0011351243 0.035035032)     
youweiduo                 (-0.30841037 3.1397786 5.3977687)             (0.10739313 -0.023479048 0.030832631)         (-0.20101724 3.1162995 5.4286013)             (-0.00039891553 0.0040611683 0.0069817812)    (0.00013890839 -3.0369137e-05 3.9880679e-05)  (-0.00026000714 0.0040307991 0.0070216619)   
zhongyangyi               (1013.1044 0.0089435374 14381.28)             (1.5727962 -0.065666262 0.41069639)           (1014.6772 -0.056722724 14381.69)             (1.3104069 1.156808e-05 18.601566)            (0.0020343442 -8.493648e-05 0.00053121808)    (1.3124413 -7.33684e-05 18.602097)           
zuofuyi                   (0.46215791 0.85798548 26.561961)             (0.14021492 -0.052676557 0.049933496)         (0.60237283 0.80530892 26.611895)             (0.00059778134 0.0011097672 0.034356752)      (0.00018136196 -6.8134856e-05 6.4586826e-05)  (0.0007791433 0.0010416324 0.034421339)      
zuoweiduo                 (-1.0956558 -2.4524204 4.1698313)             (0.12514805 -0.0039905938 0.01835398)         (-0.97050776 -2.456411 4.1881853)             (-0.0014171836 -0.0031721001 0.0053934971)    (0.00016187361 -5.1616611e-06 2.3740082e-05)  (-0.00125531 -0.0031772618 0.0054172372)     
------------------------- --------------------------------------------- --------------------------------------------- --------------------------------------------- --------------------------------------------- --------------------------------------------- ---------------------------------------------
Net                       (-151.78455 -13.175678 1192.1224)             (9.8337478 -0.66313766 2.5422212)             (-141.9508 -13.838816 1194.6647)              (-0.19632677 -0.017042172 1.541959)           (0.012719529 -0.00085773999 0.0032882536)     (-0.18360725 -0.017899912 1.5452472)         

Forces - Direction Vector (0.96793213 -0.069756474 0.24133259)
                          Forces [N]                                      Coefficients                                   
Zone                      Pressure        Viscous         Total           Pressure        Viscous         Total          
jidi                      1109.0889       0.00099075636   1109.0899       1.4345587       1.2815007e-06   1.43456        
jishen                    5784.4832       1.1983121       5785.6815       7.4819797       0.0015499651    7.4835297      
jitou                     -10892.653      1.1652714       -10891.488      -14.089177      0.0015072284    -14.08767      
liangan                   -817.58438      1.3470312       -816.23735      -1.0575102      0.0017423268    -1.0557678     
waiyi                     244.97048       2.811183        247.78166       0.31685876      0.0036361441    0.3204949      
weiyi                     186.16383       1.1116499       187.27548       0.2407949       0.0014378712    0.24223277     
xiaoyi                    61.186468       0.37273655      61.559204       0.079142059     0.00048211866   0.079624178    
youfuyi                   7.0575603       0.15463526      7.2121956       0.0091286501    0.00020001405   0.0093286642   
youweiduo                 0.78511728      0.113028        0.89814528      0.0010155154    0.00014619685   0.0011617122   
zhongyangyi               4451.2871       1.6260551       4452.9132       5.7575481       0.0021032322    5.7596513      
zuofuyi                   6.7977543       0.15144364      6.9491979       0.0087926022    0.00019588582   0.0089884881   
zuoweiduo                 0.11686791      0.1258426       0.24271051      0.0001511636    0.00016277198   0.00031393558  
------------------------- --------------- --------------- --------------- --------------- --------------- ---------------
Net                       141.69993       10.178179       151.87811       0.18328276      0.013165037     0.1964478      
