                                    "Force Report"

Forces
                          Forces [N]                                                                                                                                Coefficients                                                                                                                             
Zone                      Pressure                                      Viscous                                       Total                                         Pressure                                      Viscous                                       Total                                        
jidi                      (1146.2747 7.077156e-07 0.00043608287)        (2.8317295e-08 0.0035549978 0.0059902503)     (1146.2747 0.0035557055 0.0064263332)         (1.4826569 9.1539963e-10 5.640544e-07)        (3.6627201e-11 4.5982364e-06 7.7481307e-06)   (1.4826569 4.5991518e-06 8.3121851e-06)      
jishen                    (9095.4332 -1.8907499 -12500.401)             (1.2421806 -0.15706421 0.03326488)            (9096.6754 -2.0478141 -12500.368)             (11.764551 -0.0024456035 -16.16873)           (0.0016067071 -0.00020315579 4.3026689e-05)   (11.766158 -0.0026487593 -16.168687)         
jitou                     (-11261.451 -20.657459 25.048429)             (1.0733664 -0.25682043 0.31486415)            (-11260.378 -20.91428 25.363293)              (-14.566201 -0.026719533 0.032399063)         (0.0013883531 -0.00033218616 0.00040726321)   (-14.564813 -0.02705172 0.032806327)         
liangan                   (-81.220319 -2.6381414 -3062.0844)            (1.3410118 -0.17331709 0.22656603)            (-79.879307 -2.8114585 -3061.8578)            (-0.10505498 -0.0034123222 -3.9606742)        (0.0017345409 -0.00022417819 0.00029305339)   (-0.10332044 -0.0036365004 -3.9603811)       
waiyi                     (-226.492 -0.37532239 1975.6459)              (2.997896 -0.73149646 0.93212632)             (-223.4941 -1.1068188 1976.578)               (-0.29295764 -0.00048546334 2.5554129)        (0.0038776493 -0.00094615915 0.0012056652)    (-0.28907999 -0.0014316225 2.5566185)        
weiyi                     (37.403724 -19.183673 595.05306)              (1.2023223 -0.25451823 0.14793566)            (38.606047 -19.438192 595.201)                (0.048380106 -0.024813255 0.7696755)          (0.0015551521 -0.00032920836 0.0001913484)    (0.049935258 -0.025142463 0.76986684)        
xiaoyi                    (153.37635 -1.9504653 -366.47013)             (0.34438851 -0.072008043 0.075020916)         (153.72073 -2.0224734 -366.39511)             (0.19838569 -0.0025228429 -0.47401332)        (0.0004454517 -9.3139301e-05 9.7036322e-05)   (0.19883115 -0.0026159822 -0.47391629)       
youfuyi                   (0.3192689 -0.89433805 24.383883)             (0.13038563 -0.06736619 0.046270997)          (0.44965453 -0.96170424 24.430154)            (0.00041296056 -0.0011567877 0.031539502)     (0.00016864819 -8.7135264e-05 5.9849541e-05)  (0.00058160875 -0.001243923 0.031599351)     
youweiduo                 (-0.61600427 2.6530854 4.550566)              (0.12791497 -0.033341695 0.029110089)         (-0.4880893 2.6197437 4.5796761)              (-0.00079677498 0.0034316517 0.005885961)     (0.0001654525 -4.3126046e-05 3.7652646e-05)   (-0.00063132248 0.0033885256 0.0059236137)   
zhongyangyi               (1032.0126 0.034361859 14341.19)              (1.8638983 -0.2066923 0.3384308)              (1033.8765 -0.17233044 14341.528)             (1.3348639 4.4445583e-05 18.549711)           (0.0024108722 -0.00026734759 0.00043774566)   (1.3372747 -0.000222902 18.550148)           
zuofuyi                   (0.22507051 0.88869274 23.4066)               (0.14119922 -0.09563373 0.046342421)          (0.36626974 0.79305901 23.452943)             (0.00029111901 0.0011494858 0.030275429)      (0.00018263511 -0.00012369811 5.9941925e-05)  (0.00047375412 0.0010257877 0.030335371)     
zuoweiduo                 (-0.70938888 -2.1195845 3.6226748)            (0.12159246 -0.032783516 -0.0013200789)       (-0.58779642 -2.152368 3.6213547)             (-0.00091756395 -0.0027415913 0.0046857738)   (0.00015727461 -4.2404065e-05 -1.7074652e-06) (-0.00076028934 -0.0027839953 0.0046840663)  
------------------------- --------------------------------------------- --------------------------------------------- --------------------------------------------- --------------------------------------------- --------------------------------------------- ---------------------------------------------
Net                       (-105.44372 -46.133593 1063.9455)             (10.586156 -2.0774869 2.1946024)              (-94.857564 -48.21108 1066.1401)              (-0.13638691 -0.059671815 1.3761677)          (0.013692737 -0.0026871398 0.0028386237)      (-0.12269417 -0.062358955 1.3790063)         

Forces - Direction Vector (0.95677273 -0.20791169 0.20336832)
                          Forces [N]                                      Coefficients                                   
Zone                      Pressure        Viscous         Total           Pressure        Viscous         Total          
jidi                      1096.7245       0.00047912865   1096.725        1.4185658       6.1973226e-07   1.4185665      
jishen                    6160.4699       1.227905        6161.6978       7.9683024       0.0015882422    7.9698906      
jitou                     -10765.26       1.144397        -10764.116      -13.9244        0.0014802282    -13.92292      
liangan                   -699.89185      1.3651545       -698.52669      -0.90527994     0.0017657685    -0.90351417    
waiyi                     185.16046       3.2099568       188.37042       0.23949708      0.0041519408    0.24364902     
weiyi                     160.79032       1.233352        162.02367       0.20797535      0.0015952876    0.20957063     
xiaoyi                    72.623413       0.35972973      72.983143       0.093935256     0.0004652949    0.094400551    
youfuyi                   5.4503205       0.14816569      5.5984861       0.0070497546    0.00019164593   0.0072414006   
youweiduo                 -0.2155426      0.13523775      -0.080304848    -0.00027879506  0.0001749242    -0.00010387086 
zhongyangyi               3903.938        1.8951269       3905.8332       5.0495756       0.002451265     5.0520269      
zuofuyi                   4.7907327       0.16440352      4.9551362       0.0061966063    0.00021264887   0.0064092552   
zuoweiduo                 0.49869977      0.12288396      0.62158373      0.00064504666   0.00015894511   0.00080399177  
------------------------- --------------- --------------- --------------- --------------- --------------- ---------------
Net                       125.07886       11.006792       136.08565       0.16178411      0.014236811     0.17602092     
