                                    "Force Report"

Forces
                          Forces [N]                                                                                                                                Coefficients                                                                                                                             
Zone                      Pressure                                      Viscous                                       Total                                         Pressure                                      Viscous                                       Total                                        
jidi                      (1145.1346 -8.7176304e-08 0.00043540397)      (2.8547678e-08 0.0012091072 0.0050291674)     (1145.1346 0.00120902 0.0054645714)           (1.4811823 -1.1275879e-10 5.6317627e-07)      (3.6925191e-11 1.5639281e-06 6.5050113e-06)   (1.4811823 1.5638153e-06 7.0681876e-06)      
jishen                    (9085.2591 0.72792245 -12499.144)             (1.1426381 -0.057201805 0.014447002)          (9086.4017 0.67072065 -12499.13)              (11.751391 0.00094153633 -16.167105)          (0.0014779531 -7.3988069e-05 1.8686574e-05)   (11.752869 0.00086754826 -16.167086)         
jitou                     (-11255.086 -6.6699928 17.559298)             (1.1463558 -0.084476699 0.19505522)           (-11253.939 -6.7544695 17.754353)             (-14.557968 -0.0086273483 0.022712195)        (0.0014827618 -0.00010926697 0.00025229552)   (-14.556486 -0.0087366152 0.022964491)       
liangan                   (-81.077383 -0.082276018 -3071.179)           (1.1565204 -0.040030672 0.095122834)          (-79.920862 -0.12230669 -3071.0839)           (-0.1048701 -0.00010642048 -3.9724377)        (0.0014959093 -5.1777949e-05 0.00012303729)   (-0.10337419 -0.00015819843 -3.9723147)      
waiyi                     (-174.52364 -0.07129606 1889.5115)            (4.1451276 -0.26252544 0.71116506)            (-170.37852 -0.3338215 1890.2227)             (-0.22573881 -9.2218381e-05 2.4440017)        (0.0053615439 -0.00033956535 0.00091986136)   (-0.22037727 -0.00043178373 2.4449216)       
weiyi                     (45.653855 -6.0354263 572.72393)              (1.4559172 -0.0886368 0.056996787)            (47.109772 -6.1240631 572.78093)              (0.059051294 -0.0078065639 0.74079373)        (0.0018831661 -0.00011464788 7.3722888e-05)   (0.06093446 -0.0079212118 0.74086745)        
xiaoyi                    (153.05818 -0.45444933 -368.53665)            (0.34716823 -0.023203059 0.043333029)         (153.40535 -0.47765239 -368.49331)            (0.19797416 -0.00058781063 -0.47668627)       (0.00044904714 -3.0012157e-05 5.6049405e-05)  (0.19842321 -0.00061782278 -0.47663022)      
youfuyi                   (-0.34266687 -0.65000138 17.829539)           (0.15247373 -0.016960628 0.031191592)         (-0.19019314 -0.66696201 17.860731)           (-0.00044322484 -0.00084074878 0.023061741)   (0.0001972182 -2.1937842e-05 4.034498e-05)    (-0.00024600664 -0.00086268662 0.023102086)  
youweiduo                 (-0.71648343 2.6436654 4.6037109)             (0.12870123 -0.010326492 0.015984016)         (-0.5877822 2.6333389 4.6196949)              (-0.00092674045 0.0034194673 0.0059547017)    (0.0001664695 -1.3356873e-05 2.0674635e-05)   (-0.00076027095 0.0034061104 0.0059753763)   
zhongyangyi               (1035.3859 0.017335306 14325.541)             (2.3750318 -0.093114254 0.32515496)           (1037.7609 -0.075778949 14325.866)            (1.3392271 2.2422471e-05 18.52947)            (0.0030720012 -0.00012043928 0.00042057393)   (1.3422991 -9.8016805e-05 18.52989)          
zuofuyi                   (-0.2796324 0.62154418 17.651373)             (0.15903143 -0.028061128 0.030363621)         (-0.12060097 0.59348305 17.681737)            (-0.00036169246 0.00080394061 0.02283129)     (0.0002057003 -3.6295859e-05 3.9274035e-05)   (-0.00015599216 0.00076764475 0.022870564)   
zuoweiduo                 (-0.89299334 -0.86574895 1.5322752)           (0.14414915 -0.0067280504 0.00047708047)      (-0.74884419 -0.872477 1.5327523)             (-0.0011550484 -0.001119809 0.001981932)      (0.00018645071 -8.7024432e-06 6.1708302e-07)  (-0.0009685977 -0.0011285114 0.001982549)    
------------------------- --------------------------------------------- --------------------------------------------- --------------------------------------------- --------------------------------------------- --------------------------------------------- ---------------------------------------------
Net                       (-48.426842 -10.818724 908.09275)             (12.353115 -0.71005592 1.5243204)             (-36.073727 -11.52878 909.61707)              (-0.062638033 -0.013993553 1.1745788)         (0.015978221 -0.00091842674 0.0019716427)     (-0.046659811 -0.014911979 1.1765505)        

Forces - Direction Vector (0.99209929 -0.069756474 0.10427384)
                          Forces [N]                                      Coefficients                                   
Zone                      Pressure        Viscous         Total           Pressure        Viscous         Total          
jidi                      1136.0873       0.00044009585   1136.0877       1.4694799       5.6924501e-07   1.4694805      
jishen                    7710.0946       1.1391071       7711.2337       9.9726751       0.0014733859    9.9741485      
jitou                     -11163.866      1.1635307       -11162.703      -14.43998       0.0015049768    -14.438475     
liangan                   -400.6747       1.1600943       -399.5146       -0.51825545     0.001500532     -0.51675492    
waiyi                     23.886809       4.2048469       28.091655       0.030896557     0.0054387882    0.036335346    
weiyi                     105.43429       1.4565406       106.89083       0.13637471      0.0018839726    0.13825868     
xiaoyi                    113.45189       0.35056242      113.80245       0.14674512      0.00045343738   0.14719856     
youfuyi                   1.5645367       0.15570466      1.7202414       0.0020236608    0.00020139727   0.0022250581   
youweiduo                 -0.41518888     0.13007146      -0.28511742     -0.00053702893  0.00016824182   -0.0003687871  
zhongyangyi               2520.9835       2.3966678       2523.3802       3.2607835       0.0030999865    3.2638835      
zuofuyi                   1.5197966       0.16289854      1.6826951       0.0019657913    0.00021070225   0.0021764936   
zuoweiduo                 -0.66577025     0.14352934      -0.52224091     -0.00086114513  0.00018564902   -0.00067549611 
------------------------- --------------- --------------- --------------- --------------- --------------- ---------------
Net                       47.400756       12.463994       59.86475        0.061310835     0.016121639     0.077432474    
