                                    "Force Report"

Forces
                          Forces [N]                                                                                                                                Coefficients                                                                                                                             
Zone                      Pressure                                      Viscous                                       Total                                         Pressure                                      Viscous                                       Total                                        
jidi                      (1144.0578 2.6580919e-07 0.00043502303)       (1.3644831e-08 -0.00064845701 -0.00074415214) (1144.0578 -0.0006481912 -0.00030912912)      (1.4797895 3.4381273e-10 5.6268354e-07)       (1.7649002e-11 -8.387512e-07 -9.6252873e-07)  (1.4797895 -8.3840739e-07 -3.9984519e-07)    
jishen                    (9079.4643 1.1824739 -12501.21)               (1.1901853 -0.053875196 -0.055217579)         (9080.6544 1.1285987 -12501.265)              (11.743896 0.0015294791 -16.169777)           (0.0015394534 -6.9685244e-05 -7.1421558e-05)  (11.745435 0.0014597938 -16.169848)          
jitou                     (-11244.074 -6.9624942 -3.2021162)            (1.1713348 -0.084974033 -0.01462759)          (-11242.903 -7.0474682 -3.2167438)            (-14.543726 -0.0090056862 -0.0041417993)      (0.0015150712 -0.00010991025 -1.8920157e-05)  (-14.542211 -0.0091155965 -0.0041607195)     
liangan                   (-81.106455 -0.57604458 -3078.646)            (1.1008491 -0.054796112 -0.023402822)         (-80.005606 -0.63084069 -3078.6694)           (-0.1049077 -0.00074508884 -3.9820959)        (0.0014239009 -7.0876409e-05 -3.0270542e-05)  (-0.1034838 -0.00081596525 -3.9821262)       
waiyi                     (-126.974 -0.1450101 1588.9043)               (4.0380262 -0.25498865 0.11782912)            (-122.93598 -0.39999876 1589.0222)            (-0.1642354 -0.00018756432 2.0551793)         (0.0052230128 -0.00032981684 0.00015240689)   (-0.15901239 -0.00051738115 2.0553317)       
weiyi                     (46.462387 -5.4676876 516.8973)               (1.5768129 -0.095715621 -0.076235458)         (48.039199 -5.5634032 516.82106)              (0.060097095 -0.0070722183 0.66858438)        (0.0020395395 -0.00012380403 -9.860728e-05)   (0.062136634 -0.0071960223 0.66848577)       
xiaoyi                    (151.31276 -0.28019886 -371.66429)            (0.31089872 -0.019816513 -0.010669994)        (151.62366 -0.30001537 -371.67496)            (0.19571653 -0.00036242515 -0.48073174)       (0.0004021341 -2.5631806e-05 -1.3801177e-05)  (0.19611867 -0.00038805696 -0.48074554)      
youfuyi                   (-0.83589844 -0.42456182 12.147803)           (0.18800431 -0.021930662 0.0075430154)        (-0.64789413 -0.44649248 12.155346)           (-0.0010811986 -0.00054915242 0.01571266)     (0.00024317547 -2.8366366e-05 9.7565654e-06)  (-0.00083802314 -0.00057751879 0.015722417)  
youweiduo                 (-0.73189528 1.9861055 3.4770814)             (0.13529528 -0.0088060462 0.0083634847)       (-0.59659999 1.9772994 3.4854449)             (-0.000946675 0.0025689418 0.004497455)       (0.00017499862 -1.1390241e-05 1.0817807e-05)  (-0.00077167638 0.0025575516 0.0045082728)   
zhongyangyi               (1057.5844 -0.017749283 14147.358)            (2.4533191 -0.1257059 0.011382033)            (1060.0377 -0.14345518 14147.37)              (1.3679398 -2.2957932e-05 18.298998)          (0.0031732625 -0.00016259516 1.4722169e-05)   (1.3711131 -0.00018555309 18.299013)         
zuofuyi                   (-0.82877014 0.42915421 12.046976)            (0.19210538 -0.020130084 0.0073724744)        (-0.63666477 0.40902413 12.054348)            (-0.0010719785 0.00055509248 0.015582244)     (0.00024848003 -2.6037396e-05 9.5359779e-06)  (-0.00082349844 0.00052905508 0.01559178)    
zuoweiduo                 (-0.96269534 -0.020548621 0.09654532)         (0.15471852 -0.014285699 -0.013368592)        (-0.80797682 -0.03483432 0.083176727)         (-0.0012452049 -2.6578756e-05 0.00012487721)  (0.00020012174 -1.8477936e-05 -1.7291698e-05) (-0.0010450832 -4.5056692e-05 0.00010758551) 
------------------------- --------------------------------------------- --------------------------------------------- --------------------------------------------- --------------------------------------------- --------------------------------------------- ---------------------------------------------
Net                       (23.367528 -10.296561 326.20627)              (12.51155 -0.75567297 -0.041776059)           (35.879078 -11.052234 326.1645)               (0.030224891 -0.013318158 0.42193375)         (0.01618315 -0.00097743043 -5.4035533e-05)    (0.046408041 -0.014295589 0.42187972)        

Forces - Direction Vector (0.99695636 -0.069756474 -0.034814483)
                          Forces [N]                                      Coefficients                                   
Zone                      Pressure        Viscous         Total           Pressure        Viscous         Total          
jidi                      1140.5757       7.115495e-05    1140.5758       1.4752855       9.2035862e-08   1.4752856      
jishen                    9486.9703       1.1922433       9488.1626       12.270987       0.0015421154    12.272529      
jitou                     -11209.254      1.1742065       -11208.08       -14.498687      0.0015187855    -14.497169     
liangan                   26.362054       1.1021357       27.46419        0.034098181     0.001425565     0.035523746    
waiyi                     -181.89431      4.0394208       -177.85489      -0.23527245     0.0052248168    -0.23004763    
weiyi                     28.706866       1.5813445       30.288211       0.037131095     0.002045401     0.039176496    
xiaoyi                    163.81106       0.31170626      164.12277       0.21188255      0.00040317861   0.21228573     
youfuyi                   -1.2266578      0.18869929      -1.0379585      -0.001586629    0.0002440744    -0.0013425546  
youweiduo                 -0.98926416     0.1352066       -0.85405755     -0.0012795706   0.00017488391   -0.0011046866  
zhongyangyi               561.83375       2.4542246       564.28797       0.72670774      0.0031744338    0.72988218     
zuofuyi                   -1.2755932      0.19266821      -1.082925       -0.0016499248   0.00024920803   -0.0014007168  
zuoweiduo                 -0.96169302     0.15570956      -0.80598347     -0.0012439085   0.0002014036    -0.0010425049  
------------------------- --------------- --------------- --------------- --------------- --------------- ---------------
Net                       12.657955       12.527637       25.185592       0.016372519     0.016203958     0.032576477    
