                                    "Force Report"

Moments - Moment Center (0 0 0.05)
                          Moments [N m]                                                                                                                             Coefficients                                                                                                                             
Zone                      Pressure                                      Viscous                                       Total                                         Pressure                                      Viscous                                       Total                                        
jidi                      (1.3405503e-08 -22.88682 0.0043460153)        (-6.4194281e-05 -0.00055946641 -0.0018683544) (-6.4180875e-05 -22.88738 0.0024776609)       (4.7544396e-11 -0.081171146 1.541372e-05)     (-2.2767354e-07 -1.9842219e-06 -6.6263669e-06) (-2.2762599e-07 -0.08117313 8.7873531e-06)   
jishen                    (0.52900146 -232.00245 3.8735545)             (-0.038852899 -0.092523124 -0.00057297662)    (0.49014856 -232.09497 3.8729815)             (0.0018761739 -0.82282746 0.013738075)        (-0.00013779696 -0.00032814554 -2.0321376e-06) (0.0017383769 -0.82315561 0.013736043)       
jitou                     (-1.3108545 532.15221 12.817937)              (-0.014489628 -0.10731023 0.16176679)         (-1.3253441 532.0449 12.979704)               (-0.0046491194 1.8873484 0.045460514)         (-5.138939e-05 -0.00038058997 0.00057372738)  (-0.0047005088 1.8869678 0.046034241)        
liangan                   (0.62851759 645.99052 -0.21137635)            (0.016297274 0.1355468 -0.008574827)          (0.64481486 646.12607 -0.21995118)            (0.002229121 2.2910911 -0.00074967427)        (5.7800446e-05 0.0004807347 -3.0411762e-05)   (0.0022869215 2.2915718 -0.00078008604)      
waiyi                     (12.107395 -51.769237 -1.3478147)             (0.098659044 0.53730503 -0.058359804)         (12.206055 -51.231932 -1.4061745)             (0.042940485 -0.18360647 -0.0047802037)       (0.00034990739 0.0019056236 -0.00020698079)   (0.043290392 -0.18170084 -0.0049871844)      
weiyi                     (-9.2356629 -639.00978 -28.111663)            (0.10254999 0.52684343 -0.30564)              (-9.1331129 -638.48294 -28.417303)            (-0.032755504 -2.266333 -0.099701742)         (0.00036370715 0.0018685201 -0.0010839928)    (-0.032391797 -2.2644645 -0.10078574)        
xiaoyi                    (1.0356957 55.989459 -0.92868848)             (0.032640906 0.042950355 -0.035989751)        (1.0683366 56.032409 -0.96467823)             (0.0036732324 0.19857405 -0.0032937169)       (0.0001157653 0.00015232913 -0.00012764243)   (0.0037889977 0.19872637 -0.0034213594)      
youfuyi                   (12.668354 -1.8588359 1.0558898)              (0.0059862141 0.021971275 -0.23639956)        (12.674341 -1.8368646 0.81949019)             (0.04493 -0.006592608 0.0037448531)           (2.1230903e-05 7.7924041e-05 -0.00083842243)  (0.044951231 -0.006514684 0.0029064307)      
youweiduo                 (0.53873843 -3.5207713 2.1738735)             (0.016204393 0.013905337 -0.098151507)        (0.55494282 -3.506866 2.075722)               (0.0019107073 -0.012486883 0.007709931)       (5.7471028e-05 4.9317124e-05 -0.00034810734)  (0.0019681783 -0.012437566 0.0073618236)     
zhongyangyi               (10.274301 -289.50795 -0.84528467)            (0.060046338 0.29286651 -0.04504475)          (10.334347 -289.21508 -0.89032942)            (0.03643917 -1.0267784 -0.0029979142)         (0.00021296231 0.0010386899 -0.00015975718)   (0.036652133 -1.0257397 -0.0031576714)       
zuofuyi                   (-12.111466 -1.7890686 -0.90933905)           (0.0075320252 0.022284856 0.21543226)         (-12.103934 -1.7667837 -0.69390679)           (-0.04295492 -0.0063451691 -0.0032250916)     (2.6713327e-05 7.9036197e-05 0.00076405911)   (-0.042928207 -0.0062661329 -0.0024610325)   
zuoweiduo                 (-0.15698527 -0.86051164 -0.60387768)         (0.021772701 0.08060889 -0.0019454)           (-0.13521257 -0.77990275 -0.60582308)         (-0.0005567691 -0.0030519187 -0.0021417323)   (7.7219772e-05 0.00028589013 -6.8996194e-06)  (-0.00047954933 -0.0027660286 -0.0021486319) 
------------------------- --------------------------------------------- --------------------------------------------- --------------------------------------------- --------------------------------------------- --------------------------------------------- ---------------------------------------------
Net                       (14.967035 -9.073244 -13.032443)              (0.30828217 1.4738897 -0.41534789)            (15.275317 -7.5993543 -13.447791)             (0.053082576 -0.032179464 -0.046221289)       (0.0010933636 0.0052273452 -0.0014730864)     (0.05417594 -0.026952118 -0.047694375)       

Moments - Moment Center (0 0 0.05) Moment Axis (0 1 0)
                          Moments [N m]                                   Coefficients                                   
Zone                      Pressure        Viscous         Total           Pressure        Viscous         Total          
jidi                      -22.88682       -0.00055946641  -22.88738       -0.081171146    -1.9842219e-06  -0.08117313    
jishen                    -232.00245      -0.092523124    -232.09497      -0.82282746     -0.00032814554  -0.82315561    
jitou                     532.15221       -0.10731023     532.0449        1.8873484       -0.00038058997  1.8869678      
liangan                   645.99052       0.1355468       646.12607       2.2910911       0.0004807347    2.2915718      
waiyi                     -51.769237      0.53730503      -51.231932      -0.18360647     0.0019056236    -0.18170084    
weiyi                     -639.00978      0.52684343      -638.48294      -2.266333       0.0018685201    -2.2644645     
xiaoyi                    55.989459       0.042950355     56.032409       0.19857405      0.00015232913   0.19872637     
youfuyi                   -1.8588359      0.021971275     -1.8368646      -0.006592608    7.7924041e-05   -0.006514684   
youweiduo                 -3.5207713      0.013905337     -3.506866       -0.012486883    4.9317124e-05   -0.012437566   
zhongyangyi               -289.50795      0.29286651      -289.21508      -1.0267784      0.0010386899    -1.0257397     
zuofuyi                   -1.7890686      0.022284856     -1.7667837      -0.0063451691   7.9036197e-05   -0.0062661329  
zuoweiduo                 -0.86051164     0.08060889      -0.77990275     -0.0030519187   0.00028589013   -0.0027660286  
------------------------- --------------- --------------- --------------- --------------- --------------- ---------------
Net                       -9.073244       1.4738897       -7.5993543      -0.032179464    0.0052273452    -0.026952118   
