                                    "Force Report"

Moments - Moment Center (0 0 0.05)
                          Moments [N m]                                                                                                                             Coefficients                                                                                                                             
Zone                      Pressure                                      Viscous                                       Total                                         Pressure                                      Viscous                                       Total                                        
jidi                      (-1.0149192e-08 -22.915405 0.0061009398)      (-0.00019376474 -0.00048029506 -0.0019293423) (-0.00019377489 -22.915886 0.0041715975)      (-3.5995456e-11 -0.081272526 2.1637793e-05)   (-6.8721237e-07 -1.7034302e-06 -6.8426685e-06) (-6.8724836e-07 -0.081274229 1.4795124e-05)  
jishen                    (0.063837625 -229.45001 2.6579799)            (-0.031076972 -0.064780347 -0.0060150965)     (0.032760653 -229.51479 2.6519648)            (0.00022640861 -0.8137749 0.0094268783)       (-0.0001102186 -0.0002297521 -2.1333338e-05)  (0.00011619 -0.81400465 0.009405545)         
jitou                     (-1.2552419 548.01379 12.400514)              (-0.014006491 0.061541028 0.16092538)         (-1.2692484 548.07533 12.561439)              (-0.004451882 1.9436036 0.043980068)          (-4.9675878e-05 0.00021826342 0.00057074321)  (-0.0045015579 1.9438219 0.044550811)        
liangan                   (1.3270403 650.15727 -1.3182344)              (0.024319232 0.13717231 -0.025832917)         (1.3513595 650.29444 -1.3440673)              (0.0047065244 2.305869 -0.0046752931)         (8.6251382e-05 0.00048649979 -9.1619867e-05)  (0.0047927758 2.3063555 -0.0047669129)       
waiyi                     (9.2194596 -45.183504 -1.3289944)             (0.090523299 0.61448106 -0.071976469)         (9.3099829 -44.569023 -1.4009708)             (0.032698037 -0.16024929 -0.0047134549)       (0.00032105289 0.0021793386 -0.0002552741)    (0.03301909 -0.15806996 -0.004968729)        
weiyi                     (-8.9218913 -717.18266 -31.119325)            (0.099257353 0.35108326 -0.38990199)          (-8.822634 -716.83158 -31.509227)             (-0.031642672 -2.5435835 -0.11036882)         (0.00035202937 0.0012451634 -0.0013828392)    (-0.031290642 -2.5423383 -0.11175165)        
xiaoyi                    (12.58641 55.990327 -1.0703024)               (0.10807875 0.039103162 -0.032117441)         (12.694489 56.02943 -1.1024198)               (0.044639374 0.19857713 -0.0037959694)        (0.00038331563 0.00013868455 -0.00011390877)  (0.04502269 0.19871581 -0.0039098782)        
youfuyi                   (21.178839 -3.0577933 0.47127165)             (0.044980788 0.011593571 -0.18839558)         (21.22382 -3.0461998 0.28287607)              (0.075113563 -0.01084487 0.0016714274)        (0.00015953033 4.111814e-05 -0.00066816992)   (0.075273093 -0.010803752 0.0010032575)      
youweiduo                 (0.71441309 -5.274077 3.1567133)              (0.021463558 -0.0030507422 -0.10077221)       (0.73587665 -5.2771278 3.0559411)             (0.0025337608 -0.018705214 0.011195702)       (7.6123356e-05 -1.0819862e-05 -0.00035740202) (0.0026098842 -0.018716034 0.0108383)        
zhongyangyi               (8.6524002 -276.47003 1.5998477)              (0.037931194 0.34445049 -0.0053052956)        (8.6903314 -276.12558 1.5945424)              (0.030686886 -0.98053764 0.005674072)         (0.00013452801 0.0012216394 -1.8815935e-05)   (0.030821414 -0.979316 0.0056552561)         
zuofuyi                   (-20.375377 -2.9624652 -0.35499583)           (-0.030156269 0.01284551 0.17134652)          (-20.405534 -2.9496197 -0.18364931)           (-0.072263979 -0.010506776 -0.0012590398)     (-0.00010695321 4.5558305e-05 0.00060770318)  (-0.072370932 -0.010461218 -0.00065133664)   
zuoweiduo                 (-0.37810368 -3.0120737 -1.8784814)           (0.014508853 0.057061059 0.0024205113)        (-0.36359482 -2.9550126 -1.8760609)           (-0.0013409949 -0.010682719 -0.0066622837)    (5.1457573e-05 0.00020237462 8.5846646e-06)   (-0.0012895373 -0.010480344 -0.006653699)    
------------------------- --------------------------------------------- --------------------------------------------- --------------------------------------------- --------------------------------------------- --------------------------------------------- ---------------------------------------------
Net                       (22.811786 -51.346626 -16.777906)             (0.36562953 1.5610201 -0.48755393)            (23.177415 -49.785606 -17.26546)              (0.080905026 -0.18210762 -0.059505071)        (0.0012967536 0.0055363648 -0.0017291747)     (0.082201779 -0.17657126 -0.061234246)       

Moments - Moment Center (0 0 0.05) Moment Axis (0 1 0)
                          Moments [N m]                                   Coefficients                                   
Zone                      Pressure        Viscous         Total           Pressure        Viscous         Total          
jidi                      -22.915405      -0.00048029506  -22.915886      -0.081272526    -1.7034302e-06  -0.081274229   
jishen                    -229.45001      -0.064780347    -229.51479      -0.8137749      -0.0002297521   -0.81400465    
jitou                     548.01379       0.061541028     548.07533       1.9436036       0.00021826342   1.9438219      
liangan                   650.15727       0.13717231      650.29444       2.305869        0.00048649979   2.3063555      
waiyi                     -45.183504      0.61448106      -44.569023      -0.16024929     0.0021793386    -0.15806996    
weiyi                     -717.18266      0.35108326      -716.83158      -2.5435835      0.0012451634    -2.5423383     
xiaoyi                    55.990327       0.039103162     56.02943        0.19857713      0.00013868455   0.19871581     
youfuyi                   -3.0577933      0.011593571     -3.0461998      -0.01084487     4.111814e-05    -0.010803752   
youweiduo                 -5.274077       -0.0030507422   -5.2771278      -0.018705214    -1.0819862e-05  -0.018716034   
zhongyangyi               -276.47003      0.34445049      -276.12558      -0.98053764     0.0012216394    -0.979316      
zuofuyi                   -2.9624652      0.01284551      -2.9496197      -0.010506776    4.5558305e-05   -0.010461218   
zuoweiduo                 -3.0120737      0.057061059     -2.9550126      -0.010682719    0.00020237462   -0.010480344   
------------------------- --------------- --------------- --------------- --------------- --------------- ---------------
Net                       -51.346626      1.5610201       -49.785606      -0.18210762     0.0055363648    -0.17657126    
