                                    "Force Report"

Moments - Moment Center (0 0 0.05)
                          Moments [N m]                                                                                                                             Coefficients                                                                                                                             
Zone                      Pressure                                      Viscous                                       Total                                         Pressure                                      Viscous                                       Total                                        
jidi                      (2.8564811e-09 -22.886511 0.0040054015)       (-8.4232981e-05 0.00017206787 -0.0011054213)  (-8.4230125e-05 -22.886339 0.0028999801)      (1.0130889e-11 -0.081170049 1.4205688e-05)    (-2.9874344e-07 6.1026153e-07 -3.9205235e-06) (-2.9873331e-07 -0.081169439 1.0285164e-05)  
jishen                    (0.35350783 -232.12865 2.6587881)             (-0.026568406 -0.085265716 -0.0092302757)     (0.32693942 -232.21391 2.6495579)             (0.0012537624 -0.82327505 0.0094297449)       (-9.4228376e-05 -0.00030240618 -3.2736397e-05) (0.001159534 -0.82357746 0.0093970085)       
jitou                     (-0.88016932 535.248 8.628196)                (-0.0095449923 -0.073625306 0.10756342)       (-0.88971431 535.17438 8.7357594)             (-0.0031216373 1.8983281 0.030601042)         (-3.3852582e-05 -0.00026112192 0.00038148796) (-0.0031554899 1.8980669 0.03098253)         
liangan                   (0.47471642 645.93629 -0.037730988)           (0.011956545 0.12066462 0.0035365985)         (0.48667296 646.05696 -0.034194389)           (0.0016836448 2.2908988 -0.00013381795)       (4.2405473e-05 0.00042795308 1.2543016e-05)   (0.0017260502 2.2913267 -0.00012127494)      
waiyi                     (7.91534 -49.470592 -0.29119492)              (0.064628822 0.57670638 -0.12545472)          (7.9799688 -48.893886 -0.41664965)            (0.028072804 -0.17545402 -0.0010327614)       (0.00022921469 0.0020453657 -0.00044494182)   (0.028302018 -0.17340866 -0.0014777033)      
weiyi                     (-5.6650761 -653.4156 -17.884528)             (0.068753726 0.54250548 -0.22689057)          (-5.5963223 -652.87309 -18.111418)            (-0.020091944 -2.3174251 -0.06342985)         (0.00024384421 0.0019240677 -0.00080469753)   (-0.0198481 -2.315501 -0.064234548)          
xiaoyi                    (2.3661008 55.920862 -0.58203892)             (0.033309131 0.040831356 -0.02878028)         (2.3994099 55.961693 -0.6108192)              (0.0083916904 0.19833076 -0.0020642782)       (0.00011813525 0.00014481382 -0.00010207308)  (0.0085098256 0.19847557 -0.0021663513)      
youfuyi                   (14.648849 -2.1242311 0.93926721)             (0.012583101 0.020515167 -0.23229289)         (14.661432 -2.103716 0.70697433)              (0.051954087 -0.0075338676 0.0033312358)      (4.4627637e-05 7.2759761e-05 -0.00082385755)  (0.051998714 -0.0074611078 0.0025073783)     
youweiduo                 (0.66463971 -4.3438279 2.6321319)             (0.011819283 0.018860708 -0.08205293)         (0.67645899 -4.3249672 2.550079)              (0.0023572329 -0.015405962 0.0093352051)      (4.1918656e-05 6.6892005e-05 -0.00029101161)  (0.0023991516 -0.01533907 0.0090441935)      
zhongyangyi               (6.8353639 -285.97678 -0.20323049)            (0.038217516 0.32286049 -0.028224972)         (6.8735814 -285.65392 -0.23145547)            (0.024242525 -1.0142546 -0.00072078391)       (0.00013554349 0.0011450676 -0.00010010361)   (0.024378069 -1.0131095 -0.00082088752)      
zuofuyi                   (-14.198238 -2.0770023 -1.0112037)            (-0.0035600388 0.021159148 0.22244337)        (-14.201798 -2.0558432 -0.78876036)           (-0.050355936 -0.0073663644 -0.0035863682)    (-1.262615e-05 7.5043727e-05 0.00078892493)   (-0.050368563 -0.0072913206 -0.0027974433)   
zuoweiduo                 (-0.12627218 -0.88279145 -0.63645066)         (0.014979351 0.070161935 0.017973278)         (-0.11129283 -0.81262951 -0.61847738)         (-0.00044784104 -0.003130937 -0.0022572567)   (5.3126257e-05 0.00024883861 6.3744615e-05)   (-0.00039471478 -0.0028820984 -0.0021935121) 
------------------------- --------------------------------------------- --------------------------------------------- --------------------------------------------- --------------------------------------------- --------------------------------------------- ---------------------------------------------
Net                       (12.388762 -16.200829 -5.7839886)             (0.21648981 1.5755463 -0.38251539)            (12.605252 -14.625282 -6.166504)              (0.043938387 -0.057458389 -0.020513683)       (0.00076780982 0.0055878841 -0.0013566416)    (0.044706197 -0.051870505 -0.021870325)      

Moments - Moment Center (0 0 0.05) Moment Axis (0 1 0)
                          Moments [N m]                                   Coefficients                                   
Zone                      Pressure        Viscous         Total           Pressure        Viscous         Total          
jidi                      -22.886511      0.00017206787   -22.886339      -0.081170049    6.1026153e-07   -0.081169439   
jishen                    -232.12865      -0.085265716    -232.21391      -0.82327505     -0.00030240618  -0.82357746    
jitou                     535.248         -0.073625306    535.17438       1.8983281       -0.00026112192  1.8980669      
liangan                   645.93629       0.12066462      646.05696       2.2908988       0.00042795308   2.2913267      
waiyi                     -49.470592      0.57670638      -48.893886      -0.17545402     0.0020453657    -0.17340866    
weiyi                     -653.4156       0.54250548      -652.87309      -2.3174251      0.0019240677    -2.315501      
xiaoyi                    55.920862       0.040831356     55.961693       0.19833076      0.00014481382   0.19847557     
youfuyi                   -2.1242311      0.020515167     -2.103716       -0.0075338676   7.2759761e-05   -0.0074611078  
youweiduo                 -4.3438279      0.018860708     -4.3249672      -0.015405962    6.6892005e-05   -0.01533907    
zhongyangyi               -285.97678      0.32286049      -285.65392      -1.0142546      0.0011450676    -1.0131095     
zuofuyi                   -2.0770023      0.021159148     -2.0558432      -0.0073663644   7.5043727e-05   -0.0072913206  
zuoweiduo                 -0.88279145     0.070161935     -0.81262951     -0.003130937    0.00024883861   -0.0028820984  
------------------------- --------------- --------------- --------------- --------------- --------------- ---------------
Net                       -16.200829      1.5755463       -14.625282      -0.057458389    0.0055878841    -0.051870505   
