                                    "Force Report"

Moments - Moment Center (0 0 0.05)
                          Moments [N m]                                                                                                                             Coefficients                                                                                                                             
Zone                      Pressure                                      Viscous                                       Total                                         Pressure                                      Viscous                                       Total                                        
jidi                      (-1.2490704e-08 -22.909453 0.0026561964)      (-0.00014381837 6.1979622e-05 -0.0013160503)  (-0.00014383086 -22.909391 0.0013401461)      (-4.4299941e-11 -0.081251415 9.4205531e-06)   (-5.1007093e-07 2.1981895e-07 -4.667547e-06)  (-5.1011523e-07 -0.081251195 4.7530061e-06)  
jishen                    (0.11486691 -229.63774 1.7300702)             (-0.021317202 -0.064299121 -0.00116952)       (0.093549709 -229.70204 1.7289007)            (0.00040739074 -0.81444073 0.0061359236)      (-7.5604286e-05 -0.00022804537 -4.1478579e-06) (0.00033178646 -0.81466878 0.0061317757)     
jitou                     (-0.84699353 548.20297 8.3592672)             (-0.009224761 0.062694401 0.1070033)          (-0.85621829 548.26566 8.4662705)             (-0.003003975 1.9442746 0.02964725)           (-3.2716839e-05 0.00022235401 0.0003795014)   (-0.0030366918 1.9444969 0.030026752)        
liangan                   (0.6622243 648.67502 -1.0594264)              (0.011857982 0.12114494 -0.017498824)         (0.67408228 648.79617 -1.0769252)             (0.0023486664 2.300612 -0.0037573963)         (4.2055906e-05 0.00042965661 -6.2061901e-05)  (0.0023907223 2.3010417 -0.0038194582)       
waiyi                     (6.1480916 -45.147045 -0.98100208)            (0.063712282 0.6234096 -0.044507923)          (6.2118039 -44.523636 -1.02551)               (0.021805023 -0.16011999 -0.0034792541)       (0.00022596406 0.0022110049 -0.00015785325)   (0.022030987 -0.15790898 -0.0036371073)      
weiyi                     (-5.8859975 -719.11192 -19.902511)            (0.062719408 0.35823986 -0.25954308)          (-5.8232781 -718.75368 -20.162054)            (-0.020875471 -2.5504258 -0.070586896)        (0.0002224427 0.0012705452 -0.00092050398)    (-0.020653029 -2.5491553 -0.0715074)         
xiaoyi                    (8.8851316 55.942993 -0.46130031)             (0.080366388 0.038494467 -0.021602475)        (8.965498 55.981488 -0.48290279)              (0.031512298 0.19840925 -0.0016360628)        (0.00028503006 0.00013652573 -7.6616046e-05)  (0.031797328 0.19854577 -0.0017126788)       
youfuyi                   (21.789877 -3.1571384 0.47314536)             (0.043914064 0.01156262 -0.18591382)          (21.833791 -3.1455758 0.28723154)             (0.07728069 -0.01119721 0.0016780728)         (0.00015574706 4.1008364e-05 -0.00065936804)  (0.077436437 -0.011156202 0.0010187048)      
youweiduo                 (0.76780993 -5.8038337 3.4623445)             (0.014286069 0.0064983758 -0.079408548)       (0.782096 -5.7973354 3.382936)                (0.0027231398 -0.020584066 0.012279664)       (5.0667438e-05 2.3047352e-05 -0.00028163295)  (0.0027738072 -0.020561019 0.011998031)      
zhongyangyi               (5.5430055 -275.30935 1.281831)               (0.022839167 0.35047494 -0.013569294)         (5.5658446 -274.95887 1.2682617)              (0.019659004 -0.97642113 0.0045461838)        (8.1002138e-05 0.0012430059 -4.81253e-05)     (0.019740007 -0.97517813 0.0044980585)       
zuofuyi                   (-20.986915 -3.0432711 -0.31955424)           (-0.032435402 0.013086792 0.17732732)         (-21.01935 -3.0301843 -0.14222692)            (-0.074432878 -0.010793365 -0.0011333415)     (-0.00011503646 4.6414044e-05 0.00062891486)  (-0.074547914 -0.010746951 -0.00050442665)   
zuoweiduo                 (-0.30755351 -2.7168578 -1.7065143)           (0.0088232685 0.050936409 0.021655573)        (-0.29873024 -2.6659214 -1.6848587)           (-0.0010907793 -0.0096356967 -0.0060523793)   (3.1292893e-05 0.00018065273 7.6804364e-05)   (-0.0010594864 -0.009455044 -0.0059755749)   
------------------------- --------------------------------------------- --------------------------------------------- --------------------------------------------- --------------------------------------------- --------------------------------------------- ---------------------------------------------
Net                       (15.883548 -54.015626 -9.1209936)             (0.24539744 1.5723053 -0.31854335)            (16.128945 -52.443321 -9.439537)              (0.056333109 -0.19157359 -0.032348814)        (0.0008703346 0.0055763893 -0.0011297563)     (0.057203444 -0.1859972 -0.033478571)        

Moments - Moment Center (0 0 0.05) Moment Axis (0 1 0)
                          Moments [N m]                                   Coefficients                                   
Zone                      Pressure        Viscous         Total           Pressure        Viscous         Total          
jidi                      -22.909453      6.1979622e-05   -22.909391      -0.081251415    2.1981895e-07   -0.081251195   
jishen                    -229.63774      -0.064299121    -229.70204      -0.81444073     -0.00022804537  -0.81466878    
jitou                     548.20297       0.062694401     548.26566       1.9442746       0.00022235401   1.9444969      
liangan                   648.67502       0.12114494      648.79617       2.300612        0.00042965661   2.3010417      
waiyi                     -45.147045      0.6234096       -44.523636      -0.16011999     0.0022110049    -0.15790898    
weiyi                     -719.11192      0.35823986      -718.75368      -2.5504258      0.0012705452    -2.5491553     
xiaoyi                    55.942993       0.038494467     55.981488       0.19840925      0.00013652573   0.19854577     
youfuyi                   -3.1571384      0.01156262      -3.1455758      -0.01119721     4.1008364e-05   -0.011156202   
youweiduo                 -5.8038337      0.0064983758    -5.7973354      -0.020584066    2.3047352e-05   -0.020561019   
zhongyangyi               -275.30935      0.35047494      -274.95887      -0.97642113     0.0012430059    -0.97517813    
zuofuyi                   -3.0432711      0.013086792     -3.0301843      -0.010793365    4.6414044e-05   -0.010746951   
zuoweiduo                 -2.7168578      0.050936409     -2.6659214      -0.0096356967   0.00018065273   -0.009455044   
------------------------- --------------- --------------- --------------- --------------- --------------- ---------------
Net                       -54.015626      1.5723053       -52.443321      -0.19157359     0.0055763893    -0.1859972     
