                                    "Force Report"

Moments - Moment Center (0 0 0.05)
                          Moments [N m]                                                                                                                             Coefficients                                                                                                                             
Zone                      Pressure                                      Viscous                                       Total                                         Pressure                                      Viscous                                       Total                                        
jidi                      (-1.3041595e-08 -22.920548 0.006047639)       (2.9799842e-05 -0.0010278947 0.00090951289)   (2.97868e-05 -22.921576 0.0069571519)         (-4.6253748e-11 -0.081290767 2.1448754e-05)   (1.0568909e-07 -3.645565e-06 3.2257082e-06)   (1.0564284e-07 -0.081294412 2.4674462e-05)   
jishen                    (0.079198074 -229.4401 1.6510949)             (-0.020025643 -0.061559753 0.0041945441)      (0.059172431 -229.50166 1.6552895)            (0.00028088648 -0.81373975 0.0058558273)      (-7.1023599e-05 -0.00021832983 1.4876507e-05) (0.00020986288 -0.81395808 0.0058707038)     
jitou                     (-0.84602765 550.92801 8.3514633)             (-0.0091888572 0.093953368 0.10717249)        (-0.85521651 551.02197 8.4586358)             (-0.0030005493 1.9539393 0.029619573)         (-3.2589501e-05 0.00033321809 0.00038010144)  (-0.0030331388 1.9542725 0.029999674)        
liangan                   (0.65486606 649.18911 -1.3034617)             (0.0082057135 0.12189883 0.0013783638)        (0.66307178 649.31101 -1.3020833)             (0.0023225694 2.3024353 -0.0046228999)        (2.9102652e-05 0.00043233037 4.8885502e-06)   (0.002351672 2.3028677 -0.0046180113)        
waiyi                     (8.0236969 -45.193678 -1.4217665)             (0.066557021 0.58145195 -0.056065327)         (8.090254 -44.612226 -1.4778318)              (0.028457106 -0.16028538 -0.0050424835)       (0.00023605331 0.0020621965 -0.00019884312)   (0.028693159 -0.15822318 -0.0052413267)      
weiyi                     (-6.2786 -736.18259 -20.863791)               (0.060236076 0.31863102 -0.25705934)          (-6.218364 -735.86396 -21.120851)             (-0.022267888 -2.6109692 -0.073996204)        (0.00021363524 0.0011300672 -0.00091169507)   (-0.022054253 -2.6098392 -0.074907899)       
xiaoyi                    (10.514813 55.903778 -0.52304968)             (0.089693163 0.037525053 -0.021481539)        (10.604506 55.941303 -0.54453122)             (0.03729218 0.19827017 -0.0018550651)         (0.0003181087 0.00013308758 -7.6187127e-05)   (0.037610289 0.19840325 -0.0019312522)       
youfuyi                   (24.730685 -3.5768153 0.1656709)              (0.051145613 0.0095632799 -0.17519532)        (24.781831 -3.567252 -0.0095244195)           (0.087710656 -0.01268565 0.00058757382)       (0.0001813947 3.3917441e-05 -0.00062135343)   (0.087892051 -0.012651733 -3.3779618e-05)    
youweiduo                 (0.79050415 -6.0834137 3.6235782)             (0.013960097 0.0054148596 -0.07723907)        (0.80446424 -6.0779988 3.5463391)             (0.0028036278 -0.021575634 0.012851501)       (4.9511335e-05 1.9204518e-05 -0.00027393861)  (0.0028531392 -0.021556429 0.012577562)      
zhongyangyi               (6.9482541 -274.98464 0.96516841)             (0.016091183 0.3309933 -0.019635049)          (6.9643452 -274.65364 0.94553336)             (0.024642905 -0.97526951 0.0034230979)        (5.7069516e-05 0.0011739117 -6.9638308e-05)   (0.024699975 -0.9740956 0.0033534595)        
zuofuyi                   (-22.875733 -3.2893827 -0.0070674744)         (-0.036970338 0.011692065 0.16921173)         (-22.912704 -3.2776906 0.16214425)            (-0.081131823 -0.011666232 -2.5065736e-05)    (-0.00013112021 4.1467459e-05 0.00060013184)  (-0.081262944 -0.011624765 0.0005750661)     
zuoweiduo                 (-0.36082438 -3.1312168 -1.9561065)           (0.0073480896 0.044533747 0.022285513)        (-0.35347629 -3.0866831 -1.933821)            (-0.0012797115 -0.011105276 -0.0069375914)    (2.6060975e-05 0.00015794484 7.903853e-05)    (-0.0012536506 -0.010947331 -0.0068585528)   
------------------------- --------------------------------------------- --------------------------------------------- --------------------------------------------- --------------------------------------------- --------------------------------------------- ---------------------------------------------
Net                       (21.380832 -68.781482 -11.31222)              (0.24708192 1.4930698 -0.3015235)             (21.627914 -67.288412 -11.613743)             (0.075829959 -0.24394265 -0.040120288)        (0.00087630881 0.0052953703 -0.0010693931)    (0.076706268 -0.23864728 -0.041189682)       

Moments - Moment Center (0 0 0.05) Moment Axis (0 1 0)
                          Moments [N m]                                   Coefficients                                   
Zone                      Pressure        Viscous         Total           Pressure        Viscous         Total          
jidi                      -22.920548      -0.0010278947   -22.921576      -0.081290767    -3.645565e-06   -0.081294412   
jishen                    -229.4401       -0.061559753    -229.50166      -0.81373975     -0.00021832983  -0.81395808    
jitou                     550.92801       0.093953368     551.02197       1.9539393       0.00033321809   1.9542725      
liangan                   649.18911       0.12189883      649.31101       2.3024353       0.00043233037   2.3028677      
waiyi                     -45.193678      0.58145195      -44.612226      -0.16028538     0.0020621965    -0.15822318    
weiyi                     -736.18259      0.31863102      -735.86396      -2.6109692      0.0011300672    -2.6098392     
xiaoyi                    55.903778       0.037525053     55.941303       0.19827017      0.00013308758   0.19840325     
youfuyi                   -3.5768153      0.0095632799    -3.567252       -0.01268565     3.3917441e-05   -0.012651733   
youweiduo                 -6.0834137      0.0054148596    -6.0779988      -0.021575634    1.9204518e-05   -0.021556429   
zhongyangyi               -274.98464      0.3309933       -274.65364      -0.97526951     0.0011739117    -0.9740956     
zuofuyi                   -3.2893827      0.011692065     -3.2776906      -0.011666232    4.1467459e-05   -0.011624765   
zuoweiduo                 -3.1312168      0.044533747     -3.0866831      -0.011105276    0.00015794484   -0.010947331   
------------------------- --------------- --------------- --------------- --------------- --------------- ---------------
Net                       -68.781482      1.4930698       -67.288412      -0.24394265     0.0052953703    -0.23864728    
