                                    "Force Report"

Moments - Moment Center (0 0 0.05)
                          Moments [N m]                                                                                                                             Coefficients                                                                                                                             
Zone                      Pressure                                      Viscous                                       Total                                         Pressure                                      Viscous                                       Total                                        
jidi                      (1.0789022e-09 -22.901721 0.00107179)         (-1.6407695e-05 -0.0027517556 -0.00019418313) (-1.6406616e-05 -22.904473 0.00087760683)     (3.82647e-12 -0.081223993 3.8012453e-06)      (-5.8192068e-08 -9.7594662e-06 -6.8869624e-07) (-5.8188241e-08 -0.081233753 3.1125491e-06)  
jishen                    (0.0004937942 -229.52468 0.0067938513)        (9.8051035e-05 -0.064422955 -0.00051313192)   (0.00059184523 -229.5891 0.0062807194)        (1.7513066e-06 -0.81403972 2.4095295e-05)     (3.47751e-07 -0.00022848456 -1.8198905e-06)   (2.0990576e-06 -0.8142682 2.2275405e-05)     
jitou                     (0.0037699769 548.14123 -0.03065603)          (1.3365932e-05 0.062245104 -8.3311966e-05)    (0.0037833428 548.20348 -0.030739342)         (1.3370723e-05 1.9440556 -0.00010872568)      (4.740405e-08 0.00022076052 -2.9547694e-07)   (1.3418127e-05 1.9442764 -0.00010902116)     
liangan                   (0.015894342 648.2609 0.14520788)             (0.00012116822 0.12958625 0.00034856628)      (0.01601551 648.39049 0.14555644)             (5.6371391e-05 2.2991433 0.00051499901)       (4.2973917e-07 0.00045959481 1.2362366e-06)   (5.6801131e-05 2.2996029 0.00051623524)      
waiyi                     (0.13004834 -45.098174 0.031870922)           (1.9012788e-05 0.63002911 0.00174429)         (0.13006735 -44.468145 0.033615212)           (0.0004612337 -0.15994666 0.00011303446)      (6.7431375e-08 0.0022344818 6.186356e-06)     (0.00046130113 -0.15771218 0.00011922081)    
weiyi                     (1.4716938 -724.02115 4.6946456)              (0.0019906677 0.37234623 0.0049867378)        (1.4736845 -723.6488 4.6996324)               (0.0052195573 -2.5678371 0.016650184)         (7.0601673e-06 0.0013205753 1.7686127e-05)    (0.0052266175 -2.5665165 0.01666787)         
xiaoyi                    (0.021936578 55.922069 -0.0073472358)         (0.00029390848 0.037295675 0.0012757306)      (0.022230487 55.959365 -0.0060715052)         (7.7800985e-05 0.19833504 -2.6057947e-05)     (1.0423854e-06 0.00013227406 4.5245478e-06)   (7.8843371e-05 0.19846731 -2.1533399e-05)    
youfuyi                   (21.135415 -3.0363479 0.23733657)             (0.035419934 0.012934399 -0.18444704)         (21.170835 -3.0234135 0.052889534)            (0.074959554 -0.010768811 0.00084174566)      (0.0001256215 4.5873561e-05 -0.00065416591)   (0.075085176 -0.010722937 0.00018757975)     
youweiduo                 (0.92676104 -6.74094 4.002479)                (0.0040676058 0.019030317 -0.044967181)       (0.93082865 -6.7219096 3.9575118)             (0.003286881 -0.023907638 0.014195323)        (1.4426304e-05 6.7493545e-05 -0.00015948208)  (0.0033013073 -0.023840145 0.014035841)      
zhongyangyi               (-0.01334268 -274.73729 0.0028109957)         (7.0772494e-05 0.35082395 0.00010871399)      (-0.013271907 -274.38646 0.0029197097)        (-4.7321584e-05 -0.97439224 9.9695694e-06)    (2.5100404e-07 0.0012442437 3.855686e-07)     (-4.707058e-05 -0.973148 1.0355138e-05)      
zuofuyi                   (-21.042557 -3.0157684 -0.26309488)           (-0.035682372 0.012975001 0.18517119)         (-21.078239 -3.0027934 -0.077923686)          (-0.07463022 -0.010695823 -0.00093310089)     (-0.00012655227 4.6017562e-05 0.0006567342)   (-0.074756772 -0.010649805 -0.00027636669)   
zuoweiduo                 (-0.20079448 -2.0166276 -1.3040137)           (-0.0031496169 0.035621815 0.061494628)       (-0.2039441 -1.9810057 -1.2425191)            (-0.00071214427 -0.0071522372 -0.0046248576)  (-1.1170534e-05 0.00012633749 0.00021809886)  (-0.0007233148 -0.0070258997 -0.0044067588)  
------------------------- --------------------------------------------- --------------------------------------------- --------------------------------------------- --------------------------------------------- --------------------------------------------- ---------------------------------------------
Net                       (2.4493191 -58.768491 7.5171048)              (0.0032460903 1.5957131 0.024925008)          (2.4525652 -57.172778 7.5420298)              (0.0086868352 -0.20843025 0.02666041)         (1.151269e-05 0.0056594084 8.8399849e-05)     (0.0086983479 -0.20277084 0.026748809)       

Moments - Moment Center (0 0 0.05) Moment Axis (0 1 0)
                          Moments [N m]                                   Coefficients                                   
Zone                      Pressure        Viscous         Total           Pressure        Viscous         Total          
jidi                      -22.901721      -0.0027517556   -22.904473      -0.081223993    -9.7594662e-06  -0.081233753   
jishen                    -229.52468      -0.064422955    -229.5891       -0.81403972     -0.00022848456  -0.8142682     
jitou                     548.14123       0.062245104     548.20348       1.9440556       0.00022076052   1.9442764      
liangan                   648.2609        0.12958625      648.39049       2.2991433       0.00045959481   2.2996029      
waiyi                     -45.098174      0.63002911      -44.468145      -0.15994666     0.0022344818    -0.15771218    
weiyi                     -724.02115      0.37234623      -723.6488       -2.5678371      0.0013205753    -2.5665165     
xiaoyi                    55.922069       0.037295675     55.959365       0.19833504      0.00013227406   0.19846731     
youfuyi                   -3.0363479      0.012934399     -3.0234135      -0.010768811    4.5873561e-05   -0.010722937   
youweiduo                 -6.74094        0.019030317     -6.7219096      -0.023907638    6.7493545e-05   -0.023840145   
zhongyangyi               -274.73729      0.35082395      -274.38646      -0.97439224     0.0012442437    -0.973148      
zuofuyi                   -3.0157684      0.012975001     -3.0027934      -0.010695823    4.6017562e-05   -0.010649805   
zuoweiduo                 -2.0166276      0.035621815     -1.9810057      -0.0071522372   0.00012633749   -0.0070258997  
------------------------- --------------- --------------- --------------- --------------- --------------- ---------------
Net                       -58.768491      1.5957131       -57.172778      -0.20843025     0.0056594084    -0.20277084    
