                                    "Force Report"

Moments - Moment Center (0 0 0.05)
                          Moments [N m]                                                                                                                             Coefficients                                                                                                                             
Zone                      Pressure                                      Viscous                                       Total                                         Pressure                                      Viscous                                       Total                                        
jidi                      (1.465331e-09 -22.902485 0.00092774146)       (-9.9961026e-06 -0.0016864314 -0.00015026543) (-9.9946373e-06 -22.904171 0.00077747603)     (5.1969908e-12 -0.081226702 3.2903582e-06)    (-3.5452504e-08 -5.9811529e-06 -5.329363e-07) (-3.5447307e-08 -0.081232683 2.7574219e-06)  
jishen                    (0.00065905013 -228.39618 0.020538612)        (0.00010494532 -0.05880385 -0.00060185637)    (0.00076399545 -228.45499 0.019936756)        (2.3374087e-06 -0.81003737 7.2842913e-05)     (3.7220249e-07 -0.00020855566 -2.1345635e-06) (2.7096112e-06 -0.81024592 7.0708349e-05)    
jitou                     (0.0034629328 553.80218 -0.022664176)         (1.2882087e-05 0.1253556 -7.909621e-06)       (0.0034758149 553.92754 -0.022672086)         (1.2281751e-05 1.9641329 -8.0381508e-05)      (4.5688031e-08 0.00044459027 -2.8052521e-08)  (1.2327439e-05 1.9645775 -8.0409561e-05)     
liangan                   (0.0060676212 650.03731 0.11579461)           (-0.00021747986 0.1436898 -0.0024847018)      (0.0058501413 650.181 0.11330991)             (2.1519624e-05 2.3054436 0.00041068095)       (-7.713212e-07 0.00050961493 -8.8123247e-06)  (2.0748302e-05 2.3059532 0.00040186863)      
waiyi                     (0.75683809 -44.934541 0.1784645)             (-1.9256044e-05 0.52974267 -0.004137519)      (0.75681884 -44.404798 0.17432699)            (0.0026842267 -0.15936631 0.00063294805)      (-6.8294115e-08 0.0018788027 -1.467426e-05)   (0.0026841584 -0.15748751 0.00061827379)     
weiyi                     (1.3984835 -758.07704 4.102806)               (0.0018966197 0.19507051 0.0089345122)        (1.4003801 -757.88197 4.1117405)              (0.0049599072 -2.6886208 0.014551146)         (6.7266134e-06 0.00069184344 3.1687433e-05)   (0.0049666338 -2.687929 0.014582833)         
xiaoyi                    (0.021914819 55.84682 0.0060319798)           (0.00047584992 0.035093192 0.0013300561)      (0.022390669 55.881913 0.0073620359)          (7.7723814e-05 0.19806816 2.1393217e-05)      (1.6876649e-06 0.00012446266 4.7172204e-06)   (7.9411479e-05 0.19819262 2.6110437e-05)     
youfuyi                   (28.031052 -3.9676286 -0.28659561)            (0.05153347 0.0090680026 -0.16209804)         (28.082585 -3.9585606 -0.44869365)            (0.099415845 -0.014071721 -0.0010164494)      (0.00018277029 3.2160874e-05 -0.0005749022)   (0.099598616 -0.014039561 -0.0015913516)     
youweiduo                 (0.9984666 -7.0960554 4.1948479)              (0.0083432987 0.0058226734 -0.050103372)      (1.0068099 -7.0902327 4.1447445)              (0.0035411943 -0.025167102 0.014877585)       (2.9590616e-05 2.0650884e-05 -0.00017769826)  (0.0035707849 -0.025146451 0.014699886)      
zhongyangyi               (-0.10603205 -273.27661 0.022945291)          (-0.00010385316 0.30531321 0.00023621205)     (-0.1061359 -272.9713 0.023181503)            (-0.00037605674 -0.96921177 8.1378518e-05)    (-3.68329e-07 0.0010828338 8.3775739e-07)     (-0.00037642507 -0.96812894 8.2216275e-05)   
zuofuyi                   (-28.16066 -3.9886347 0.2944557)              (-0.052055535 0.0091676239 0.16347779)        (-28.212715 -3.979467 0.45793349)             (-0.099875517 -0.014146222 0.0010443262)      (-0.00018462186 3.2514195e-05 0.00057979567)  (-0.10006014 -0.014113708 0.0016241219)      
zuoweiduo                 (-0.33377032 -2.988673 -1.8528394)            (-0.0081753303 0.018867428 0.065175531)       (-0.34194565 -2.9698056 -1.7876639)           (-0.0011837607 -0.010599725 -0.0065713408)    (-2.8994894e-05 6.6915836e-05 0.00023115367)  (-0.0012127556 -0.01053281 -0.0063401872)    
------------------------- --------------------------------------------- --------------------------------------------- --------------------------------------------- --------------------------------------------- --------------------------------------------- ---------------------------------------------
Net                       (2.6164823 -85.94154 6.7747131)               (0.0017856157 1.3167004 0.019570437)          (2.6182679 -84.62484 6.7942835)               (0.0092797017 -0.30480308 0.024027419)        (6.3329229e-06 0.0046698528 6.9409151e-05)    (0.0092860346 -0.30013322 0.024096828)       

Moments - Moment Center (0 0 0.05) Moment Axis (0 1 0)
                          Moments [N m]                                   Coefficients                                   
Zone                      Pressure        Viscous         Total           Pressure        Viscous         Total          
jidi                      -22.902485      -0.0016864314   -22.904171      -0.081226702    -5.9811529e-06  -0.081232683   
jishen                    -228.39618      -0.05880385     -228.45499      -0.81003737     -0.00020855566  -0.81024592    
jitou                     553.80218       0.1253556       553.92754       1.9641329       0.00044459027   1.9645775      
liangan                   650.03731       0.1436898       650.181         2.3054436       0.00050961493   2.3059532      
waiyi                     -44.934541      0.52974267      -44.404798      -0.15936631     0.0018788027    -0.15748751    
weiyi                     -758.07704      0.19507051      -757.88197      -2.6886208      0.00069184344   -2.687929      
xiaoyi                    55.84682        0.035093192     55.881913       0.19806816      0.00012446266   0.19819262     
youfuyi                   -3.9676286      0.0090680026    -3.9585606      -0.014071721    3.2160874e-05   -0.014039561   
youweiduo                 -7.0960554      0.0058226734    -7.0902327      -0.025167102    2.0650884e-05   -0.025146451   
zhongyangyi               -273.27661      0.30531321      -272.9713       -0.96921177     0.0010828338    -0.96812894    
zuofuyi                   -3.9886347      0.0091676239    -3.979467       -0.014146222    3.2514195e-05   -0.014113708   
zuoweiduo                 -2.988673       0.018867428     -2.9698056      -0.010599725    6.6915836e-05   -0.01053281    
------------------------- --------------- --------------- --------------- --------------- --------------- ---------------
Net                       -85.94154       1.3167004       -84.62484       -0.30480308     0.0046698528    -0.30013322    
