                                    "Force Report"

Forces
                          Forces [N]                                                                                                                                Coefficients                                                                                                                             
Zone                      Pressure                                      Viscous                                       Total                                         Pressure                                      Viscous                                       Total                                        
jidi                      (1145.8707 2.3016966e-08 0.00043640952)       (2.8007686e-08 0.0032992937 0.0030215866)     (1145.8707 0.0032993167 0.0034579962)         (1.4821344 2.9771454e-11 5.6447691e-07)       (3.6226734e-11 4.2674942e-06 3.9082921e-06)   (1.4821344 4.267524e-06 4.472769e-06)        
jishen                    (9090.1939 0.32765069 -12498.416)             (1.1903452 -0.10352536 0.037217801)           (9091.3843 0.22412532 -12498.379)             (11.757774 0.00042380204 -16.166163)          (0.0015396603 -0.00013390559 4.8139622e-05)   (11.759314 0.00028989645 -16.166115)         
jitou                     (-11261.105 -13.287811 25.548615)             (1.1202095 -0.16922756 0.28918576)            (-11259.985 -13.457038 25.8378)               (-14.565755 -0.01718721 0.033046032)          (0.0014489427 -0.00021888855 0.00037404932)   (-14.564306 -0.017406099 0.033420081)        
liangan                   (-81.120557 -0.87030794 -3066.0919)           (1.2606598 -0.10203625 0.17222492)            (-79.859897 -0.97234418 -3065.9197)           (-0.10492594 -0.0011257058 -3.9658578)        (0.0016306091 -0.00013197949 0.00022276551)   (-0.10329534 -0.0012576853 -3.965635)        
waiyi                     (-210.0871 -0.11652563 1962.2963)             (3.3721927 -0.5035705 0.8951731)              (-206.7149 -0.62009613 1963.1915)             (-0.27173861 -0.00015072088 2.5381457)        (0.004361786 -0.00065134674 0.0011578678)     (-0.26737682 -0.00080206762 2.5393036)       
weiyi                     (41.211453 -23.50748 577.59465)               (1.4048107 -0.1882395 0.09616828)             (42.616264 -23.69572 577.69082)               (0.053305239 -0.030405913 0.7470938)          (0.0018170621 -0.00024347968 0.00012438953)   (0.055122301 -0.030649393 0.74721819)        
xiaoyi                    (153.51954 -1.1511192 -367.03305)             (0.35591734 -0.048660346 0.068380084)         (153.87546 -1.1997796 -366.96467)             (0.19857091 -0.0014889231 -0.47474144)        (0.00046036374 -6.2940061e-05 8.8446692e-05)  (0.19903127 -0.0015518632 -0.47465299)       
youfuyi                   (0.076181488 -0.95115899 23.777681)           (0.13143295 -0.040340173 0.046476918)         (0.20761444 -0.99149916 23.824158)            (9.8537471e-05 -0.0012302832 0.030755406)     (0.00017000286 -5.2178276e-05 6.0115891e-05)  (0.00026854033 -0.0012824614 0.030815522)    
youweiduo                 (-0.87958029 -1.6404441 -2.8019306)           (0.13180768 -0.037689734 0.012426189)         (-0.74777261 -1.6781339 -2.7895044)           (-0.0011376992 -0.0021218438 -0.0036241765)   (0.00017048755 -4.8750047e-05 1.6072739e-05)  (-0.00096721164 -0.0021705939 -0.0036081038) 
zhongyangyi               (1021.81 0.023525662 14372.412)               (2.0161757 -0.16251907 0.39479845)            (1023.8262 -0.13899341 14372.807)             (1.3216672 3.042943e-05 18.590096)            (0.0026078364 -0.00021021142 0.00051065479)   (1.324275 -0.00017978199 18.590606)          
zuofuyi                   (0.13026656 0.78442025 22.164675)             (0.14323741 -0.066126298 0.04354285)          (0.27350397 0.71829395 22.208218)             (0.00016849418 0.0010146138 0.028669052)      (0.00018527142 -8.5531516e-05 5.63208e-05)    (0.0003537656 0.00092908227 0.028725373)     
zuoweiduo                 (-0.88377701 -1.2180543 2.1077949)            (0.1401057 -0.019791483 -0.00077848108)       (-0.74367131 -1.2378458 2.1070164)            (-0.0011431275 -0.0015755007 0.0027263419)    (0.00018122068 -2.559943e-05 -1.0069317e-06)  (-0.00096190679 -0.0016011002 0.002725335)   
------------------------- --------------------------------------------- --------------------------------------------- --------------------------------------------- --------------------------------------------- --------------------------------------------- ---------------------------------------------
Net                       (-101.26435 -41.607305 1051.559)              (11.266895 -1.438427 2.0578375)               (-89.997456 -43.045732 1053.6168)             (-0.13098107 -0.053817256 1.3601463)          (0.014573243 -0.0018605433 0.0026617241)      (-0.11640783 -0.055677799 1.362808)          

Forces - Direction Vector (0.97522367 -0.1391731 0.17195825)
                          Forces [N]                                      Coefficients                                   
Zone                      Pressure        Viscous         Total           Pressure        Viscous         Total          
jidi                      1117.4803       6.0441121e-05   1117.4804       1.4454126       7.8177986e-08   1.4454127      
jishen                    6715.7209       1.1816607       6716.9026       8.6864956       0.0015284272    8.6880241      
jitou                     -10975.854      1.1657346       -10974.688      -14.196794      0.0015078275    -14.195286     
liangan                   -606.22935      1.2732414       -604.95611      -0.78413154     0.0016468829    -0.78248466    
waiyi                     132.56734       3.512658        136.08          0.17147014      0.0045434718    0.17601361     
weiyi                     142.78416       1.4127395       144.1969        0.18468515      0.0018273176    0.18651247     
xiaoyi                    86.761735       0.36562974      87.127365       0.11222257      0.00047292632   0.11269549     
youfuyi                   4.2954381       0.14178288      4.437221        0.0055559641    0.00018339005   0.0057393542   
youweiduo                 -1.1112969      0.13592415      -0.97537274     -0.0014374146   0.00017581203   -0.0012616026  
zhongyangyi               3467.9448       2.0567294       3470.0015       4.4856371       0.0026602908    4.4882974      
zuofuyi                   3.8292674       0.15637907      3.9856465       0.0049529924    0.00020226959   0.005155262    
zuoweiduo                 -0.32990714     0.13925497      -0.19065218     -0.00042672067  0.0001801203    -0.00024660037 
------------------------- --------------- --------------- --------------- --------------- --------------- ---------------
Net                       87.859469       11.541795       99.401263       0.11364244      0.014928814     0.12857125     
