                                    "Force Report"

Forces
                          Forces [N]                                                                                                                                Coefficients                                                                                                                             
Zone                      Pressure                                      Viscous                                       Total                                         Pressure                                      Viscous                                       Total                                        
jidi                      (1145.8192 8.801682e-07 0.00043570161)        (3.1373593e-08 0.002321071 0.0047277176)      (1145.8192 0.0023219511 0.0051634192)         (1.4820678 1.1384596e-09 5.6356126e-07)       (4.058039e-11 3.0022053e-06 6.115099e-06)     (1.4820678 3.0033437e-06 6.6786603e-06)      
jishen                    (9091.2404 0.0032342116 -12494.907)           (1.2113394 -0.04961678 0.099092387)           (9092.4518 -0.046382569 -12494.808)           (11.759128 4.1833134e-06 -16.161624)          (0.0015668154 -6.4177167e-05 0.00012817173)   (11.760695 -5.9993854e-05 -16.161495)        
jitou                     (-11262.401 -7.4051656 32.340977)             (1.1036674 -0.087157824 0.37774252)           (-11261.297 -7.4923234 32.71872)              (-14.56743 -0.0095782626 0.04183166)          (0.0014275463 -0.00011273489 0.00048859367)   (-14.566002 -0.0096909975 0.042320254)       
liangan                   (-81.417565 -0.11592324 -3061.5582)           (1.323407 -0.025751215 0.21852098)            (-80.094158 -0.14167446 -3061.3397)           (-0.10531011 -0.00014994172 -3.9599937)       (0.00171177 -3.3308087e-05 0.00028264747)     (-0.10359834 -0.0001832498 -3.959711)        
waiyi                     (-249.79536 -0.078554902 2018.9331)           (2.6371356 -0.24155527 0.9639261)             (-247.15822 -0.32011017 2019.897)             (-0.32309953 -0.00010160738 2.6114029)        (0.0034110212 -0.00031244133 0.0012467969)    (-0.31968851 -0.00041404871 2.6126497)       
weiyi                     (38.287828 -12.459341 605.4894)               (1.1421878 -0.09903543 0.19801382)            (39.430015 -12.558376 605.68741)              (0.049523655 -0.01611562 0.78317444)          (0.0014773707 -0.00012809806 0.00025612235)   (0.051001026 -0.016243718 0.78343056)        
xiaoyi                    (154.18359 -0.39673007 -364.93839)            (0.35646722 -0.02650299 0.10296484)           (154.54006 -0.42323306 -364.83542)            (0.19942983 -0.00051315325 -0.47203208)       (0.00046107499 -3.4280476e-05 0.00013318059)  (0.1998909 -0.00054743373 -0.4718989)        
youfuyi                   (0.45727548 -0.87125375 27.127256)            (0.14768324 -0.0026159207 0.047804373)        (0.60495872 -0.87386967 27.175061)            (0.00059146612 -0.0011269292 0.035087937)     (0.00019102191 -3.3835807e-06 6.1832896e-05)  (0.00078248803 -0.0011303128 0.03514977)     
youweiduo                 (-0.65282924 -0.45787852 -0.78789365)         (0.11699902 -0.035529748 0.023830024)         (-0.53583022 -0.49340827 -0.76406363)         (-0.00084440649 -0.00059224613 -0.0010191065) (0.00015133319 -4.5956198e-05 3.082311e-05)   (-0.0006930733 -0.00063820233 -0.00098828338)
zhongyangyi               (1013.6535 0.0042516926 14384.393)            (1.5638762 -0.063639884 0.41096778)           (1015.2174 -0.059388191 14384.804)            (1.3111171 5.4993811e-06 18.605593)           (0.0020228065 -8.2315447e-05 0.00053156912)   (1.3131399 -7.6816066e-05 18.606124)         
zuofuyi                   (0.45028067 0.85471291 26.806027)             (0.14127168 -0.051031088 0.050372812)         (0.59155235 0.80368182 26.8564)               (0.00058241864 0.0011055343 0.034672441)      (0.00018272883 -6.6006514e-05 6.5155061e-05)  (0.00076514747 0.0010395278 0.034737596)     
zuoweiduo                 (-1.0460926 -2.145261 3.6258799)              (0.12805172 -0.002618382 0.016972871)         (-0.91804085 -2.1478794 3.6428528)            (-0.0013530757 -0.0027748027 0.0046899194)    (0.00016562939 -3.3867643e-06 2.1953677e-05)  (-0.0011874463 -0.0027781895 0.0047118731)   
------------------------- --------------------------------------------- --------------------------------------------- --------------------------------------------- --------------------------------------------- --------------------------------------------- ---------------------------------------------
Net                       (-151.22046 -23.067908 1176.5248)             (9.8720864 -0.68273346 2.5149362)             (-141.34837 -23.750642 1179.0398)             (-0.19559715 -0.029837345 1.5217842)          (0.012769118 -0.00088308631 0.0032529616)     (-0.18282803 -0.030720431 1.5250371)         

Forces - Direction Vector (0.96793213 -0.069756474 0.24133259)
                          Forces [N]                                      Coefficients                                   
Zone                      Pressure        Viscous         Total           Pressure        Viscous         Total          
jidi                      1109.0754       0.00097907296   1109.0763       1.4345412       1.2663887e-06   1.4345424      
jishen                    5784.2754       1.1998697       5785.4752       7.4817109       0.0015519797    7.4832629      
jitou                     -10892.918      1.1655166       -10891.753      -14.08952       0.0015075455    -14.088013     
liangan                   -817.65236      1.3355007       -816.31686      -1.0575981      0.0017274126    -1.0558707     
waiyi                     245.45486       2.8020451       248.25691       0.31748529      0.0036243246    0.32110961     
weiyi                     184.05346       1.1602558       185.21372       0.23806522      0.0015007409    0.23956596     
xiaoyi                    61.1954         0.37173361      61.567134       0.079153613     0.0004808214    0.079634435    
youfuyi                   7.0500781       0.15466659      7.2047447       0.0091189722    0.00020005456   0.0093190268   
youweiduo                 -0.79009882     0.1214765       -0.66862232     -0.0010219588   0.00015712462   -0.00086483416 
zhongyangyi               4452.5703       1.6173452       4454.1876       5.7592078       0.0020919664    5.7612998      
zuofuyi                   6.8453872       0.15245775      6.9978449       0.0088542133    0.00019719753   0.0090514108   
zuoweiduo                 0.012142206     0.12822413      0.14036634      1.570542e-05    0.00016585239   0.00018155781  
------------------------- --------------- --------------- --------------- --------------- --------------- ---------------
Net                       139.17177       10.210071       149.38184       0.18001269      0.013206287     0.19321897     
