                                    "Force Report"

Forces
                          Forces [N]                                                                                                                                Coefficients                                                                                                                             
Zone                      Pressure                                      Viscous                                       Total                                         Pressure                                      Viscous                                       Total                                        
jidi                      (1144.8787 6.2024112e-08 0.00043536335)       (2.7655971e-08 -0.0002295962 0.0041663542)    (1144.8787 -0.00022953418 0.0046017175)       (1.4808513 8.0225516e-11 5.6312373e-07)       (3.5771807e-11 -2.969728e-07 5.3889996e-06)   (1.4808513 -2.9689257e-07 5.9521233e-06)     
jishen                    (9083.489 -0.0014615707 -12499.123)           (1.1280478 -0.00032316534 0.0044697954)       (9084.6171 -0.001784736 -12499.118)           (11.749102 -1.8904787e-06 -16.167076)         (0.0014590812 -4.1800044e-07 5.7814877e-06)   (11.750561 -2.3084791e-06 -16.167071)        
jitou                     (-11251.782 0.04480497 12.618966)             (1.1538047 -0.00023160823 0.14355625)         (-11250.629 0.044573362 12.762522)            (-14.553696 5.7953299e-05 0.016322089)        (0.0014923967 -2.9957527e-07 0.00018568382)   (-14.552203 5.7653723e-05 0.016507773)       
liangan                   (-81.096084 -0.076739824 -3073.9294)          (1.1388172 -0.0011319262 0.050698756)         (-79.957267 -0.077871751 -3073.8787)          (-0.10489429 -9.9259656e-05 -3.9759952)       (0.0014730109 -1.4640977e-06 6.5576657e-05)   (-0.10342128 -0.00010072375 -3.9759297)      
waiyi                     (-156.90884 0.0054573987 1825.8511)           (4.3743259 -0.00016193476 0.57922865)         (-152.53451 0.0052954639 1826.4303)           (-0.20295482 7.05891e-06 2.3616597)           (0.0056580021 -2.0945563e-07 0.0007492073)    (-0.19729682 6.8494544e-06 2.362409)         
weiyi                     (47.06512 -4.0662201 538.24604)               (1.5727166 -0.005168786 -0.00013010601)       (48.637836 -4.0713889 538.24591)              (0.060876704 -0.0052594805 0.69619806)        (0.0020342411 -6.685602e-06 -1.6828652e-07)   (0.062910945 -0.0052661661 0.69619789)       
xiaoyi                    (152.69088 0.0053336866 -369.20046)           (0.33643022 -0.00023662453 0.030967515)       (153.02731 0.0050970621 -369.16949)           (0.19749908 6.8988938e-06 -0.47754489)        (0.00043515799 -3.0606363e-07 4.0055146e-05)  (0.19793424 6.5928302e-06 -0.47750483)       
youfuyi                   (-0.49684817 -0.58249884 16.264579)           (0.16111228 0.0025891712 0.026922909)         (-0.33573589 -0.57990967 16.291502)           (-0.00064265169 -0.00075343715 0.021037533)   (0.00020839179 3.3489813e-06 3.4823623e-05)   (-0.0004342599 -0.00075008817 0.021072356)   
youweiduo                 (-0.96277491 -1.989738 -3.3982325)            (0.13579583 -0.011760761 -0.0062717053)       (-0.82697908 -2.0014988 -3.4045042)           (-0.0012453079 -0.0025736404 -0.0043954672)   (0.00017564605 -1.5212038e-05 -8.1121805e-06) (-0.0010696618 -0.0025888524 -0.0044035794)  
zhongyangyi               (1043.8026 -0.0025423233 14289.772)           (2.5399796 -0.00021112405 0.24955282)         (1046.3426 -0.0027534473 14290.022)           (1.3501136 -3.2883856e-06 18.483205)          (0.0032853541 -2.7307986e-07 0.00032278582)   (1.353399 -3.5614654e-06 18.483528)          
zuofuyi                   (-0.49765418 0.56939565 16.130931)            (0.16140106 -0.0032256821 0.026674356)        (-0.33625311 0.56616996 16.157605)            (-0.00064369423 0.00073648873 0.020864664)    (0.00020876532 -4.1722808e-06 3.450213e-05)   (-0.00043492891 0.00073231645 0.020899166)   
zuoweiduo                 (-0.94143871 -0.31824464 0.5962513)           (0.1548308 0.0054053625 0.0008376353)         (-0.7866079 -0.31283927 0.59708893)           (-0.0012177104 -0.00041163572 0.00077122536)  (0.00020026697 6.9916035e-06 1.0834452e-06)   (-0.0010174434 -0.00040464412 0.00077230881) 
------------------------- --------------------------------------------- --------------------------------------------- --------------------------------------------- --------------------------------------------- --------------------------------------------- ---------------------------------------------
Net                       (-20.759631 -6.4124536 753.83008)             (12.857262 -0.014686675 1.1106732)            (-7.9023689 -6.4271403 754.94075)             (-0.026851688 -0.0082942324 0.97504672)       (0.016630314 -1.8996581e-05 0.001436608)      (-0.010221374 -0.008313229 0.97648333)       

Forces - Direction Vector (0.99756419 0 0.069756474)
                          Forces [N]                                      Coefficients                                   
Zone                      Pressure        Viscous         Total           Pressure        Viscous         Total          
jidi                      1142.0899       0.00029065772   1142.0902       1.4772441       3.7595324e-07   1.4772444      
jishen                    8189.4675       1.1256117       8190.5931       10.592723       0.0014559302    10.594179      
jitou                     -11223.493      1.1610081       -11222.332      -14.517105      0.0015017139    -14.515603     
liangan                   -295.32499      1.1395796       -294.18541      -0.38199014     0.0014739972    -0.38051614    
waiyi                     -29.161696      4.4040752       -24.757621      -0.037719397    0.0056964815    -0.032022916   
weiyi                     84.496612       1.5688765       86.065489       0.10929273      0.0020292741    0.111322       
xiaoyi                    126.56482       0.33777087      126.90259       0.16370614      0.00043689207   0.16414303     
youfuyi                   0.63892168      0.16259786      0.80151954      0.00082641766   0.00021031333   0.001036731    
youweiduo                 -1.1974783      0.13502754      -1.0624508      -0.0015488866   0.00017465231   -0.0013742343  
zhongyangyi               2038.0639       2.5512002       2040.6151       2.6361479       0.0032998675    2.6394477      
zuofuyi                   0.62879476      0.16286861      0.79166337      0.00081331893   0.00021066353   0.0010239825   
zuoweiduo                 -0.89755303     0.15451207      -0.74304095     -0.0011609462   0.00019985471   -0.00096109145 
------------------------- --------------- --------------- --------------- --------------- --------------- ---------------
Net                       31.875459       12.903419       44.778878       0.041229533     0.016690016     0.05791955     
