                                    "Force Report"

Forces
                          Forces [N]                                                                                                                                Coefficients                                                                                                                             
Zone                      Pressure                                      Viscous                                       Total                                         Pressure                                      Viscous                                       Total                                        
jidi                      (1144.5095 2.0984512e-07 0.00043519145)       (1.3800732e-08 0.00033579166 0.00097546591)   (1144.5095 0.0003360015 0.0014106574)         (1.4803737 2.7142562e-10 5.6290139e-07)       (1.7850652e-11 4.3433204e-07 1.2617231e-06)   (1.4803737 4.3460347e-07 1.8246245e-06)      
jishen                    (9081.1373 1.0729627 -12501.253)              (1.1698369 -0.057718763 -0.037570717)         (9082.3071 1.0152439 -12501.29)               (11.74606 0.001387831 -16.169832)             (0.0015131336 -7.4656733e-05 -4.8596104e-05)  (11.747573 0.0013131743 -16.16988)           
jitou                     (-11246.775 -6.9043488 2.0760329)             (1.1662566 -0.08501549 0.038356846)           (-11245.609 -6.9893643 2.1143897)             (-14.547219 -0.0089304776 0.002685259)        (0.0015085027 -0.00010996387 4.9612928e-05)   (-14.54571 -0.0090404415 0.002734872)        
liangan                   (-81.077696 -0.62687533 -3077.1107)           (1.0902608 -0.055668463 0.0015151448)         (-79.987435 -0.6825438 -3077.1092)            (-0.10487051 -0.00081083623 -3.9801101)       (0.0014102054 -7.2004758e-05 1.9597745e-06)   (-0.1034603 -0.00088284099 -3.9801082)       
waiyi                     (-132.04152 -0.11783839 1671.8018)            (4.3717095 -0.26142079 0.27083274)            (-127.66982 -0.37925918 1672.0727)            (-0.17079002 -0.00015241888 2.1624036)        (0.0056546178 -0.00033813653 0.00035031047)   (-0.1651354 -0.00049055541 2.162754)         
weiyi                     (46.105473 -13.739754 509.41068)              (1.5744075 -0.10473262 -0.064314815)          (47.679881 -13.844487 509.34637)              (0.059635443 -0.01777178 0.65890076)          (0.0020364282 -0.00013546712 -8.3188442e-05)  (0.061671871 -0.017907247 0.65881758)        
xiaoyi                    (151.71262 -0.27656492 -370.86535)            (0.31786335 -0.019971889 0.0021743423)        (152.03048 -0.2965368 -370.86318)             (0.19623373 -0.0003577248 -0.47969835)        (0.00041114255 -2.5832778e-05 2.8124181e-06)  (0.19664488 -0.00038355758 -0.47969554)      
youfuyi                   (-0.81274595 -0.48900895 13.588065)           (0.18057415 -0.022312074 0.014516779)         (-0.63217181 -0.51132102 13.602582)           (-0.0010512519 -0.000632512 0.017575576)      (0.00023356488 -2.8859706e-05 1.8776828e-05)  (-0.00081768699 -0.0006613717 0.017594353)   
youweiduo                 (-1.0435895 -2.5673618 -4.3940815)            (0.13136653 -0.021105074 -0.0063686288)       (-0.91222295 -2.5884669 -4.4004502)           (-0.001349838 -0.0033207719 -0.0056835551)    (0.00016991694 -2.7298503e-05 -8.2375469e-06) (-0.0011799211 -0.0033480704 -0.0056917926)  
zhongyangyi               (1055.7948 -0.011939715 14198.244)            (2.5492887 -0.11726852 0.088937483)           (1058.3441 -0.12920824 14198.333)             (1.3656251 -1.5443507e-05 18.364816)          (0.003297395 -0.00015168178 0.0001150368)     (1.3689225 -0.00016712529 18.364931)         
zuofuyi                   (-0.81189443 0.46343612 13.311831)            (0.18393453 -0.022453257 0.014031644)         (-0.6279599 0.44098286 13.325863)             (-0.0010501505 0.00059943465 0.01721828)      (0.00023791138 -2.9042321e-05 1.8149327e-05)  (-0.00081223907 0.00057039233 0.017236429)   
zuoweiduo                 (-0.96790254 -0.040106509 0.14888282)         (0.15595068 -0.011434566 -0.011495439)        (-0.81195186 -0.051541075 0.13738738)         (-0.0012519402 -5.1876042e-05 0.00019257352)  (0.00020171548 -1.4790118e-05 -1.4868855e-05) (-0.0010502247 -6.666616e-05 0.00017770466)  
------------------------- --------------------------------------------- --------------------------------------------- --------------------------------------------- --------------------------------------------- --------------------------------------------- ---------------------------------------------
Net                       (15.729149 -23.2374 454.95853)                (12.891449 -0.77876572 0.31159084)            (28.620598 -24.016165 455.27012)              (0.020344976 -0.030056575 0.58846926)         (0.016674534 -0.0010072999 0.00040302933)     (0.03701951 -0.031063875 0.58887229)         

Forces - Direction Vector (0.99756405 -0.069756474 0)
                          Forces [N]                                      Coefficients                                   
Zone                      Pressure        Viscous         Total           Pressure        Viscous         Total          
jidi                      1141.7215       -2.3409875e-05  1141.7215       1.4767676       -3.0279665e-08  1.4767676      
jishen                    9058.9412       1.1710135       9060.1122       11.71735        0.0015146555    11.718865      
jitou                     -11218.897      1.1693461       -11217.728      -14.51116       0.0015124988    -14.509647     
liangan                   -80.836466      1.0914882       -79.744978      -0.10455849     0.001411793     -0.10314669    
waiyi                     -131.71166      4.379296        -127.33236      -0.17036335     0.0056644306    -0.16469892    
weiyi                     46.9516         1.5778781       48.529478       0.060729871     0.0020409173    0.062770788    
xiaoyi                    151.36235       0.31848222      151.68083       0.19578067      0.00041194303   0.19619261     
youfuyi                   -0.77665461     0.18169069      -0.59496392     -0.0010045693   0.00023500908   -0.00076956019 
youweiduo                 -0.86195724     0.13251874      -0.7294385      -0.0011149045   0.00017140728   -0.00094349727 
zhongyangyi               1053.2238       2.551259        1055.775        1.3622996       0.0032999435    1.3655995      
zuofuyi                   -0.84224436     0.18505273      -0.65719163     -0.0010894068   0.00023935773   -0.00085004906 
zuoweiduo                 -0.96274709     0.15636842      -0.80637866     -0.0012452719   0.00020225582   -0.0010430161  
------------------------- --------------- --------------- --------------- --------------- --------------- ---------------
Net                       17.311793       12.91437        30.226163       0.022392058     0.016704181     0.039096239    
