                                    "Force Report"

Forces
                          Forces [N]                                                                                                                                Coefficients                                                                                                                             
Zone                      Pressure                                      Viscous                                       Total                                         Pressure                                      Viscous                                       Total                                        
jidi                      (1144.9315 1.0802867e-08 0.00043552047)       (5.4542323e-10 -0.0012561843 -0.0012371288)   (1144.9315 -0.0012561735 -0.00080160831)      (1.4809196 1.3973043e-11 5.6332696e-07)       (7.0548144e-13 -1.6248202e-06 -1.6001728e-06) (1.4809196 -1.6248062e-06 -1.0368458e-06)    
jishen                    (9084.1325 1.7521958 -12503.699)              (1.1699403 -0.11943741 -0.035896998)          (9085.3024 1.6327584 -12503.735)              (11.749934 0.0022663897 -16.172996)           (0.0015132674 -0.00015448714 -4.643122e-05)   (11.751447 0.0021119026 -16.173043)          
jitou                     (-11251.333 -13.58895 7.2773166)              (1.1510658 -0.16915052 0.091497792)           (-11250.182 -13.7581 7.3688143)               (-14.553114 -0.017576721 0.0094128954)        (0.001488854 -0.00021878891 0.00011834845)    (-14.551625 -0.01779551 0.0095312438)        
liangan                   (-81.060122 -1.5889137 -3076.1252)            (1.1361022 -0.12440738 0.020379363)           (-79.92402 -1.7133211 -3076.1048)             (-0.10484778 -0.0020551915 -3.9788354)        (0.0014694992 -0.00016091559 2.6359827e-05)   (-0.10337828 -0.0022161071 -3.978809)        
waiyi                     (-142.11452 -0.22066714 1748.5798)            (4.3937035 -0.53232179 0.42253123)            (-137.72082 -0.75298893 1749.0023)            (-0.18381901 -0.00028542343 2.2617126)        (0.0056830661 -0.0006885353 0.00054652593)    (-0.17813594 -0.00097395873 2.2622591)       
weiyi                     (45.037084 -23.162462 522.41175)              (1.5097462 -0.20252146 -0.030889424)          (46.54683 -23.364983 522.38086)               (0.058253528 -0.029959646 0.67571709)         (0.0019527917 -0.00026195278 -3.9954139e-05)  (0.060206319 -0.030221599 0.67567714)        
xiaoyi                    (152.05483 -0.77492696 -370.45185)            (0.32560815 -0.041699134 0.01191949)          (152.38044 -0.81662609 -370.43993)            (0.19667637 -0.0010023346 -0.4791635)         (0.0004211601 -5.3936033e-05 1.5417347e-05)   (0.19709753 -0.0010562707 -0.47914808)       
youfuyi                   (-0.77457544 -0.55595958 14.959744)           (0.1702193 -0.044214553 0.020281719)          (-0.60435614 -0.60017414 14.980026)           (-0.00100188 -0.00071910976 0.019349784)      (0.00022017132 -5.7189619e-05 2.6233529e-05)  (-0.00078170863 -0.00077629938 0.019376018)  
youweiduo                 (-1.0181527 -2.5477448 -4.3633625)            (0.13007456 -0.037113253 0.0029655144)        (-0.88807812 -2.5848581 -4.360397)            (-0.0013169366 -0.0032953982 -0.0056438214)   (0.00016824583 -4.8004393e-05 3.835765e-06)   (-0.0011486908 -0.0033434026 -0.0056399856)  
zhongyangyi               (1050.8979 -0.015306873 14247.214)            (2.5578192 -0.23321303 0.16484599)            (1053.4557 -0.2485199 14247.379)              (1.3592911 -1.9798781e-05 18.428157)          (0.003308429 -0.000301651 0.00021322118)      (1.3625996 -0.00032144978 18.42837)          
zuofuyi                   (-0.77220917 0.5423622 14.578225)             (0.17575988 -0.046836498 0.020278997)         (-0.59644928 0.49552571 14.598504)            (-0.00099881928 0.00070152214 0.018856306)    (0.00022733784 -6.0580992e-05 2.6230008e-05)  (-0.00077148144 0.00064094115 0.018882536)   
zuoweiduo                 (-0.93682891 -0.40961259 0.7794021)           (0.15271011 -0.023202306 -0.014123326)        (-0.7841188 -0.43281489 0.76527877)           (-0.0012117478 -0.00052981623 0.001008123)    (0.00019752395 -3.0011183e-05 -1.8267914e-05) (-0.0010142239 -0.00055982741 0.00098985511) 
------------------------- --------------------------------------------- --------------------------------------------- --------------------------------------------- --------------------------------------------- --------------------------------------------- ---------------------------------------------
Net                       (-0.95559292 -40.569985 601.16049)            (12.872749 -1.5753735 0.67255321)             (11.917156 -42.145359 601.83304)              (-0.0012360183 -0.052475528 0.77757519)       (0.016650346 -0.0020376778 0.0008699186)      (0.015414328 -0.054513205 0.7784451)         

Forces - Direction Vector (0.98966482 -0.1391731 0.034559857)
                          Forces [N]                                      Coefficients                                   
Zone                      Pressure        Viscous         Total           Pressure        Viscous         Total          
jidi                      1133.0984       0.00013207261   1133.0986       1.465614        1.7083022e-07   1.4656142      
jishen                    8557.8764       1.1732307       8559.0497       11.069244       0.0015175233    11.070762      
jitou                     -11132.906      1.1658727       -11131.74       -14.399934      0.0015080061    -14.398426     
liangan                   -186.31166      1.1423788       -185.16929      -0.24098611     0.0014776178    -0.23950849    
waiyi                     -80.184364      4.4369813       -75.747383      -0.10371502     0.0057390441    -0.097975975   
weiyi                     65.849685       1.5212607       67.370946       0.08517373      0.0019676852    0.087141415    
xiaoyi                    137.7884        0.32845826      138.11686       0.17822336      0.00042484661   0.1786482      
youfuyi                   -0.17218883     0.17531446      0.0031256241    -0.00022271884  0.0002267617    4.04286e-06    
youweiduo                 -0.80384952     0.13399787      -0.66985165     -0.0010397447   0.00017332047   -0.00086642425 
zhongyangyi               1532.4205       2.5695378       1534.99         1.9821199       0.0033235864    1.9854434      
zuofuyi                   -0.33588911     0.18116259      -0.15472652     -0.00043445809  0.00023432601   -0.00020013208 
zuoweiduo                 -0.84320354     0.15387287      -0.68933067     -0.0010906474   0.00019902792   -0.00089161952 
------------------------- --------------- --------------- --------------- --------------- --------------- ---------------
Net                       25.476554       12.9822         38.458755       0.032952825     0.016791916     0.049744742    
