                                    "Force Report"

Moments - Moment Center (0 0 0.05)
                          Moments [N m]                                                                                                                             Coefficients                                                                                                                             
Zone                      Pressure                                      Viscous                                       Total                                         Pressure                                      Viscous                                       Total                                        
jidi                      (-2.4255665e-09 -22.924971 0.0080418201)      (7.7701995e-05 -0.0035174458 0.0029181602)    (7.769957e-05 -22.928489 0.01095998)          (-8.6025935e-12 -0.081306453 2.8521382e-05)   (2.7558044e-07 -1.2475088e-05 1.0349642e-05)  (2.7557183e-07 -0.081318928 3.8871024e-05)   
jishen                    (-0.10549682 -229.83148 2.9188716)            (-0.027257478 -0.070144256 0.010790077)       (-0.1327543 -229.90163 2.9296617)             (-0.00037415847 -0.81512785 0.010352166)      (-9.6672262e-05 -0.00024877591 3.8268439e-05) (-0.00047083073 -0.81537663 0.010390434)     
jitou                     (-1.2647298 552.86367 12.514138)              (-0.014023264 0.12006356 0.16216247)          (-1.278753 552.98374 12.6763)                 (-0.0044855319 1.9608044 0.044383051)         (-4.9735366e-05 0.00042582136 0.00057513072)  (-0.0045352673 1.9612302 0.044958182)        
liangan                   (0.36120267 650.75115 -2.3534393)             (0.0086274969 0.13336934 0.010206989)         (0.36983017 650.88452 -2.3432323)             (0.0012810532 2.3079753 -0.0083467848)        (3.0598563e-05 0.00047301207 3.620044e-05)    (0.0013116518 2.3084483 -0.0083105844)       
waiyi                     (18.499673 -45.1945 -1.0220352)               (0.10037721 0.51901909 -0.10179676)           (18.60005 -44.675481 -1.1238319)              (0.065611544 -0.16028829 -0.0036247833)       (0.00035600111 0.0018407701 -0.00036103572)   (0.065967545 -0.15844752 -0.003985819)       
weiyi                     (-11.425529 -724.64236 -40.041616)            (0.094814452 0.30030883 -0.39256781)          (-11.330714 -724.34205 -40.434184)            (-0.040522155 -2.5700403 -0.14201291)         (0.00033627203 0.0010650851 -0.0013922938)    (-0.040185882 -2.5689752 -0.1434052)         
xiaoyi                    (16.837831 55.867624 -1.3814175)              (0.13082372 0.036388609 -0.034217431)         (16.968655 55.904012 -1.4156349)              (0.059717602 0.19814194 -0.0048993805)        (0.00046398368 0.00012905703 -0.00012135666)  (0.060181586 0.198271 -0.0050207371)         
youfuyi                   (27.615977 -3.913102 -0.35652264)             (0.060404639 0.0077830236 -0.16836061)        (27.676382 -3.905319 -0.52488325)             (0.097943727 -0.013878336 -0.0012644548)      (0.00021423307 2.7603526e-05 -0.00059711326)  (0.09815796 -0.013850732 -0.0018615681)      
youweiduo                 (-0.68539511 3.7973486 -2.0733887)            (0.021240139 0.0119794 -0.11609028)           (-0.66415497 3.809328 -2.189479)              (-0.0024308447 0.013467801 -0.0073535481)     (7.5330972e-05 4.248653e-05 -0.00041172959)   (-0.0023555137 0.013510287 -0.0077652777)    
zhongyangyi               (7.1162926 -275.24575 0.64908074)             (0.016564372 0.30745976 -0.0155986)           (7.1328569 -274.93829 0.63348214)             (0.025238876 -0.97619558 0.002302051)         (5.8747745e-05 0.0010904468 -5.5322506e-05)   (0.025297624 -0.97510513 0.0022467285)       
zuofuyi                   (-25.931966 -3.6957917 0.27025445)            (-0.041655599 0.010014683 0.15470111)         (-25.973622 -3.685777 0.42495556)             (-0.09197116 -0.013107616 0.00095849326)      (-0.00014773711 3.5518402e-05 0.00054866801)  (-0.092118897 -0.013072097 0.0015071613)     
zuoweiduo                 (-0.45804259 -3.5356447 -2.203617)            (0.011939066 0.047966053 0.0053049506)        (-0.44610352 -3.4876787 -2.198312)            (-0.0016245088 -0.012539633 -0.00781542)      (4.2343484e-05 0.00017011797 1.8814711e-05)   (-0.0015821653 -0.012369515 -0.0077966053)   
------------------------- --------------------------------------------- --------------------------------------------- --------------------------------------------- --------------------------------------------- --------------------------------------------- ---------------------------------------------
Net                       (30.559816 -45.703806 -33.07165)              (0.36193246 1.4206906 -0.48254774)            (30.921749 -44.283115 -33.554198)             (0.10838444 -0.16209461 -0.11729299)          (0.0012836415 0.0050386679 -0.0017114196)     (0.10966809 -0.15705594 -0.11900441)         

Moments - Moment Center (0 0 0.05) Moment Axis (0 1 0)
                          Moments [N m]                                   Coefficients                                   
Zone                      Pressure        Viscous         Total           Pressure        Viscous         Total          
jidi                      -22.924971      -0.0035174458   -22.928489      -0.081306453    -1.2475088e-05  -0.081318928   
jishen                    -229.83148      -0.070144256    -229.90163      -0.81512785     -0.00024877591  -0.81537663    
jitou                     552.86367       0.12006356      552.98374       1.9608044       0.00042582136   1.9612302      
liangan                   650.75115       0.13336934      650.88452       2.3079753       0.00047301207   2.3084483      
waiyi                     -45.1945        0.51901909      -44.675481      -0.16028829     0.0018407701    -0.15844752    
weiyi                     -724.64236      0.30030883      -724.34205      -2.5700403      0.0010650851    -2.5689752     
xiaoyi                    55.867624       0.036388609     55.904012       0.19814194      0.00012905703   0.198271       
youfuyi                   -3.913102       0.0077830236    -3.905319       -0.013878336    2.7603526e-05   -0.013850732   
youweiduo                 3.7973486       0.0119794       3.809328        0.013467801     4.248653e-05    0.013510287    
zhongyangyi               -275.24575      0.30745976      -274.93829      -0.97619558     0.0010904468    -0.97510513    
zuofuyi                   -3.6957917      0.010014683     -3.685777       -0.013107616    3.5518402e-05   -0.013072097   
zuoweiduo                 -3.5356447      0.047966053     -3.4876787      -0.012539633    0.00017011797   -0.012369515   
------------------------- --------------- --------------- --------------- --------------- --------------- ---------------
Net                       -45.703806      1.4206906       -44.283115      -0.16209461     0.0050386679    -0.15705594    
