                                    "Force Report"

Moments - Moment Center (0 0 0.05)
                          Moments [N m]                                                                                                                             Coefficients                                                                                                                             
Zone                      Pressure                                      Viscous                                       Total                                         Pressure                                      Viscous                                       Total                                        
jidi                      (-1.7551226e-08 -22.91055 0.0026701042)       (7.2482529e-05 -0.0020297143 0.00099484488)   (7.2464978e-05 -22.91258 0.0036649491)        (-6.2247751e-11 -0.081255306 9.469879e-06)    (2.5706891e-07 -7.1986511e-06 3.5283494e-06)  (2.5700666e-07 -0.081262504 1.2998228e-05)   
jishen                    (0.048870628 -228.45347 0.79255752)           (-0.0095389935 -0.059519842 0.0018607164)     (0.039331634 -228.51299 0.79441824)           (0.00017332617 -0.81024055 0.0028109104)      (-3.3831306e-05 -0.00021109502 6.5992778e-06) (0.00013949486 -0.81045164 0.0028175097)     
jitou                     (-0.42306188 553.76514 4.1787305)             (-0.0045083271 0.12509283 0.053577893)        (-0.42757021 553.89023 4.2323084)             (-0.0015004451 1.9640015 0.014820422)         (-1.598938e-05 0.00044365831 0.00019002111)   (-0.0015164345 1.9644452 0.015010443)        
liangan                   (0.053508034 649.76267 -0.82812594)           (-0.002864805 0.13044429 0.015053345)         (0.050643229 649.89311 -0.8130726)            (0.00018977334 2.3044695 -0.0029370585)       (-1.0160411e-05 0.00046263799 5.3388685e-05)  (0.00017961293 2.3049322 -0.0028836699)      
waiyi                     (8.3715824 -44.968464 -0.24523117)            (0.037128981 0.52910588 -0.035079475)         (8.4087114 -44.439358 -0.28031064)            (0.029690928 -0.15948662 -0.00086974487)      (0.00013168286 0.0018765442 -0.00012441401)   (0.029822611 -0.15761008 -0.00099415889)     
weiyi                     (-6.7864088 -735.39701 -18.572876)            (0.016783436 0.26226688 -0.14392591)          (-6.7696253 -735.13474 -18.716802)            (-0.024068899 -2.6081831 -0.065871171)        (5.9524684e-05 0.0009301643 -0.00051045235)   (-0.024009375 -2.6072529 -0.066381623)       
xiaoyi                    (6.306731 55.848704 -0.20747758)              (0.052437812 0.035411881 -0.014098971)        (6.3591688 55.884116 -0.22157655)             (0.022367658 0.19807484 -0.00073584675)       (0.00018597766 0.00012559294 -5.0003872e-05)  (0.022553636 0.19820043 -0.00078585062)      
youfuyi                   (28.455267 -4.0329932 -0.27440312)            (0.054821971 0.0090362874 -0.16729136)        (28.510089 -4.0239569 -0.44169448)            (0.10092038 -0.014303545 -0.00097320708)      (0.00019443339 3.2048392e-05 -0.000593321)    (0.10111481 -0.014271497 -0.0015665281)      
youweiduo                 (-0.59128373 2.8687552 -1.4963693)            (0.010753979 0.023702742 -0.085824567)        (-0.58052975 2.8924579 -1.5821939)            (-0.0020970662 0.010174421 -0.0053070724)     (3.8140414e-05 8.4064919e-05 -0.00030438821)  (-0.0020589258 0.010258486 -0.0056114607)    
zhongyangyi               (4.129624 -273.26692 0.66618757)              (0.0079631239 0.30857954 -0.0084137114)       (4.1375872 -272.95834 0.65777386)             (0.01464626 -0.96917741 0.0023627226)         (2.8242275e-05 0.0010944183 -2.9840344e-05)   (0.014674502 -0.96808299 0.0023328823)       
zuofuyi                   (-27.244996 -3.8426744 0.35262043)            (-0.048495311 0.0094177152 0.16006272)        (-27.293491 -3.8332566 0.51268316)            (-0.096627993 -0.013628555 0.0012506152)      (-0.00017199505 3.3401177e-05 0.00056768369)  (-0.096799988 -0.013595153 0.0018182988)     
zuoweiduo                 (-0.3880114 -2.9595358 -1.8772726)            (-0.0025063427 0.029288768 0.050276857)       (-0.39051774 -2.930247 -1.8269957)            (-0.0013761339 -0.010496386 -0.0066579964)    (-8.8890771e-06 0.0001038765 0.00017831354)   (-0.001385023 -0.01039251 -0.0064796829)     
------------------------- --------------------------------------------- --------------------------------------------- --------------------------------------------- --------------------------------------------- --------------------------------------------- ---------------------------------------------
Net                       (11.931821 -53.586358 -17.50899)              (0.11204801 1.4007973 -0.17280762)            (12.043869 -52.185561 -17.681798)             (0.042317787 -0.19005113 -0.062097957)        (0.00039739313 0.0049681134 -0.00061288514)   (0.04271518 -0.18508302 -0.062710842)        

Moments - Moment Center (0 0 0.05) Moment Axis (0 1 0)
                          Moments [N m]                                   Coefficients                                   
Zone                      Pressure        Viscous         Total           Pressure        Viscous         Total          
jidi                      -22.91055       -0.0020297143   -22.91258       -0.081255306    -7.1986511e-06  -0.081262504   
jishen                    -228.45347      -0.059519842    -228.51299      -0.81024055     -0.00021109502  -0.81045164    
jitou                     553.76514       0.12509283      553.89023       1.9640015       0.00044365831   1.9644452      
liangan                   649.76267       0.13044429      649.89311       2.3044695       0.00046263799   2.3049322      
waiyi                     -44.968464      0.52910588      -44.439358      -0.15948662     0.0018765442    -0.15761008    
weiyi                     -735.39701      0.26226688      -735.13474      -2.6081831      0.0009301643    -2.6072529     
xiaoyi                    55.848704       0.035411881     55.884116       0.19807484      0.00012559294   0.19820043     
youfuyi                   -4.0329932      0.0090362874    -4.0239569      -0.014303545    3.2048392e-05   -0.014271497   
youweiduo                 2.8687552       0.023702742     2.8924579       0.010174421     8.4064919e-05   0.010258486    
zhongyangyi               -273.26692      0.30857954      -272.95834      -0.96917741     0.0010944183    -0.96808299    
zuofuyi                   -3.8426744      0.0094177152    -3.8332566      -0.013628555    3.3401177e-05   -0.013595153   
zuoweiduo                 -2.9595358      0.029288768     -2.930247       -0.010496386    0.0001038765    -0.01039251    
------------------------- --------------- --------------- --------------- --------------- --------------- ---------------
Net                       -53.586358      1.4007973       -52.185561      -0.19005113     0.0049681134    -0.18508302    
