                                    "Force Report"

Moments - Moment Center (0 0 0.05)
                          Moments [N m]                                                                                                                             Coefficients                                                                                                                             
Zone                      Pressure                                      Viscous                                       Total                                         Pressure                                      Viscous                                       Total                                        
jidi                      (7.6296939e-10 -22.906188 0.0009807191)       (-7.0735311e-06 -0.0021074724 -0.00016609658) (-7.0727682e-06 -22.908296 0.00081462252)     (2.7059722e-12 -0.081239837 3.4782504e-06)    (-2.5087217e-08 -7.4744304e-06 -5.8908356e-07) (-2.5084511e-08 -0.081247311 2.8891669e-06)  
jishen                    (-0.0081716521 -228.09226 -0.020906439)       (-6.7291847e-06 -0.057006898 -0.00056599989)  (-0.0081783812 -228.14927 -0.021472439)       (-2.8981848e-05 -0.80895948 -7.4147459e-05)   (-2.3865946e-08 -0.00020218253 -2.0073937e-06) (-2.9005714e-05 -0.80916166 -7.6154853e-05)  
jitou                     (0.002357557 556.28641 -0.0093045162)         (4.178535e-06 0.15564872 0.00013800398)       (0.0023617356 556.44206 -0.0091665122)        (8.3613889e-06 1.9729436 -3.2999701e-05)      (1.4819729e-08 0.00055202882 4.8944942e-07)   (8.3762086e-06 1.9734956 -3.2510252e-05)     
liangan                   (-0.0033259819 650.86412 -0.27321566)         (-0.00088312438 0.14725113 -0.004965238)      (-0.0042091062 651.01137 -0.27818089)         (-1.1796036e-05 2.308376 -0.00096899558)      (-3.1321178e-06 0.00052224569 -1.7609875e-05) (-1.4928154e-05 2.3088982 -0.00098660545)    
waiyi                     (1.4572377 -45.68463 0.51097283)              (0.0018260191 0.47974603 -0.0012095043)       (1.4590637 -45.204884 0.50976333)             (0.0051682868 -0.1620266 0.001812233)         (6.4762189e-06 0.0017014829 -4.2896673e-06)   (0.005174763 -0.16032512 0.0018079433)       
weiyi                     (-1.2300153 -753.31048 -4.4902097)            (-0.00017118589 0.15529774 -0.0060752694)     (-1.2301865 -753.15518 -4.4962849)            (-0.0043624124 -2.6717156 -0.015925124)       (-6.0713346e-07 0.00055078406 -2.1546749e-05) (-0.0043630196 -2.6711648 -0.015946671)      
xiaoyi                    (0.011614011 55.772941 0.016842503)           (0.00074828225 0.033230355 0.0012123827)      (0.012362293 55.806171 0.018054885)           (4.1190631e-05 0.19780614 5.973417e-05)       (2.6538823e-06 0.00011785587 4.299876e-06)    (4.3844513e-05 0.19792399 6.4034046e-05)     
youfuyi                   (30.708786 -4.3511529 -0.50610445)            (0.055695312 0.0085402088 -0.16135023)        (30.764481 -4.3426127 -0.66745467)            (0.10891279 -0.015431941 -0.0017949666)       (0.00019753082 3.0288984e-05 -0.00057225)     (0.10911032 -0.015401652 -0.0023672166)      
youweiduo                 (-0.33530697 1.5908643 -0.77670693)           (0.011901717 0.016414935 -0.080269745)        (-0.32340526 1.6072792 -0.85697667)           (-0.0011892107 0.0056422113 -0.0027546942)    (4.2211018e-05 5.8217746e-05 -0.0002846873)   (-0.0011469997 0.005700429 -0.0030393815)    
zhongyangyi               (-0.062349538 -273.52178 0.033814603)         (-0.00017579513 0.28564113 0.0010238227)      (-0.062525333 -273.23614 0.034838425)         (-0.00022113091 -0.97008128 0.00011992798)    (-6.2348074e-07 0.0010130642 3.6311231e-06)   (-0.00022175439 -0.96906822 0.0001235591)    
zuofuyi                   (-30.768925 -4.361643 0.50064295)             (-0.056506867 0.0082901347 0.15996262)        (-30.825432 -4.3533528 0.66060558)            (-0.10912608 -0.015469146 0.0017755967)       (-0.0002004091 2.9402063e-05 0.00056732867)   (-0.10932648 -0.015439743 0.0023429253)      
zuoweiduo                 (-0.40285106 -3.1047569 -1.942374)            (-0.010962388 0.012792732 0.072207845)        (-0.41381344 -3.0919641 -1.8701661)           (-0.0014287647 -0.011011432 -0.006888887)     (-3.8879565e-05 4.537112e-05 0.0002560947)    (-0.0014676443 -0.010966061 -0.0066327923)   
------------------------- --------------------------------------------- --------------------------------------------- --------------------------------------------- --------------------------------------------- --------------------------------------------- ---------------------------------------------
Net                       (-0.63095004 -70.818555 -6.955568)            (0.0014623452 1.2437387 -0.020057405)         (-0.6294877 -69.574816 -6.9756254)            (-0.0022377481 -0.2511674 -0.024668845)       (5.1864011e-06 0.0044110845 -7.1136247e-05)   (-0.0022325617 -0.24675632 -0.024739981)     

Moments - Moment Center (0 0 0.05) Moment Axis (0 1 0)
                          Moments [N m]                                   Coefficients                                   
Zone                      Pressure        Viscous         Total           Pressure        Viscous         Total          
jidi                      -22.906188      -0.0021074724   -22.908296      -0.081239837    -7.4744304e-06  -0.081247311   
jishen                    -228.09226      -0.057006898    -228.14927      -0.80895948     -0.00020218253  -0.80916166    
jitou                     556.28641       0.15564872      556.44206       1.9729436       0.00055202882   1.9734956      
liangan                   650.86412       0.14725113      651.01137       2.308376        0.00052224569   2.3088982      
waiyi                     -45.68463       0.47974603      -45.204884      -0.1620266      0.0017014829    -0.16032512    
weiyi                     -753.31048      0.15529774      -753.15518      -2.6717156      0.00055078406   -2.6711648     
xiaoyi                    55.772941       0.033230355     55.806171       0.19780614      0.00011785587   0.19792399     
youfuyi                   -4.3511529      0.0085402088    -4.3426127      -0.015431941    3.0288984e-05   -0.015401652   
youweiduo                 1.5908643       0.016414935     1.6072792       0.0056422113    5.8217746e-05   0.005700429    
zhongyangyi               -273.52178      0.28564113      -273.23614      -0.97008128     0.0010130642    -0.96906822    
zuofuyi                   -4.361643       0.0082901347    -4.3533528      -0.015469146    2.9402063e-05   -0.015439743   
zuoweiduo                 -3.1047569      0.012792732     -3.0919641      -0.011011432    4.537112e-05    -0.010966061   
------------------------- --------------- --------------- --------------- --------------- --------------- ---------------
Net                       -70.818555      1.2437387       -69.574816      -0.2511674      0.0044110845    -0.24675632    
