                                    "Force Report"

Moments - Moment Center (0 0 0.05)
                          Moments [N m]                                                                                                                             Coefficients                                                                                                                             
Zone                      Pressure                                      Viscous                                       Total                                         Pressure                                      Viscous                                       Total                                        
jidi                      (-1.6430354e-08 -22.925579 0.0055706781)      (9.7252899e-05 -0.001692089 0.0018476037)     (9.7236469e-05 -22.927271 0.0074182819)       (-5.827243e-11 -0.081308608 1.9757149e-05)    (3.4492031e-07 -6.0012182e-06 6.5527719e-06)  (3.4486204e-07 -0.081314609 2.6309921e-05)   
jishen                    (0.025600751 -229.38704 1.687558)             (-0.018192685 -0.064264919 0.0073837469)      (0.0074080666 -229.4513 1.6949418)            (9.0796461e-05 -0.81355157 0.0059851484)      (-6.452277e-05 -0.00022792406 2.6187438e-05)  (2.6273691e-05 -0.8137795 0.0060113359)      
jitou                     (-0.84750957 553.41085 8.366482)              (-0.0091740163 0.12328943 0.10759188)         (-0.85668359 553.53414 8.4740739)             (-0.0030058052 1.962745 0.029672839)          (-3.2536866e-05 0.00043726233 0.00038158887)  (-0.003038342 1.9631823 0.030054427)         
liangan                   (0.37391282 650.01653 -1.5654178)             (0.00063760259 0.13068087 0.015726467)        (0.37455043 650.14721 -1.5496914)             (0.0013261314 2.3053699 -0.0055519621)        (2.2613422e-06 0.00046347704 5.5776003e-05)   (0.0013283928 2.3058333 -0.0054961861)       
waiyi                     (13.468633 -45.133289 -0.69294641)            (0.071203659 0.52566916 -0.064212686)         (13.539837 -44.60762 -0.7571591)              (0.047768295 -0.1600712 -0.0024576264)        (0.00025253322 0.0018643554 -0.00022773881)   (0.048020828 -0.15820684 -0.0026853652)      
weiyi                     (-9.6736442 -729.2657 -30.973449)             (0.056761409 0.30761654 -0.27063784)          (-9.6168828 -728.95808 -31.244087)            (-0.034308863 -2.5864376 -0.10985145)         (0.00020131187 0.0010910029 -0.00095985302)   (-0.034107551 -2.5853466 -0.1108113)         
xiaoyi                    (12.062523 55.843055 -0.67221045)             (0.09727388 0.036222667 -0.020477663)         (12.159797 55.879278 -0.69268811)             (0.04278134 0.19805481 -0.0023840836)         (0.00034499473 0.0001284685 -7.2626748e-05)   (0.043126335 0.19818327 -0.0024567103)       
youfuyi                   (28.370264 -4.0401357 -0.25954513)            (0.058997171 0.0078874374 -0.1658854)         (28.429261 -4.0322483 -0.42543053)            (0.1006189 -0.014328877 -0.00092051124)       (0.00020924129 2.7973843e-05 -0.00058833457)  (0.10082815 -0.014300904 -0.0015088458)      
youweiduo                 (-0.65603545 3.5482724 -1.8969885)            (0.014983962 0.021108017 -0.09975069)         (-0.64105148 3.5693804 -1.9967392)            (-0.0023267168 0.012584419 -0.0067279215)     (5.3142609e-05 7.4862382e-05 -0.00035377906)  (-0.0022735742 0.012659281 -0.0070817005)    
zhongyangyi               (7.7659018 -274.23948 0.86359734)             (0.012396503 0.31418043 -0.026637539)         (7.7782983 -273.9253 0.8369598)               (0.027542801 -0.97262672 0.0030628626)        (4.3965843e-05 0.0011142826 -9.4473567e-05)   (0.027586767 -0.97151243 0.002968389)        
zuofuyi                   (-26.547272 -3.7592419 0.27325304)            (-0.045494498 0.0095566444 0.15601635)        (-26.592766 -3.7496853 0.42926939)            (-0.094153422 -0.01333265 0.00096912816)      (-0.00016135228 3.3893907e-05 0.0005533327)   (-0.094314774 -0.013298756 0.0015224609)     
zuoweiduo                 (-0.40210823 -3.1264351 -1.9695672)           (0.0060338157 0.041177428 0.024117918)        (-0.39607441 -3.0852577 -1.9454493)           (-0.0014261302 -0.011088317 -0.0069853314)    (2.1399728e-05 0.00014604121 8.5537396e-05)   (-0.0014047305 -0.010942276 -0.006899794)    
------------------------- --------------------------------------------- --------------------------------------------- --------------------------------------------- --------------------------------------------- --------------------------------------------- ---------------------------------------------
Net                       (23.940267 -49.058198 -26.833663)             (0.24552406 1.4514316 -0.33491785)            (24.185791 -47.606766 -27.168581)             (0.084907332 -0.17399141 -0.095169147)        (0.00087078364 0.0051476948 -0.0011878306)    (0.085778116 -0.16884371 -0.096356978)       

Moments - Moment Center (0 0 0.05) Moment Axis (0 1 0)
                          Moments [N m]                                   Coefficients                                   
Zone                      Pressure        Viscous         Total           Pressure        Viscous         Total          
jidi                      -22.925579      -0.001692089    -22.927271      -0.081308608    -6.0012182e-06  -0.081314609   
jishen                    -229.38704      -0.064264919    -229.4513       -0.81355157     -0.00022792406  -0.8137795     
jitou                     553.41085       0.12328943      553.53414       1.962745        0.00043726233   1.9631823      
liangan                   650.01653       0.13068087      650.14721       2.3053699       0.00046347704   2.3058333      
waiyi                     -45.133289      0.52566916      -44.60762       -0.1600712      0.0018643554    -0.15820684    
weiyi                     -729.2657       0.30761654      -728.95808      -2.5864376      0.0010910029    -2.5853466     
xiaoyi                    55.843055       0.036222667     55.879278       0.19805481      0.0001284685    0.19818327     
youfuyi                   -4.0401357      0.0078874374    -4.0322483      -0.014328877    2.7973843e-05   -0.014300904   
youweiduo                 3.5482724       0.021108017     3.5693804       0.012584419     7.4862382e-05   0.012659281    
zhongyangyi               -274.23948      0.31418043      -273.9253       -0.97262672     0.0011142826    -0.97151243    
zuofuyi                   -3.7592419      0.0095566444    -3.7496853      -0.01333265     3.3893907e-05   -0.013298756   
zuoweiduo                 -3.1264351      0.041177428     -3.0852577      -0.011088317    0.00014604121   -0.010942276   
------------------------- --------------- --------------- --------------- --------------- --------------- ---------------
Net                       -49.058198      1.4514316       -47.606766      -0.17399141     0.0051476948    -0.16884371    
