                                    "Force Report"

Moments - Moment Center (0 0 0.05)
                          Moments [N m]                                                                                                                             Coefficients                                                                                                                             
Zone                      Pressure                                      Viscous                                       Total                                         Pressure                                      Viscous                                       Total                                        
jidi                      (-1.042185e-08 -22.904258 0.003246627)        (-1.802765e-05 0.00069279226 -0.00070346316)  (-1.8038072e-05 -22.903565 0.0025431638)      (-3.6962472e-11 -0.08123299 1.1514593e-05)    (-6.3937453e-08 2.4570797e-06 -2.4949254e-06) (-6.3974416e-08 -0.081230533 9.0196679e-06)  
jishen                    (0.22768281 -231.07358 2.1186553)             (-0.025269363 -0.073904765 -0.0070981645)     (0.20241344 -231.14749 2.1115571)             (0.00080750728 -0.81953312 0.007514092)       (-8.9621151e-05 -0.00026211306 -2.5174582e-05) (0.00071788613 -0.81979524 0.0074889175)     
jitou                     (-0.86508595 541.80223 8.5111223)             (-0.0093913567 -0.0048486415 0.10744332)      (-0.8744773 541.79738 8.6185656)              (-0.0030681421 1.9215735 0.030185825)         (-3.3307693e-05 -1.7196351e-05 0.00038106198) (-0.0031014498 1.9215563 0.030566886)        
liangan                   (0.40207468 647.83431 -0.38264407)            (0.010557893 0.13066928 -0.001880121)         (0.41263257 647.96498 -0.3845242)             (0.0014260112 2.2976304 -0.001357098)         (3.7444968e-05 0.00046343596 -6.6680986e-06)  (0.0014634562 2.2980938 -0.0013637661)       
waiyi                     (6.8379241 -46.223789 -0.11613794)            (0.064334555 0.64883153 -0.045028339)         (6.9022586 -45.574957 -0.16116628)            (0.024251605 -0.1639388 -0.00041189861)       (0.00022817104 0.0023011671 -0.00015969898)   (0.024479776 -0.16163763 -0.00057159759)     
weiyi                     (-8.656562 -659.97239 -28.386723)             (0.066500136 0.48894311 -0.25308481)          (-8.5900619 -659.48345 -28.639808)            (-0.030701646 -2.3406797 -0.10067728)         (0.00023585156 0.0017341016 -0.00089759886)   (-0.030465794 -2.3389456 -0.10157488)        
xiaoyi                    (5.6088985 55.946038 -0.47357234)             (0.057532947 0.039424089 -0.026929598)        (5.6664314 55.985462 -0.50050194)             (0.019892703 0.19842005 -0.0016795871)        (0.00020404823 0.00013982276 -9.5509394e-05)  (0.020096751 0.19855987 -0.0017750965)       
youfuyi                   (17.892805 -2.5820832 0.84401339)             (0.028270477 0.016520415 -0.21266447)         (17.921076 -2.5655628 0.63134891)             (0.063459208 -0.0091577008 0.0029934055)      (0.000100265 5.8591844e-05 -0.00075424278)    (0.063559473 -0.0090991089 0.0022391627)     
youweiduo                 (-0.90247359 5.6294634 -3.0906375)            (0.011619477 0.032871718 -0.09963634)         (-0.89085412 5.6623351 -3.1902739)            (-0.0032007424 0.019965639 -0.010961356)      (4.1210015e-05 0.00011658391 -0.0003533735)   (-0.0031595323 0.020082223 -0.01131473)      
zhongyangyi               (6.4878851 -279.55866 0.60809838)             (0.035267633 0.35835264 -0.015125236)         (6.5231527 -279.2003 0.59297314)              (0.023010145 -0.99149187 0.0021567016)        (0.00012508134 0.0012709452 -5.3643657e-05)   (0.023135227 -0.99022093 0.0021030579)       
zuofuyi                   (-17.338489 -2.5185757 -0.85604602)           (-0.019288134 0.017001971 0.19929058)         (-17.357777 -2.5015737 -0.65675543)           (-0.061493252 -0.0089324629 -0.0030360808)    (-6.8407928e-05 6.0299746e-05 0.0007068105)   (-0.06156166 -0.0088721632 -0.0023292703)    
zuoweiduo                 (-0.20310652 -1.33152 -0.89112391)            (0.011536116 0.063209885 0.024045846)         (-0.1915704 -1.2683102 -0.86707807)           (-0.00072034422 -0.0047224125 -0.0031604892)  (4.0914368e-05 0.00022418225 8.5281785e-05)   (-0.00067942985 -0.0044982303 -0.0030752074) 
------------------------- --------------------------------------------- --------------------------------------------- --------------------------------------------- --------------------------------------------- --------------------------------------------- ---------------------------------------------
Net                       (9.4915532 5.047186 -22.111749)               (0.23165235 1.717764 -0.3313708)              (9.7232055 6.7649501 -22.44312)               (0.033663053 0.017900515 -0.078422251)        (0.0008215858 0.0060922781 -0.0011752505)     (0.034484639 0.023992793 -0.079597502)       

Moments - Moment Center (0 0 0.05) Moment Axis (0 1 0)
                          Moments [N m]                                   Coefficients                                   
Zone                      Pressure        Viscous         Total           Pressure        Viscous         Total          
jidi                      -22.904258      0.00069279226   -22.903565      -0.08123299     2.4570797e-06   -0.081230533   
jishen                    -231.07358      -0.073904765    -231.14749      -0.81953312     -0.00026211306  -0.81979524    
jitou                     541.80223       -0.0048486415   541.79738       1.9215735       -1.7196351e-05  1.9215563      
liangan                   647.83431       0.13066928      647.96498       2.2976304       0.00046343596   2.2980938      
waiyi                     -46.223789      0.64883153      -45.574957      -0.1639388      0.0023011671    -0.16163763    
weiyi                     -659.97239      0.48894311      -659.48345      -2.3406797      0.0017341016    -2.3389456     
xiaoyi                    55.946038       0.039424089     55.985462       0.19842005      0.00013982276   0.19855987     
youfuyi                   -2.5820832      0.016520415     -2.5655628      -0.0091577008   5.8591844e-05   -0.0090991089  
youweiduo                 5.6294634       0.032871718     5.6623351       0.019965639     0.00011658391   0.020082223    
zhongyangyi               -279.55866      0.35835264      -279.2003       -0.99149187     0.0012709452    -0.99022093    
zuofuyi                   -2.5185757      0.017001971     -2.5015737      -0.0089324629   6.0299746e-05   -0.0088721632  
zuoweiduo                 -1.33152        0.063209885     -1.2683102      -0.0047224125   0.00022418225   -0.0044982303  
------------------------- --------------- --------------- --------------- --------------- --------------- ---------------
Net                       5.047186        1.717764        6.7649501       0.017900515     0.0060922781    0.023992793    
