                                    "Force Report"

Moments - Moment Center (0 0 0.05)
                          Moments [N m]                                                                                                                             Coefficients                                                                                                                             
Zone                      Pressure                                      Viscous                                       Total                                         Pressure                                      Viscous                                       Total                                        
jidi                      (-1.3892578e-08 -22.901007 0.0024485936)      (7.751361e-05 -0.0025092896 0.00067288537)    (7.7499718e-05 -22.903517 0.003121479)        (-4.9271871e-11 -0.081221461 8.6842622e-06)   (2.7491231e-07 -8.8995285e-06 2.3864773e-06)  (2.7486303e-07 -0.081230361 1.1070739e-05)   
jishen                    (0.092159244 -230.25818 0.92719195)           (-0.012381215 -0.069046449 -0.0032161495)     (0.079778029 -230.32722 0.9239758)            (0.00032685499 -0.81664118 0.0032884093)      (-4.3911623e-05 -0.00024488239 -1.1406501e-05) (0.00028294337 -0.81688606 0.0032770028)     
jitou                     (-0.4304921 545.02144 4.2441642)              (-0.0046279302 0.028806807 0.05356868)        (-0.43512003 545.05024 4.2977329)             (-0.0015267973 1.9329909 0.015052492)         (-1.6413569e-05 0.00010216716 0.00018998843)  (-0.0015432109 1.933093 0.01524248)          
liangan                   (0.28467285 647.65847 -0.41546638)            (0.0070611312 0.11961468 0.0083752383)        (0.29173398 647.77808 -0.40709115)            (0.00100963 2.2970067 -0.0014735067)          (2.5043239e-05 0.00042422933 2.9703894e-05)   (0.0010346733 2.2974309 -0.0014438028)       
waiyi                     (3.712773 -45.417889 -0.2032212)              (0.03315677 0.65295196 -0.011403675)          (3.7459297 -44.764937 -0.21462488)            (0.013167842 -0.16108057 -0.00072075096)      (0.00011759488 0.0023157808 -4.0444646e-05)   (0.013285437 -0.15876479 -0.0007611956)      
weiyi                     (-5.4060147 -677.87463 -17.454796)            (0.03126037 0.45823657 -0.13561342)           (-5.3747543 -677.4164 -17.590409)             (-0.019173148 -2.4041723 -0.061905749)        (0.00011086905 0.0016251968 -0.000480971)     (-0.019062279 -2.4025471 -0.06238672)        
xiaoyi                    (3.767747 55.925822 -0.10405615)              (0.038532388 0.038326753 -0.017228415)        (3.8062794 55.964149 -0.12128457)             (0.013362815 0.19834835 -0.00036904895)       (0.00013666023 0.00013593091 -6.1102861e-05)  (0.013499475 0.19848428 -0.00043015181)      
youfuyi                   (19.587222 -2.8287592 0.61649017)             (0.034328641 0.013939179 -0.19566586)         (19.62155 -2.81482 0.42082432)                (0.06946868 -0.01003257 0.0021864642)         (0.00012175108 4.9437147e-05 -0.00069395492)  (0.069590431 -0.0099831327 0.0014925093)     
youweiduo                 (-0.77811385 4.7679324 -2.5899597)            (0.0064355158 0.039290059 -0.082914731)       (-0.77167834 4.8072225 -2.6728745)            (-0.002759684 0.016910105 -0.0091856359)      (2.2824411e-05 0.00013934741 -0.00029406809)  (-0.0027368596 0.017049452 -0.009479704)     
zhongyangyi               (2.818635 -276.73258 0.50006171)              (0.014680697 0.36480224 -0.010860274)         (2.8333157 -276.36777 0.48920144)             (0.0099966631 -0.9814688 0.0017735352)        (5.2067041e-05 0.0012938196 -3.8517403e-05)   (0.01004873 -0.98017498 0.0017350178)        
zuofuyi                   (-19.120886 -2.7611845 -0.57887322)           (-0.028229958 0.01481257 0.19129664)          (-19.149116 -2.746372 -0.38757658)            (-0.067814759 -0.0097929074 -0.0020530507)    (-0.00010012129 5.2534745e-05 0.00067845891)  (-0.06791488 -0.0097403727 -0.0013745918)    
zuoweiduo                 (-0.18481849 -1.4303085 -0.96228149)          (0.0037555258 0.049949515 0.04438595)         (-0.18106297 -1.380359 -0.91789554)           (-0.00065548332 -0.0050727789 -0.003412859)   (1.3319471e-05 0.00017715258 0.00015742066)   (-0.00064216385 -0.0048956263 -0.0032554383) 
------------------------- --------------------------------------------- --------------------------------------------- --------------------------------------------- --------------------------------------------- --------------------------------------------- ---------------------------------------------
Net                       (4.3428837 -6.8308732 -16.018297)             (0.12404945 1.7091746 -0.15860313)            (4.4669331 -5.1216986 -16.1769)               (0.015402613 -0.024226598 -0.056811016)       (0.00043995783 0.0060618145 -0.00056250705)   (0.015842571 -0.018164784 -0.057373523)      

Moments - Moment Center (0 0 0.05) Moment Axis (0 1 0)
                          Moments [N m]                                   Coefficients                                   
Zone                      Pressure        Viscous         Total           Pressure        Viscous         Total          
jidi                      -22.901007      -0.0025092896   -22.903517      -0.081221461    -8.8995285e-06  -0.081230361   
jishen                    -230.25818      -0.069046449    -230.32722      -0.81664118     -0.00024488239  -0.81688606    
jitou                     545.02144       0.028806807     545.05024       1.9329909       0.00010216716   1.933093       
liangan                   647.65847       0.11961468      647.77808       2.2970067       0.00042422933   2.2974309      
waiyi                     -45.417889      0.65295196      -44.764937      -0.16108057     0.0023157808    -0.15876479    
weiyi                     -677.87463      0.45823657      -677.4164       -2.4041723      0.0016251968    -2.4025471     
xiaoyi                    55.925822       0.038326753     55.964149       0.19834835      0.00013593091   0.19848428     
youfuyi                   -2.8287592      0.013939179     -2.81482        -0.01003257     4.9437147e-05   -0.0099831327  
youweiduo                 4.7679324       0.039290059     4.8072225       0.016910105     0.00013934741   0.017049452    
zhongyangyi               -276.73258      0.36480224      -276.36777      -0.9814688      0.0012938196    -0.98017498    
zuofuyi                   -2.7611845      0.01481257      -2.746372       -0.0097929074   5.2534745e-05   -0.0097403727  
zuoweiduo                 -1.4303085      0.049949515     -1.380359       -0.0050727789   0.00017715258   -0.0048956263  
------------------------- --------------- --------------- --------------- --------------- --------------- ---------------
Net                       -6.8308732      1.7091746       -5.1216986      -0.024226598    0.0060618145    -0.018164784   
