                                    "Force Report"

Forces
                          Forces [N]                                                                                                                                Coefficients                                                                                                                             
Zone                      Pressure                                      Viscous                                       Total                                         Pressure                                      Viscous                                       Total                                        
jidi                      (1144.2269 3.1147796e-07 0.00043510479)       (-6.5323938e-10 -0.0021178774 -0.00059278448) (1144.2269 -0.0021175659 -0.00015767969)      (1.4800081 4.0288332e-10 5.6278929e-07)       (-8.4493699e-13 -2.7393832e-06 -7.6674117e-07) (1.4800081 -2.7389803e-06 -2.0395188e-07)    
jishen                    (9080.8723 2.6229209 -12504.797)              (1.2137147 -0.11690982 -0.069406648)          (9082.086 2.5060111 -12504.866)               (11.745717 0.0033926351 -16.174416)           (0.0015698876 -0.00015121782 -8.9774508e-05)  (11.747287 0.0032414173 -16.174505)          
jitou                     (-11245.534 -13.901297 -3.3863813)            (1.1641686 -0.16962037 -0.015078566)          (-11244.369 -14.070918 -3.4014599)            (-14.545613 -0.017980729 -0.0043801383)       (0.0015058019 -0.00021939664 -1.9503476e-05)  (-14.544107 -0.018200126 -0.0043996418)      
liangan                   (-81.022262 -1.1774821 -3080.4246)            (1.1642809 -0.12387339 -0.046890119)          (-79.857981 -1.3013555 -3080.4715)            (-0.1047988 -0.0015230224 -3.9843964)         (0.0015059472 -0.0001602249 -6.0650348e-05)   (-0.10329286 -0.0016832473 -3.9844571)       
waiyi                     (-127.07187 -0.30308596 1584.2985)            (3.9684377 -0.50599428 0.11120375)            (-123.10343 -0.80908024 1584.4097)            (-0.16436199 -0.00039202862 2.0492219)        (0.0051330031 -0.0006544818 0.00014383726)    (-0.15922898 -0.0010465104 2.0493657)        
weiyi                     (41.611822 -30.539025 477.5512)               (1.4330584 -0.20380404 -0.10591476)           (43.044881 -30.742829 477.44529)              (0.053823099 -0.039500913 0.6176919)          (0.0018535993 -0.00026361174 -0.00013699618)  (0.055676698 -0.039764525 0.61755491)        
xiaoyi                    (151.28853 -0.66545377 -371.98258)            (0.31159087 -0.040344154 -0.013651851)        (151.60012 -0.70579792 -371.99623)            (0.1956852 -0.00086073577 -0.48114344)        (0.00040302936 -5.2183425e-05 -1.7658081e-05) (0.19608823 -0.0009129192 -0.48116109)       
youfuyi                   (-0.84887068 -0.4101013 12.035337)            (0.18680333 -0.048522852 0.0064845619)        (-0.66206734 -0.45862416 12.041821)           (-0.0010979776 -0.00053044836 0.015567189)    (0.00024162206 -6.2762218e-05 8.3875013e-06)  (-0.00085635558 -0.00059321058 0.015575577)  
youweiduo                 (4.123082 -8.0365671 -14.12614)               (0.11329019 -0.033273752 0.001361143)         (4.2363721 -8.0698409 -14.124779)             (0.0053330288 -0.010394953 -0.018271553)      (0.00014653598 -4.3038165e-05 1.7605798e-06)  (0.0054795648 -0.010437991 -0.018269793)     
zhongyangyi               (1057.2184 -0.034446586 14145.885)            (2.4187818 -0.24619201 0.0086686951)          (1059.6371 -0.2806386 14145.893)              (1.3674664 -4.4555175e-05 18.297092)          (0.0031285901 -0.00031843876 1.1212584e-05)   (1.370595 -0.00036299393 18.297103)          
zuofuyi                   (-0.8471674 0.44724067 11.876132)             (0.19317769 -0.045035169 0.0067338994)        (-0.65398971 0.4022055 11.882866)             (-0.0010957745 0.00057848654 0.015361265)     (0.00024986702 -5.8251051e-05 8.7100087e-06)  (-0.00084590751 0.00052023548 0.015369975)   
zuoweiduo                 (-0.99771943 0.18071014 -0.15276426)          (0.15626283 -0.024508099 -0.020711574)        (-0.8414566 0.15620204 -0.17347583)           (-0.0012905071 0.00023374078 -0.00019759398)  (0.00020211924 -3.170017e-05 -2.6789528e-05)  (-0.0010883878 0.00020204061 -0.00022438351) 
------------------------- --------------------------------------------- --------------------------------------------- --------------------------------------------- --------------------------------------------- --------------------------------------------- ---------------------------------------------
Net                       (23.019572 -51.816587 256.77729)              (12.323567 -1.5601958 -0.13779425)            (35.343139 -53.376783 256.6395)               (0.029774825 -0.067022523 0.33213037)         (0.015940003 -0.0020180461 -0.00017823092)    (0.045714828 -0.069040569 0.33195213)        

Forces - Direction Vector (0.98966482 -0.1391731 -0.034559857)
                          Forces [N]                                      Coefficients                                   
Zone                      Pressure        Viscous         Total           Pressure        Viscous         Total          
jidi                      1132.4011       0.00031523747   1132.4014       1.464712        4.0774608e-07   1.4647124      
jishen                    9418.8189       1.2198401       9420.0387       12.182836       0.0015778106    12.184414      
jitou                     -11127.257      1.1762644       -11126.081      -14.392628      0.0015214473    -14.391106     
liangan                   26.438024       1.1711082       27.609132       0.034196445     0.001514778     0.035711223    
waiyi                     -180.46951      3.9940008       -176.47551      -0.23342953     0.0051660679    -0.22826346    
weiyi                     28.927866       1.4502719       30.378138       0.037416948     0.0018758642    0.039292813    
xiaoyi                    162.67322       0.31445715      162.98767       0.2104108       0.00040673677   0.21081753     
youfuyi                   -1.1989619      0.19140166      -1.0075602      -0.0015508055   0.0002475698    -0.0013032357  
youweiduo                 5.6871405       0.11670309      5.8038436       0.0073560712    0.00015095042   0.0075070216   
zhongyangyi               557.41686       2.427747        559.8446        0.72099468      0.0031401861    0.72413487     
zuofuyi                   -1.3110931      0.19721613      -1.1138769      -0.0016958424   0.00025509056   -0.0014407518  
zuoweiduo                 -1.0072783      0.15877448      -0.84850382     -0.0013028711   0.00020536795   -0.0010975031  
------------------------- --------------- --------------- --------------- --------------- --------------- ---------------
Net                       21.11895        12.4181         33.53705        0.027316451     0.016062277     0.043378729    
