                                    "Force Report"

Forces
                          Forces [N]                                                                                                                                Coefficients                                                                                                                             
Zone                      Pressure                                      Viscous                                       Total                                         Pressure                                      Viscous                                       Total                                        
jidi                      (1145.5981 -6.0059151e-08 0.00043581531)      (3.0508916e-08 0.00163906 0.0032750924)       (1145.5981 0.001639 0.0037109077)             (1.4817818 -7.7683924e-11 5.6370833e-07)      (3.9461969e-11 2.1200535e-06 4.2361908e-06)   (1.4817818 2.1199758e-06 4.7998992e-06)      
jishen                    (9089.2375 0.61669962 -12494.764)             (1.1882786 -0.04654667 0.075348073)           (9090.4257 0.57015295 -12494.689)             (11.756537 0.00079767439 -16.161439)          (0.0015369872 -6.0206112e-05 9.7459486e-05)   (11.758074 0.00073746827 -16.161342)         
jitou                     (-11261.526 -6.7137635 30.024803)             (1.1227346 -0.085167545 0.33835804)           (-11260.404 -6.7989311 30.363161)             (-14.566299 -0.0086839638 0.038835789)        (0.0014522088 -0.00011016055 0.00043765154)   (-14.564847 -0.0087941244 0.03927344)        
liangan                   (-81.280498 -0.15387576 -3064.582)            (1.272814 -0.026396769 0.18100735)            (-80.007684 -0.18027253 -3064.401)            (-0.10513282 -0.00019903166 -3.9639048)       (0.0016463301 -3.4143083e-05 0.0002341252)    (-0.10348649 -0.00023317474 -3.9636706)      
waiyi                     (-231.59061 -0.077800077 1998.257)            (3.0157207 -0.24564824 0.96368784)            (-228.57489 -0.32344832 1999.2207)            (-0.29955248 -0.00010063105 2.5846593)        (0.0039007047 -0.00031773542 0.0012464887)    (-0.29565177 -0.00041836647 2.5859058)       
weiyi                     (40.132027 -21.718514 577.54915)              (1.3320012 -0.096783639 0.12578058)           (41.464029 -21.815298 577.67493)              (0.051909048 -0.028091962 0.74703494)         (0.0017228862 -0.00012518547 0.00016269176)   (0.053631934 -0.028217148 0.74719763)        
xiaoyi                    (154.07539 -0.6147088 -365.77361)             (0.36361361 -0.026016336 0.090504392)         (154.439 -0.64072514 -365.68311)              (0.19928987 -0.00079509934 -0.47311241)       (0.00047031854 -3.3651009e-05 0.00011706353)  (0.19976019 -0.00082875035 -0.47299534)      
youfuyi                   (0.34629065 -0.8546458 25.667058)             (0.14092989 -0.0053100797 0.047675079)        (0.48722054 -0.85995588 25.714733)            (0.00044791203 -0.0011054475 0.033199234)     (0.00018228674 -6.8683593e-06 6.1665661e-05)  (0.00063019877 -0.0011123159 0.0332609)      
youweiduo                 (3.3749911 -5.7384834 -10.062899)             (0.088954009 -0.040402877 0.004017846)        (3.4639451 -5.7788862 -10.058881)             (0.0043654055 -0.0074224809 -0.013015927)     (0.00011505818 -5.225938e-05 5.1969106e-06)   (0.0044804637 -0.0074747403 -0.01301073)     
zhongyangyi               (1011.5005 0.032104916 14386.233)             (1.8142107 -0.084940138 0.43294217)           (1013.3147 -0.052835221 14386.666)            (1.3083323 4.1526326e-05 18.607972)           (0.0023466033 -0.00010986641 0.00055999204)   (1.3106789 -6.8340082e-05 18.608532)         
zuofuyi                   (0.37762373 0.75562667 24.575065)             (0.13922503 -0.045974807 0.047077399)         (0.51684876 0.70965186 24.622143)             (0.00048844002 0.00097737053 0.031786788)     (0.00018008157 -5.9466432e-05 6.0892587e-05)  (0.00066852159 0.0009179041 0.03184768)      
zuoweiduo                 (-0.85796016 -1.2057687 2.048678)             (0.14019086 -0.00070524504 0.0092181503)      (-0.7177693 -1.2064739 2.0578962)             (-0.0011097345 -0.0015596098 0.0026498767)    (0.00018133084 -9.1220407e-07 1.192328e-05)   (-0.00092840365 -0.001560522 0.0026618)      
------------------------- --------------------------------------------- --------------------------------------------- --------------------------------------------- --------------------------------------------- --------------------------------------------- ---------------------------------------------
Net                       (-130.61317 -35.673129 1109.1722)             (10.618673 -0.70225329 2.318892)              (-119.9945 -36.375383 1111.4911)              (-0.16894251 -0.046141655 1.4346664)          (0.013734796 -0.00090833437 0.0029993869)     (-0.15520771 -0.04704999 1.4376658)          

Forces - Direction Vector (0.97576488 -0.069756474 0.20740523)
                          Forces [N]                                      Coefficients                                   
Zone                      Pressure        Viscous         Total           Pressure        Viscous         Total          
jidi                      1117.8345       0.000564966     1117.835        1.4458707       7.3075918e-07   1.4458714      
jishen                    6277.4363       1.1783551       6278.6146       8.1195933       0.0015241515    8.1211175      
jitou                     -10981.906      1.1716432       -10980.735      -14.204623      0.00151547      -14.203107     
liangan                   -714.91025      1.2813505       -713.6289       -0.9247056      0.0016573716    -0.92304823    
waiyi                     188.47639       3.1596438       191.63604       0.24378609      0.0040868631    0.24787296     
weiyi                     160.46114       1.3325588       161.7937        0.20754958      0.0017236074    0.20927318     
xiaoyi                    74.520871       0.37538728      74.896258       0.096389535     0.00048554728   0.096875083    
youfuyi                   5.7209974       0.14777291      5.8687703       0.0073998636    0.00019113789   0.0075910015   
youweiduo                 1.6063962       0.090449883     1.6968461       0.0020778043    0.00011699303   0.0021947973   
zhongyangyi               3970.7643       1.8659627       3972.6303       5.1360125       0.0024135423    5.1384261      
zuofuyi                   5.4127591       0.14882203      5.5615811       0.0070011707    0.00019249488   0.0071936655   
zuoweiduo                 -0.32815069     0.13875441      -0.18939628     -0.00042444877  0.00017947285   -0.00024497593 
------------------------- --------------- --------------- --------------- --------------- --------------- ---------------
Net                       105.08879       10.891266       115.98006       0.13592782      0.014087383     0.15001521     
