                                    "Force Report"

Forces
                          Forces [N]                                                                                                                                Coefficients                                                                                                                             
Zone                      Pressure                                      Viscous                                       Total                                         Pressure                                      Viscous                                       Total                                        
jidi                      (1145.0239 9.2883965e-09 0.00043536845)       (2.7072635e-08 0.00079913101 0.0046520257)    (1145.0239 0.0007991403 0.0050873941)         (1.481039 1.2014141e-11 5.6313033e-07)        (3.5017287e-11 1.0336415e-06 6.0171947e-06)   (1.481039 1.0336535e-06 6.5803251e-06)       
jishen                    (9084.1324 0.83766077 -12500.233)             (1.1488758 -0.058323794 -0.0045809569)        (9085.2812 0.77933698 -12500.237)             (11.749934 0.0010834781 -16.168512)           (0.0014860213 -7.5439314e-05 -5.9252704e-06)  (11.75142 0.0010080388 -16.168518)           
jitou                     (-11252.35 -6.7756802 12.477574)              (1.1538395 -0.08489554 0.14302673)            (-11251.196 -6.8605758 12.6206)               (-14.55443 -0.0087640504 0.016139204)         (0.0014924417 -0.00010980872 0.00018499891)   (-14.552937 -0.0088738591 0.016324203)       
liangan                   (-81.043292 -0.51686279 -3073.851)            (1.1205354 -0.050825205 0.056064062)          (-79.922757 -0.56768799 -3073.795)            (-0.10482601 -0.00066853974 -3.9758938)       (0.0014493643 -6.5740213e-05 7.2516448e-05)   (-0.10337664 -0.00073427995 -3.9758213)      
waiyi                     (-156.44032 -0.074060985 1823.5532)           (4.3680784 -0.26949449 0.57481733)            (-152.07224 -0.34355548 1824.128)             (-0.20234881 -9.5794692e-05 2.3586875)        (0.0056499212 -0.00034857951 0.00074350144)   (-0.19669889 -0.0004443742 2.359431)         
weiyi                     (45.713283 -21.73828 518.07525)               (1.5138703 -0.11329147 -0.020958847)          (47.227153 -21.851572 518.05429)              (0.059128161 -0.028117529 0.67010801)         (0.001958126 -0.00014653764 -2.7109366e-05)   (0.061086287 -0.028264066 0.6700809)         
xiaoyi                    (152.60311 -0.3818967 -369.36236)             (0.33544917 -0.021784432 0.028669933)         (152.93856 -0.40368113 -369.33369)            (0.19738555 -0.00049396692 -0.4777543)        (0.00043388905 -2.8177224e-05 3.7083323e-05)  (0.19781944 -0.00052214415 -0.47771722)      
youfuyi                   (-0.57136205 -0.60345679 16.261124)           (0.15843098 -0.021018856 0.026719948)         (-0.41293106 -0.62447565 16.287844)           (-0.00073903218 -0.00078054535 0.021033063)   (0.00020492365 -2.7186985e-05 3.4561101e-05)  (-0.00053410853 -0.00080773234 0.021067625)  
youweiduo                 (4.1452467 -7.5239574 -13.13345)              (0.11059771 -0.031217717 -0.0029043415)       (4.2558445 -7.5551751 -13.136354)             (0.005361698 -0.0097319147 -0.016987551)      (0.00014305337 -4.0378771e-05 -3.7566406e-06) (0.0055047514 -0.0097722935 -0.016991308)    
zhongyangyi               (1044.0705 0.0097707029 14288.736)            (2.5333015 -0.10931352 0.24707548)            (1046.6038 -0.099542815 14288.983)            (1.3504601 1.2637983e-05 18.481864)           (0.0032767163 -0.00014139232 0.00031958149)   (1.3537369 -0.00012875434 18.482184)         
zuofuyi                   (-0.58016529 0.5648766 16.074202)             (0.16599219 -0.027004021 0.026153833)         (-0.4141731 0.53787258 16.100356)             (-0.00075041881 0.00073064354 0.020791288)    (0.00021470375 -3.4928538e-05 3.3828857e-05)  (-0.00053571506 0.000695715 0.020825116)     
zuoweiduo                 (-0.94231719 -0.26084198 0.54595517)          (0.15323346 -0.0055819217 -0.0051607652)      (-0.78908374 -0.2664239 0.54079441)           (-0.0012188467 -0.00033738786 0.00070616949)  (0.00019820087 -7.2199752e-06 -6.6752274e-06) (-0.0010206458 -0.00034460784 0.00069949426) 
------------------------- --------------------------------------------- --------------------------------------------- --------------------------------------------- --------------------------------------------- --------------------------------------------- ---------------------------------------------
Net                       (-16.238998 -36.462729 719.14417)             (12.762205 -0.79195184 1.0735744)             (-3.4767938 -37.254681 720.21775)             (-0.021004444 -0.047162969 0.930182)          (0.016507362 -0.0010243556 0.0013886223)      (-0.0044970829 -0.048187324 0.93157062)      

Forces - Direction Vector (0.99513403 -0.069756474 0.06958655)
                          Forces [N]                                      Coefficients                                   
Zone                      Pressure        Viscous         Total           Pressure        Viscous         Total          
jidi                      1139.4522       0.0002680008    1139.4525       1.4738324       3.4664748e-07   1.4738327      
jishen                    8170.0228       1.1470351       8171.1698       10.567572       0.0014836404    10.569056      
jitou                     -11196.255      1.1640998       -11195.091      -14.481874      0.0015057129    -14.480368     
liangan                   -294.51157      1.1225296       -293.38904      -0.38093803     0.0014519437    -0.37948608    
waiyi                     -28.779145      4.4056221       -24.373523      -0.037224584    0.0056984823    -0.031526102   
weiyi                     83.058298       1.5129482       84.571247       0.10743233      0.0019569333    0.10938926     
xiaoyi                    126.18454       0.33733153      126.52187       0.16321427      0.0004363238    0.16365059     
youfuyi                   0.60506874      0.16098561      0.76605435      0.00078263034   0.00020822796   0.00099085829  
youweiduo                 3.7360094       0.11203508      3.8480445       0.0048323672    0.00014491255   0.0049772797   
zhongyangyi               2033.2932       2.545793        2035.839        2.6299771       0.0032928735    2.63327        
zuofuyi                   0.50180223      0.16888814      0.67069037      0.00064905956   0.00021844953   0.00086750909  
zuoweiduo                 -0.88154536     0.15251808      -0.72902727     -0.0011402409   0.00019727557   -0.00094296536 
------------------------- --------------- --------------- --------------- --------------- --------------- ---------------
Net                       36.426293       12.830054       49.256348       0.047115841     0.016595122     0.063710963    
