                                    "Force Report"

Forces
                          Forces [N]                                                                                                                                Coefficients                                                                                                                             
Zone                      Pressure                                      Viscous                                       Total                                         Pressure                                      Viscous                                       Total                                        
jidi                      (1144.1276 2.8886579e-07 0.00043539877)       (-4.0221472e-09 -0.0027495578 -0.001824588)   (1144.1276 -0.002749269 -0.0013891893)        (1.4798797 3.7363546e-10 5.6316955e-07)       (-5.2024741e-12 -3.5564346e-06 -2.360026e-06) (1.4798797 -3.5560609e-06 -1.7968565e-06)    
jishen                    (9079.1264 2.522139 -12504.92)                (1.243489 -0.111908 -0.090126963)             (9080.3699 2.410231 -12505.01)                (11.743459 0.0032622781 -16.174575)           (0.0016083994 -0.00014474818 -0.00011657534)  (11.745067 0.0031175299 -16.174691)          
jitou                     (-11242.87 -14.038324 -8.6956886)             (1.1682021 -0.16976825 -0.069428908)          (-11241.702 -14.208093 -8.7651175)            (-14.542168 -0.018157968 -0.011247498)        (0.0015110191 -0.00021958791 -8.9803301e-05)  (-14.540657 -0.018377556 -0.011337302)       
liangan                   (-81.043166 -0.99248115 -3082.5881)           (1.1851529 -0.11843571 -0.081577334)          (-79.858014 -1.1109169 -3082.6697)            (-0.10482584 -0.0012837316 -3.9871949)        (0.0015329441 -0.00015319149 -0.00010551677)  (-0.1032929 -0.0014369231 -3.9873004)        
waiyi                     (-127.30412 -0.3685556 1498.3836)             (3.8455992 -0.543521 -0.031452188)            (-123.45853 -0.9120766 1498.3522)             (-0.1646624 -0.00047671078 1.9380947)         (0.0049741169 -0.000703021 -4.068205e-05)     (-0.15968828 -0.0011797318 1.938054)         
weiyi                     (39.977803 -30.253589 464.8499)               (1.4045843 -0.19970839 -0.12937164)           (41.382387 -30.453298 464.72052)              (0.051709565 -0.039131714 0.60126331)         (0.0018167693 -0.00025831419 -0.00016733664)  (0.053526334 -0.039390028 0.60109597)        
xiaoyi                    (150.97579 -0.68215522 -372.75035)            (0.31037699 -0.040734877 -0.025898792)        (151.28617 -0.7228901 -372.77624)             (0.19528068 -0.00088233838 -0.48213651)       (0.00040145926 -5.2688808e-05 -3.3498972e-05) (0.19568214 -0.00093502719 -0.48217001)      
youfuyi                   (-0.85987981 -0.33576334 10.323086)           (0.18522832 -0.048420741 -0.00024044363)      (-0.6746515 -0.38418409 10.322845)            (-0.0011122175 -0.00043429542 0.013352467)    (0.00023958485 -6.2630142e-05 -3.1100348e-07) (-0.00087263264 -0.00049692556 0.013352156)  
youweiduo                 (4.0659394 -8.0968383 -14.236619)             (0.11355772 -0.028690863 -0.00057954609)      (4.1794972 -8.1255291 -14.237198)             (0.0052591174 -0.010472911 -0.018414453)      (0.00014688202 -3.7110394e-05 -7.4961789e-07) (0.0054059995 -0.010510022 -0.018415203)     
zhongyangyi               (1056.2013 -0.03446086 14092.628)             (2.2969193 -0.26464338 -0.063700416)          (1058.4982 -0.29910424 14092.564)             (1.3661508 -4.4573637e-05 18.228207)          (0.0029709661 -0.0003423048 -8.2393743e-05)   (1.3691218 -0.00038687844 18.228124)         
zuofuyi                   (-0.83157616 0.36847369 10.018863)            (0.18773177 -0.047284049 0.00040404176)       (-0.64384439 0.32118964 10.019267)            (-0.0010756079 0.00047660484 0.012958968)     (0.00024282296 -6.1159879e-05 5.226106e-07)   (-0.00083278497 0.00041544496 0.012959491)   
zuoweiduo                 (-1.0202424 0.36491813 -0.46028977)           (0.1561218 -0.026802669 -0.023787921)         (-0.86412064 0.33811546 -0.48407769)          (-0.0013196396 0.00047200588 -0.00059536498)  (0.00020193682 -3.4668097e-05 -3.0768651e-05) (-0.0011177028 0.00043733778 -0.00062613363) 
------------------------- --------------------------------------------- --------------------------------------------- --------------------------------------------- --------------------------------------------- --------------------------------------------- ---------------------------------------------
Net                       (20.545705 -51.546637 92.552848)              (12.096963 -1.6026675 -0.5175847)             (32.642669 -53.149305 92.035263)              (0.026574984 -0.066673354 0.11971312)         (0.015646901 -0.0020729813 -0.0006694735)     (0.042221885 -0.068746335 0.11904365)        

Forces - Direction Vector (0.98785583 -0.1391731 -0.069077609)
                          Forces [N]                                      Coefficients                                   
Zone                      Pressure        Viscous         Total           Pressure        Viscous         Total          
jidi                      1130.2331       0.0005086987    1130.2336       1.4619078       6.5797984e-07   1.4619084      
jishen                    9832.3268       1.2501882       9833.577        12.717691       0.0016170645    12.719308      
jitou                     -11103.78       1.1824384       -11102.598      -14.362261      0.0015294332    -14.360732     
liangan                   133.01698       1.1928784       134.20986       0.17205173      0.0015429368    0.17359467     
waiyi                     -229.21159      3.8767137       -225.33487      -0.29647531     0.0050143622    -0.29146095    
weiyi                     11.592072       1.4242575       13.016329       0.014993845     0.0018422157    0.016836061    
xiaoyi                    174.98596       0.31406594      175.30002       0.22633679      0.00040623076   0.22674303     
youfuyi                   -1.5158021      0.18973435      -1.3260678      -0.0019606248   0.0002454132    -0.0017152116  
youweiduo                 6.1268556       0.11621169      6.2430673       0.0079248238    0.00015031481   0.0080751386   
zhongyangyi               69.894352       2.3102566       72.204609       0.090405333     0.0029882174    0.09339355     
zuofuyi                   -1.5648381      0.19200468      -1.3728334      -0.0020240507   0.00024834978   -0.0017757009  
zuoweiduo                 -1.0268435      0.15959925      -0.86724426     -0.0013281778   0.00020643475   -0.0011217431  
------------------------- --------------- --------------- --------------- --------------- --------------- ---------------
Net                       21.076771       12.208857       33.285628       0.027261894     0.015791631     0.043053526    
