                                    "Force Report"

Moments - Moment Center (0 0 0.05)
                          Moments [N m]                                                                                                                             Coefficients                                                                                                                             
Zone                      Pressure                                      Viscous                                       Total                                         Pressure                                      Viscous                                       Total                                        
jidi                      (-4.3071273e-09 -22.897068 0.0034303188)      (6.2546275e-05 -0.0019823411 0.0002623522)    (6.2541968e-05 -22.89905 0.003692671)         (-1.5275799e-11 -0.08120749 1.2166081e-05)    (2.2182867e-07 -7.0306357e-06 9.3046688e-07)  (2.2181339e-07 -0.081214521 1.3096548e-05)   
jishen                    (0.12081705 -230.96873 1.0509298)             (-0.012974486 -0.074045231 -0.0039396339)     (0.10784257 -231.04277 1.0469901)             (0.00042849371 -0.81916124 0.0037272619)      (-4.6015736e-05 -0.00026261124 -1.3972434e-05) (0.00038247797 -0.81942385 0.0037132895)     
jitou                     (-0.43625489 541.71467 4.2927493)             (-0.0046835358 -0.0056118077 0.053787888)     (-0.44093843 541.70906 4.3465372)             (-0.0015472359 1.921263 0.015224805)          (-1.6610781e-05 -1.9903021e-05 0.00019076588) (-0.0015638466 1.921243 0.015415571)         
liangan                   (-0.0018842884 647.40204 -0.16473002)         (0.002811416 0.12013899 0.0021075527)         (0.00092712759 647.52218 -0.16262247)         (-6.682879e-06 2.2960973 -0.00058423688)      (9.97106e-06 0.00042608886 7.4747152e-06)     (3.288181e-06 2.2965233 -0.00057676216)      
waiyi                     (2.6509997 -46.26311 -0.1032774)              (0.032419285 0.65530988 -0.015620017)         (2.6834189 -45.6078 -0.11889742)              (0.0094021221 -0.16407826 -0.000366287)       (0.0001149793 0.0023241435 -5.5398464e-05)    (0.0095171014 -0.16175411 -0.00042168546)    
weiyi                     (-8.2351974 -636.46507 -26.315337)            (0.030699741 0.52490139 -0.12208581)          (-8.2044977 -635.94017 -26.437423)            (-0.02920722 -2.2573078 -0.093330834)         (0.00010888071 0.0018616324 -0.00043299351)   (-0.02909834 -2.2554462 -0.093763827)        
xiaoyi                    (2.907553 55.90663 -0.1555918)                (0.031337667 0.038823884 -0.014943872)        (2.9388906 55.945454 -0.17053568)             (0.010312022 0.19828028 -0.00055182698)       (0.0001111432 0.00013769406 -5.3000423e-05)   (0.010423166 0.19841798 -0.0006048274)       
youfuyi                   (17.757038 -2.5679396 0.82738818)             (0.026889612 0.01606313 -0.20613503)          (17.783928 -2.5518765 0.62125314)             (0.062977691 -0.0091075386 0.002934442)       (9.5367576e-05 5.697002e-05 -0.00073108525)   (0.063073059 -0.0090505686 0.0022033567)     
youweiduo                 (-2.9166208 19.759145 -12.15406)              (0.006453964 0.038176277 -0.080805453)        (-2.9101669 19.797322 -12.234865)             (-0.010344183 0.070078431 -0.043105986)       (2.288984e-05 0.00013539723 -0.00028658726)   (-0.010321293 0.070213829 -0.043392573)      
zhongyangyi               (2.9922217 -279.42204 0.31487267)             (0.017584569 0.36168479 -0.0096410706)        (3.0098063 -279.06035 0.3052316)              (0.010612311 -0.99100734 0.0011167377)        (6.2366008e-05 0.0012827631 -3.4193336e-05)   (0.010674677 -0.98972458 0.0010825444)       
zuofuyi                   (-17.574415 -2.5483656 -0.82428805)           (-0.022043925 0.016791487 0.20289248)         (-17.596459 -2.5315741 -0.62139558)           (-0.062329994 -0.0090381166 -0.002923447)     (-7.8181706e-05 5.9553235e-05 0.00071958509)  (-0.062408176 -0.0089785634 -0.0022038619)   
zuoweiduo                 (-0.14513821 -0.516158 -0.38893777)           (0.0047828333 0.056769754 0.046996986)        (-0.14035538 -0.45938825 -0.34194079)         (-0.00051475193 -0.0018306228 -0.0013794194)  (1.6962953e-05 0.00020134146 0.00016668105)   (-0.00049778898 -0.0016292814 -0.0012127384) 
------------------------- --------------------------------------------- --------------------------------------------- --------------------------------------------- --------------------------------------------- --------------------------------------------- ---------------------------------------------
Net                       (-2.880881 43.134007 -33.616851)              (0.11333969 1.7470202 -0.14712363)            (-2.7675414 44.881027 -33.763975)             (-0.010217427 0.15298048 -0.11922662)         (0.00040197424 0.006196039 -0.00052179348)    (-0.0098154527 0.15917652 -0.11974842)       

Moments - Moment Center (0 0 0.05) Moment Axis (0 1 0)
                          Moments [N m]                                   Coefficients                                   
Zone                      Pressure        Viscous         Total           Pressure        Viscous         Total          
jidi                      -22.897068      -0.0019823411   -22.89905       -0.08120749     -7.0306357e-06  -0.081214521   
jishen                    -230.96873      -0.074045231    -231.04277      -0.81916124     -0.00026261124  -0.81942385    
jitou                     541.71467       -0.0056118077   541.70906       1.921263        -1.9903021e-05  1.921243       
liangan                   647.40204       0.12013899      647.52218       2.2960973       0.00042608886   2.2965233      
waiyi                     -46.26311       0.65530988      -45.6078        -0.16407826     0.0023241435    -0.16175411    
weiyi                     -636.46507      0.52490139      -635.94017      -2.2573078      0.0018616324    -2.2554462     
xiaoyi                    55.90663        0.038823884     55.945454       0.19828028      0.00013769406   0.19841798     
youfuyi                   -2.5679396      0.01606313      -2.5518765      -0.0091075386   5.697002e-05    -0.0090505686  
youweiduo                 19.759145       0.038176277     19.797322       0.070078431     0.00013539723   0.070213829    
zhongyangyi               -279.42204      0.36168479      -279.06035      -0.99100734     0.0012827631    -0.98972458    
zuofuyi                   -2.5483656      0.016791487     -2.5315741      -0.0090381166   5.9553235e-05   -0.0089785634  
zuoweiduo                 -0.516158       0.056769754     -0.45938825     -0.0018306228   0.00020134146   -0.0016292814  
------------------------- --------------- --------------- --------------- --------------- --------------- ---------------
Net                       43.134007       1.7470202       44.881027       0.15298048      0.006196039     0.15917652     
