                                    "Force Report"

Moments - Moment Center (0 0 0.05)
                          Moments [N m]                                                                                                                             Coefficients                                                                                                                             
Zone                      Pressure                                      Viscous                                       Total                                         Pressure                                      Viscous                                       Total                                        
jidi                      (-1.1007833e-08 -22.90615 0.0028066018)       (-2.2939325e-05 0.00040454994 -0.00051330017) (-2.2950332e-05 -22.905746 0.0022933016)      (-3.9040741e-11 -0.081239702 9.9539857e-06)   (-8.1357359e-08 1.4347901e-06 -1.8204872e-06) (-8.13964e-08 -0.081238267 8.1334985e-06)    
jishen                    (0.17064922 -230.42646 1.8945386)             (-0.024186961 -0.067574571 -0.0039853809)     (0.14646226 -230.49404 1.8905532)             (0.00060523009 -0.81723803 0.0067192325)      (-8.5782267e-05 -0.00023966218 -1.4134682e-05) (0.00051944782 -0.81747769 0.0067050978)     
jitou                     (-0.85747273 544.96546 8.4513206)             (-0.0093349431 0.028387608 0.10742104)        (-0.86680767 544.99385 8.5587417)             (-0.0030411408 1.9327923 0.02997373)          (-3.3107615e-05 0.00010068042 0.00038098299)  (-0.0030742484 1.932893 0.030354713)         
liangan                   (0.13970993 648.86904 -0.71435519)            (0.0080820893 0.13687656 0.00023256397)       (0.14779202 649.00592 -0.71412262)            (0.0004954998 2.3013002 -0.0025335555)        (2.8664202e-05 0.00048545087 8.2481897e-07)   (0.000524164 2.3017856 -0.0025327306)        
waiyi                     (4.2789223 -45.410192 -0.45765276)            (0.060203628 0.64777907 -0.028525382)         (4.3391259 -44.762413 -0.48617815)            (0.015175766 -0.16105327 -0.0016231263)       (0.00021352016 0.0022974344 -0.00010116905)   (0.015389286 -0.15875584 -0.0017242953)      
weiyi                     (-11.658788 -653.80084 -37.775885)            (0.062868033 0.46140624 -0.26100586)          (-11.59592 -653.33943 -38.036891)             (-0.041349439 -2.3187914 -0.13397719)         (0.00022296982 0.0016364384 -0.00092569192)   (-0.041126469 -2.317155 -0.13490288)         
xiaoyi                    (7.1808782 55.957678 -0.41958676)             (0.068984159 0.038982076 -0.024483453)        (7.2498624 55.99666 -0.44407021)              (0.025467938 0.19846133 -0.0014881201)        (0.00024466147 0.00013825511 -8.6833813e-05)  (0.025712599 0.19859959 -0.0015749539)       
youfuyi                   (19.391918 -2.8008396 0.6823239)              (0.035177711 0.014162372 -0.19914984)         (19.427095 -2.7866772 0.48317407)             (0.068776009 -0.0099335492 0.0024199523)      (0.00012476242 5.0228731e-05 -0.00070631132)  (0.068900771 -0.0098833205 0.0017136409)     
youweiduo                 (-2.890634 19.137825 -11.827711)              (0.015080186 0.023344539 -0.10337342)         (-2.8755538 19.161169 -11.931084)             (-0.010252017 0.067874835 -0.041948546)       (5.348388e-05 8.2794506e-05 -0.00036662754)   (-0.010198533 0.06795763 -0.042315173)       
zhongyangyi               (5.6580638 -277.05198 0.91673025)             (0.031204411 0.36151607 -0.0071209737)        (5.6892682 -276.69047 0.90960927)             (0.020067074 -0.98260162 0.0032513055)        (0.00011067058 0.0012821647 -2.5255478e-05)   (0.020177745 -0.98131946 0.00322605)         
zuofuyi                   (-19.082448 -2.7715344 -0.74313671)           (-0.025640792 0.015428103 0.19085442)         (-19.108088 -2.7561063 -0.55228229)           (-0.067678432 -0.0098296144 -0.002635633)     (-9.0938472e-05 5.4717813e-05 0.00067689052)  (-0.067769371 -0.0097748966 -0.0019587424)   
zuoweiduo                 (-0.24669627 -1.348086 -0.86760652)           (0.0089913298 0.059271643 0.028385734)        (-0.23770494 -1.2888144 -0.83922079)          (-0.00087494107 -0.004781166 -0.0030770817)   (3.1888944e-05 0.00021021475 0.00010067377)   (-0.00084305212 -0.0045709512 -0.0029764079) 
------------------------- --------------------------------------------- --------------------------------------------- --------------------------------------------- --------------------------------------------- --------------------------------------------- ---------------------------------------------
Net                       (2.0841024 32.413921 -40.858214)              (0.23140591 1.7199843 -0.30126384)            (2.3155083 34.133905 -41.159477)              (0.0073915457 0.11496027 -0.14490908)         (0.00082071177 0.0061001524 -0.0010684722)    (0.0082122575 0.12106042 -0.14597755)        

Moments - Moment Center (0 0 0.05) Moment Axis (0 1 0)
                          Moments [N m]                                   Coefficients                                   
Zone                      Pressure        Viscous         Total           Pressure        Viscous         Total          
jidi                      -22.90615       0.00040454994   -22.905746      -0.081239702    1.4347901e-06   -0.081238267   
jishen                    -230.42646      -0.067574571    -230.49404      -0.81723803     -0.00023966218  -0.81747769    
jitou                     544.96546       0.028387608     544.99385       1.9327923       0.00010068042   1.932893       
liangan                   648.86904       0.13687656      649.00592       2.3013002       0.00048545087   2.3017856      
waiyi                     -45.410192      0.64777907      -44.762413      -0.16105327     0.0022974344    -0.15875584    
weiyi                     -653.80084      0.46140624      -653.33943      -2.3187914      0.0016364384    -2.317155      
xiaoyi                    55.957678       0.038982076     55.99666        0.19846133      0.00013825511   0.19859959     
youfuyi                   -2.8008396      0.014162372     -2.7866772      -0.0099335492   5.0228731e-05   -0.0098833205  
youweiduo                 19.137825       0.023344539     19.161169       0.067874835     8.2794506e-05   0.06795763     
zhongyangyi               -277.05198      0.36151607      -276.69047      -0.98260162     0.0012821647    -0.98131946    
zuofuyi                   -2.7715344      0.015428103     -2.7561063      -0.0098296144   5.4717813e-05   -0.0097748966  
zuoweiduo                 -1.348086       0.059271643     -1.2888144      -0.004781166    0.00021021475   -0.0045709512  
------------------------- --------------- --------------- --------------- --------------- --------------- ---------------
Net                       32.413921       1.7199843       34.133905       0.11496027      0.0061001524    0.12106042     
