                                    "Force Report"

Forces
                          Forces [N]                                                                                                                                Coefficients                                                                                                                             
Zone                      Pressure                                      Viscous                                       Total                                         Pressure                                      Viscous                                       Total                                        
jidi                      (1146.1708 4.0717914e-07 0.00043615217)       (2.7883873e-08 0.0051494861 0.0062457642)     (1146.1708 0.0051498933 0.0066819164)         (1.4825225 5.2666867e-10 5.6414403e-07)       (3.6066588e-11 6.6606384e-06 8.0786269e-06)   (1.4825225 6.6611651e-06 8.6427709e-06)      
jishen                    (9092.2451 -1.2470352 -12503.218)             (1.2030438 -0.16498986 0.0042818694)          (9093.4482 -1.4120251 -12503.214)             (11.760427 -0.0016129863 -16.172374)          (0.0015560853 -0.00021340728 5.5384135e-06)   (11.761983 -0.0018263936 -16.172369)         
jitou                     (-11262.991 -19.879586 24.381393)             (1.0985192 -0.25425258 0.28291104)            (-11261.893 -20.133838 24.664304)             (-14.568194 -0.025713387 0.031536281)         (0.0014208873 -0.00032886475 0.00036593324)   (-14.566773 -0.026042252 0.031902214)        
liangan                   (-81.208456 -2.5243876 -3065.9583)            (1.2681249 -0.18540388 0.18380393)            (-79.940331 -2.7097915 -3065.7745)            (-0.10503964 -0.0032651866 -3.965685)         (0.0016402649 -0.00023981193 0.00023774246)   (-0.10339937 -0.0035049985 -3.9654472)       
waiyi                     (-209.12265 -0.39864231 1953.4094)            (3.338398 -0.74826432 0.87979198)             (-205.78425 -1.1469066 1954.2892)             (-0.27049113 -0.00051562665 2.5266509)        (0.0043180739 -0.00096784765 0.001137973)     (-0.26617306 -0.0014834743 2.5277889)        
weiyi                     (41.481831 -15.732199 554.49771)              (1.3743529 -0.2651515 0.064790931)            (42.856184 -15.99735 554.5625)                (0.053654961 -0.020348921 0.7172189)          (0.0017776663 -0.00034296204 8.3804277e-05)   (0.055432628 -0.020691883 0.7173027)         
xiaoyi                    (153.17055 -1.9113563 -367.5819)              (0.34556991 -0.070515614 0.06112488)          (153.51612 -1.9818719 -367.52078)             (0.1981195 -0.0024722569 -0.47545135)         (0.00044697979 -9.1208908e-05 7.9062398e-05)  (0.19856648 -0.0025634659 -0.47537229)       
youfuyi                   (0.21355381 -0.84387622 23.176932)            (0.1280904 -0.067035869 0.045947943)          (0.34164421 -0.91091209 23.22288)             (0.00027622264 -0.0010915175 0.029978363)     (0.00016567941 -8.6708008e-05 5.9431684e-05)  (0.00044190206 -0.0011782255 0.030037795)    
youweiduo                 (-0.83576343 0.13325699 0.26884819)           (0.14311795 -0.046009952 0.022609596)         (-0.69264548 0.087247041 0.29145778)          (-0.001081024 0.00017236218 0.00034774354)    (0.0001851169 -5.951189e-05 2.9244538e-05)    (-0.00089590708 0.00011285029 0.00037698808) 
zhongyangyi               (1026.4928 0.0058865357 14369.524)            (1.9929103 -0.22235859 0.36398088)            (1028.4857 -0.21647206 14369.888)             (1.3277242 7.6139802e-06 18.58636)            (0.0025777435 -0.00028761126 0.00047079358)   (1.3303019 -0.00027999728 18.586831)         
zuofuyi                   (0.089999261 0.86771276 21.539636)            (0.14431514 -0.085300939 0.041913411)         (0.2343144 0.78241182 21.58155)               (0.00011641017 0.0011223491 0.027860591)      (0.00018666542 -0.00011033309 5.4213191e-05)  (0.00030307558 0.001012016 0.027914804)      
zuoweiduo                 (3.3292996 5.4508167 -9.5799136)              (0.080501227 -0.016721397 -0.030880402)       (3.4098008 5.4340953 -9.610794)               (0.0043063056 0.0070503965 -0.012391205)      (0.00010412487 -2.1628407e-05 -3.9942469e-05) (0.0044104305 0.0070287681 -0.012431148)     
------------------------- --------------------------------------------- --------------------------------------------- --------------------------------------------- --------------------------------------------- --------------------------------------------- ---------------------------------------------
Net                       (-90.96406 -36.079408 1000.4596)              (11.116944 -2.120855 1.9265218)               (-79.847116 -38.200263 1002.3862)             (-0.11765809 -0.04666716 1.2940514)           (0.014379288 -0.0027432346 0.0024918729)      (-0.1032788 -0.049410395 1.2965433)          

Forces - Direction Vector (0.96328734 -0.20791169 0.16985355)
                          Forces [N]                                      Coefficients                                   
Zone                      Pressure        Viscous         Total           Pressure        Viscous         Total          
jidi                      1104.0919       -9.7463011e-06  1104.0919       1.4280953       -1.260642e-08   1.4280953      
jishen                    6634.9879       1.1939074       6636.1818       8.5820709       0.0015442678    8.5836152      
jitou                     -10841.222      1.1591052       -10840.063      -14.022654      0.0014992526    -14.021155     
liangan                   -598.46613      1.2913361       -597.17479      -0.77409015     0.0016702875    -0.77241986    
waiyi                     130.43121       3.5208452       133.95205       0.16870714      0.0045540615    0.1732612      
weiyi                     137.41323       1.3900298       138.80326       0.1777381       0.0017979437    0.17953604     
xiaoyi                    85.509554       0.35792642      85.86748        0.11060292      0.0004629624    0.11106589     
youfuyi                   4.3178496       0.14512982      4.4629794       0.0055849524    0.00018771917   0.0057726716   
youweiduo                 -0.7871212      0.15127004      -0.63585117     -0.0010181074   0.00019566127   -0.00082244608 
zhongyangyi               3429.5209       2.0277996       3431.5487       4.4359375       0.0026228714    4.4385604      
zuofuyi                   3.5648712       0.16387115      3.7287423       0.0046110072    0.00021196028   0.0048229675   
zuoweiduo                 0.44660134      0.075777241     0.52237858      0.00057765959   9.8014596e-05   0.00067567418  
------------------------- --------------- --------------- --------------- --------------- --------------- ---------------
Net                       89.808424       11.476988       101.28541       0.11616333      0.01484499      0.13100832     
