                                    "Force Report"

Forces
                          Forces [N]                                                                                                                                Coefficients                                                                                                                             
Zone                      Pressure                                      Viscous                                       Total                                         Pressure                                      Viscous                                       Total                                        
jidi                      (1144.1797 2.8311326e-07 0.00043500984)       (-3.3757778e-10 -0.0021429824 -0.00024616326) (1144.1797 -0.0021426993 0.00018884658)       (1.4799471 3.661948e-10 5.6266648e-07)        (-4.3664231e-13 -2.7718554e-06 -3.1840157e-07) (1.4799471 -2.7714892e-06 2.4426491e-07)     
jishen                    (9080.8403 2.6357222 -12504.75)               (1.2135718 -0.11441328 -0.068889524)          (9082.0539 2.521309 -12504.818)               (11.745676 0.0034091931 -16.174355)           (0.0015697028 -0.00014798864 -8.9105631e-05)  (11.747245 0.0032612045 -16.174444)          
jitou                     (-11245.524 -13.845437 -3.3826702)            (1.1640357 -0.16911598 -0.015063135)          (-11244.36 -14.014553 -3.3977334)             (-14.545601 -0.017908476 -0.0043753382)       (0.00150563 -0.00021874423 -1.9483516e-05)    (-14.544096 -0.01812722 -0.0043948217)       
liangan                   (-81.08776 -1.3495352 -3079.8995)             (1.1600371 -0.12107175 -0.041259123)          (-79.927723 -1.4706069 -3079.9407)            (-0.10488352 -0.0017455656 -3.9837172)        (0.001500458 -0.0001566011 -5.3366898e-05)    (-0.10338307 -0.0019021667 -3.9837706)       
waiyi                     (-127.08696 -0.31795061 1584.5365)            (3.9711531 -0.5149819 0.11222911)             (-123.11581 -0.83293251 1584.6487)            (-0.16438151 -0.00041125542 2.0495297)        (0.0051365154 -0.00066610689 0.00014516352)   (-0.15924499 -0.0010773623 2.0496748)        
weiyi                     (42.994912 -7.5675371 476.06666)              (1.4759398 -0.18054359 -0.11502217)           (44.470852 -7.7480807 475.95164)              (0.055612066 -0.0097882831 0.61577171)        (0.0019090645 -0.00023352535 -0.00014877622)  (0.05752113 -0.010021808 0.61562293)         
xiaoyi                    (151.28729 -0.65725517 -371.98176)            (0.31167896 -0.040395892 -0.013622814)        (151.59897 -0.69765106 -371.99539)            (0.1956836 -0.00085013124 -0.48114238)        (0.0004031433 -5.2250346e-05 -1.7620523e-05)  (0.19608674 -0.00090238159 -0.48116)         
youfuyi                   (-0.83269679 -0.41288591 12.119586)           (0.18930522 -0.058101938 0.0057094035)        (-0.64339157 -0.47098785 12.125295)           (-0.0010770574 -0.00053405013 0.015676162)    (0.00024485814 -7.5152353e-05 7.3848674e-06)  (-0.00083219928 -0.00060920248 0.015683547)  
youweiduo                 (-1.0891299 -0.94492309 -1.5439265)           (0.15635774 -0.032729377 0.0043844286)        (-0.93277214 -0.97765247 -1.5395421)          (-0.0014087426 -0.0012222173 -0.0019970024)   (0.00020224199 -4.2334038e-05 5.6710694e-06)  (-0.0012065006 -0.0012645513 -0.0019913314)  
zhongyangyi               (1057.2268 -0.03241701 14146.058)             (2.418207 -0.24437991 0.0087522349)           (1059.645 -0.27679692 14146.067)              (1.3674773 -4.1930006e-05 18.297316)          (0.0031278466 -0.00031609488 1.1320639e-05)   (1.3706052 -0.00035802489 18.297328)         
zuofuyi                   (-0.84045316 0.44934381 11.877679)            (0.19375712 -0.043483352 0.0062680962)        (-0.64669604 0.40586046 11.883947)            (-0.0010870899 0.00058120686 0.015363266)     (0.00025061648 -5.6243842e-05 8.1075123e-06)  (-0.00083647346 0.00052496302 0.015371374)   
zuoweiduo                 (4.1905626 7.4595087 -13.162091)              (0.11073144 -0.023045061 -0.035193703)        (4.301294 7.4364636 -13.197284)               (0.0054203121 0.009648553 -0.017024597)       (0.00014322635 -2.9807793e-05 -4.5521539e-05) (0.0055635385 0.0096187452 -0.017070119)     
------------------------- --------------------------------------------- --------------------------------------------- --------------------------------------------- --------------------------------------------- --------------------------------------------- ---------------------------------------------
Net                       (24.258157 -14.583366 255.93943)              (12.364775 -1.544405 -0.15195336)             (36.622932 -16.127771 255.78747)              (0.031376881 -0.018862955 0.33104662)         (0.015993304 -0.0019976213 -0.00019654512)    (0.047370185 -0.020860576 0.33085008)        

Forces - Direction Vector (0.98966482 -0.1391731 -0.034559857)
                          Forces [N]                                      Coefficients                                   
Zone                      Pressure        Viscous         Total           Pressure        Viscous         Total          
jidi                      1132.3543       0.00030675254   1132.3546       1.4646515       3.9677119e-07   1.4646519      
jishen                    9418.7838       1.2193334       9420.0031       12.182791       0.0015771552    12.184368      
jitou                     -11127.256      1.1760621       -11126.08       -14.392626      0.0015211857    -14.391105     
liangan                   26.379          1.1663238       27.545324       0.0341201       0.0015085895    0.035628689    
waiyi                     -180.4906       3.9979035       -176.4927       -0.23345681     0.005171116     -0.2282857     
weiyi                     27.150954       1.4897877       28.640741       0.035118589     0.0019269761    0.037045565    
xiaoyi                    162.67082       0.31455052      162.98537       0.2104077       0.00040685755   0.21081456     
youfuyi                   -1.1854793      0.19523763      -0.99024164     -0.0015333664   0.00025253146   -0.0012808349  
youweiduo                 -0.89300777     0.15914527      -0.7338625      -0.0011550671   0.00020584755   -0.00094921952 
zhongyangyi               557.41896       2.426923        559.84588       0.7209974       0.0031391204    0.72413652     
zuofuyi                   -1.3047944      0.19758969      -1.1072047      -0.0016876953   0.00025557375   -0.0014321216  
zuoweiduo                 3.5639694       0.11401056      3.6779799       0.0046098408    0.00014746774   0.0047573086   
------------------------- --------------- --------------- --------------- --------------- --------------- ---------------
Net                       17.191827       12.457174       29.649001       0.022236888     0.016112818     0.038349705    
