                                    "Force Report"

Forces
                          Forces [N]                                                                                                                                Coefficients                                                                                                                             
Zone                      Pressure                                      Viscous                                       Total                                         Pressure                                      Viscous                                       Total                                        
jidi                      (1145.2438 -9.4315134e-08 0.00043562665)      (2.4549924e-08 0.0013774496 0.0035123064)     (1145.2438 0.0013773553 0.0039479331)         (1.4813235 -1.2199256e-10 5.634643e-07)       (3.1754269e-11 1.7816717e-06 4.543017e-06)    (1.4813235 1.7815497e-06 5.1064813e-06)      
jishen                    (9086.5678 0.77910525 -12498.024)             (1.153426 -0.053348202 0.03278058)            (9087.7212 0.72575705 -12497.992)             (11.753084 0.0010077391 -16.165656)           (0.0014919069 -6.90036e-05 4.2400267e-05)     (11.754576 0.00093873546 -16.165614)         
jitou                     (-11257.429 -6.6046686 22.0888)               (1.1399897 -0.084236268 0.244118)             (-11256.289 -6.6889048 22.332918)             (-14.561 -0.0085428542 0.028570911)           (0.0014745275 -0.00010895598 0.00031575611)   (-14.559525 -0.0086518102 0.028886667)       
liangan                   (-81.147217 0.38480511 -3069.2352)            (1.1760313 -0.030859343 0.12143619)           (-79.971186 0.35394576 -3069.1137)            (-0.10496043 0.00049772882 -3.9699234)        (0.0015211458 -3.991523e-05 0.00015707247)    (-0.10343928 0.00045781359 -3.9697664)       
waiyi                     (-193.16764 -0.041830951 1939.5712)           (3.8087913 -0.25606974 0.82184229)            (-189.35885 -0.29790069 1940.3931)            (-0.24985402 -5.4106532e-05 2.5087518)        (0.0049265074 -0.00033121518 0.0010630176)    (-0.24492752 -0.00038532171 2.5098148)       
weiyi                     (45.020863 1.5449219 548.92712)               (1.4377952 -0.067934207 0.052505976)          (46.458658 1.4769877 548.97963)               (0.058232546 0.0019982899 0.71001357)         (0.0018597261 -8.786997e-05 6.7914217e-05)    (0.060092272 0.0019104199 0.71008149)        
xiaoyi                    (153.4499 -0.50911875 -367.66012)             (0.35420758 -0.024322084 0.058328291)         (153.8041 -0.53344083 -367.60179)             (0.19848083 -0.00065852316 -0.47555252)       (0.00045815225 -3.1459567e-05 7.5445131e-05)  (0.19893898 -0.00068998273 -0.47547708)      
youfuyi                   (-0.19866264 -0.78303457 20.589737)           (0.14540296 -0.014413468 0.038999601)         (-0.053259684 -0.79744804 20.628736)          (-0.00025696157 -0.0010128215 0.026631937)    (0.00018807246 -1.86432e-05 5.0444303e-05)    (-6.8889106e-05 -0.0010314647 0.026682382)   
youweiduo                 (-0.89147571 0.4038216 0.74296995)            (0.15013373 -0.021618651 0.011316552)         (-0.74134198 0.38220295 0.7542865)            (-0.0011530854 0.00052232584 0.00096099961)   (0.00019419151 -2.7962793e-05 1.4637473e-05)  (-0.0009588939 0.00049436305 0.00097563708)  
zhongyangyi               (1026.6626 0.022762838 14352.961)             (2.1771602 -0.075231565 0.38240878)           (1028.8397 -0.052468726 14353.343)            (1.3279438 2.944275e-05 18.564936)            (0.0028160629 -9.7308787e-05 0.00049462928)   (1.3307598 -6.7866036e-05 18.565431)         
zuofuyi                   (-0.00022446149 0.67200407 19.462429)         (0.15174307 -0.032243687 0.035270986)         (0.15151861 0.63976038 19.4977)               (-2.9033127e-07 0.0008692083 0.025173814)     (0.00019627312 -4.170582e-05 4.56215e-05)     (0.00019598279 0.00082750248 0.025219435)    
zuoweiduo                 (3.6822444 6.1583518 -10.680129)              (0.093150148 0.015336261 -0.012257769)        (3.7753946 6.1736881 -10.692387)              (0.0047628245 0.0079655627 -0.013814287)      (0.0001204857 1.9836793e-05 -1.5854896e-05)   (0.0048833102 0.0079853995 -0.013830142)     
------------------------- --------------------------------------------- --------------------------------------------- --------------------------------------------- --------------------------------------------- --------------------------------------------- ---------------------------------------------
Net                       (-72.207395 2.0271196 958.74361)              (11.787831 -0.64356351 1.7902618)             (-60.419564 1.3835561 960.53387)              (-0.093397154 0.0026219918 1.2400935)         (0.015247052 -0.00083242166 0.0023156265)     (-0.078150102 0.0017895702 1.2424092)        

Forces - Direction Vector (0.98785583 -0.069756474 0.13883408)
                          Forces [N]                                      Coefficients                                   
Zone                      Pressure        Viscous         Total           Pressure        Viscous         Total          
jidi                      1131.3358       0.00039156606   1131.3362       1.4633341       5.0647383e-07   1.4633346      
jishen                    7241.0128       1.1476911       7242.1605       9.365938        0.0014844889    9.3674225      
jitou                     -11117.19       1.1659134       -11116.024      -14.379606      0.0015080587    -14.378098     
liangan                   -506.30304      1.1807615       -505.12228      -0.65488117     0.0015272641    -0.6533539     
waiyi                     78.459726       3.8944989       82.354225       0.10148427      0.0050373665    0.10652164     
weiyi                     120.57615       1.4323628       122.00851       0.15596005      0.0018526996    0.15781275     
xiaoyi                    100.57813       0.3597006       100.93783       0.13009348      0.00046525723   0.13055874     
youfuyi                   2.7169289       0.15005707      2.866986        0.0035142304    0.00019409235   0.0037083228   
youweiduo                 -0.80566909     0.15138964      -0.65427945     -0.0010420982   0.00019581598   -0.00084628227 
zhongyangyi               3006.8731       2.2090596       3009.0822       3.8892608       0.0028573235    3.8921181      
zuofuyi                   2.6549501       0.1570463       2.8119964       0.0034340636    0.00020313262   0.0036371962   
zuoweiduo                 1.7251758       0.089247317     1.8144231       0.0022314406    0.00011543756   0.0023468781   
------------------------- --------------- --------------- --------------- --------------- --------------- ---------------
Net                       61.634389       11.93812        73.572509       0.079721426     0.015441443     0.095162869    
