                                    "Force Report"

Moments - Moment Center (0 0 0.05)
                          Moments [N m]                                                                                                                             Coefficients                                                                                                                             
Zone                      Pressure                                      Viscous                                       Total                                         Pressure                                      Viscous                                       Total                                        
jidi                      (-1.4730963e-08 -22.904856 0.0025877379)      (5.747105e-05 -0.0025901032 0.00076287635)    (5.7456319e-05 -22.907446 0.0033506143)       (-5.2245315e-11 -0.081235111 9.1777559e-06)   (2.038287e-07 -9.1861446e-06 2.7056422e-06)   (2.0377646e-07 -0.081244297 1.1883398e-05)   
jishen                    (0.068707101 -229.54712 0.82191365)           (-0.011478934 -0.065381178 -0.0019182518)     (0.057228167 -229.61251 0.81999539)           (0.00024367885 -0.81411934 0.0029150258)      (-4.0711563e-05 -0.00023188302 -6.8033344e-06) (0.00020296729 -0.81435122 0.0029082225)     
jitou                     (-0.42467953 548.11634 4.1921613)             (-0.0045719876 0.061817793 0.053298618)       (-0.42925151 548.17815 4.2454599)             (-0.0015061823 1.9439673 0.014868056)         (-1.6215161e-05 0.00021924501 0.00018903062)  (-0.0015223975 1.9441866 0.015057087)        
liangan                   (0.35102074 648.2679 -0.069533145)            (0.0077564646 0.12404373 0.004927765)         (0.3587772 648.39194 -0.06460538)             (0.0012449416 2.2991681 -0.00024660853)       (2.7509331e-05 0.00043993756 1.7476973e-05)   (0.001272451 2.2996081 -0.00022913155)       
waiyi                     (4.674566 -45.132341 -0.31500749)             (0.03462598 0.62906734 -0.017980169)          (4.709192 -44.503273 -0.33298766)             (0.016578969 -0.16006784 -0.0011172159)       (0.00012280563 0.0022310708 -6.3769056e-05)   (0.016701774 -0.15783676 -0.0011809849)      
weiyi                     (0.21731142 -672.22952 2.2397092)             (0.032343966 0.43226403 -0.12431351)          (0.24965538 -671.79726 2.1153957)             (0.00077072378 -2.3841512 0.0079434259)       (0.00011471217 0.0015330817 -0.00044089436)   (0.00088543594 -2.3826181 0.0075025316)      
xiaoyi                    (4.6212933 55.926012 -0.096590827)            (0.044024189 0.037715697 -0.014579109)        (4.6653175 55.963728 -0.11116994)             (0.01639003 0.19834902 -0.00034257219)        (0.00015613763 0.00013376372 -5.1706745e-05)  (0.016546167 0.19848279 -0.00039427893)      
youfuyi                   (21.61284 -3.1120951 0.39674821)              (0.039911558 0.012470412 -0.18795047)         (21.652751 -3.0996247 0.20879774)             (0.076652805 -0.011037458 0.0014071202)       (0.00014155164 4.4227971e-05 -0.00066659128)  (0.076794356 -0.01099323 0.0007405289)       
youweiduo                 (0.099059748 -0.70246568 0.5359553)           (0.0092184418 0.032785628 -0.086193881)       (0.10827819 -0.66968005 0.44976142)           (0.00035132854 -0.0024913877 0.0019008366)    (3.2694427e-05 0.00011627858 -0.00030569804)  (0.00038402297 -0.0023751092 0.0015951386)   
zhongyangyi               (2.6872424 -274.9172 0.648348)                (0.010628127 0.35254621 -0.0094115105)        (2.6978706 -274.56466 0.63893648)             (0.0095306619 -0.97503034 0.0022994522)       (3.7694061e-05 0.0012503519 -3.3379171e-05)   (0.009568356 -0.97377999 0.002266073)        
zuofuyi                   (-20.905943 -3.0081083 -0.30294787)           (-0.033112245 0.013297495 0.18224802)         (-20.939055 -2.9948108 -0.12069985)           (-0.074145699 -0.010668655 -0.0010744448)     (-0.00011743697 4.7161332e-05 0.00064636677)  (-0.074263136 -0.010621494 -0.00042807805)   
zuoweiduo                 (2.1768931 17.067964 10.562846)               (0.0031826511 0.052212203 0.049243536)        (2.1800757 17.120176 10.612089)               (0.0077206402 0.060533798 0.037462535)        (1.1287695e-05 0.00018517751 0.00017464873)   (0.0077319279 0.060718976 0.037637183)       
------------------------- --------------------------------------------- --------------------------------------------- --------------------------------------------- --------------------------------------------- --------------------------------------------- ---------------------------------------------
Net                       (15.178312 17.824497 18.61619)                (0.13258568 1.6802493 -0.15186609)            (15.310897 19.504746 18.464324)               (0.053831896 0.063216943 0.066024788)         (0.00047023271 0.005959227 -0.00053861324)    (0.054302129 0.06917617 0.065486175)         

Moments - Moment Center (0 0 0.05) Moment Axis (0 1 0)
                          Moments [N m]                                   Coefficients                                   
Zone                      Pressure        Viscous         Total           Pressure        Viscous         Total          
jidi                      -22.904856      -0.0025901032   -22.907446      -0.081235111    -9.1861446e-06  -0.081244297   
jishen                    -229.54712      -0.065381178    -229.61251      -0.81411934     -0.00023188302  -0.81435122    
jitou                     548.11634       0.061817793     548.17815       1.9439673       0.00021924501   1.9441866      
liangan                   648.2679        0.12404373      648.39194       2.2991681       0.00043993756   2.2996081      
waiyi                     -45.132341      0.62906734      -44.503273      -0.16006784     0.0022310708    -0.15783676    
weiyi                     -672.22952      0.43226403      -671.79726      -2.3841512      0.0015330817    -2.3826181     
xiaoyi                    55.926012       0.037715697     55.963728       0.19834902      0.00013376372   0.19848279     
youfuyi                   -3.1120951      0.012470412     -3.0996247      -0.011037458    4.4227971e-05   -0.01099323    
youweiduo                 -0.70246568     0.032785628     -0.66968005     -0.0024913877   0.00011627858   -0.0023751092  
zhongyangyi               -274.9172       0.35254621      -274.56466      -0.97503034     0.0012503519    -0.97377999    
zuofuyi                   -3.0081083      0.013297495     -2.9948108      -0.010668655    4.7161332e-05   -0.010621494   
zuoweiduo                 17.067964       0.052212203     17.120176       0.060533798     0.00018517751   0.060718976    
------------------------- --------------- --------------- --------------- --------------- --------------- ---------------
Net                       17.824497       1.6802493       19.504746       0.063216943     0.005959227     0.06917617     
