                                    "Force Report"

Moments - Moment Center (0 0 0.05)
                          Moments [N m]                                                                                                                             Coefficients                                                                                                                             
Zone                      Pressure                                      Viscous                                       Total                                         Pressure                                      Viscous                                       Total                                        
jidi                      (-6.4433814e-09 -22.877353 0.0017652541)      (-4.2161676e-05 0.00043680402 -0.0004574672)  (-4.2168119e-05 -22.876916 0.0013077869)      (-2.2852307e-11 -0.081137569 6.2607078e-06)   (-1.4953198e-07 1.5491834e-06 -1.6224681e-06) (-1.4955483e-07 -0.081136019 4.6382397e-06)  
jishen                    (0.21748845 -232.82495 1.4560519)             (-0.013536991 -0.090957379 -0.0061148504)     (0.20395146 -232.91591 1.4499371)             (0.00077135164 -0.82574459 0.0051640814)      (-4.8010735e-05 -0.00032259241 -2.1687128e-05) (0.0007233409 -0.82606719 0.0051423943)      
jitou                     (-0.44536832 531.72805 4.364609)              (-0.0048163736 -0.11102349 0.053870512)       (-0.45018469 531.61703 4.4184795)             (-0.0015795578 1.8858441 0.015479665)         (-1.7081908e-05 -0.00039375954 0.00019105892) (-0.0015966397 1.8854503 0.015670724)        
liangan                   (0.41301141 645.51203 -0.062786948)           (0.0070475586 0.12153532 0.011232491)         (0.42005897 645.63356 -0.051554457)           (0.0014647998 2.2893941 -0.00022268224)       (2.4995102e-05 0.00043104114 3.9837519e-05)   (0.0014897949 2.2898251 -0.00018284472)      
waiyi                     (4.8685313 -52.218885 -0.46584067)            (0.033788556 0.55211446 -0.029248608)         (4.9023198 -51.666771 -0.49508928)            (0.017266892 -0.1852012 -0.0016521657)        (0.0001198356 0.0019581472 -0.00010373407)    (0.017386728 -0.18324306 -0.0017558998)      
weiyi                     (0.7186248 -586.90707 3.1269691)              (0.036977477 0.62243246 -0.1063266)           (0.75560228 -586.28464 3.0206425)             (0.0025486982 -2.0815438 0.011090211)         (0.00013114553 0.0022075393 -0.00037710139)   (0.0026798437 -2.0793363 0.01071311)         
xiaoyi                    (0.40812438 55.873496 -0.29120917)            (0.01085767 0.041076547 -0.014361675)         (0.41898205 55.914572 -0.30557084)            (0.0014474673 0.19816277 -0.001032812)        (3.8508167e-05 0.00014568342 -5.0935585e-05)  (0.0014859754 0.19830845 -0.0010837475)      
youfuyi                   (12.580405 -1.8367512 0.98569202)             (0.002898844 0.021558795 -0.22865033)         (12.583304 -1.8151924 0.75704169)             (0.044618076 -0.006514282 0.0034958875)       (1.0281135e-05 7.6461127e-05 -0.00081093874)  (0.044628357 -0.0064378209 0.0026849488)     
youweiduo                 (-0.12961052 1.7587092 -0.91896287)           (0.003326519 0.051589648 -0.080153011)        (-0.126284 1.8102989 -0.99911588)             (-0.00045968092 0.0062374957 -0.0032592237)   (1.1797941e-05 0.00018296953 -0.00028427329)  (-0.00044788298 0.0064204653 -0.003543497)   
zhongyangyi               (3.7356668 -289.92731 -0.34560531)            (0.02082658 0.3026653 -0.014289879)           (3.7564933 -289.62464 -0.35989519)            (0.013249038 -1.0282657 -0.0012257351)        (7.3864228e-05 0.0010734427 -5.0680953e-05)   (0.013322902 -1.0271922 -0.001276416)        
zuofuyi                   (-12.253931 -1.8003602 -0.97647343)           (0.0021705982 0.021602424 0.21966514)         (-12.251761 -1.7787578 -0.75680829)           (-0.043460193 -0.0063852163 -0.0034631926)    (7.6983145e-06 7.6615864e-05 0.00077907157)   (-0.043452495 -0.0063086004 -0.002684121)    
zuoweiduo                 (2.6973408 20.11984 12.276503)                (0.01388862 0.071078658 0.024069097)          (2.7112294 20.190919 12.300572)               (0.0095664771 0.071357682 0.043540248)        (4.9257833e-05 0.00025208989 8.5364246e-05)   (0.009615735 0.071609772 0.043625613)        
------------------------- --------------------------------------------- --------------------------------------------- --------------------------------------------- --------------------------------------------- --------------------------------------------- ---------------------------------------------
Net                       (12.810283 66.599442 19.150712)               (0.1133869 1.6041096 -0.17076518)             (12.92367 68.203552 18.979947)                (0.045433368 0.23620376 0.067920543)          (0.00040214167 0.0056891874 -0.00060564136)   (0.04583551 0.24189295 0.067314901)          

Moments - Moment Center (0 0 0.05) Moment Axis (0 1 0)
                          Moments [N m]                                   Coefficients                                   
Zone                      Pressure        Viscous         Total           Pressure        Viscous         Total          
jidi                      -22.877353      0.00043680402   -22.876916      -0.081137569    1.5491834e-06   -0.081136019   
jishen                    -232.82495      -0.090957379    -232.91591      -0.82574459     -0.00032259241  -0.82606719    
jitou                     531.72805       -0.11102349     531.61703       1.8858441       -0.00039375954  1.8854503      
liangan                   645.51203       0.12153532      645.63356       2.2893941       0.00043104114   2.2898251      
waiyi                     -52.218885      0.55211446      -51.666771      -0.1852012      0.0019581472    -0.18324306    
weiyi                     -586.90707      0.62243246      -586.28464      -2.0815438      0.0022075393    -2.0793363     
xiaoyi                    55.873496       0.041076547     55.914572       0.19816277      0.00014568342   0.19830845     
youfuyi                   -1.8367512      0.021558795     -1.8151924      -0.006514282    7.6461127e-05   -0.0064378209  
youweiduo                 1.7587092       0.051589648     1.8102989       0.0062374957    0.00018296953   0.0064204653   
zhongyangyi               -289.92731      0.3026653       -289.62464      -1.0282657      0.0010734427    -1.0271922     
zuofuyi                   -1.8003602      0.021602424     -1.7787578      -0.0063852163   7.6615864e-05   -0.0063086004  
zuoweiduo                 20.11984        0.071078658     20.190919       0.071357682     0.00025208989   0.071609772    
------------------------- --------------- --------------- --------------- --------------- --------------- ---------------
Net                       66.599442       1.6041096       68.203552       0.23620376      0.0056891874    0.24189295     
