                                    "Force Report"

Forces
                          Forces [N]                                                                                                                                Coefficients                                                                                                                             
Zone                      Pressure                                      Viscous                                       Total                                         Pressure                                      Viscous                                       Total                                        
jidi                      (1145.6035 1.8396473e-07 0.00043565229)       (-2.2740868e-09 -0.0035207415 0.00097193216)  (1145.6035 -0.0035205576 0.0014075845)        (1.4817888 2.3795046e-10 5.6349747e-07)       (-2.9414333e-12 -4.5539275e-06 1.2571524e-06) (1.4817888 -4.5536895e-06 1.8206498e-06)     
jishen                    (9088.8342 1.2399006 -12506.335)              (1.1809764 -0.18545122 -0.027489904)          (9090.0151 1.0544494 -12506.362)              (11.756015 0.001603758 -16.176405)            (0.0015275421 -0.00023987316 -3.5557006e-05)  (11.757543 0.0013638849 -16.176441)          
jitou                     (-11259.623 -19.506661 17.358894)             (1.1171206 -0.25194158 0.19581824)            (-11258.505 -19.758602 17.554712)             (-14.563837 -0.025231025 0.022452981)         (0.0014449473 -0.00032587557 0.00025328246)   (-14.562392 -0.0255569 0.022706264)          
liangan                   (-81.055411 -3.8729455 -3071.6765)            (1.1236309 -0.21581259 0.098231605)           (-79.93178 -4.0887581 -3071.5782)             (-0.10484168 -0.0050094881 -3.9730811)        (0.0014533681 -0.00027914429 0.00012705835)   (-0.10338831 -0.0052886324 -3.9729541)       
waiyi                     (-177.79546 -0.027079167 1917.5451)           (3.9736729 -0.7865832 0.74208629)             (-173.82179 -0.81366236 1918.2872)            (-0.22997077 -3.5025736e-05 2.4802619)        (0.0051397747 -0.0010174115 0.00095985664)    (-0.224831 -0.0010524372 2.4812218)          
weiyi                     (41.609175 -29.01184 561.75679)               (1.3564252 -0.28928119 0.041170241)           (42.9656 -29.301121 561.79796)                (0.053819675 -0.037525565 0.72660821)         (0.0017544776 -0.00037417275 5.3251932e-05)   (0.055574152 -0.037899737 0.72666146)        
xiaoyi                    (152.68612 -1.9655844 -369.43687)             (0.34126723 -0.068730689 0.033862377)         (153.02738 -2.0343151 -369.40301)             (0.19749291 -0.0025423987 -0.47785067)        (0.00044141445 -8.8900185e-05 4.3799526e-05)  (0.19793433 -0.0026312989 -0.47780687)       
youfuyi                   (-0.53321038 -0.77537331 17.779198)           (0.14477562 -0.068930141 0.032543149)         (-0.38843476 -0.84430345 17.811742)           (-0.00068968465 -0.001002912 0.022996627)     (0.00018726103 -8.9158166e-05 4.2093161e-05)  (-0.00050242362 -0.0010920701 0.02303872)    
youweiduo                 (-0.87409057 -0.031248198 -0.0038314811)      (0.1471283 -0.049853637 0.022640278)          (-0.72696226 -0.081101835 0.018808797)        (-0.0011305985 -4.0418198e-05 -4.9558557e-06) (0.00019030412 -6.4483532e-05 2.9284224e-05)  (-0.00094029436 -0.00010490173 2.4328368e-05)
zhongyangyi               (1037.0456 0.013764991 14341.276)             (2.323371 -0.28650269 0.30649653)             (1039.3689 -0.2727377 14341.582)              (1.3413738 1.7804423e-05 18.549823)           (0.0030051802 -0.00037057888 0.00039644005)   (1.3443789 -0.00035277446 18.550219)         
zuofuyi                   (9.1311928 1.3496522 31.345091)               (0.13745185 -0.084279941 0.023236912)         (9.2686447 1.2653723 31.368328)               (0.011810804 0.001745717 0.040543524)         (0.00017778805 -0.00010901247 3.0055944e-05)  (0.011988592 0.0016367045 0.04057358)        
zuoweiduo                 (-0.91296287 -1.1188903 1.9852701)            (0.14107104 -0.035293794 -0.011738501)        (-0.77189183 -1.1541841 1.9735316)            (-0.0011808781 -0.0014472364 0.0025678614)    (0.00018246931 -4.5651002e-05 -1.5183245e-05) (-0.00099840882 -0.0014928874 0.0025526781)  
------------------------- --------------------------------------------- --------------------------------------------- --------------------------------------------- --------------------------------------------- --------------------------------------------- ---------------------------------------------
Net                       (-45.884025 -53.706303 941.59472)             (11.986891 -2.3261814 1.4578292)              (-33.897134 -56.032485 943.05255)             (-0.05934901 -0.069466789 1.2179122)          (0.015504527 -0.0030088154 0.0018856392)      (-0.043844482 -0.072475604 1.2197978)        

Forces - Direction Vector (0.97278921 -0.20791169 0.10224427)
                          Forces [N]                                      Coefficients                                   
Zone                      Pressure        Viscous         Total           Pressure        Viscous         Total          
jidi                      1114.4308       0.00083137561   1114.4316       1.4414682       1.0753485e-06   1.4414692      
jishen                    7562.561        1.1845879       7563.7455       9.7818467       0.0015322134    9.7833789      
jitou                     -10947.409      1.1591257       -10946.25       -14.160002      0.0014992792    -14.158502     
liangan                   -392.1059       1.1479695       -390.95793      -0.50717209     0.0014848491    -0.50568724    
waiyi                     23.10611        4.10496         27.21107        0.029886757     0.0053095889    0.035196346    
weiyi                     103.94527       1.3838702       105.32914       0.13444873      0.0017899765    0.1362387      
xiaoyi                    111.16727       0.34973322      111.51701       0.14379008      0.00045236485   0.14424244     
youfuyi                   1.460329        0.1584949       1.6188239       0.0018888726    0.00020500632   0.0020938789   
youweiduo                 -0.84420075     0.15580482      -0.68839593     -0.0010919373   0.00020152682   -0.00089041047 
zhongyangyi               2475.1371       2.351055        2477.4882       3.2014832       0.0030409883    3.2045242      
zuofuyi                   11.806973       0.1536103       11.960583       0.015271811     0.00019868831   0.015470499    
zuoweiduo                 -0.45250756     0.14337018      -0.30913738     -0.00058529903  0.00018544315   -0.00039985588 
------------------------- --------------- --------------- --------------- --------------- --------------- ---------------
Net                       62.803345       12.293413       75.096758       0.08123342      0.015901        0.09713442     
                                    "Force Report"

Forces
                          Forces [N]                                                                                                                                Coefficients                                                                                                                             
Zone                      Pressure                                      Viscous                                       Total                                         Pressure                                      Viscous                                       Total                                        
jidi                      (1145.5856 -8.8551564e-08 0.00043560131)      (1.8355537e-09 -0.0019465022 0.0014781366)    (1145.5856 -0.0019465908 0.001913738)         (1.4817656 -1.1453763e-10 5.6343153e-07)      (2.3742097e-12 -2.5177167e-06 1.911906e-06)   (1.4817656 -2.5178313e-06 2.4753376e-06)     
jishen                    (9088.9933 0.77844933 -12505.984)             (1.1696464 -0.20607086 -0.025780494)          (9090.163 0.57237847 -12506.01)               (11.756221 0.0010068907 -16.175951)           (0.0015128872 -0.00026654378 -3.3345958e-05)  (11.757734 0.00074034689 -16.175984)         
jitou                     (-11259.549 -19.502205 17.287033)             (1.1169345 -0.25213467 0.19492466)            (-11258.432 -19.754339 17.481957)             (-14.563742 -0.025225261 0.022360032)         (0.0014447067 -0.00032612533 0.00025212665)   (-14.562297 -0.025551387 0.022612159)        
liangan                   (-81.049384 -3.9790003 -3071.531)             (1.1411374 -0.2236434 0.097259469)            (-79.908247 -4.2026437 -3071.4338)            (-0.10483389 -0.0051466654 -3.972893)         (0.0014760121 -0.0002892731 0.00012580093)    (-0.10335787 -0.0054359385 -3.9727672)       
waiyi                     (-177.75242 -0.036725795 1919.7433)           (3.9390532 -0.78159352 0.72854732)            (-173.81336 -0.81831932 1920.4718)            (-0.22991509 -4.7503233e-05 2.4831052)        (0.0050949955 -0.0010109575 0.00094234456)    (-0.2248201 -0.0010584608 2.4840476)         
weiyi                     (41.517955 -29.063481 562.8187)               (1.3639487 -0.29115818 0.043148481)           (42.881903 -29.354639 562.86185)              (0.053701685 -0.03759236 0.72798174)          (0.0017642088 -0.00037660056 5.5810701e-05)   (0.055465894 -0.037968961 0.72803755)        
xiaoyi                    (152.67732 -1.9710058 -369.40844)             (0.3399644 -0.068620056 0.034259495)          (153.01728 -2.0396259 -369.37418)             (0.19748153 -0.0025494111 -0.4778139)         (0.0004397293 -8.8757085e-05 4.4313181e-05)   (0.19792126 -0.0026381681 -0.47776959)       
youfuyi                   (-0.57416676 -0.80326799 18.029429)           (0.14578576 -0.074704833 0.032783593)         (-0.428381 -0.87797283 18.062212)             (-0.00074265997 -0.0010389925 0.023320289)    (0.0001885676 -9.6627482e-05 4.2404164e-05)   (-0.00055409236 -0.00113562 0.023362693)     
youweiduo                 (-0.87709829 -0.02607314 0.0051807068)        (0.14854369 -0.050037932 0.02280668)          (-0.7285546 -0.076111071 0.027987387)         (-0.0011344888 -3.3724482e-05 6.7010211e-06)  (0.00019213486 -6.4721908e-05 2.9499458e-05)  (-0.00094235398 -9.8446391e-05 3.6200479e-05)
zhongyangyi               (1036.8187 0.0087523603 14337.361)            (2.28502 -0.28737384 0.30168854)              (1039.1037 -0.27862148 14337.663)             (1.3410803 1.1320801e-05 18.544759)           (0.0029555748 -0.00037170567 0.00039022113)   (1.3440358 -0.00036038487 18.545149)         
zuofuyi                   (9.2714076 1.390273 31.778023)                (0.13599949 -0.087297857 0.024964812)         (9.4074071 1.3029752 31.802988)               (0.011992166 0.0017982582 0.041103503)        (0.00017590948 -0.00011291602 3.2290908e-05)  (0.012168076 0.0016853422 0.041135794)       
zuoweiduo                 (-0.90623447 -1.1357924 2.0131379)            (0.1405565 -0.03576594 -0.011690593)          (-0.76567797 -1.1715584 2.0014473)            (-0.0011721752 -0.0014690986 0.0026039071)    (0.00018180378 -4.6261702e-05 -1.5121278e-05) (-0.00099037145 -0.0015153603 0.0025887858)  
------------------------- --------------------------------------------- --------------------------------------------- --------------------------------------------- --------------------------------------------- --------------------------------------------- ---------------------------------------------
Net                       (-45.844126 -54.340076 942.11347)             (11.92659 -2.3603476 1.4443901)               (-33.917536 -56.700424 943.55786)             (-0.059297401 -0.070286547 1.2185832)         (0.01542653 -0.0030530079 0.0018682563)       (-0.043870871 -0.073339555 1.2204514)        

Forces - Direction Vector (0.97278921 -0.20791169 0.10224427)
                          Forces [N]                                      Coefficients                                   
Zone                      Pressure        Viscous         Total           Pressure        Viscous         Total          
jidi                      1114.4133       0.00055583335   1114.4139       1.4414456       7.1894648e-07   1.4414464      
jishen                    7562.8476       1.178028        7564.0257       9.7822175       0.0015237284    9.7837412      
jitou                     -10947.346      1.1588935       -10946.187      -14.15992       0.0014989788    -14.158421     
liangan                   -392.06312      1.1665284       -390.89659      -0.50711675     0.0015088543    -0.5056079     
waiyi                     23.374748       4.0688606       27.443608       0.030234229     0.0052628959    0.035497125    
weiyi                     103.97584       1.3917814       105.36762       0.13448827      0.0018002093    0.13628848     
xiaoyi                    111.16275       0.34848345      111.51123       0.14378423      0.00045074833   0.14423497     
youfuyi                   1.4518713       0.16070276      1.612574        0.0018779329    0.0002078621    0.002085795    
youweiduo                 -0.84728114     0.15723702      -0.69004412     -0.0010959216   0.00020337931   -0.00089254233 
zhongyangyi               2474.5172       2.3134371       2476.8306       3.2006814       0.0029923311    3.2036737      
zuofuyi                   11.979192       0.15300159      12.132193       0.015494568     0.00019790096   0.015692469    
zuoweiduo                 -0.43959878     0.14297271      -0.29662607     -0.00056860208  0.00018492904   -0.00038367304 
------------------------- --------------- --------------- --------------- --------------- --------------- ---------------
Net                       63.026966       12.240482       75.267449       0.081522665     0.015832537     0.097355201    
