                                    "Force Report"

Forces
                          Forces [N]                                                                                                                                Coefficients                                                                                                                             
Zone                      Pressure                                      Viscous                                       Total                                         Pressure                                      Viscous                                       Total                                        
jidi                      (1145.3153 -7.3140002e-08 0.00043550546)      (5.1779545e-09 -0.0022116684 1.3094696e-05)   (1145.3153 -0.0022117415 0.00044860015)       (1.481416 -9.4603441e-11 5.6330754e-07)       (6.6974611e-12 -2.8606977e-06 1.6937425e-08)  (1.481416 -2.8607923e-06 5.8024497e-07)      
jishen                    (9086.9745 2.0107571 -12500.62)               (1.1627138 -0.11231072 0.00098736151)         (9088.1372 1.8984463 -12500.619)              (11.75361 0.0026008276 -16.169013)            (0.0015039202 -0.00014526908 1.2771096e-06)   (11.755114 0.0024555585 -16.169012)          
jitou                     (-11257.125 -13.053268 17.986343)             (1.135285 -0.1672345 0.19870669)              (-11255.99 -13.220503 18.18505)               (-14.560607 -0.01688384 0.02326456)           (0.0014684423 -0.00021631062 0.00025701854)   (-14.559138 -0.017100151 0.023521579)        
liangan                   (-81.056789 -2.5373706 -3070.1444)            (1.1332038 -0.14254075 0.11882507)            (-79.923585 -2.6799113 -3070.0255)            (-0.10484346 -0.0032819795 -3.9710994)        (0.0014657502 -0.00018437032 0.00015369511)   (-0.10337771 -0.0034663498 -3.9709457)       
waiyi                     (-178.30117 0.13518479 1929.1799)             (4.0387493 -0.52926933 0.75716843)            (-174.26242 -0.39408454 1929.937)             (-0.23062488 0.0001748557 2.495311)           (0.0052239482 -0.00068458707 0.00097936474)   (-0.22540093 -0.00050973137 2.4962904)       
weiyi                     (43.737038 -20.594295 563.51351)              (1.4019278 -0.19525244 0.043537738)           (45.138966 -20.789548 563.55704)              (0.056571974 -0.026637833 0.72888044)         (0.0018133332 -0.00025255061 5.6314188e-05)   (0.058385307 -0.026890384 0.72893675)        
xiaoyi                    (152.94613 -1.2410336 -368.8057)              (0.34476406 -0.046655397 0.040241171)         (153.29089 -1.287689 -368.76546)              (0.19782922 -0.0016052235 -0.47703428)        (0.00044593745 -6.0346746e-05 5.205022e-05)   (0.19827516 -0.0016655702 -0.47698223)       
youfuyi                   (-0.5468236 -0.81729258 18.43391)             (0.145911 -0.047301208 0.034055419)           (-0.4009126 -0.86459379 18.467965)            (-0.00070729276 -0.0010571327 0.023843468)    (0.00018872959 -6.1182074e-05 4.4049217e-05)  (-0.00051856317 -0.0011183148 0.023887517)   
youweiduo                 (-0.89194194 0.18278913 0.36570182)           (0.14921141 -0.033861557 0.015775642)         (-0.74273053 0.14892757 0.38147746)           (-0.0011536885 0.00023642986 0.00047301954)   (0.00019299853 -4.3798465e-05 2.0405113e-05)  (-0.00096068993 0.0001926314 0.00049342465)  
zhongyangyi               (1034.7595 0.026795766 14342.291)             (2.3558253 -0.19749043 0.3247008)             (1037.1154 -0.17069466 14342.616)             (1.3384169 3.4659169e-05 18.551136)           (0.0030471585 -0.00025544536 0.00041998649)   (1.341464 -0.00022078619 18.551556)          
zuofuyi                   (9.5348189 1.417504 32.54126)                 (0.13861202 -0.054349066 0.023508287)         (9.6734309 1.3631549 32.564768)               (0.012332877 0.0018334804 0.042090717)        (0.00017928868 -7.0298175e-05 3.0406956e-05)  (0.012512166 0.0017631822 0.042121124)       
zuoweiduo                 (-0.92618694 -1.0157213 1.7986972)            (0.1453023 -0.022218971 -0.0068165692)        (-0.78088464 -1.0379403 1.7918806)            (-0.0011979829 -0.0013137918 0.0023265373)    (0.00018794227 -2.8739282e-05 -8.8169385e-06) (-0.0010100406 -0.0013425311 0.0023177203)   
------------------------- --------------------------------------------- --------------------------------------------- --------------------------------------------- --------------------------------------------- --------------------------------------------- ---------------------------------------------
Net                       (-45.580926 -35.485951 966.54097)             (12.151506 -1.550696 1.5507031)               (-33.42942 -37.036647 968.09167)              (-0.058956963 -0.045899548 1.2501791)         (0.015717449 -0.0020057585 0.0020057677)      (-0.043239514 -0.047905307 1.2521849)        

Forces - Direction Vector (0.98484328 -0.1391731 0.1035112)
                          Forces [N]                                      Coefficients                                   
Zone                      Pressure        Viscous         Total           Pressure        Viscous         Total          
jidi                      1127.9561       0.00030916529   1127.9565       1.4589627       3.9989198e-07   1.4589631      
jishen                    7655.0117       1.1608237       7656.1725       9.9014278       0.0015014755    9.9029293      
jitou                     -11082.826      1.1619207       -11081.664      -14.335158      0.0015028944    -14.333655     
liangan                   -397.26942      1.1481657       -396.12126      -0.51385088     0.0014851028    -0.51236578    
waiyi                     24.074197       4.1295706       28.203768       0.031138937     0.0053414216    0.036480358    
weiyi                     104.27026       1.4123597       105.68262       0.13486909      0.0018268264    0.13669591     
xiaoyi                    112.62516       0.35019715      112.97536       0.1456758       0.00045296493   0.14612876     
youfuyi                   1.4833257       0.15380764      1.6371333       0.0019186179    0.00019894355   0.0021175614   
youweiduo                 -0.86600812     0.15329543      -0.71271269     -0.0011201442   0.00019828103   -0.00092186315 
zhongyangyi               2503.66         2.3812143       2506.0412       3.2383764       0.003079998     3.2414564      
zuofuyi                   12.561409       0.14650842      12.707917       0.016247641     0.00018950232   0.016437143    
zuoweiduo                 -0.5846026      0.14548669      -0.43911591     -0.00075615827  0.00018818076   -0.0005679775  
------------------------- --------------- --------------- --------------- --------------- --------------- ---------------
Net                       60.096436       12.343659       72.440095       0.07773215      0.015965991     0.093698141    
