                                    "Force Report"

Forces
                          Forces [N]                                                                                                                                Coefficients                                                                                                                             
Zone                      Pressure                                      Viscous                                       Total                                         Pressure                                      Viscous                                       Total                                        
jidi                      (1144.1708 9.04235e-07 0.00043511154)         (1.5184673e-09 -0.0037865594 -0.0016007834)   (1144.1708 -0.0037856551 -0.0011656718)       (1.4799356 1.169589e-09 5.6279802e-07)        (1.964072e-12 -4.8977514e-06 -2.0705443e-06)  (1.4799356 -4.8965818e-06 -1.5077463e-06)    
jishen                    (9079.663 2.6587429 -12511.49)                (1.2910175 -0.14945791 -0.12808441)           (9080.954 2.509285 -12511.618)                (11.744153 0.0034389693 -16.183073)           (0.0016698755 -0.00019331736 -0.00016567167)  (11.745823 0.003245652 -16.183239)           
jitou                     (-11243.141 -19.968832 -13.211458)            (1.1454123 -0.25066123 -0.11646483)           (-11241.995 -20.219493 -13.327923)            (-14.542518 -0.025828824 -0.017088452)        (0.0014815415 -0.0003242195 -0.00015064224)   (-14.541037 -0.026153043 -0.017239094)       
liangan                   (-81.148849 -3.6195186 -3085.2227)            (1.2706092 -0.21824218 -0.1166742)            (-79.87824 -3.8377607 -3085.3394)             (-0.10496254 -0.0046816913 -3.9906027)        (0.0016434783 -0.00028228686 -0.00015091306)  (-0.10331906 -0.0049639781 -3.9907536)       
waiyi                     (-128.09512 0.85460689 1465.457)              (3.5897756 -0.81351995 -0.099847869)          (-124.50534 0.041086937 1465.3571)            (-0.16568552 0.0011053972 1.8955054)          (0.0046432201 -0.001052253 -0.00012914892)    (-0.1610423 5.3144182e-05 1.8953763)         
weiyi                     (39.12866 -29.799823 484.21159)               (1.3710693 -0.29410424 -0.12060431)           (40.499729 -30.093927 484.09098)              (0.050611236 -0.038544787 0.62630682)         (0.0017734191 -0.00038041116 -0.00015599648)  (0.052384655 -0.038925198 0.62615083)        
xiaoyi                    (150.77931 -1.2499307 -373.93328)             (0.31405979 -0.062919897 -0.040065004)        (151.09337 -1.3128506 -373.97334)             (0.19502654 -0.0016167316 -0.48366658)        (0.00040622281 -8.1384175e-05 -5.1822356e-05) (0.19543276 -0.0016981157 -0.4837184)        
youfuyi                   (-0.8606548 -0.24125767 8.5717712)            (0.17335607 -0.070033844 -0.0064321435)       (-0.68729873 -0.31129151 8.5653391)           (-0.0011132199 -0.0003120564 0.011087217)     (0.0002242286 -9.0585759e-05 -8.3197004e-06)  (-0.0008889913 -0.00040264216 0.011078897)   
youweiduo                 (-1.0995639 -1.2001475 -2.0753261)            (0.14545358 -0.040242492 0.0040542324)        (-0.95411034 -1.24039 -2.0712718)             (-0.0014222385 -0.0015523391 -0.0026843448)   (0.00018813793 -5.2051929e-05 5.2439749e-06)  (-0.0012341006 -0.001604391 -0.0026791009)   
zhongyangyi               (1055.7006 -0.041835211 14054.563)            (2.1106343 -0.38821665 -0.10110041)           (1057.8112 -0.43005186 14054.462)             (1.3655032 -5.4112043e-05 18.178971)          (0.0027300145 -0.00050214151 -0.00013076903)  (1.3682333 -0.00055625355 18.17884)          
zuofuyi                   (9.7032487 1.2812081 27.341076)               (0.12001961 -0.071754994 0.028628408)         (9.8232683 1.2094531 27.369705)               (0.012550734 0.0016571875 0.035364504)        (0.00015524019 -9.2811993e-05 3.7029613e-05)  (0.012705974 0.0015643755 0.035401534)       
zuoweiduo                 (-0.95186599 0.0093924229 0.098263284)        (0.15263501 -0.046087349 -0.031466589)        (-0.79923098 -0.036694926 0.066796694)        (-0.0012311976 1.2148694e-05 0.00012709932)   (0.00019742681 -5.9612e-05 -4.0700677e-05)    (-0.0010337708 -4.7463305e-05 8.6398646e-05) 
------------------------- --------------------------------------------- --------------------------------------------- --------------------------------------------- --------------------------------------------- --------------------------------------------- ---------------------------------------------
Net                       (23.848661 -51.317394 54.310182)              (11.684042 -2.4090273 -0.72965792)            (35.532704 -53.726421 53.580524)              (0.030847216 -0.066376837 0.07024788)         (0.015112805 -0.003115973 -0.00094378108)     (0.045960021 -0.06949281 0.069304099)        

Forces - Direction Vector (0.97278921 -0.20791169 -0.10224427)
                          Forces [N]                                      Coefficients                                   
Zone                      Pressure        Viscous         Total           Pressure        Viscous         Total          
jidi                      1113.0369       0.00095094235   1113.0379       1.4396653       1.230003e-06    1.4396666      
jishen                    10111.273       1.3000578       10112.573       13.078496       0.0016815687    13.080178      
jitou                     -10931.704      1.178268        -10930.525      -14.139687      0.0015240389    -14.138163     
liangan                   237.25815       1.2933393       238.55149       0.30688319      0.0016728786    0.30855607     
waiyi                     -274.6218       3.6714442       -270.95036      -0.35521147     0.0047488548    -0.35046261    
weiyi                     -5.2481887      1.4072402       -3.8409484      -0.0067883059   0.0018202046    -0.0049681013  
xiaoyi                    185.16889       0.32269218      185.49159       0.23950798      0.00041738842   0.23992537     
youfuyi                   -1.6634899      0.18385742      -1.4796325      -0.0021516525   0.00023781164   -0.0019138408  
youweiduo                 -0.60792902     0.14944803      -0.45848099     -0.00078632999  0.00019330459   -0.0005930254  
zhongyangyi               -410.01559      2.1442539       -407.87134      -0.5303375      0.0027735001    -0.527564      
zuofuyi                   6.3773692       0.12874539      6.5061145       0.0082488522    0.00016652661   0.0084153788   
zuoweiduo                 -0.93796462     0.16128107      -0.77668355     -0.0012132168   0.00020861011   -0.0010046067  
------------------------- --------------- --------------- --------------- --------------- --------------- ---------------
Net                       28.316302       11.941578       40.25788        0.036625916     0.015445917     0.052071833    
                                    "Force Report"

Forces
                          Forces [N]                                                                                                                                Coefficients                                                                                                                             
Zone                      Pressure                                      Viscous                                       Total                                         Pressure                                      Viscous                                       Total                                        
jidi                      (1144.1708 9.04235e-07 0.00043511154)         (1.5184673e-09 -0.0037865594 -0.0016007834)   (1144.1708 -0.0037856551 -0.0011656718)       (1.4799356 1.169589e-09 5.6279802e-07)        (1.964072e-12 -4.8977514e-06 -2.0705443e-06)  (1.4799356 -4.8965818e-06 -1.5077463e-06)    
jishen                    (9079.663 2.6587429 -12511.49)                (1.2910175 -0.14945791 -0.12808441)           (9080.954 2.509285 -12511.618)                (11.744153 0.0034389693 -16.183073)           (0.0016698755 -0.00019331736 -0.00016567167)  (11.745823 0.003245652 -16.183239)           
jitou                     (-11243.141 -19.968832 -13.211458)            (1.1454123 -0.25066123 -0.11646483)           (-11241.995 -20.219493 -13.327923)            (-14.542518 -0.025828824 -0.017088452)        (0.0014815415 -0.0003242195 -0.00015064224)   (-14.541037 -0.026153043 -0.017239094)       
liangan                   (-81.148849 -3.6195186 -3085.2227)            (1.2706092 -0.21824218 -0.1166742)            (-79.87824 -3.8377607 -3085.3394)             (-0.10496254 -0.0046816913 -3.9906027)        (0.0016434783 -0.00028228686 -0.00015091306)  (-0.10331906 -0.0049639781 -3.9907536)       
waiyi                     (-128.09512 0.85460689 1465.457)              (3.5897756 -0.81351995 -0.099847869)          (-124.50534 0.041086937 1465.3571)            (-0.16568552 0.0011053972 1.8955054)          (0.0046432201 -0.001052253 -0.00012914892)    (-0.1610423 5.3144182e-05 1.8953763)         
weiyi                     (39.12866 -29.799823 484.21159)               (1.3710693 -0.29410424 -0.12060431)           (40.499729 -30.093927 484.09098)              (0.050611236 -0.038544787 0.62630682)         (0.0017734191 -0.00038041116 -0.00015599648)  (0.052384655 -0.038925198 0.62615083)        
xiaoyi                    (150.77931 -1.2499307 -373.93328)             (0.31405979 -0.062919897 -0.040065004)        (151.09337 -1.3128506 -373.97334)             (0.19502654 -0.0016167316 -0.48366658)        (0.00040622281 -8.1384175e-05 -5.1822356e-05) (0.19543276 -0.0016981157 -0.4837184)        
youfuyi                   (-0.8606548 -0.24125767 8.5717712)            (0.17335607 -0.070033844 -0.0064321435)       (-0.68729873 -0.31129151 8.5653391)           (-0.0011132199 -0.0003120564 0.011087217)     (0.0002242286 -9.0585759e-05 -8.3197004e-06)  (-0.0008889913 -0.00040264216 0.011078897)   
youweiduo                 (-1.0995639 -1.2001475 -2.0753261)            (0.14545358 -0.040242492 0.0040542324)        (-0.95411034 -1.24039 -2.0712718)             (-0.0014222385 -0.0015523391 -0.0026843448)   (0.00018813793 -5.2051929e-05 5.2439749e-06)  (-0.0012341006 -0.001604391 -0.0026791009)   
zhongyangyi               (1055.7006 -0.041835211 14054.563)            (2.1106343 -0.38821665 -0.10110041)           (1057.8112 -0.43005186 14054.462)             (1.3655032 -5.4112043e-05 18.178971)          (0.0027300145 -0.00050214151 -0.00013076903)  (1.3682333 -0.00055625355 18.17884)          
zuofuyi                   (9.7032487 1.2812081 27.341076)               (0.12001961 -0.071754994 0.028628408)         (9.8232683 1.2094531 27.369705)               (0.012550734 0.0016571875 0.035364504)        (0.00015524019 -9.2811993e-05 3.7029613e-05)  (0.012705974 0.0015643755 0.035401534)       
zuoweiduo                 (-0.95186599 0.0093924229 0.098263284)        (0.15263501 -0.046087349 -0.031466589)        (-0.79923098 -0.036694926 0.066796694)        (-0.0012311976 1.2148694e-05 0.00012709932)   (0.00019742681 -5.9612e-05 -4.0700677e-05)    (-0.0010337708 -4.7463305e-05 8.6398646e-05) 
------------------------- --------------------------------------------- --------------------------------------------- --------------------------------------------- --------------------------------------------- --------------------------------------------- ---------------------------------------------
Net                       (23.848661 -51.317394 54.310182)              (11.684042 -2.4090273 -0.72965792)            (35.532704 -53.726421 53.580524)              (0.030847216 -0.066376837 0.07024788)         (0.015112805 -0.003115973 -0.00094378108)     (0.045960021 -0.06949281 0.069304099)        

Forces - Direction Vector (0.97278921 -0.20791169 -0.10224427)
                          Forces [N]                                      Coefficients                                   
Zone                      Pressure        Viscous         Total           Pressure        Viscous         Total          
jidi                      1113.0369       0.00095094235   1113.0379       1.4396653       1.230003e-06    1.4396666      
jishen                    10111.273       1.3000578       10112.573       13.078496       0.0016815687    13.080178      
jitou                     -10931.704      1.178268        -10930.525      -14.139687      0.0015240389    -14.138163     
liangan                   237.25815       1.2933393       238.55149       0.30688319      0.0016728786    0.30855607     
waiyi                     -274.6218       3.6714442       -270.95036      -0.35521147     0.0047488548    -0.35046261    
weiyi                     -5.2481887      1.4072402       -3.8409484      -0.0067883059   0.0018202046    -0.0049681013  
xiaoyi                    185.16889       0.32269218      185.49159       0.23950798      0.00041738842   0.23992537     
youfuyi                   -1.6634899      0.18385742      -1.4796325      -0.0021516525   0.00023781164   -0.0019138408  
youweiduo                 -0.60792902     0.14944803      -0.45848099     -0.00078632999  0.00019330459   -0.0005930254  
zhongyangyi               -410.01559      2.1442539       -407.87134      -0.5303375      0.0027735001    -0.527564      
zuofuyi                   6.3773692       0.12874539      6.5061145       0.0082488522    0.00016652661   0.0084153788   
zuoweiduo                 -0.93796462     0.16128107      -0.77668355     -0.0012132168   0.00020861011   -0.0010046067  
------------------------- --------------- --------------- --------------- --------------- --------------- ---------------
Net                       28.316302       11.941578       40.25788        0.036625916     0.015445917     0.052071833    
