                                    "Force Report"

Forces
                          Forces [N]                                                                                                                                Coefficients                                                                                                                             
Zone                      Pressure                                      Viscous                                       Total                                         Pressure                                      Viscous                                       Total                                        
jidi                      (1143.5949 -7.8891244e-08 0.0004348769)       (2.9084072e-09 -0.001573896 -0.00097870647)   (1143.5949 -0.0015739749 -0.00054382957)      (1.4791907 -1.0204242e-10 5.6249453e-07)      (3.7618994e-12 -2.0357666e-06 -1.2659146e-06) (1.4791907 -2.0358686e-06 -7.0342011e-07)    
jishen                    (9077.7873 2.4958332 -12499.966)              (1.2033943 -0.051030506 -0.072921955)         (9078.9906 2.4448027 -12500.039)              (11.741727 0.0032282526 -16.168168)           (0.0015565386 -6.600576e-05 -9.4321406e-05)   (11.743283 0.0031622469 -16.168262)          
jitou                     (-11241.629 -6.7153672 -7.8397526)            (1.1729298 -0.083417754 -0.064400022)         (-11240.456 -6.798785 -7.9041527)             (-14.540563 -0.0086860381 -0.010140382)       (0.0015171341 -0.00010789727 -8.3298653e-05)  (-14.539046 -0.0087939354 -0.010223681)      
liangan                   (-81.123046 -1.8031396 -3079.9579)            (1.157688 -0.081945275 -0.059617312)          (-79.965358 -1.8850848 -3080.0175)            (-0.10492916 -0.0023322833 -3.9837928)        (0.0014974195 -0.00010599268 -7.7112424e-05)  (-0.10343175 -0.002438276 -3.98387)          
waiyi                     (-124.6357 1.1605984 1553.9287)               (3.8827591 -0.25752952 0.034970521)           (-120.75295 0.90306884 1553.9636)             (-0.16121091 0.001501184 2.0099398)           (0.0050221816 -0.00033310333 4.5232862e-05)   (-0.15618873 0.0011680806 2.009985)          
weiyi                     (44.41777 -10.999147 495.52936)               (1.554166 -0.11746939 -0.11706835)            (45.971936 -11.116616 495.41229)              (0.057452471 -0.014226923 0.64094587)         (0.0020102468 -0.00015194159 -0.00015142287)  (0.059462718 -0.014378864 0.64079445)        
xiaoyi                    (151.02669 -0.35612016 -372.37502)            (0.30727745 -0.020180312 -0.022086115)        (151.33397 -0.37630047 -372.39711)            (0.19534651 -0.00046062608 -0.48165105)       (0.00039745015 -2.6102364e-05 -2.8567438e-05) (0.19574396 -0.00048672845 -0.48167962)      
youfuyi                   (-0.86490823 -0.34825136 10.496404)           (0.18639573 -0.023728015 0.0010175336)        (-0.67851251 -0.37197937 10.497422)           (-0.0011187215 -0.00045044812 0.013576647)    (0.00024109484 -3.0691165e-05 1.3161358e-06)  (-0.00087762669 -0.00048113929 0.013577963)  
youweiduo                 (-1.0358319 -0.64147729 -1.048691)            (0.15534356 -0.014918582 -0.0032987659)       (-0.88048835 -0.65639587 -1.0519898)          (-0.0013398039 -0.00082972323 -0.0013564367)  (0.0002009302 -1.9296542e-05 -4.2668116e-06)  (-0.0011388737 -0.00084901978 -0.0013607035) 
zhongyangyi               (1057.4889 -0.016539552 14108.959)            (2.3492333 -0.1365051 -0.047903022)           (1059.8381 -0.15304465 14108.911)             (1.3678163 -2.1393197e-05 18.24933)           (0.003038632 -0.00017656346 -6.1960495e-05)   (1.3708549 -0.00019795666 18.249268)         
zuofuyi                   (10.401446 1.3375378 29.961462)               (0.13712276 -0.022797713 0.026160656)         (10.538569 1.3147401 29.987623)               (0.013453823 0.0017300475 0.03875386)         (0.00017736238 -2.948786e-05 3.3837681e-05)   (0.013631185 0.0017005596 0.038787698)       
zuoweiduo                 (-0.99391507 0.1795583 -0.22730802)           (0.15567398 -0.020209751 -0.019044503)        (-0.83824109 0.15934855 -0.24635253)          (-0.0012855863 0.00023225093 -0.00029401313)  (0.00020135758 -2.6140442e-05 -2.4633245e-05) (-0.0010842287 0.00020611049 -0.00031864638) 
------------------------- --------------------------------------------- --------------------------------------------- --------------------------------------------- --------------------------------------------- --------------------------------------------- ---------------------------------------------
Net                       (34.43444 -15.706515 237.46009)               (12.261984 -0.83130581 -0.34517004)           (46.696424 -16.53782 237.11492)               (0.044539464 -0.0203157 0.3071444)            (0.015860348 -0.0010752582 -0.00044646258)    (0.060399812 -0.021390958 0.30669793)        

Forces - Direction Vector (0.99513403 -0.069756474 -0.06958655)
                          Forces [N]                                      Coefficients                                   
Zone                      Pressure        Viscous         Total           Pressure        Viscous         Total          
jidi                      1138.0301       0.00017789713   1138.0303       1.4719929       2.3010228e-07   1.4719932      
jishen                    9903.2705       1.2061727       9904.4767       12.809454       0.0015601324    12.811014      
jitou                     -11185.914      1.1775226       -11184.736      -14.468497      0.0015230748    -14.466974     
liangan                   133.72112       1.1619195       134.88304       0.17296251      0.0015028927    0.1744654      
waiyi                     -232.24273      3.8793967       -228.36333      -0.30039596     0.0050178324    -0.29537812    
weiyi                     10.486718       1.5629441       12.049662       0.013564118     0.0020216009    0.015585718    
xiaoyi                    176.22893       0.30872686      176.53766       0.22794453      0.00039932489   0.22834386     
youfuyi                   -1.5668154      0.18707311      -1.3797423      -0.0020266082   0.000241971     -0.0017846372  
youweiduo                 -0.91306959     0.15585788      -0.75721172     -0.0011810162   0.00020159545   -0.00097942073 
zhongyangyi               70.550573       2.3506575       72.901231       0.091254126     0.0030404742    0.094294601    
zuofuyi                   8.1726165       0.13622538      8.3088419       0.010570927     0.00017620166   0.010747129    
zuoweiduo                 -0.98578648     0.15765148      -0.82813501     -0.0012750723   0.00020391539   -0.0010711569  
------------------------- --------------- --------------- --------------- --------------- --------------- ---------------
Net                       18.838485       12.284326       31.122811       0.024366769     0.015889246     0.040256015    
