                                    "Force Report"

Moments - Moment Center (0 0 0.05)
                          Moments [N m]                                                                                                                             Coefficients                                                                                                                             
Zone                      Pressure                                      Viscous                                       Total                                         Pressure                                      Viscous                                       Total                                        
jidi                      (-7.8681307e-09 -22.907132 0.0035702132)      (1.4647381e-05 -0.0010320668 0.0003489942)    (1.4639513e-05 -22.908164 0.0039192074)       (-2.7905369e-11 -0.081243184 1.2662235e-05)   (5.194888e-08 -3.660362e-06 1.2377542e-06)    (5.1920974e-08 -0.081246844 1.3899989e-05)   
jishen                    (0.065763553 -229.47083 0.65296908)           (-0.0096757712 -0.064782969 -0.0010708048)    (0.056087782 -229.53561 0.65189827)           (0.00023323917 -0.81384874 0.0023158415)      (-3.4316407e-05 -0.0002297614 -3.7977512e-06) (0.00019892276 -0.8140785 0.0023120437)      
jitou                     (-0.41243353 548.57211 4.0762377)             (-0.0044830273 0.06565138 0.052444477)        (-0.41691656 548.63776 4.1286821)             (-0.0014627503 1.9455838 0.014456918)         (-1.5899651e-05 0.00023284133 0.0001860013)   (-0.0014786499 1.9458166 0.014642919)        
liangan                   (-0.37831942 647.77693 -0.91637506)           (-0.0052846994 0.1067964 0.015663642)         (-0.38360412 647.88372 -0.90071141)           (-0.00134176 2.2974268 -0.0032500457)         (-1.8742888e-05 0.00037876762 5.5553184e-05)  (-0.0013605029 2.2978056 -0.0031944926)      
waiyi                     (-50.912891 -45.862525 -5.5878989)            (-0.021822803 0.62529147 -0.089006292)        (-50.934714 -45.237234 -5.6769052)            (-0.18056932 -0.16265753 -0.019818225)        (-7.7397466e-05 0.0022176792 -0.00031567263)  (-0.18064672 -0.16043985 -0.020133897)       
weiyi                     (-5.0926898 -713.22444 -15.128568)            (0.030451362 0.37516416 -0.14843665)          (-5.0622385 -712.84928 -15.277004)            (-0.0180619 -2.5295451 -0.053655473)          (0.0001079998 0.0013305695 -0.00052645028)    (-0.0179539 -2.5282146 -0.054181923)         
xiaoyi                    (4.5209324 55.933758 0.028534236)             (0.041177524 0.037721268 -0.011256253)        (4.5621099 55.971479 0.017277982)             (0.016034087 0.19837649 0.00010120045)        (0.00014604155 0.00013378348 -3.9921797e-05)  (0.016180128 0.19851028 6.1278657e-05)       
youfuyi                   (22.181951 -3.2298878 0.46637241)             (0.042742109 0.011334986 -0.18229483)         (22.224693 -3.2185528 0.28407758)             (0.078671233 -0.011455226 0.0016540516)       (0.00015159056 4.0201033e-05 -0.00064653281)  (0.078822824 -0.011415025 0.0010075188)      
youweiduo                 (0.075431958 -1.2481256 0.86642933)           (0.0090199969 0.030055586 -0.083197459)       (0.084451955 -1.21807 0.78323187)             (0.00026752945 -0.004426643 0.0030729066)     (3.1990616e-05 0.00010659612 -0.00029507083)  (0.00029952006 -0.0043200469 0.0027778357)   
zhongyangyi               (0.091688222 -274.94968 0.85281913)           (0.0056845953 0.35250645 -0.033214391)        (0.097372818 -274.59718 0.81960474)           (0.00032518445 -0.97514553 0.0030246362)      (2.0161172e-05 0.0012502109 -0.00011779925)   (0.00034534562 -0.97389532 0.002906837)      
zuofuyi                   (-39.383213 -4.5871486 11.58018)              (-0.027424084 0.011489736 0.15717929)         (-39.410637 -4.5756589 11.73736)              (-0.13967779 -0.016268931 0.041070647)        (-9.7263154e-05 4.0749873e-05 0.0005574572)   (-0.13977506 -0.016228181 0.041628104)       
zuoweiduo                 (-0.28471026 -2.4140013 -1.5342805)           (0.0030778548 0.04450482 0.041017589)         (-0.28163241 -2.3694965 -1.4932629)           (-0.0010097627 -0.0085615759 -0.0054415294)   (1.091602e-05 0.00015784225 0.00014547432)    (-0.0009988467 -0.0084037337 -0.0052960551)  
------------------------- --------------------------------------------- --------------------------------------------- --------------------------------------------- --------------------------------------------- --------------------------------------------- ---------------------------------------------
Net                       (-69.52849 -45.610981 -4.6400097)             (0.063477705 1.5947012 -0.28182269)           (-69.465012 -44.01628 -4.9218324)             (-0.24659202 -0.1617654 -0.01645641)          (0.00022513211 0.0056558195 -0.00099952158)   (-0.24636688 -0.15610958 -0.017455932)       

Moments - Moment Center (0 0 0.05) Moment Axis (0 1 0)
                          Moments [N m]                                   Coefficients                                   
Zone                      Pressure        Viscous         Total           Pressure        Viscous         Total          
jidi                      -22.907132      -0.0010320668   -22.908164      -0.081243184    -3.660362e-06   -0.081246844   
jishen                    -229.47083      -0.064782969    -229.53561      -0.81384874     -0.0002297614   -0.8140785     
jitou                     548.57211       0.06565138      548.63776       1.9455838       0.00023284133   1.9458166      
liangan                   647.77693       0.1067964       647.88372       2.2974268       0.00037876762   2.2978056      
waiyi                     -45.862525      0.62529147      -45.237234      -0.16265753     0.0022176792    -0.16043985    
weiyi                     -713.22444      0.37516416      -712.84928      -2.5295451      0.0013305695    -2.5282146     
xiaoyi                    55.933758       0.037721268     55.971479       0.19837649      0.00013378348   0.19851028     
youfuyi                   -3.2298878      0.011334986     -3.2185528      -0.011455226    4.0201033e-05   -0.011415025   
youweiduo                 -1.2481256      0.030055586     -1.21807        -0.004426643    0.00010659612   -0.0043200469  
zhongyangyi               -274.94968      0.35250645      -274.59718      -0.97514553     0.0012502109    -0.97389532    
zuofuyi                   -4.5871486      0.011489736     -4.5756589      -0.016268931    4.0749873e-05   -0.016228181   
zuoweiduo                 -2.4140013      0.04450482      -2.3694965      -0.0085615759   0.00015784225   -0.0084037337  
------------------------- --------------- --------------- --------------- --------------- --------------- ---------------
Net                       -45.610981      1.5947012       -44.01628       -0.1617654      0.0056558195    -0.15610958    
