                                    "Force Report"

Moments - Moment Center (0 0 0.05)
                          Moments [N m]                                                                                                                             Coefficients                                                                                                                             
Zone                      Pressure                                      Viscous                                       Total                                         Pressure                                      Viscous                                       Total                                        
jidi                      (-9.5662395e-09 -22.902861 0.0035768032)      (-4.6772547e-05 0.00023042614 -0.00066048807) (-4.6782114e-05 -22.902631 0.0029163151)      (-3.3927938e-11 -0.081228036 1.2685607e-05)   (-1.6588505e-07 8.1723689e-07 -2.3425086e-06) (-1.6591897e-07 -0.081227219 1.0343099e-05)  
jishen                    (0.24268472 -230.96275 1.9565662)             (-0.023668282 -0.073192619 -0.0074893352)     (0.21901644 -231.03594 1.9490769)             (0.00086071357 -0.81914003 0.0069392216)      (-8.3942703e-05 -0.00025958734 -2.6561921e-05) (0.00077677087 -0.81939962 0.0069126597)     
jitou                     (-0.84849119 542.20522 8.3507964)             (-0.0092663325 -0.001714432 0.10625017)       (-0.85775753 542.20351 8.4570465)             (-0.0030092866 1.9230028 0.029617207)         (-3.2864278e-05 -6.0804606e-06 0.00037683033) (-0.0030421509 1.9229967 0.029994038)        
liangan                   (-0.060853565 647.73155 -0.84912546)          (0.007235853 0.12426879 -0.04423689)          (-0.053617712 647.85582 -0.89336235)          (-0.00021582524 2.2972659 -0.0030115361)      (2.5662913e-05 0.00044073577 -0.000156892)    (-0.00019016233 2.2977066 -0.0031684281)     
waiyi                     (-50.334031 -46.504324 -3.0417184)            (-0.0087396249 0.65327885 -0.056344543)       (-50.34277 -45.851045 -3.0980629)             (-0.17851632 -0.16493376 -0.010787858)        (-3.0996239e-05 0.0023169401 -0.0001998334)   (-0.17854731 -0.16261682 -0.010987691)       
weiyi                     (-7.9936307 -677.57545 -25.609442)            (0.068910316 0.46542344 -0.27045858)          (-7.9247204 -677.11002 -25.8799)              (-0.028350472 -2.4031112 -0.090827284)        (0.00024439958 0.001650686 -0.00095921724)    (-0.028106072 -2.4014605 -0.091786501)       
xiaoyi                    (5.6300322 55.963389 -0.33980075)             (0.056341625 0.03968849 -0.022733577)         (5.6863738 56.003077 -0.36253432)             (0.019967656 0.19848158 -0.0012051484)        (0.00019982305 0.0001407605 -8.0627647e-05)   (0.020167479 0.19862234 -0.0012857761)       
youfuyi                   (17.865608 -2.5802925 0.82592551)             (0.029160687 0.015954712 -0.20874193)         (17.894769 -2.5643378 0.61718358)             (0.06336275 -0.0091513497 0.0029292544)       (0.00010342225 5.6585503e-05 -0.00074033097)  (0.063466172 -0.0090947642 0.0021889235)     
youweiduo                 (-0.073997276 0.19920884 0.039618993)         (0.013857582 0.027985671 -0.10360252)         (-0.060139694 0.22719451 -0.063983524)        (-0.00026244116 0.00070652058 0.00014051401)  (4.9147754e-05 9.9254897e-05 -0.00036744007)  (-0.00021329341 0.00080577548 -0.00022692606)
zhongyangyi               (1.9740514 -279.11663 0.55868325)             (0.032428949 0.36254572 -0.01086178)          (2.0064804 -278.75409 0.54782147)             (0.0070012353 -0.98992417 0.0019814443)       (0.00011501357 0.0012858165 -3.8522745e-05)   (0.0071162489 -0.98863835 0.0019429215)      
zuofuyi                   (-37.635098 -4.2941425 12.036061)             (-0.023585872 0.012959581 0.16317856)         (-37.658684 -4.2811829 12.199239)             (-0.13347787 -0.015229746 0.042687487)        (-8.3650423e-05 4.5962874e-05 0.00057873442)  (-0.13356152 -0.015183783 0.043266221)       
zuoweiduo                 (-0.23603295 -1.7749317 -1.1583361)           (0.01198309 0.062169318 0.02055264)           (-0.22404986 -1.7127624 -1.1377835)           (-0.00083712219 -0.0062950308 -0.0041081927)  (4.2499619e-05 0.00022049173 7.2892665e-05)   (-0.00079462257 -0.0060745391 -0.0040353)    
------------------------- --------------------------------------------- --------------------------------------------- --------------------------------------------- --------------------------------------------- --------------------------------------------- ---------------------------------------------
Net                       (-71.469758 -19.612005 -7.2271947)            (0.15461122 1.6895979 -0.43514827)            (-71.315146 -17.922407 -7.662343)             (-0.25347698 -0.06955658 -0.025632205)        (0.00054834921 0.0059923833 -0.0015433111)    (-0.25292863 -0.063564196 -0.027175516)      

Moments - Moment Center (0 0 0.05) Moment Axis (0 1 0)
                          Moments [N m]                                   Coefficients                                   
Zone                      Pressure        Viscous         Total           Pressure        Viscous         Total          
jidi                      -22.902861      0.00023042614   -22.902631      -0.081228036    8.1723689e-07   -0.081227219   
jishen                    -230.96275      -0.073192619    -231.03594      -0.81914003     -0.00025958734  -0.81939962    
jitou                     542.20522       -0.001714432    542.20351       1.9230028       -6.0804606e-06  1.9229967      
liangan                   647.73155       0.12426879      647.85582       2.2972659       0.00044073577   2.2977066      
waiyi                     -46.504324      0.65327885      -45.851045      -0.16493376     0.0023169401    -0.16261682    
weiyi                     -677.57545      0.46542344      -677.11002      -2.4031112      0.001650686     -2.4014605     
xiaoyi                    55.963389       0.03968849      56.003077       0.19848158      0.0001407605    0.19862234     
youfuyi                   -2.5802925      0.015954712     -2.5643378      -0.0091513497   5.6585503e-05   -0.0090947642  
youweiduo                 0.19920884      0.027985671     0.22719451      0.00070652058   9.9254897e-05   0.00080577548  
zhongyangyi               -279.11663      0.36254572      -278.75409      -0.98992417     0.0012858165    -0.98863835    
zuofuyi                   -4.2941425      0.012959581     -4.2811829      -0.015229746    4.5962874e-05   -0.015183783   
zuoweiduo                 -1.7749317      0.062169318     -1.7127624      -0.0062950308   0.00022049173   -0.0060745391  
------------------------- --------------- --------------- --------------- --------------- --------------- ---------------
Net                       -19.612005      1.6895979       -17.922407      -0.06955658     0.0059923833    -0.063564196   
