                                    "Force Report"

Moments - Moment Center (0 0 0.05)
                          Moments [N m]                                                                                                                             Coefficients                                                                                                                             
Zone                      Pressure                                      Viscous                                       Total                                         Pressure                                      Viscous                                       Total                                        
jidi                      (-7.7585492e-09 -22.917664 0.0046502535)      (8.5066281e-05 -0.0018971757 0.0010360772)    (8.5058522e-05 -22.919561 0.0056863307)       (-2.7516724e-11 -0.081280537 1.6492741e-05)   (3.0169885e-07 -6.7285855e-06 3.6745854e-06)  (3.0167134e-07 -0.081287266 2.0167326e-05)   
jishen                    (0.080589023 -228.5823 0.97532845)            (-0.0066567604 -0.058497603 0.0072375144)     (0.073932263 -228.6408 0.98256597)            (0.00028581966 -0.81069747 0.0034591318)      (-2.3609084e-05 -0.00020746951 2.5668805e-05) (0.00026221058 -0.81090494 0.0034848006)     
jitou                     (-0.41188427 556.43048 4.0752267)             (-0.0043703897 0.15707994 0.052726415)        (-0.41625466 556.58756 4.1279531)             (-0.0014608022 1.9734545 0.014453332)         (-1.5500167e-05 0.00055710487 0.00018700123)  (-0.0014763024 1.9740116 0.014640334)        
liangan                   (-1.8404437 649.14053 -0.49957995)            (-0.03319097 0.1137013 0.056800457)           (-1.8736346 649.25423 -0.4427795)             (-0.0065273776 2.302263 -0.0017718266)        (-0.00011771618 0.00040325674 0.00020145036)  (-0.0066450938 2.3026663 -0.0015703762)      
waiyi                     (-47.648433 -46.941492 -9.2059708)            (0.0080822829 0.47508549 -0.13431347)         (-47.640351 -46.466406 -9.3402843)            (-0.16899149 -0.16648423 -0.032650197)        (2.8664889e-05 0.0016849537 -0.00047636055)   (-0.16896283 -0.16479928 -0.033126558)       
weiyi                     (-6.0925529 -766.30148 -15.425066)            (0.022546052 0.18455386 -0.14968598)          (-6.0700069 -766.11693 -15.574752)            (-0.021608047 -2.7177899 -0.054707043)        (7.9962565e-05 0.00065454474 -0.0005308812)   (-0.021528085 -2.7171354 -0.055237924)       
xiaoyi                    (7.0206185 55.766832 -0.2724632)              (0.052946634 0.033512773 -0.0099844598)       (7.0735652 55.800345 -0.28244766)             (0.024899555 0.19778447 -0.00096632688)       (0.00018778226 0.0001188575 -3.5411211e-05)   (0.025087337 0.19790333 -0.0010017381)       
youfuyi                   (30.942498 -4.3790966 -0.53301006)            (0.058117681 0.0087468161 -0.16621637)        (31.000616 -4.3703498 -0.69922642)            (0.10974168 -0.015531047 -0.0018903909)       (0.00020612207 3.1021744e-05 -0.0005895084)   (0.1099478 -0.015500025 -0.0024798993)       
youweiduo                 (0.2710409 -2.8251325 1.766479)               (0.011273056 0.011901506 -0.075999936)        (0.28231396 -2.813231 1.690479)               (0.00096128252 -0.010019707 0.0062650521)     (3.9981388e-05 4.2210271e-05 -0.00026954386)  (0.0010012639 -0.0099774969 0.0059955082)    
zhongyangyi               (2.7196424 -273.95765 1.0285773)              (0.0074197805 0.28507391 -0.044470504)        (2.7270622 -273.67257 0.98410682)             (0.0096455726 -0.97162715 0.003647986)        (2.6315236e-05 0.0010110524 -0.00015772054)   (0.0096718878 -0.9706161 0.0034902654)       
zuofuyi                   (-42.485007 -5.0513558 11.26043)              (-0.026301315 0.010118908 0.14032782)         (-42.511308 -5.0412369 11.400758)             (-0.15067871 -0.017915304 0.03993661)         (-9.3281103e-05 3.5888049e-05 0.00049769122)  (-0.150772 -0.017879416 0.040434301)         
zuoweiduo                 (-0.41380374 -3.4493762 -2.1851116)           (-0.0017984481 0.024911543 0.043583115)       (-0.41560219 -3.4244646 -2.1415285)           (-0.0014676099 -0.01223367 -0.0077497882)     (-6.3784348e-06 8.8352093e-05 0.0001545733)   (-0.0014739883 -0.012145318 -0.0075952149)   
------------------------- --------------------------------------------- --------------------------------------------- --------------------------------------------- --------------------------------------------- --------------------------------------------- ---------------------------------------------
Net                       (-57.857736 -93.06771 -9.0105096)             (0.08815267 1.2442913 -0.27895933)            (-57.769583 -91.823419 -9.2894689)            (-0.20520014 -0.33007698 -0.031956968)        (0.00031264514 0.0044130441 -0.00098936627)   (-0.20488749 -0.32566394 -0.032946334)       

Moments - Moment Center (0 0 0.05) Moment Axis (0 1 0)
                          Moments [N m]                                   Coefficients                                   
Zone                      Pressure        Viscous         Total           Pressure        Viscous         Total          
jidi                      -22.917664      -0.0018971757   -22.919561      -0.081280537    -6.7285855e-06  -0.081287266   
jishen                    -228.5823       -0.058497603    -228.6408       -0.81069747     -0.00020746951  -0.81090494    
jitou                     556.43048       0.15707994      556.58756       1.9734545       0.00055710487   1.9740116      
liangan                   649.14053       0.1137013       649.25423       2.302263        0.00040325674   2.3026663      
waiyi                     -46.941492      0.47508549      -46.466406      -0.16648423     0.0016849537    -0.16479928    
weiyi                     -766.30148      0.18455386      -766.11693      -2.7177899      0.00065454474   -2.7171354     
xiaoyi                    55.766832       0.033512773     55.800345       0.19778447      0.0001188575    0.19790333     
youfuyi                   -4.3790966      0.0087468161    -4.3703498      -0.015531047    3.1021744e-05   -0.015500025   
youweiduo                 -2.8251325      0.011901506     -2.813231       -0.010019707    4.2210271e-05   -0.0099774969  
zhongyangyi               -273.95765      0.28507391      -273.67257      -0.97162715     0.0010110524    -0.9706161     
zuofuyi                   -5.0513558      0.010118908     -5.0412369      -0.017915304    3.5888049e-05   -0.017879416   
zuoweiduo                 -3.4493762      0.024911543     -3.4244646      -0.01223367     8.8352093e-05   -0.012145318   
------------------------- --------------- --------------- --------------- --------------- --------------- ---------------
Net                       -93.06771       1.2442913       -91.823419      -0.33007698     0.0044130441    -0.32566394    
