                                    "Force Report"

Moments - Moment Center (0 0 0.05)
                          Moments [N m]                                                                                                                             Coefficients                                                                                                                             
Zone                      Pressure                                      Viscous                                       Total                                         Pressure                                      Viscous                                       Total                                        
jidi                      (8.7170792e-10 -22.891303 0.0029681648)       (1.8777326e-05 -0.00070685486 -0.00033086664) (1.8778198e-05 -22.89201 0.0026372982)        (3.0916278e-12 -0.081187045 1.052699e-05)     (6.6596279e-08 -2.5069545e-06 -1.1734625e-06) (6.6599371e-08 -0.081189552 9.3535279e-06)   
jishen                    (0.16619902 -231.52277 1.022004)              (-0.011634314 -0.078520671 -0.0057727507)     (0.1545647 -231.60129 1.0162313)              (0.00058944687 -0.82112624 0.0036246729)      (-4.126264e-05 -0.00027848398 -2.0473827e-05) (0.00054818423 -0.82140472 0.003604199)      
jitou                     (-0.42264224 538.88775 4.1493774)             (-0.0046146711 -0.036258611 0.052566464)      (-0.42725691 538.8515 4.2019439)              (-0.0014989568 1.9112369 0.014716318)         (-1.6366543e-05 -0.00012859597 0.00018643394) (-0.0015153233 1.9111083 0.014902751)        
liangan                   (-0.13520884 646.46751 -0.46480021)           (0.0094020169 0.11329346 -0.0087015121)       (-0.12580682 646.5808 -0.47350172)            (-0.00047953609 2.2927828 -0.0016484756)      (3.3345501e-05 0.00040181029 -3.0861067e-05)  (-0.00044619059 2.2931846 -0.0016793367)     
waiyi                     (-56.355914 -47.702065 -1.1794048)            (-0.042795525 0.64545472 -0.0039333277)       (-56.39871 -47.05661 -1.1833381)              (-0.19987373 -0.1691817 -0.0041829157)        (-0.00015178001 0.0022891908 -1.3950069e-05)  (-0.20002551 -0.16689251 -0.0041968657)      
weiyi                     (-4.3842447 -661.28887 -13.585238)            (0.038948465 0.53315991 -0.14105599)          (-4.3452962 -660.75571 -13.726294)            (-0.015549305 -2.3453487 -0.048181849)        (0.0001381359 0.0018909224 -0.0005002738)     (-0.01541117 -2.3434578 -0.048682123)        
xiaoyi                    (1.9383541 55.895782 -0.077172892)            (0.022130225 0.039383059 -0.012085028)        (1.9604844 55.935165 -0.089257921)            (0.0068746302 0.19824181 -0.0002737039)       (7.8487778e-05 0.00013967724 -4.2861157e-05)  (0.0069531179 0.19838149 -0.00031656506)     
youfuyi                   (16.239308 -2.3496795 0.89674795)             (0.01880688 0.01839414 -0.21831798)           (16.258114 -2.3312854 0.67842998)             (0.057594859 -0.0083334502 0.0031804356)      (6.6701094e-05 6.5237257e-05 -0.00077429368)  (0.05766156 -0.0082682129 0.0024061419)      
youweiduo                 (-0.043205547 0.14728832 0.06966188)          (0.0060816841 0.040630096 -0.082304242)       (-0.037123862 0.18791842 -0.012642362)        (-0.0001532342 0.00052237759 0.0002470651)    (2.15695e-05 0.00014410003 -0.00029190292)    (-0.0001316647 0.00066647761 -4.4837815e-05) 
zhongyangyi               (-1.3149533 -281.93005 0.14139992)            (0.015578663 0.35338266 -0.0050878135)        (-1.2993746 -281.57666 0.13631211)            (-0.0046636563 -0.99990232 0.00050149359)     (5.5251795e-05 0.0012533185 -1.8044606e-05)   (-0.0046084045 -0.99864901 0.00048344898)    
zuofuyi                   (-37.702429 -4.2428035 12.454588)             (-0.027432316 0.012897667 0.16776505)         (-37.729861 -4.2299059 12.622353)             (-0.13371667 -0.015047666 0.044171848)        (-9.729235e-05 4.5743289e-05 0.00059500101)   (-0.13381396 -0.015001922 0.044766849)       
zuoweiduo                 (-0.12385836 -0.91371338 -0.66201228)         (0.0090948798 0.061349622 0.034639901)        (-0.11476348 -0.85236376 -0.62737237)         (-0.00043928012 -0.0032406057 -0.0023479144)  (3.2256198e-05 0.00021758458 0.00012285501)   (-0.00040702392 -0.0030230212 -0.0022250594) 
------------------------- --------------------------------------------- --------------------------------------------- --------------------------------------------- --------------------------------------------- --------------------------------------------- ---------------------------------------------
Net                       (-82.138596 -11.442919 2.7681188)             (0.033584763 1.7024592 -0.2226181)            (-82.105011 -9.7404595 2.5455007)             (-0.29131543 -0.040583829 0.0098175006)       (0.00011911282 0.0060379974 -0.00078954462)   (-0.29119632 -0.034545832 0.009027956)       

Moments - Moment Center (0 0 0.05) Moment Axis (0 1 0)
                          Moments [N m]                                   Coefficients                                   
Zone                      Pressure        Viscous         Total           Pressure        Viscous         Total          
jidi                      -22.891303      -0.00070685486  -22.89201       -0.081187045    -2.5069545e-06  -0.081189552   
jishen                    -231.52277      -0.078520671    -231.60129      -0.82112624     -0.00027848398  -0.82140472    
jitou                     538.88775       -0.036258611    538.8515        1.9112369       -0.00012859597  1.9111083      
liangan                   646.46751       0.11329346      646.5808        2.2927828       0.00040181029   2.2931846      
waiyi                     -47.702065      0.64545472      -47.05661       -0.1691817      0.0022891908    -0.16689251    
weiyi                     -661.28887      0.53315991      -660.75571      -2.3453487      0.0018909224    -2.3434578     
xiaoyi                    55.895782       0.039383059     55.935165       0.19824181      0.00013967724   0.19838149     
youfuyi                   -2.3496795      0.01839414      -2.3312854      -0.0083334502   6.5237257e-05   -0.0082682129  
youweiduo                 0.14728832      0.040630096     0.18791842      0.00052237759   0.00014410003   0.00066647761  
zhongyangyi               -281.93005      0.35338266      -281.57666      -0.99990232     0.0012533185    -0.99864901    
zuofuyi                   -4.2428035      0.012897667     -4.2299059      -0.015047666    4.5743289e-05   -0.015001922   
zuoweiduo                 -0.91371338     0.061349622     -0.85236376     -0.0032406057   0.00021758458   -0.0030230212  
------------------------- --------------- --------------- --------------- --------------- --------------- ---------------
Net                       -11.442919      1.7024592       -9.7404595      -0.040583829    0.0060379974    -0.034545832   
