                                    "Force Report"

Forces
                          Forces [N]                                                                                                                                Coefficients                                                                                                                             
Zone                      Pressure                                      Viscous                                       Total                                         Pressure                                      Viscous                                       Total                                        
jidi                      (1143.4207 -3.4482396e-09 0.00043473797)      (1.151298e-08 -0.0015493968 -0.00072983384)   (1143.4207 -0.0015494003 -0.00029509588)      (1.4789654 -4.4601493e-12 5.6231482e-07)      (1.4891544e-11 -2.0040781e-06 -9.4400862e-07) (1.4789654 -2.0040825e-06 -3.816938e-07)     
jishen                    (9076.6841 2.4972416 -12500.589)              (1.2295446 -0.045650549 -0.078585151)         (9077.9137 2.4515911 -12500.667)              (11.7403 0.0032300745 -16.168973)             (0.0015903629 -5.9047017e-05 -0.00010164651)  (11.74189 0.0031710274 -16.169075)           
jitou                     (-11239.893 -6.7524421 -9.6194446)            (1.1791776 -0.083749729 -0.077289003)         (-11238.714 -6.8361919 -9.6967336)            (-14.538318 -0.0087339929 -0.012442337)       (0.0015252155 -0.00010832667 -9.9969994e-05)  (-14.536793 -0.0088423196 -0.012542307)      
liangan                   (-81.157376 -0.60612472 -3081.0012)           (1.1565171 -0.052354837 -0.050003009)         (-80.000859 -0.65847956 -3081.0512)           (-0.10497357 -0.00078399621 -3.9851422)       (0.0014959051 -6.7718725e-05 -6.4676738e-05)  (-0.10347766 -0.00085171493 -3.9852069)      
waiyi                     (-132.02925 1.636308 1432.5545)               (3.7611267 -0.26508335 -0.10778455)           (-128.26813 1.3712246 1432.4467)              (-0.17077415 0.0021164939 1.8529475)          (0.0048648554 -0.00034287388 -0.00013941467)  (-0.16590929 0.00177362 1.8528081)           
weiyi                     (43.191278 -12.151479 486.97991)              (1.5118659 -0.12722148 -0.11733434)           (44.703144 -12.278701 486.86257)              (0.055866057 -0.015717415 0.62988752)         (0.0019555334 -0.0001645555 -0.00015176691)   (0.057821591 -0.015881971 0.62973576)        
xiaoyi                    (150.90301 -0.36417831 -372.65088)            (0.30611099 -0.020144838 -0.025676603)        (151.20912 -0.38432315 -372.67655)            (0.19518654 -0.00047104895 -0.48200785)       (0.00039594138 -2.605648e-05 -3.3211579e-05)  (0.19558248 -0.00049710543 -0.48204106)      
youfuyi                   (0.62244581 0.38032467 -17.592365)            (0.11957222 -0.024121764 -0.055380593)        (0.74201804 0.35620291 -17.647746)            (0.00080510684 0.00049193357 -0.022754966)    (0.00015466152 -3.1200462e-05 -7.1632411e-05) (0.00095976835 0.00046073311 -0.022826599)   
youweiduo                 (-1.0405028 -0.7316039 -1.2172679)            (0.15332994 -0.020952966 -0.0015927851)       (-0.88717281 -0.75255686 -1.2188606)          (-0.0013458455 -0.00094629811 -0.0015744835)  (0.00019832567 -2.7101758e-05 -2.0601989e-06) (-0.0011475198 -0.00097339987 -0.0015765437) 
zhongyangyi               (1055.3743 -0.016160912 14071.626)            (2.3020906 -0.14491104 -0.083559174)          (1057.6764 -0.16107196 14071.542)             (1.3650812 -2.0903443e-05 18.201041)          (0.002977655 -0.00018743619 -0.00010808019)   (1.3680588 -0.00020833963 18.200933)         
zuofuyi                   (-0.84005451 0.36952047 10.251346)            (0.18661766 -0.023821621 0.00061468763)       (-0.65343686 0.34569884 10.25196)             (-0.0010865743 0.0004779588 0.013259674)      (0.0002413819 -3.081224e-05 7.9507196e-07)    (-0.00084519241 0.00044714656 0.013260469)   
zuoweiduo                 (-0.99458543 0.29106396 -0.41728666)          (0.15571563 -0.016957888 -0.018066921)        (-0.83886981 0.27410607 -0.43535359)          (-0.0012864534 0.00037647869 -0.00053974232)  (0.00020141145 -2.1934298e-05 -2.3368783e-05) (-0.0010850419 0.00035454439 -0.0005631111)  
------------------------- --------------------------------------------- --------------------------------------------- --------------------------------------------- --------------------------------------------- --------------------------------------------- ---------------------------------------------
Net                       (14.240612 -15.447531 18.324469)              (12.061669 -0.82651946 -0.61538727)           (26.302281 -16.27405 17.709081)               (0.018419618 -0.019980715 0.02370191)         (0.015601249 -0.0010690673 -0.00079597692)    (0.034020867 -0.021049783 0.022905934)       

Forces - Direction Vector (0.99513403 -0.069756474 -0.06958655)
                          Forces [N]                                      Coefficients                                   
Zone                      Pressure        Viscous         Total           Pressure        Viscous         Total          
jidi                      1137.8568       0.00015887854   1137.857        1.4717688       2.0550254e-07   1.471769       
jishen                    9902.216        1.2322145       9903.4482       12.80809        0.0015938164    12.809683      
jitou                     -11184.06       1.1846602       -11182.875      -14.4661        0.0015323069    -14.464568     
liangan                   133.67606       1.1580212       134.83408       0.17290422      0.0014978505    0.17440207     
waiyi                     -231.18747      3.7688169       -227.41865      -0.29903103     0.0048748022    -0.29415623    
weiyi                     9.9415039       1.5215486       11.463052       0.012858907     0.0019680576    0.014826964    
xiaoyi                    176.12561       0.30781345      176.43342       0.22781089      0.00039814343   0.22820903     
youfuyi                   1.8170789       0.12452678      1.9416057       0.0023503133    0.00016107003   0.0025113833   
youweiduo                 -0.89970012     0.15415628      -0.74554384     -0.0011637233   0.00019939451   -0.00096432883 
zhongyangyi               71.044122       2.3068118       73.350934       0.09189251      0.0029837616    0.094876272    
zuofuyi                   -1.5750991      0.18732852      -1.3877705      -0.0020373228   0.00024230137   -0.0017950214  
zuoweiduo                 -0.98101187     0.15739806      -0.82361381     -0.0012688966   0.00020358761   -0.001065309   
------------------------- --------------- --------------- --------------- --------------- --------------- ---------------
Net                       13.973746       12.103455       26.077201       0.018074439     0.015655298     0.033729736    
