                                    "Force Report"

Forces
                          Forces [N]                                                                                                                                Coefficients                                                                                                                             
Zone                      Pressure                                      Viscous                                       Total                                         Pressure                                      Viscous                                       Total                                        
jidi                      (1146.1937 9.3410229e-07 0.00043623592)       (3.2559304e-08 0.0026317722 0.0047415026)     (1146.1937 0.0026327063 0.0051777385)         (1.4825522 1.2082211e-09 5.6425236e-07)       (4.2114056e-11 3.404084e-06 6.1329293e-06)    (1.4825522 3.4052922e-06 6.6971816e-06)      
jishen                    (9094.4858 0.63082443 -12494.832)             (1.2490773 -0.088092685 0.086925767)          (9095.7349 0.54273174 -12494.745)             (11.763326 0.00081594421 -16.161527)          (0.0016156276 -0.00011394409 0.00011243473)   (11.764941 0.00070200012 -16.161414)         
jitou                     (-11259.916 -14.292504 28.622764)             (1.0789146 -0.17197647 0.35717161)            (-11258.837 -14.46448 28.979935)              (-14.564216 -0.018486738 0.037022311)         (0.0013955296 -0.00022244415 0.00046198608)   (-14.562821 -0.018709182 0.037484298)        
liangan                   (-81.414477 -0.24849973 -3058.3247)           (1.3887783 -0.070258777 0.2717117)            (-80.025698 -0.3187585 -3058.053)             (-0.10530612 -0.00032142369 -3.9558112)       (0.0017963249 -9.08767e-05 0.00035144738)     (-0.10350979 -0.00041230039 -3.9554597)      
waiyi                     (-237.62478 -0.22067919 1957.8397)            (2.7465757 -0.48821756 0.9145502)             (-234.87821 -0.70889675 1958.7543)            (-0.30735742 -0.00028543902 2.5323813)        (0.0035525773 -0.00063148838 0.0011829313)    (-0.30380484 -0.00091692739 2.5335643)       
weiyi                     (37.136171 -10.522109 601.05693)              (1.0747506 -0.17259782 0.17322265)            (38.210921 -10.694707 601.23015)              (0.048034037 -0.013609895 0.77744124)         (0.0013901435 -0.00022324784 0.00022405604)   (0.04942418 -0.013833143 0.7776653)          
xiaoyi                    (153.87515 -1.3602875 -365.2845)              (0.34803042 -0.050979517 0.094674518)         (154.22318 -1.411267 -365.18983)              (0.19903088 -0.0017594732 -0.47247977)        (0.00045016235 -6.5939809e-05 0.00012245741)  (0.19948104 -0.0018254131 -0.47235731)       
youfuyi                   (-2.2726913 -0.36537514 8.3440503)            (0.063215023 -0.045458384 0.023653469)        (-2.2094763 -0.41083352 8.3677038)            (-0.0029396283 -0.000472597 0.010792669)      (8.1765908e-05 -5.8798461e-05 3.0594743e-05)  (-0.0028578624 -0.00053139546 0.010823264)   
youweiduo                 (-0.82032377 1.4033976 2.415493)              (0.14532279 -0.026342113 0.022696328)         (-0.67500098 1.3770555 2.4381894)             (-0.0010610535 0.0018152343 0.0031243362)     (0.00018796877 -3.4072388e-05 2.9356722e-05)  (-0.00087308469 0.001781162 0.0031536929)    
zhongyangyi               (1027.3192 0.057877111 14335.549)             (1.6960276 -0.14042241 0.34744436)            (1029.0152 -0.082545299 14335.896)            (1.3287931 7.4861549e-05 18.542414)           (0.0021937386 -0.00018163034 0.00044940431)   (1.3309868 -0.00010676879 18.542864)         
zuofuyi                   (0.35792528 0.9660322 25.893192)              (0.14553001 -0.068261221 0.04801606)          (0.5034553 0.89777098 25.941208)              (0.00046296093 0.001249521 0.033491728)       (0.0001882368 -8.8292948e-05 6.2106704e-05)   (0.00065119773 0.0011612281 0.033553835)     
zuoweiduo                 (-0.80379953 -2.1749245 3.718571)             (0.12384756 -0.021851877 0.0069408656)        (-0.67995197 -2.1967764 3.7255118)            (-0.0010396801 -0.0028131711 0.0048098113)    (0.00016019149 -2.8264461e-05 8.9777105e-06)  (-0.00087948857 -0.0028414356 0.004818789)   
------------------------- --------------------------------------------- --------------------------------------------- --------------------------------------------- --------------------------------------------- --------------------------------------------- ---------------------------------------------
Net                       (-123.48408 -26.126247 1044.9986)             (10.06007 -1.3418271 2.351749)                (-113.42401 -27.468074 1047.3503)             (-0.15972133 -0.033793174 1.3516606)          (0.013012267 -0.0017355955 0.003041886)       (-0.14670907 -0.03552877 1.3547025)          

Forces - Direction Vector (0.96085288 -0.1391731 0.23956753)
                          Forces [N]                                      Coefficients                                   
Zone                      Pressure        Viscous         Total           Pressure        Viscous         Total          
jidi                      1101.3236       0.00076966943   1101.3244       1.4245146       9.9553425e-07   1.4245156      
jishen                    5745.019        1.2332642       5746.2523       7.4309346       0.0015951741    7.4325297      
jitou                     -10810.276      1.1461794       -10809.13       -13.982627      0.0014825337    -13.981144     
liangan                   -810.86803      1.409283        -809.45875      -1.0488229      0.0018228469    -1.047         
waiyi                     240.74308       2.9260985       243.66918       0.3113908       0.0037847823    0.31517559     
weiyi                     181.14051       1.0981967       182.23871       0.23429745      0.0014204701    0.23571792     
xiaoyi                    60.530391       0.36418195      60.894573       0.078293452     0.00047105366   0.078764506    
youfuyi                   -0.13390811     0.072733524     -0.061174583    -0.00017320437  9.4077679e-05   -7.9126687e-05 
youweiduo                 -0.40485196     0.14873724      -0.25611472     -0.00052365856  0.00019238521   -0.00033127336 
zhongyangyi               4421.4265       1.7324124       4423.1589       5.7189246       0.0022408008    5.7211654      
zuofuyi                   6.4126359       0.16083615      6.573472        0.0082944681    0.00020803463   0.0085025028   
zuoweiduo                 0.42120675      0.12370329      0.54491004      0.00054481278   0.00016000487   0.00070481765  
------------------------- --------------- --------------- --------------- --------------- --------------- ---------------
Net                       135.33376       10.416396       145.75016       0.17504839      0.013473159     0.18852155     
