                                    "Force Report"

Forces
                          Forces [N]                                                                                                                                Coefficients                                                                                                                             
Zone                      Pressure                                      Viscous                                       Total                                         Pressure                                      Viscous                                       Total                                        
jidi                      (1143.1392 -7.4485731e-08 0.00043461364)      (1.1944671e-08 -0.00088436941 -0.00086102837) (1143.1392 -0.00088444389 -0.00042641473)     (1.4786012 -9.6344083e-11 5.6215402e-07)      (1.5449917e-11 -1.1438937e-06 -1.1137031e-06) (1.4786012 -1.1439901e-06 -5.5154907e-07)    
jishen                    (9075.1658 2.4715989 -12500.716)              (1.2609621 -0.039888049 -0.099110384)         (9076.4268 2.4317109 -12500.815)              (11.738336 0.0031969067 -16.169138)           (0.0016310001 -5.1593472e-05 -0.00012819501)  (11.739967 0.0031453133 -16.169266)          
jitou                     (-11237.624 -6.7705123 -14.795591)            (1.1809719 -0.083650748 -0.13234131)          (-11236.443 -6.8541631 -14.927933)            (-14.535382 -0.0087573659 -0.01913746)        (0.0015275363 -0.00010819864 -0.00017117778)  (-14.533855 -0.0088655646 -0.019308638)      
liangan                   (-81.207852 -0.40021487 -3083.1926)           (1.2147563 -0.053116321 -0.082470723)         (-79.993096 -0.45333119 -3083.275)            (-0.10503886 -0.00051766069 -3.9879767)       (0.0015712349 -6.8703672e-05 -0.00010667233)  (-0.10346762 -0.00058636436 -3.9880834)      
waiyi                     (-136.77957 1.5895271 1351.8405)              (3.2759006 -0.25861627 -0.22401742)           (-133.50367 1.3309108 1351.6165)              (-0.17691848 0.0020559848 1.7485474)          (0.0042372363 -0.000334509 -0.00028975688)    (-0.17268125 0.0017214758 1.7482577)         
weiyi                     (41.476939 -11.528069 474.55029)              (1.4707495 -0.12555103 -0.14245688)           (42.947689 -11.653621 474.40783)              (0.053648634 -0.014911061 0.61381034)         (0.0019023511 -0.00016239484 -0.00018426183)  (0.055550985 -0.015073456 0.61362608)        
xiaoyi                    (150.64917 -0.35773728 -373.4147)             (0.30769463 -0.020291781 -0.03774157)         (150.95686 -0.37802906 -373.45245)            (0.1948582 -0.00046271775 -0.48299583)        (0.00039798975 -2.6246544e-05 -4.8817094e-05) (0.19525619 -0.00048896429 -0.48304465)      
youfuyi                   (0.14375939 0.37806887 -16.896372)            (0.13690959 -0.019008446 -0.055074452)        (0.28066898 0.35906042 -16.951447)            (0.00018594658 0.00048901579 -0.021854729)    (0.00017708665 -2.4586606e-05 -7.1236431e-05) (0.00036303323 0.00046442918 -0.021925966)   
youweiduo                 (-1.0698174 -0.88151478 -1.4691783)           (0.15248201 -0.019881266 -0.0038260254)       (-0.91733542 -0.90139604 -1.4730043)          (-0.0013837627 -0.0011402014 -0.0019003188)   (0.00019722891 -2.571556e-05 -4.948799e-06)   (-0.0011865338 -0.0011659169 -0.0019052676)  
zhongyangyi               (1051.6998 -0.018472995 14020.723)            (2.0838624 -0.14050709 -0.1505563)            (1053.7836 -0.15898009 14020.573)             (1.3603283 -2.3894024e-05 18.135201)          (0.0026953863 -0.00018173987 -0.00019473809)  (1.3630237 -0.00020563389 18.135006)         
zuofuyi                   (-0.83572836 0.31369123 8.4855459)            (0.16971089 -0.026132612 -0.004997142)        (-0.66601747 0.28755861 8.4805487)            (-0.0010809786 0.00040574608 0.010975688)     (0.00021951372 -3.3801408e-05 -6.4635878e-06) (-0.0008614649 0.00037194467 0.010969224)    
zuoweiduo                 (-1.0197381 0.48804651 -0.74710773)           (0.15544739 -0.018781403 -0.020977666)        (-0.86429068 0.46926511 -0.76808539)          (-0.0013189873 0.00063126714 -0.00096635165)  (0.0002010645 -2.4292935e-05 -2.7133706e-05)  (-0.0011179228 0.0006069742 -0.00099348536)  
------------------------- --------------------------------------------- --------------------------------------------- --------------------------------------------- --------------------------------------------- --------------------------------------------- ---------------------------------------------
Net                       (3.7378222 -14.715589 -135.63178)             (11.409447 -0.80630938 -0.95443089)           (15.147269 -15.521899 -136.58621)             (0.0048347119 -0.01903398 -0.17543386)        (0.014757628 -0.0010429264 -0.0012345152)     (0.01959234 -0.020076907 -0.17666838)        

Forces - Direction Vector (0.99209929 -0.069756474 -0.10427384)
                          Forces [N]                                      Coefficients                                   
Zone                      Pressure        Viscous         Total           Pressure        Viscous         Total          
jidi                      1134.1075       0.00015148507   1134.1077       1.4669192       1.9593941e-07   1.4669194      
jishen                    10306.791       1.2641167       10308.055       13.33139        0.0016350804    13.333025      
jitou                     -11146.824      1.1912763       -11145.632      -14.417936      0.0015408646    -14.416395     
liangan                   240.95798       1.2174636       242.17545       0.31166877      0.0015747367    0.31324351     
waiyi                     -276.77139      3.291418        -273.47997      -0.35799187     0.0042573073    -0.35373456    
weiyi                     -7.5297795      1.482742        -6.0470375      -0.0097394453   0.0019178629    -0.0078215824  
xiaoyi                    188.42127       0.31061457      188.73188       0.24371479      0.00040176656   0.24411656     
youfuyi                   1.8781004       0.14289669      2.0209971       0.0024292419    0.00018483071   0.0026140727   
youweiduo                 -0.84667689     0.15306309      -0.6936138      -0.0010951401   0.00019798051   -0.00089715956 
zhongyangyi               -418.60272      2.0928988       -416.50982      -0.54144458     0.0027070744    -0.53873751    
zuofuyi                   -1.7358279      0.17071404      -1.5651139      -0.0022452186   0.00022081125   -0.0020244074  
zuoweiduo                 -0.96782204     0.15771679      -0.81010524     -0.0012518361   0.00020399988   -0.0010478362  
------------------------- --------------- --------------- --------------- --------------- --------------- ---------------
Net                       18.877645       11.475072       30.352717       0.02441742      0.014842511     0.039259931    
