                                    "Force Report"

Moments - Moment Center (0 0 0.05)
                          Moments [N m]                                                                                                                             Coefficients                                                                                                                             
Zone                      Pressure                                      Viscous                                       Total                                         Pressure                                      Viscous                                       Total                                        
jidi                      (2.9362821e-09 -22.897416 0.004302312)        (3.9220609e-05 -0.0025939318 -0.00017842334)  (3.9223545e-05 -22.90001 0.0041238886)        (1.0413914e-11 -0.081208724 1.525872e-05)     (1.3910109e-07 -9.1997233e-06 -6.3280204e-07) (1.3911151e-07 -0.081217924 1.4625918e-05)   
jishen                    (0.1267055 -230.4777 0.80446239)              (-0.010766592 -0.068490656 -0.0017495763)     (0.11593891 -230.54619 0.80271281)            (0.00044937787 -0.81741975 0.0028531326)      (-3.8185148e-05 -0.0002429112 -6.2051046e-06) (0.00041119272 -0.81766266 0.0028469275)     
jitou                     (-0.41659872 544.37956 4.1105298)             (-0.004566726 0.024178593 0.052566619)        (-0.42116545 544.40373 4.1630965)             (-0.0014775226 1.9307143 0.01457854)          (-1.61965e-05 8.575259e-05 0.00018643449)     (-0.0014937191 1.9308001 0.014764974)        
liangan                   (0.37005189 646.64881 0.37756607)             (0.014466379 0.10122025 0.016829301)          (0.38451827 646.75003 0.39439537)             (0.0013124381 2.2934258 0.0013390882)         (5.1306934e-05 0.00035899106 5.9687349e-05)   (0.0013637451 2.2937848 0.0013987755)        
waiyi                     (-83.296666 -44.991962 -3.5933188)            (-0.072386973 0.63687199 0.06343035)          (-83.369053 -44.35509 -3.5298885)             (-0.29542268 -0.15956996 -0.012744182)        (-0.00025673 0.002258751 0.00022496415)       (-0.29567941 -0.15731121 -0.012519218)       
weiyi                     (-5.0954745 -682.54927 -15.702613)            (0.034864289 0.45744491 -0.15801101)          (-5.0606103 -682.09183 -15.860624)            (-0.018071777 -2.4207516 -0.055691402)        (0.00012365083 0.0016223891 -0.000560407)     (-0.017948126 -2.4191292 -0.056251809)       
xiaoyi                    (3.2630199 55.936322 0.040129506)             (0.032012881 0.038325175 -0.0099693031)       (3.2950328 55.974647 0.030160203)             (0.011572733 0.19838559 0.00014232462)        (0.00011353793 0.00013592532 -3.5357456e-05)  (0.011686271 0.19852151 0.00010696716)       
youfuyi                   (-15.680681 1.8932474 0.2693637)              (-0.036420701 0.012521044 -0.084387555)       (-15.717101 1.9057684 0.18497615)             (-0.055613615 0.0067146531 0.00095533411)     (-0.00012917085 4.4407545e-05 -0.00029929166) (-0.055742786 0.0067590607 0.00065604245)    
youweiduo                 (0.0050526228 -0.42747055 0.41530571)         (0.0079506987 0.035630945 -0.085761078)       (0.013003322 -0.39183961 0.32954464)          (1.7919797e-05 -0.001516081 0.0014729368)     (2.8198208e-05 0.00012636987 -0.00030416304)  (4.6118005e-05 -0.0013897112 0.0011687738)   
zhongyangyi               (-2.3967664 -277.32595 -0.047313859)          (0.010765681 0.36151852 -0.01105541)          (-2.3860007 -276.96443 -0.058369269)          (-0.0085004499 -0.98357329 -0.00016780488)    (3.8181917e-05 0.0012821734 -3.9209479e-05)   (-0.008462268 -0.98229111 -0.00020701436)    
zuofuyi                   (-18.838412 -2.7237697 -0.59505254)           (-0.027185208 0.015231098 0.19417743)         (-18.865597 -2.7085386 -0.40087511)           (-0.066812928 -0.0096602105 -0.0021104328)    (-9.6415948e-05 5.4019109e-05 0.00068867604)  (-0.066909344 -0.0096061914 -0.0014217568)   
zuoweiduo                 (-0.17862445 -1.4798566 -0.99666421)          (0.0046928105 0.050817929 0.041451278)        (-0.17393164 -1.4290387 -0.95521293)          (-0.00063351531 -0.0052485078 -0.0035348019)  (1.6643675e-05 0.00018023253 0.00014701246)   (-0.00061687163 -0.0050682753 -0.0033877894) 
------------------------- --------------------------------------------- --------------------------------------------- --------------------------------------------- --------------------------------------------- --------------------------------------------- ---------------------------------------------
Net                       (-122.13839 -14.015467 -14.913303)            (-0.046534239 1.6626759 0.017342631)          (-122.18493 -12.352792 -14.895961)            (-0.43318002 -0.049707715 -0.052892009)       (-0.00016503985 0.0058969006 6.1507942e-05)   (-0.43334506 -0.043810815 -0.052830501)      

Moments - Moment Center (0 0 0.05) Moment Axis (0 1 0)
                          Moments [N m]                                   Coefficients                                   
Zone                      Pressure        Viscous         Total           Pressure        Viscous         Total          
jidi                      -22.897416      -0.0025939318   -22.90001       -0.081208724    -9.1997233e-06  -0.081217924   
jishen                    -230.4777       -0.068490656    -230.54619      -0.81741975     -0.0002429112   -0.81766266    
jitou                     544.37956       0.024178593     544.40373       1.9307143       8.575259e-05    1.9308001      
liangan                   646.64881       0.10122025      646.75003       2.2934258       0.00035899106   2.2937848      
waiyi                     -44.991962      0.63687199      -44.35509       -0.15956996     0.002258751     -0.15731121    
weiyi                     -682.54927      0.45744491      -682.09183      -2.4207516      0.0016223891    -2.4191292     
xiaoyi                    55.936322       0.038325175     55.974647       0.19838559      0.00013592532   0.19852151     
youfuyi                   1.8932474       0.012521044     1.9057684       0.0067146531    4.4407545e-05   0.0067590607   
youweiduo                 -0.42747055     0.035630945     -0.39183961     -0.001516081    0.00012636987   -0.0013897112  
zhongyangyi               -277.32595      0.36151852      -276.96443      -0.98357329     0.0012821734    -0.98229111    
zuofuyi                   -2.7237697      0.015231098     -2.7085386      -0.0096602105   5.4019109e-05   -0.0096061914  
zuoweiduo                 -1.4798566      0.050817929     -1.4290387      -0.0052485078   0.00018023253   -0.0050682753  
------------------------- --------------- --------------- --------------- --------------- --------------- ---------------
Net                       -14.015467      1.6626759       -12.352792      -0.049707715    0.0058969006    -0.043810815   
