                                    "Force Report"

Moments - Moment Center (0 0 0.05)
                          Moments [N m]                                                                                                                             Coefficients                                                                                                                             
Zone                      Pressure                                      Viscous                                       Total                                         Pressure                                      Viscous                                       Total                                        
jidi                      (3.7343124e-09 -22.8842 0.00054325559)        (-2.7860137e-05 0.00066570514 -0.00062539257) (-2.7856402e-05 -22.883534 -8.2136983e-05)    (1.3244235e-11 -0.081161851 1.926728e-06)     (-9.8809671e-08 2.3610116e-06 -2.2180377e-06) (-9.8796427e-08 -0.08115949 -2.9130971e-07)  
jishen                    (0.021768904 -232.43834 -0.17593681)          (0.001937913 -0.086149002 -0.00084138893)     (0.023706817 -232.52449 -0.1767782)           (7.7206308e-05 -0.82437342 -0.00062398325)    (6.8730654e-06 -0.00030553887 -2.9840975e-06) (8.4079374e-05 -0.82467896 -0.00062696734)   
jitou                     (0.019354619 534.42583 -0.19928092)           (8.5912021e-05 -0.080126842 -0.0011339141)    (0.019440531 534.34571 -0.20041483)           (6.8643725e-05 1.8954121 -0.00070677623)      (3.0469838e-07 -0.00028418048 -4.0215767e-06) (6.8948423e-05 1.895128 -0.0007107978)       
liangan                   (-1.2372721 646.15453 -0.36731314)            (-0.014603157 0.11759544 -0.031897085)        (-1.2518753 646.27213 -0.39921023)            (-0.0043881498 2.2916728 -0.0013027248)       (-5.1792035e-05 0.00041706785 -0.00011312724) (-0.0044399418 2.2920899 -0.001415852)       
waiyi                     (-87.903464 -50.183972 4.4084362)             (-0.10282874 0.55888925 0.14594646)           (-88.006293 -49.625082 4.5543827)             (-0.3117613 -0.17798411 0.015635104)          (-0.00036469578 0.0019821749 0.00051761847)   (-0.312126 -0.17600194 0.016152723)          
weiyi                     (-2.1788949 -630.05537 -4.2679824)            (0.0051960124 0.58917211 -0.021078101)        (-2.1736989 -629.46619 -4.2890605)            (-0.0077277399 -2.234575 -0.015136966)        (1.8428348e-05 0.0020895771 -7.4756284e-05)   (-0.0077093115 -2.2324854 -0.015211722)      
xiaoyi                    (-0.37925965 55.8577 0.13498365)              (-0.0045077432 0.039610809 0.0041004404)      (-0.38376739 55.897311 0.13908409)            (-0.0013450947 0.19810675 0.00047873742)      (-1.598731e-05 0.00014048499 1.4542756e-05)   (-0.001361082 0.19824723 0.00049328018)      
youfuyi                   (-20.77712 2.8701227 -0.84201501)             (-0.064453951 0.020303754 -0.1227694)         (-20.841574 2.8904265 -0.96478441)            (-0.073688812 0.010179271 -0.002986318)       (-0.00022859449 7.200996e-05 -0.00043541797)  (-0.073917407 0.010251281 -0.0034217359)     
youweiduo                 (-0.086177551 0.6160535 -0.20086397)          (-0.0007623034 0.053499491 -0.065232069)      (-0.086939854 0.669553 -0.26609604)           (-0.00030564012 0.0021849155 -0.00071239072)  (-2.7036102e-06 0.00018974304 -0.00023135419) (-0.00030834373 0.0023746585 -0.0009437449)  
zhongyangyi               (-5.8971398 -287.02238 0.14634241)            (-0.003596226 0.31904036 0.01465819)          (-5.9007361 -286.70334 0.1610006)             (-0.020914989 -1.017963 0.00051902279)        (-1.2754493e-05 0.001131519 5.1987214e-05)    (-0.020927743 -1.0168314 0.00057101001)      
zuofuyi                   (-14.249833 -2.0705363 -0.96382811)           (-0.0078312071 0.020793663 0.22745952)        (-14.257664 -2.0497427 -0.73636859)           (-0.050538925 -0.0073434318 -0.0034183443)    (-2.7774415e-05 7.3747483e-05 0.00080671537)  (-0.050566699 -0.0072696843 -0.0026116289)   
zuoweiduo                 (0.01666232 0.27967554 0.023822604)           (0.0033097797 0.056689775 0.056572051)        (0.0199721 0.33636532 0.080394655)            (5.909513e-05 0.00099190642 8.4490027e-05)    (1.1738573e-05 0.00020105781 0.00020064029)   (7.0833702e-05 0.0011929642 0.00028513031)   
------------------------- --------------------------------------------- --------------------------------------------- --------------------------------------------- --------------------------------------------- --------------------------------------------- ---------------------------------------------
Net                       (-132.65138 15.549125 -2.3030922)             (-0.18808157 1.6099845 0.2051593)             (-132.83946 17.15911 -2.0979329)              (-0.4704657 0.055147036 -0.0081682222)        (-0.00066705625 0.0057100237 0.0007276247)    (-0.47113276 0.06085706 -0.0074405975)       

Moments - Moment Center (0 0 0.05) Moment Axis (0 1 0)
                          Moments [N m]                                   Coefficients                                   
Zone                      Pressure        Viscous         Total           Pressure        Viscous         Total          
jidi                      -22.8842        0.00066570514   -22.883534      -0.081161851    2.3610116e-06   -0.08115949    
jishen                    -232.43834      -0.086149002    -232.52449      -0.82437342     -0.00030553887  -0.82467896    
jitou                     534.42583       -0.080126842    534.34571       1.8954121       -0.00028418048  1.895128       
liangan                   646.15453       0.11759544      646.27213       2.2916728       0.00041706785   2.2920899      
waiyi                     -50.183972      0.55888925      -49.625082      -0.17798411     0.0019821749    -0.17600194    
weiyi                     -630.05537      0.58917211      -629.46619      -2.234575       0.0020895771    -2.2324854     
xiaoyi                    55.8577         0.039610809     55.897311       0.19810675      0.00014048499   0.19824723     
youfuyi                   2.8701227       0.020303754     2.8904265       0.010179271     7.200996e-05    0.010251281    
youweiduo                 0.6160535       0.053499491     0.669553        0.0021849155    0.00018974304   0.0023746585   
zhongyangyi               -287.02238      0.31904036      -286.70334      -1.017963       0.001131519     -1.0168314     
zuofuyi                   -2.0705363      0.020793663     -2.0497427      -0.0073434318   7.3747483e-05   -0.0072696843  
zuoweiduo                 0.27967554      0.056689775     0.33636532      0.00099190642   0.00020105781   0.0011929642   
------------------------- --------------- --------------- --------------- --------------- --------------- ---------------
Net                       15.549125       1.6099845       17.15911        0.055147036     0.0057100237    0.06085706     
