                                    "Force Report"

Moments - Moment Center (0 0 0.05)
                          Moments [N m]                                                                                                                             Coefficients                                                                                                                             
Zone                      Pressure                                      Viscous                                       Total                                         Pressure                                      Viscous                                       Total                                        
jidi                      (8.05401e-09 -22.892901 0.0053350614)         (2.1413387e-05 -0.0017819603 -0.00063591404)  (2.1421441e-05 -22.894683 0.0046991474)       (2.8564615e-11 -0.08119271 1.8921503e-05)     (7.594542e-08 -6.3199586e-06 -2.2553535e-06)  (7.5973985e-08 -0.08119903 1.666615e-05)     
jishen                    (0.15323688 -231.14136 0.88760348)            (-0.011094409 -0.07498866 -0.0029056699)      (0.14214247 -231.21635 0.88469781)            (0.00054347491 -0.81977349 0.0031480035)      (-3.9347794e-05 -0.00026595723 -1.0305344e-05) (0.00050412712 -0.82003945 0.0031376982)     
jitou                     (-0.41977492 541.10038 4.1304298)             (-0.0046080324 -0.010114595 0.052589369)      (-0.42438295 541.09027 4.1830192)             (-0.0014887874 1.9190843 0.014649117)         (-1.6342999e-05 -3.5872755e-05 0.00018651518) (-0.0015051304 1.9190484 0.014835632)        
liangan                   (0.22140783 646.01515 0.29659256)             (0.012903968 0.09619196 0.015077929)          (0.2343118 646.11134 0.31167049)              (0.00078525225 2.2911784 0.0010519049)        (4.5765634e-05 0.00034115755 5.3475877e-05)   (0.00083101789 2.2915196 0.0011053808)       
waiyi                     (-86.759239 -46.159297 -0.9845403)            (-0.080143094 0.63328753 0.10512109)          (-86.839382 -45.526009 -0.87941921)           (-0.30770315 -0.16371007 -0.0034918028)       (-0.00028423812 0.0022460383 0.00037282591)   (-0.30798739 -0.16146403 -0.0031189769)      
weiyi                     (-5.2796604 -664.36747 -15.652983)            (0.037722152 0.50380642 -0.14857685)          (-5.2419382 -663.86366 -15.80156)             (-0.018725016 -2.3562674 -0.055515382)        (0.00013378662 0.0017868163 -0.00052694753)   (-0.01859123 -2.3544806 -0.056042329)        
xiaoyi                    (2.3921499 55.91477 -0.025868051)             (0.025642801 0.038883287 -0.010300562)        (2.4177927 55.953653 -0.036168613)            (0.0084840771 0.19830915 -9.1744474e-05)      (9.0945598e-05 0.00013790474 -3.653231e-05)   (0.0085750227 0.19844706 -0.00012827678)     
youfuyi                   (-19.025611 2.4335751 -0.24771681)            (-0.051102592 0.01656281 -0.10444293)         (-19.076714 2.4501379 -0.35215974)            (-0.067476854 0.0086309971 -0.00087856054)    (-0.00018124212 5.8742203e-05 -0.0003704207)  (-0.067658096 0.0086897393 -0.0012489812)    
youweiduo                 (-0.063536575 0.11425271 0.10487103)          (0.0074237748 0.038344104 -0.086906246)       (-0.0561128 0.15259681 0.017964783)           (-0.0002253409 0.00040521239 0.00037193902)   (2.6329402e-05 0.00013599245 -0.00030822453)  (-0.00019901149 0.00054120484 6.3714488e-05) 
zhongyangyi               (-2.5756375 -280.14939 -0.036271657)          (0.012337391 0.35586451 -0.006999294)         (-2.5633001 -279.79353 -0.043270951)          (-0.0091348401 -0.993587 -0.00012864224)      (4.3756196e-05 0.0012621207 -2.4823925e-05)   (-0.0090910839 -0.99232488 -0.00015346617)   
zuofuyi                   (-17.268976 -2.5017266 -0.8129636)            (-0.021457135 0.016901676 0.20399653)         (-17.290433 -2.4848249 -0.60896707)           (-0.061246715 -0.0088727053 -0.0028832833)    (-7.6100577e-05 5.9944037e-05 0.00072350077)  (-0.061322815 -0.0088127612 -0.0021597825)   
zuoweiduo                 (-0.12532128 -1.0086126 -0.72190906)          (0.0065334369 0.056308497 0.040460257)        (-0.11878785 -0.95230414 -0.6814488)          (-0.00044446856 -0.0035771786 -0.0025603463)  (2.3171701e-05 0.00019970556 0.00014349767)   (-0.00042129686 -0.003377473 -0.0024168486)  
------------------------- --------------------------------------------- --------------------------------------------- --------------------------------------------- --------------------------------------------- --------------------------------------------- ---------------------------------------------
Net                       (-128.75096 -2.6426277 -13.057421)            (-0.065820325 1.6692656 0.056477712)          (-128.81678 -0.97336209 -13.000943)           (-0.45663237 -0.0093724297 -0.046309875)      (-0.00023344052 0.0059202719 0.0002003057)    (-0.45686581 -0.0034521578 -0.046109569)     

Moments - Moment Center (0 0 0.05) Moment Axis (0 1 0)
                          Moments [N m]                                   Coefficients                                   
Zone                      Pressure        Viscous         Total           Pressure        Viscous         Total          
jidi                      -22.892901      -0.0017819603   -22.894683      -0.08119271     -6.3199586e-06  -0.08119903    
jishen                    -231.14136      -0.07498866     -231.21635      -0.81977349     -0.00026595723  -0.82003945    
jitou                     541.10038       -0.010114595    541.09027       1.9190843       -3.5872755e-05  1.9190484      
liangan                   646.01515       0.09619196      646.11134       2.2911784       0.00034115755   2.2915196      
waiyi                     -46.159297      0.63328753      -45.526009      -0.16371007     0.0022460383    -0.16146403    
weiyi                     -664.36747      0.50380642      -663.86366      -2.3562674      0.0017868163    -2.3544806     
xiaoyi                    55.91477        0.038883287     55.953653       0.19830915      0.00013790474   0.19844706     
youfuyi                   2.4335751       0.01656281      2.4501379       0.0086309971    5.8742203e-05   0.0086897393   
youweiduo                 0.11425271      0.038344104     0.15259681      0.00040521239   0.00013599245   0.00054120484  
zhongyangyi               -280.14939      0.35586451      -279.79353      -0.993587       0.0012621207    -0.99232488    
zuofuyi                   -2.5017266      0.016901676     -2.4848249      -0.0088727053   5.9944037e-05   -0.0088127612  
zuoweiduo                 -1.0086126      0.056308497     -0.95230414     -0.0035771786   0.00019970556   -0.003377473   
------------------------- --------------- --------------- --------------- --------------- --------------- ---------------
Net                       -2.6426277      1.6692656       -0.97336209     -0.0093724297   0.0059202719    -0.0034521578  
