                                    "Force Report"

Forces
                          Forces [N]                                                                                                                                Coefficients                                                                                                                             
Zone                      Pressure                                      Viscous                                       Total                                         Pressure                                      Viscous                                       Total                                        
jidi                      (1145.7471 -2.2980196e-07 0.00043616495)      (1.2135538e-10 -0.00093765891 -0.00041864882) (1145.7471 -0.00093788871 1.7516128e-05)      (1.4819746 -2.9723894e-10 5.6416057e-07)      (1.5696795e-13 -1.2128214e-06 -5.4150421e-07) (1.4819746 -1.2131186e-06 2.2656357e-08)     
jishen                    (9087.8306 0.64654263 -12508.575)             (1.2085167 -0.17733529 -0.051029834)          (9089.0391 0.46920735 -12508.626)             (11.754717 0.00083627503 -16.179302)          (0.0015631643 -0.00022937555 -6.6004892e-05)  (11.75628 0.00060689948 -16.179368)          
jitou                     (-11256.9 -19.954619 12.267481)               (1.1259518 -0.25415551 0.14350751)            (-11255.774 -20.208775 12.410988)             (-14.560315 -0.02581044 0.015867458)          (0.0014563702 -0.0003287392 0.00018562078)    (-14.558859 -0.026139179 0.016053079)        
liangan                   (-81.065015 -2.6288946 -3074.8438)            (1.1777064 -0.1910587 0.045447394)            (-79.887309 -2.8199533 -3074.7984)            (-0.1048541 -0.0034003619 -3.977178)          (0.0015233124 -0.0002471262 5.8784245e-05)    (-0.10333079 -0.0036474881 -3.9771192)       
waiyi                     (-157.3144 -0.5241921 1828.191)               (4.2440336 -0.79198084 0.57938837)            (-153.07037 -1.3161729 1828.7704)             (-0.2034794 -0.00067801989 2.3646863)         (0.0054894746 -0.0010243931 0.00074941388)    (-0.19798992 -0.001702413 2.3654357)         
weiyi                     (42.784114 -28.166061 545.31376)              (1.3833143 -0.27613809 0.0071768914)          (44.167428 -28.442199 545.32094)              (0.055339408 -0.036431586 0.70533985)         (0.0017892574 -0.00035717272 9.2829998e-06)   (0.057128665 -0.036788759 0.70534914)        
xiaoyi                    (152.29689 -1.5683324 -370.25901)             (0.33153614 -0.064816945 0.020053035)         (152.62842 -1.6331493 -370.23896)             (0.19698946 -0.0020285703 -0.47891408)        (0.0004288277 -8.3837925e-05 2.5937736e-05)   (0.19741829 -0.0021124083 -0.47888814)       
youfuyi                   (2.3761597 -0.8914125 23.003458)              (0.14688345 -0.06305794 0.027773042)          (2.5230432 -0.95447044 23.031231)             (0.0030734602 -0.0011530037 0.029753982)      (0.00018998741 -8.1562727e-05 3.5923233e-05)  (0.0032634476 -0.0012345664 0.029789905)     
youweiduo                 (-0.92853375 -0.23100619 -0.360983)           (0.15192493 -0.045109582 0.017209683)         (-0.77660883 -0.27611577 -0.34377332)         (-0.0012010184 -0.00029879655 -0.00046691595) (0.00019650835 -5.8347301e-05 2.2259983e-05)  (-0.0010045101 -0.00035714385 -0.00044465597)
zhongyangyi               (1043.6667 -0.022321257 14292.499)            (2.4582031 -0.30986051 0.23594964)            (1046.1249 -0.33218176 14292.735)             (1.349938 -2.8871584e-05 18.486732)           (0.0031795798 -0.00040079121 0.00030519069)   (1.3531175 -0.0004296628 18.487037)          
zuofuyi                   (-0.57934791 0.58169868 15.660189)            (0.1680939 -0.065882087 0.025430467)          (-0.41125402 0.5158166 15.685619)             (-0.00074936156 0.00075240218 0.02025578)     (0.00021742221 -8.521564e-05 3.2893214e-05)   (-0.00053193935 0.00066718654 0.020288673)   
zuoweiduo                 (-0.90414519 -0.81078593 1.4557121)           (0.14503219 -0.034684845 -0.014970092)        (-0.759113 -0.84547077 1.440742)              (-0.0011694728 -0.0010487167 0.0018829009)    (0.00018759289 -4.4863352e-05 -1.9363169e-05) (-0.00098187995 -0.00109358 0.0018635377)    
------------------------- --------------------------------------------- --------------------------------------------- --------------------------------------------- --------------------------------------------- --------------------------------------------- ---------------------------------------------
Net                       (-22.989706 -53.569384 764.35265)             (12.541197 -2.275018 1.0355175)               (-10.448509 -55.844402 765.38817)             (-0.029736194 -0.06928969 0.98865721)         (0.016221497 -0.0029426377 0.0013393972)      (-0.013514697 -0.072232328 0.98999661)       

Forces - Direction Vector (0.97576488 -0.20791169 0.068232127)
                          Forces [N]                                      Coefficients                                   
Zone                      Pressure        Viscous         Total           Pressure        Viscous         Total          
jidi                      1117.9799       0.00016638507   1117.98         1.4460588       2.1521192e-07   1.446059       
jishen                    8013.9649       1.2126163       8015.1775       10.365718       0.001568467     10.367287      
jitou                     -10979.102      1.161298        -10977.94       -14.200995      0.0015020889    -14.199493     
liangan                   -288.35695      1.1919888       -287.16496      -0.37297729     0.0015417862    -0.3714355     
waiyi                     -28.651519      4.3453739       -24.306145      -0.037059505    0.0056205539    -0.031438951   
weiyi                     84.811207       1.4076916       86.218899       0.10969964      0.0018207884    0.11152043     
xiaoyi                    123.66847       0.33834578      124.00681       0.15995983      0.00043763569   0.16039747     
youfuyi                   4.0734832       0.15832921      4.2318124       0.005268875     0.00020479201   0.005473667    
youweiduo                 -0.88263238     0.15879607      -0.72383631     -0.0011416469   0.00020539588   -0.00093625107 
zhongyangyi               1993.5856       2.4791513       1996.0648       2.5786171       0.0032066753    2.5818238      
zuofuyi                   0.3822787       0.17945295      0.56173165      0.00049446102   0.00023211466   0.00072657568  
zuoweiduo                 -0.61433492     0.14770726      -0.46662765     -0.00079461574  0.00019105298   -0.00060356276 
------------------------- --------------- --------------- --------------- --------------- --------------- ---------------
Net                       40.858561       12.780918       53.639478       0.052848787     0.016531566     0.069380353    
