                                    "Force Report"

Forces
                          Forces [N]                                                                                                                                Coefficients                                                                                                                             
Zone                      Pressure                                      Viscous                                       Total                                         Pressure                                      Viscous                                       Total                                        
jidi                      (1144.7798 3.0538281e-09 0.00043530714)       (2.7762507e-08 9.9763197e-06 0.0044293793)    (1144.7798 9.9793735e-06 0.0048646864)        (1.4807233 3.949995e-12 5.6305102e-07)        (3.5909606e-11 1.290394e-08 5.7292112e-06)    (1.4807233 1.290789e-08 6.2922623e-06)       
jishen                    (9082.1822 -0.24916691 -12499.568)            (1.1545123 -0.0017101456 -0.01482543)         (9083.3367 -0.25087706 -12499.583)            (11.747411 -0.00032228667 -16.167653)         (0.0014933119 -2.2119997e-06 -1.9176055e-05)  (11.748905 -0.00032449867 -16.167672)        
jitou                     (-11249.159 -0.031111579 7.6494823)           (1.1588963 -0.0006953164 0.093032046)         (-11248 -0.031806895 7.7425143)               (-14.550302 -4.0241486e-05 0.0098942757)      (0.0014989824 -8.9936179e-07 0.00012033294)   (-14.548803 -4.1140848e-05 0.010014609)      
liangan                   (-81.068377 0.43357754 -3075.4179)            (1.1162444 0.01171492 0.026824534)            (-79.952133 0.44529246 -3075.391)             (-0.10485845 0.00056081387 -3.9779205)        (0.0014438141 1.5152745e-05 3.4696378e-05)    (-0.10341464 0.00057596661 -3.9778858)       
waiyi                     (-143.20142 -0.26382629 1768.5876)            (4.4568056 -0.0014140188 0.45162588)          (-138.74462 -0.26524031 1769.0392)            (-0.18522487 -0.00034124794 2.2875919)        (0.0057646859 -1.8289724e-06 0.00058415861)   (-0.17946018 -0.00034307691 2.288176)        
weiyi                     (47.100504 0.97804665 536.71948)              (1.5782365 0.0075936832 -0.019108387)         (48.67874 0.98564033 536.70038)               (0.060922472 0.0012650612 0.69422352)         (0.0020413808 9.8221019e-06 -2.4715875e-05)   (0.062963853 0.0012748833 0.69419881)        
xiaoyi                    (152.21462 0.059868149 -369.96756)            (0.3270923 0.00013559561 0.017729377)         (152.54172 0.060003744 -369.94983)            (0.19688306 7.743687e-05 -0.47853709)         (0.00042307979 1.7538708e-07 2.2932185e-05)   (0.19730613 7.7612257e-05 -0.47851416)       
youfuyi                   (2.4596041 -0.87878878 22.184937)             (0.15149178 0.0032729718 0.027495653)         (2.6110959 -0.87551581 22.212433)             (0.0031813919 -0.0011366754 0.02869526)       (0.00019594809 4.233448e-06 3.5564442e-05)    (0.00337734 -0.001132442 0.028730825)        
youweiduo                 (-0.95024798 0.21176881 0.41295332)           (0.15398036 -0.0017659901 -0.0021611604)      (-0.79626762 0.21000282 0.41079216)           (-0.0012291048 0.00027391384 0.00053413732)   (0.00019916696 -2.2842321e-06 -2.7953678e-06) (-0.0010299378 0.0002716296 0.00053134196)   
zhongyangyi               (1050.6957 -0.00055662128 14249.72)           (2.5851764 0.0017642708 0.17911066)           (1053.2808 0.0012076495 14249.899)            (1.3590296 -7.1996563e-07 18.431398)          (0.0033438142 2.2820082e-06 0.00023167192)    (1.3623734 1.5620426e-06 18.43163)           
zuofuyi                   (-0.65655917 0.53437346 14.750779)            (0.17268957 -0.0013757517 0.02128547)         (-0.48386961 0.53299771 14.772065)            (-0.000849231 0.00069118905 0.019079497)      (0.00022336651 -1.7794755e-06 2.7531838e-05)  (-0.00062586448 0.00068940957 0.019107029)   
zuoweiduo                 (-0.95218974 -0.1849333 0.36467194)           (0.15457666 0.003641001 -0.0014901194)        (-0.79761308 -0.18129229 0.36318182)          (-0.0012316164 -0.00023920325 0.00047168744)  (0.00019993825 4.7094779e-06 -1.9274052e-06)  (-0.0010316782 -0.00023449377 0.00046976004) 
------------------------- --------------------------------------------- --------------------------------------------- --------------------------------------------- --------------------------------------------- --------------------------------------------- ---------------------------------------------
Net                       (3.4448479 0.60925113 655.43614)              (13.009702 0.021171196 0.7839479)             (16.45455 0.63042233 656.22009)               (0.0044557623 0.00078804009 0.84777841)       (0.016827489 2.738403e-05 0.0010140028)       (0.021283251 0.00081542412 0.84879241)       

Forces - Direction Vector (0.99939086 0 0.034899497)
                          Forces [N]                                      Coefficients                                   
Zone                      Pressure        Viscous         Total           Pressure        Viscous         Total          
jidi                      1144.0824       0.00015461085   1144.0826       1.4798213       1.9998247e-07   1.4798215      
jishen                    8640.4209       1.1532916       8641.5742       11.176012       0.001491733     11.177504      
jitou                     -11242.039      1.1614371       -11240.878      -14.541093      0.0015022688    -14.539591     
liangan                   -188.34952      1.1165006       -187.23302      -0.24362199     0.0014441454    -0.24217785    
waiyi                     -81.391372      4.4698521       -76.92152       -0.10527623     0.0057815611    -0.099494671   
weiyi                     65.803051       1.5766082       67.379659       0.085113411     0.0020392747    0.087152685    
xiaoyi                    139.21022       0.32751179      139.53773       0.18006242      0.00042362239   0.18048604     
youfuyi                   3.2323489       0.15235908      3.384708        0.004180904     0.0001970699    0.0043779739   
youweiduo                 -0.93525725     0.15381114      -0.78144611     -0.001209715    0.00019894808   -0.0010107669  
zhongyangyi               1547.3636       2.5898524       1549.9535       2.0014482       0.0033498625    2.0047981      
zuofuyi                   -0.14136445     0.17332722      0.031962766     -0.00018284883  0.00022419129   4.1342461e-05  
zuoweiduo                 -0.93888283     0.15443049      -0.78445234     -0.0012144045   0.00019974919   -0.0010146553  
------------------------- --------------- --------------- --------------- --------------- --------------- ---------------
Net                       26.31714        13.029136       39.346277       0.034040087     0.016852626     0.050892713    
