                                    "Force Report"

Forces
                          Forces [N]                                                                                                                                Coefficients                                                                                                                             
Zone                      Pressure                                      Viscous                                       Total                                         Pressure                                      Viscous                                       Total                                        
jidi                      (1144.5693 7.6790367e-07 0.00043525305)       (1.9103515e-08 -0.0030278215 -0.00031605389)  (1144.5693 -0.0030270536 0.00011919916)       (1.4804511 9.932503e-10 5.6298107e-07)        (2.4709574e-11 -3.9163566e-06 -4.0880209e-07) (1.4804511 -3.9153634e-06 1.5417898e-07)     
jishen                    (9083.774 -0.22667247 -12512.162)             (1.2997815 -0.13793748 -0.088400369)          (9085.0738 -0.36460995 -12512.25)             (11.74947 -0.00029319107 -16.183942)          (0.0016812114 -0.00017841619 -0.00011434207)  (11.751151 -0.00047160726 -16.184056)        
jitou                     (-11248.899 -20.67661 -2.9503069)             (1.1447836 -0.25561629 -0.01053763)           (-11247.754 -20.932226 -2.9608445)            (-14.549966 -0.026744304 -0.0038160948)       (0.0014807283 -0.00033062865 -1.362997e-05)   (-14.548485 -0.027074933 -0.0038297248)      
liangan                   (-81.11116 -2.3138089 -3081.4029)             (1.2367951 -0.18060131 -0.053955727)          (-79.874365 -2.4944102 -3081.4569)            (-0.10491379 -0.0029928122 -3.9856619)        (0.0015997411 -0.00023360001 -6.9789408e-05)  (-0.10331405 -0.0032264122 -3.9857317)       
waiyi                     (-125.83149 -1.0186398 1609.2159)             (3.9926156 -0.742845 0.13982652)              (-121.83887 -1.7614848 1609.3558)             (-0.16275761 -0.0013175667 2.0814515)         (0.0051642763 -0.000960838 0.00018085957)     (-0.15759333 -0.0022784047 2.0816323)        
weiyi                     (41.93415 -27.991556 506.38918)               (1.3944175 -0.27510318 -0.074924394)          (43.328568 -28.266659 506.31426)              (0.054240016 -0.036205871 0.65499258)         (0.001803619 -0.0003558341 -9.6911475e-05)    (0.056043635 -0.036561705 0.65489567)        
xiaoyi                    (151.29526 -1.2724856 -372.41937)             (0.31475073 -0.060214313 -0.017110206)        (151.61001 -1.3326999 -372.43648)             (0.1956939 -0.0016459053 -0.48170841)         (0.0004071165 -7.788462e-05 -2.2131314e-05)   (0.19610101 -0.0017237899 -0.48173054)       
youfuyi                   (1.2866043 -0.74859014 21.142993)             (0.16055958 -0.057160679 0.024065768)         (1.4471638 -0.80575082 21.167059)             (0.0016641672 -0.00096826909 0.027347551)     (0.00020767689 -7.3934875e-05 3.1128033e-05)  (0.0018718441 -0.001042204 0.027378679)      
youweiduo                 (-1.0015503 -0.71844545 -1.2215206)           (0.15081996 -0.039339644 0.0074256688)        (-0.85073032 -0.75778509 -1.2140949)          (-0.0012954621 -0.00092927823 -0.0015799843)  (0.00019507912 -5.0884135e-05 9.6047826e-06)  (-0.001100383 -0.00098016236 -0.0015703795)  
zhongyangyi               (1056.5811 -0.034135606 14155.476)            (2.3974909 -0.3423419 0.01679829)             (1058.9786 -0.37647751 14155.492)             (1.3666422 -4.4152936e-05 18.309498)          (0.0031010512 -0.0004428045 2.1727864e-05)    (1.3697432 -0.00048695743 18.309519)         
zuofuyi                   (-0.85124319 0.45626849 12.292385)            (0.21069007 -0.047969269 0.0031079405)        (-0.64055312 0.40829922 12.295493)            (-0.0011010464 0.00059016362 0.01589967)      (0.00027251853 -6.2046183e-05 4.0199871e-06)  (-0.00082852785 0.00052811744 0.01590369)    
zuoweiduo                 (-0.94811167 -0.22409072 0.47668283)          (0.15393998 -0.037919455 -0.02356415)         (-0.79417169 -0.26201018 0.45311868)          (-0.0012263416 -0.00028985169 0.0006165687)   (0.00019911473 -4.9047182e-05 -3.0479212e-05) (-0.0010272269 -0.00033889887 0.00058608949) 
------------------------- --------------------------------------------- --------------------------------------------- --------------------------------------------- --------------------------------------------- --------------------------------------------- ---------------------------------------------
Net                       (20.797938 -54.768765 334.83752)              (12.456645 -2.1800763 -0.077584348)           (33.254583 -56.948842 334.75993)              (0.026901237 -0.070841038 0.4330979)          (0.016112133 -0.0028198348 -0.00010035201)    (0.04301337 -0.073660873 0.43299755)         

Forces - Direction Vector (0.97755174 -0.20791169 -0.034136859)
                          Forces [N]                                      Coefficients                                   
Zone                      Pressure        Viscous         Total           Pressure        Viscous         Total          
jidi                      1118.8757       0.00064032725   1118.8764       1.4472175       8.282357e-07    1.4472184      
jishen                    9307.0321       1.3023002       9308.3344       12.038245       0.0016844692    12.039929      
jitou                     -10991.981      1.1725906       -10990.809      -14.217654      0.0015166954    -14.216137     
liangan                   26.380129       1.2484222       27.628551       0.03412156      0.0016147803    0.035736341    
waiyi                     -177.72858      4.0526613       -173.67592      -0.22988426     0.0052419427    -0.22464232    
weiyi                     29.526037       1.4228701       30.948907       0.038190657     0.0018404212    0.040031078    
xiaoyi                    160.87674       0.32078847      161.19752       0.20808713      0.00041492606   0.20850205     
youfuyi                   0.69160749      0.16801814      0.85962563      0.00089456449   0.00021732422   0.0011118887   
youweiduo                 -0.78799513     0.15535999      -0.63263513     -0.0010192377   0.00020095146   -0.00081828628 
zhongyangyi               549.64634       2.4142749       552.06061       0.71094385      0.0031227605    0.71406661     
zuofuyi                   -1.3466212      0.21582772      -1.1307935      -0.0017417965   0.00027916386   -0.0014626326  
zuoweiduo                 -0.89650958     0.1591726       -0.73733699     -0.0011595965   0.0002058829    -0.00095371362 
------------------------- --------------- --------------- --------------- --------------- --------------- ---------------
Net                       20.287826       12.632927       32.920753       0.026241429     0.016340146     0.042581575    
