                                    "Force Report"

Forces
                          Forces [N]                                                                                                                                Coefficients                                                                                                                             
Zone                      Pressure                                      Viscous                                       Total                                         Pressure                                      Viscous                                       Total                                        
jidi                      (1143.7325 2.5130794e-07 0.00043487553)       (1.8696841e-08 -0.00057484078 -0.0010466256)  (1143.7325 -0.00057458948 -0.0006117501)      (1.4793687 3.2505598e-10 5.6249276e-07)       (2.4183559e-11 -7.4353178e-07 -1.3537651e-06) (1.4793687 -7.4320673e-07 -7.9127239e-07)    
jishen                    (9078.1975 0.73857116 -12501.556)             (1.2220386 -0.047884263 -0.071430606)         (9079.4195 0.6906869 -12501.627)              (11.742257 0.00095530997 -16.170223)          (0.0015806543 -6.193623e-05 -9.2392411e-05)   (11.743838 0.00089337374 -16.170316)         
jitou                     (-11241.893 -7.1719023 -8.2331698)            (1.1746732 -0.085861128 -0.06697287)          (-11240.719 -7.2577635 -8.3001427)            (-14.540904 -0.0092765466 -0.01064925)        (0.0015193891 -0.00011105767 -8.6626521e-05)  (-14.539385 -0.0093876043 -0.010735877)      
liangan                   (-81.13756 -0.062645952 -3080.9997)           (1.1588985 -0.040251892 -0.064699851)         (-79.978662 -0.10289784 -3081.0644)           (-0.10494794 -8.1029839e-05 -3.9851404)       (0.0014989853 -5.2064088e-05 -8.3686469e-05)  (-0.10344895 -0.00013309393 -3.9852241)      
waiyi                     (-125.00906 -0.82398247 1527.9994)            (3.9059447 -0.275837 0.00085851543)           (-121.10312 -1.0998195 1528.0003)             (-0.16169383 -0.0010657858 1.9764014)         (0.0050521711 -0.00035678328 1.1104527e-06)   (-0.15664166 -0.0014225691 1.9764025)        
weiyi                     (44.447321 -9.1148676 493.86907)              (1.5543458 -0.089383459 -0.11784315)          (46.001667 -9.2042511 493.75122)              (0.057490694 -0.011789688 0.63879836)         (0.0020104793 -0.00011561365 -0.00015242504)  (0.059501174 -0.011905302 0.63864593)        
xiaoyi                    (151.00068 -0.28861821 -372.40479)            (0.30671377 -0.020001296 -0.022500956)        (151.3074 -0.3086195 -372.42729)              (0.19531288 -0.00037331521 -0.48168955)       (0.00039672104 -2.5870814e-05 -2.9104016e-05) (0.1957096 -0.00039918603 -0.48171865)       
youfuyi                   (1.6277475 -0.73201998 19.742725)             (0.14339033 -0.023035957 0.026129405)         (1.7711378 -0.75505594 19.768855)             (0.0021054212 -0.0009468363 0.025536364)      (0.00018546921 -2.9796018e-05 3.3797259e-05)  (0.0022908904 -0.00097663232 0.025570161)    
youweiduo                 (-1.0328987 -0.58760747 -0.95632118)          (0.15532565 -0.011033875 -0.0053897806)       (-0.87757301 -0.59864134 -0.96171097)         (-0.0013360099 -0.00076004494 -0.0012369602)  (0.00020090704 -1.4271842e-05 -6.9714489e-06) (-0.0011351029 -0.00077431678 -0.0012439317) 
zhongyangyi               (1056.9506 -0.016667874 14101.154)            (2.3347956 -0.13148543 -0.054848552)          (1059.2854 -0.14815331 14101.099)             (1.3671201 -2.1559177e-05 18.239235)          (0.0030199575 -0.00017007074 -7.0944238e-05)  (1.3701401 -0.00019162992 18.239164)         
zuofuyi                   (-0.83392775 0.3819224 10.588592)             (0.18788249 -0.023986697 0.0016036672)        (-0.64604526 0.3579357 10.590196)             (-0.0010786496 0.00049400017 0.013695887)     (0.0002430179 -3.1025759e-05 2.0742744e-06)   (-0.0008356317 0.00046297441 0.013697962)    
zuoweiduo                 (-1.0008834 0.25650716 -0.36023768)           (0.15567288 -0.014515947 -0.016301305)        (-0.84521055 0.24199121 -0.37653899)          (-0.0012945996 0.00033178095 -0.00046595192)  (0.00020135616 -1.8775752e-05 -2.1085036e-05) (-0.0010932434 0.0003130052 -0.00048703695)  
------------------------- --------------------------------------------- --------------------------------------------- --------------------------------------------- --------------------------------------------- --------------------------------------------- ---------------------------------------------
Net                       (25.048787 -17.421311 188.84447)              (12.299682 -0.76385179 -0.39244211)           (37.348469 -18.185163 188.45203)              (0.032399527 -0.022533715 0.24426218)         (0.015909108 -0.00098800938 -0.00050760696)   (0.048308635 -0.023521724 0.24375458)        

Forces - Direction Vector (0.99513403 -0.069756474 -0.06958655)
                          Forces [N]                                      Coefficients                                   
Zone                      Pressure        Viscous         Total           Pressure        Viscous         Total          
jidi                      1138.1671       0.00011294854   1138.1672       1.4721701       1.4609407e-07   1.4721702      
jishen                    9903.9119       1.2244031       9905.1363       12.810283       0.0015837126    12.811867      
jitou                     -11186.117      1.179607        -11184.938      -14.468761      0.0015257709    -14.467235     
liangan                   133.65777       1.1605694       134.81833       0.17288056      0.0015011465    0.17438171     
waiyi                     -230.6715       3.9061202       -226.76538      -0.29836365     0.0050523981    -0.29331125    
weiyi                     10.500218       1.5612178       12.061436       0.01358158      0.002019368     0.015600948    
xiaoyi                    176.20042       0.30818229      176.5086        0.22790765      0.00039862052   0.22830627     
youfuyi                   0.29706192      0.14248125      0.43954317      0.00038423679   0.00018429336   0.00056853015  
youweiduo                 -0.9203361      0.15571458      -0.76462152     -0.0011904151   0.0002014101    -0.00098900498 
zhongyangyi               70.558062       2.3364233       72.894485       0.091263812     0.0030220628    0.094285875    
zuofuyi                   -1.593335       0.18852989      -1.4048051      -0.0020609102   0.00024385529   -0.0018170549  
zuoweiduo                 -0.9888385      0.15706231      -0.83177619     -0.00127902     0.00020315333   -0.0010758667  
------------------------- --------------- --------------- --------------- --------------- --------------- ---------------
Net                       13.001115       12.320424       25.321539       0.016816382     0.015935938     0.032752319    
