                                    "Force Report"

Moments - Moment Center (0 0 0.05)
                          Moments [N m]                                                                                                                             Coefficients                                                                                                                             
Zone                      Pressure                                      Viscous                                       Total                                         Pressure                                      Viscous                                       Total                                        
jidi                      (1.0598045e-09 -22.874411 0.006052889)        (5.58684e-05 9.4303313e-06 -0.0009349009)     (5.5869459e-05 -22.874402 0.0051179881)       (3.7587372e-12 -0.081127134 2.1467374e-05)    (1.9814469e-07 3.3445921e-08 -3.3157501e-06)  (1.9814845e-07 -0.081127101 1.8151624e-05)   
jishen                    (0.40421859 -232.51346 2.561748)              (-0.025710408 -0.1047052 0.0050150368)        (0.37850818 -232.61817 2.566763)              (0.0014336149 -0.82463985 0.0090855792)       (-9.1185374e-05 -0.00037135088 1.7786493e-05) (0.0013424295 -0.82501121 0.0091033657)      
jitou                     (-0.89431865 528.93949 8.7616421)             (-0.009731717 -0.1431571 0.10851132)          (-0.90405036 528.79633 8.8701534)             (-0.0031718198 1.8759541 0.031074326)         (-3.4514826e-05 -0.00050772566 0.0003848498)  (-0.0032063346 1.8754464 0.031459176)        
liangan                   (0.0652542 645.37468 0.24573012)              (-0.00078822392 0.1340663 -0.0021683199)      (0.064465976 645.50874 0.2435618)             (0.00023143268 2.2889069 0.00087151448)       (-2.7955407e-06 0.00047548391 -7.6902341e-06) (0.00022863714 2.2893824 0.00086382424)      
waiyi                     (39.131824 -54.566692 -5.1710648)             (0.092713238 0.51056584 -0.18373237)          (39.224538 -54.056126 -5.3547971)             (0.13878621 -0.19352801 -0.018339867)         (0.0003288198 0.0018107895 -0.00065163123)    (0.13911503 -0.19171722 -0.018991499)        
weiyi                     (-6.9891224 -609.44598 -20.917495)            (0.066340074 0.59679932 -0.17338859)          (-6.9227823 -608.84918 -21.090884)            (-0.02478785 -2.1614811 -0.074186673)         (0.00023528387 0.002116628 -0.00061494563)    (-0.024552566 -2.1593644 -0.074801618)       
xiaoyi                    (-0.55283863 55.916982 -0.59685682)           (0.014488858 0.043578802 -0.015572325)        (-0.53834977 55.960561 -0.61242915)           (-0.0019607155 0.198317 -0.0021168319)        (5.1386658e-05 0.000154558 -5.5229317e-05)    (-0.0019093289 0.19847156 -0.0021720612)     
youfuyi                   (21.815066 -2.8316512 -0.9366636)             (0.031427067 0.014993661 -0.18867211)         (21.846493 -2.8166575 -1.1253357)             (0.077370027 -0.010042827 -0.0033220018)      (0.00011146026 5.3177008e-05 -0.00066915066)  (0.077481487 -0.0099896497 -0.0039911524)    
youweiduo                 (-0.24464145 1.7545534 -0.84676589)           (0.0055292307 0.046909547 -0.087372187)       (-0.23911222 1.8014629 -0.93413808)           (-0.00086765336 0.0062227563 -0.0030031676)   (1.961015e-05 0.00016637093 -0.00030987705)   (-0.00084804321 0.0063891272 -0.0033130446)  
zhongyangyi               (9.300944 -292.97737 -0.97475327)             (0.041671462 0.27270502 -0.066887936)         (9.3426154 -292.70467 -1.0416412)             (0.032987032 -1.0390831 -0.0034570918)        (0.00014779337 0.00096718453 -0.00023722694)  (0.033134825 -1.0381159 -0.0036943188)       
zuofuyi                   (-10.508072 -1.5471277 -0.89476049)           (0.0099452595 0.020711619 0.19367399)         (-10.498127 -1.5264161 -0.7010865)            (-0.037268273 -0.0054870937 -0.0031733868)    (3.5272182e-05 7.3456505e-05 0.00068689051)   (-0.037233001 -0.0054136372 -0.0024864963)   
zuoweiduo                 (-0.034297141 0.22689388 0.027182853)         (0.017230433 0.078728733 0.016539907)         (-0.017066709 0.30562261 0.043722759)         (-0.00012163936 0.00080470925 9.6407595e-05)  (6.1110016e-05 0.0002792219 5.8660974e-05)    (-6.0529347e-05 0.0010839312 0.00015506857)  
------------------------- --------------------------------------------- --------------------------------------------- --------------------------------------------- --------------------------------------------- --------------------------------------------- ---------------------------------------------
Net                       (51.494017 15.455896 -18.736004)              (0.24317114 1.471206 -0.39498848)             (51.737188 16.927102 -19.130993)              (0.18263036 0.054816384 -0.066449725)         (0.00086243872 0.0052178272 -0.001400879)     (0.1834928 0.060034212 -0.067850604)         

Moments - Moment Center (0 0 0.05) Moment Axis (0 1 0)
                          Moments [N m]                                   Coefficients                                   
Zone                      Pressure        Viscous         Total           Pressure        Viscous         Total          
jidi                      -22.874411      9.4303313e-06   -22.874402      -0.081127134    3.3445921e-08   -0.081127101   
jishen                    -232.51346      -0.1047052      -232.61817      -0.82463985     -0.00037135088  -0.82501121    
jitou                     528.93949       -0.1431571      528.79633       1.8759541       -0.00050772566  1.8754464      
liangan                   645.37468       0.1340663       645.50874       2.2889069       0.00047548391   2.2893824      
waiyi                     -54.566692      0.51056584      -54.056126      -0.19352801     0.0018107895    -0.19171722    
weiyi                     -609.44598      0.59679932      -608.84918      -2.1614811      0.002116628     -2.1593644     
xiaoyi                    55.916982       0.043578802     55.960561       0.198317        0.000154558     0.19847156     
youfuyi                   -2.8316512      0.014993661     -2.8166575      -0.010042827    5.3177008e-05   -0.0099896497  
youweiduo                 1.7545534       0.046909547     1.8014629       0.0062227563    0.00016637093   0.0063891272   
zhongyangyi               -292.97737      0.27270502      -292.70467      -1.0390831      0.00096718453   -1.0381159     
zuofuyi                   -1.5471277      0.020711619     -1.5264161      -0.0054870937   7.3456505e-05   -0.0054136372  
zuoweiduo                 0.22689388      0.078728733     0.30562261      0.00080470925   0.0002792219    0.0010839312   
------------------------- --------------- --------------- --------------- --------------- --------------- ---------------
Net                       15.455896       1.471206        16.927102       0.054816384     0.0052178272    0.060034212    
