                                    "Force Report"

Moments - Moment Center (0 0 0.05)
                          Moments [N m]                                                                                                                             Coefficients                                                                                                                             
Zone                      Pressure                                      Viscous                                       Total                                         Pressure                                      Viscous                                       Total                                        
jidi                      (2.9188449e-09 -22.904949 0.0005874769)       (2.6884072e-05 -0.00085862939 0.0001761532)   (2.6886991e-05 -22.905808 0.00076363011)      (1.0352071e-11 -0.081235442 2.0835648e-06)    (9.5347928e-08 -3.0452431e-06 6.2475071e-07)  (9.535828e-08 -0.081238487 2.7083155e-06)    
jishen                    (-0.028455286 -227.7278 -0.16570779)          (-0.00026194191 -0.054996149 -0.00088537183)  (-0.028717228 -227.7828 -0.16659316)          (-0.00010092045 -0.80766687 -0.00058770465)   (-9.2901176e-07 -0.00019505114 -3.1400887e-06) (-0.00010184946 -0.80786193 -0.00059084474)  
jitou                     (-0.00098300061 558.73472 0.024363831)        (-1.8096716e-05 0.18486088 0.00043868589)     (-0.0010010973 558.91958 0.024802517)         (-3.4863421e-06 1.9816268 8.640956e-05)       (-6.4182404e-08 0.00065563365 1.5558577e-06)  (-3.5505245e-06 1.9822825 8.7965417e-05)     
liangan                   (0.32572982 651.24889 -0.13433186)            (0.0071963995 0.13030627 -0.011236618)        (0.33292622 651.3792 -0.14556848)             (0.001155244 2.3097406 -0.00047642577)        (2.5522986e-05 0.00046214849 -3.9852156e-05)  (0.001180767 2.3102028 -0.00051627793)       
waiyi                     (17.162253 -46.921386 3.0865943)              (0.010395401 0.42651805 0.032643809)          (17.172648 -46.494868 3.1192381)              (0.060868207 -0.16641292 0.010947016)         (3.6868668e-05 0.0015127029 0.0001157756)     (0.060905075 -0.16490022 0.011062792)        
weiyi                     (0.56579539 -778.38828 1.760501)              (-0.003351096 0.046832971 0.013054329)        (0.5624443 -778.34145 1.7735553)              (0.0020066684 -2.7606573 0.0062438505)        (-1.1885107e-05 0.00016609935 4.6298912e-05)  (0.0019947833 -2.7604912 0.0062901494)       
xiaoyi                    (0.12609756 55.66993 -0.018469853)            (0.0019716615 0.031260775 0.0011909162)       (0.12806922 55.701191 -0.017278936)           (0.00044722172 0.1974408 -6.5505783e-05)      (6.9927592e-06 0.00011087049 4.2237424e-06)   (0.00045421448 0.19755167 -6.1282041e-05)    
youfuyi                   (36.772079 -4.9152218 -3.5137564)             (0.037601347 0.011769829 -0.16989245)         (36.80968 -4.903452 -3.6836489)               (0.13041706 -0.017432486 -0.012462003)        (0.00013335817 4.1743259e-05 -0.00060254612)  (0.13055041 -0.017390743 -0.013064549)       
youweiduo                 (0.7092293 -5.2591273 3.2514749)              (0.015269466 -0.004822134 -0.073044688)       (0.72449877 -5.2639494 3.1784302)             (0.0025153758 -0.018652193 0.011531787)       (5.4155189e-05 -1.7102338e-05 -0.00025906268) (0.002569531 -0.018669295 0.011272725)       
zhongyangyi               (-0.29892236 -273.29444 0.034476981)          (0.00015387665 0.26183636 0.010153039)        (-0.29876848 -273.03261 0.04463002)           (-0.0010601678 -0.96927501 0.00012227719)     (5.4574396e-07 0.00092863739 3.6009099e-05)   (-0.0010596221 -0.96834637 0.00015828629)    
zuofuyi                   (-32.33298 -4.5749135 0.65167322)             (-0.056435676 0.0092104595 0.1652507)         (-32.389415 -4.5657031 0.81692391)            (-0.1146732 -0.016225538 0.0023112455)        (-0.00020015661 3.2666117e-05 0.00058608353)  (-0.11487336 -0.016192872 0.0028973291)      
zuoweiduo                 (-0.56307839 -4.4607084 -2.7594603)           (-0.013976192 2.8187886e-05 0.07441524)       (-0.57705458 -4.4606802 -2.6850451)           (-0.0019970322 -0.015820494 -0.0097867921)    (-4.9568421e-05 9.9972079e-08 0.00026392353)  (-0.0020466006 -0.015820394 -0.0095228686)   
------------------------- --------------------------------------------- --------------------------------------------- --------------------------------------------- --------------------------------------------- --------------------------------------------- ---------------------------------------------
Net                       (22.436765 -102.79329 2.2179456)              (-0.001427967 1.0419469 0.04226374)           (22.435337 -101.75135 2.2602093)              (0.079574964 -0.36457005 0.0078662383)        (-5.0644746e-06 0.0036954028 0.00014989396)   (0.079569899 -0.36087465 0.0080161323)       

Moments - Moment Center (0 0 0.05) Moment Axis (0 1 0)
                          Moments [N m]                                   Coefficients                                   
Zone                      Pressure        Viscous         Total           Pressure        Viscous         Total          
jidi                      -22.904949      -0.00085862939  -22.905808      -0.081235442    -3.0452431e-06  -0.081238487   
jishen                    -227.7278       -0.054996149    -227.7828       -0.80766687     -0.00019505114  -0.80786193    
jitou                     558.73472       0.18486088      558.91958       1.9816268       0.00065563365   1.9822825      
liangan                   651.24889       0.13030627      651.3792        2.3097406       0.00046214849   2.3102028      
waiyi                     -46.921386      0.42651805      -46.494868      -0.16641292     0.0015127029    -0.16490022    
weiyi                     -778.38828      0.046832971     -778.34145      -2.7606573      0.00016609935   -2.7604912     
xiaoyi                    55.66993        0.031260775     55.701191       0.1974408       0.00011087049   0.19755167     
youfuyi                   -4.9152218      0.011769829     -4.903452       -0.017432486    4.1743259e-05   -0.017390743   
youweiduo                 -5.2591273      -0.004822134    -5.2639494      -0.018652193    -1.7102338e-05  -0.018669295   
zhongyangyi               -273.29444      0.26183636      -273.03261      -0.96927501     0.00092863739   -0.96834637    
zuofuyi                   -4.5749135      0.0092104595    -4.5657031      -0.016225538    3.2666117e-05   -0.016192872   
zuoweiduo                 -4.4607084      2.8187886e-05   -4.4606802      -0.015820494    9.9972079e-08   -0.015820394   
------------------------- --------------- --------------- --------------- --------------- --------------- ---------------
Net                       -102.79329      1.0419469       -101.75135      -0.36457005     0.0036954028    -0.36087465    
