                                    "Force Report"

Moments - Moment Center (0 0 0.05)
                          Moments [N m]                                                                                                                             Coefficients                                                                                                                             
Zone                      Pressure                                      Viscous                                       Total                                         Pressure                                      Viscous                                       Total                                        
jidi                      (2.8434121e-09 -22.873486 0.00086677964)      (2.6030657e-06 0.00054762287 3.1300924e-05)   (2.6059091e-06 -22.872939 0.00089808057)      (1.0084538e-11 -0.081123855 3.074149e-06)     (9.2321179e-09 1.9422172e-06 1.1101288e-07)   (9.2422025e-09 -0.081121913 3.1851619e-06)   
jishen                    (-0.0042462481 -232.92626 0.08284885)         (-0.00065581312 -0.10108119 -0.0001086948)    (-0.0049020612 -233.02734 0.082740155)        (-1.5059882e-05 -0.8261039 0.00029383444)     (-2.3259283e-06 -0.00035849786 -3.8550053e-07) (-1.7385811e-05 -0.8264624 0.00029344894)    
jitou                     (-0.0054364988 528.72326 0.046392185)         (-3.255215e-05 -0.14493073 0.00055960779)     (-0.0054690509 528.57832 0.046951793)         (-1.9281264e-05 1.8751872 0.00016453604)      (-1.1545052e-07 -0.00051401605 1.9847233e-06) (-1.9396715e-05 1.8746732 0.00016652076)     
liangan                   (0.028838631 644.87828 0.23422833)            (-0.0051520774 0.1257269 0.0042183448)        (0.023686554 645.004 0.23844668)              (0.00010228003 2.2871464 0.00083072187)       (-1.8272526e-05 0.00044590713 1.4960919e-05)  (8.4007506e-05 2.2875923 0.00084568279)      
waiyi                     (30.937805 -54.868501 -3.3266349)             (0.030212736 0.51786165 -0.082770763)         (30.968018 -54.350639 -3.4094056)             (0.10972503 -0.19459842 -0.011798352)         (0.00010715348 0.0018366651 -0.00029355749)   (0.10983218 -0.19276175 -0.012091909)        
weiyi                     (0.191786 -609.19888 0.53981043)              (-0.0032938546 0.63861852 0.0097299548)       (0.18849215 -608.56027 0.54954039)            (0.00068019451 -2.1606047 0.0019145093)       (-1.1682092e-05 0.0022649453 3.4508576e-05)   (0.00066851242 -2.1583397 0.0019490179)      
xiaoyi                    (0.12994491 55.863708 -0.029246058)           (0.0012029249 0.042261928 -0.0011117381)      (0.13114783 55.90597 -0.030357796)            (0.00046086686 0.19812805 -0.00010372502)     (4.2663326e-06 0.00014988754 -3.9429266e-06)  (0.0004651332 0.19827794 -0.00010766795)     
youfuyi                   (21.665489 -2.7688997 -1.6270312)             (0.030840527 0.011374902 -0.15153498)         (21.696329 -2.7575248 -1.7785662)             (0.076839531 -0.0098202702 -0.005770482)      (0.00010938002 4.0342601e-05 -0.00053743892)  (0.076948911 -0.0097799276 -0.0063079209)    
youweiduo                 (-0.083654642 0.96470684 -0.42429798)         (-0.0061933896 0.063969265 -0.051285032)      (-0.089848032 1.0286761 -0.47558301)          (-0.00029669229 0.0034214608 -0.0015048291)   (-2.1965678e-05 0.00022687549 -0.00018188917) (-0.00031865797 0.0036483363 -0.0016867183)  
zhongyangyi               (2.0593173 -293.44306 -0.17402146)            (0.0012435518 0.27949513 -0.0061807244)       (2.0605609 -293.16357 -0.18020218)            (0.0073036421 -1.0407348 -0.00061719019)      (4.4104215e-06 0.00099126655 -2.1920759e-05)  (0.0073080526 -1.0397435 -0.00063911095)     
zuofuyi                   (-10.740654 -1.5699474 -0.94371187)           (0.0059938752 0.020668813 0.20206786)         (-10.734661 -1.5492786 -0.74164401)           (-0.038093156 -0.0055680269 -0.0033469994)    (2.1258074e-05 7.3304687e-05 0.00071666048)   (-0.038071898 -0.0054947222 -0.0026303389)   
zuoweiduo                 (0.088036109 0.99558277 0.44003056)           (0.0050712186 0.06226811 0.054584486)         (0.093107328 1.0578509 0.49461504)            (0.00031223174 0.0035309664 0.0015606268)     (1.798575e-05 0.00022084211 0.00019359112)    (0.00033021749 0.0037518085 0.0017542179)    
------------------------- --------------------------------------------- --------------------------------------------- --------------------------------------------- --------------------------------------------- --------------------------------------------- ---------------------------------------------
Net                       (44.267225 13.776486 -5.1807663)              (0.05923975 1.5167809 -0.021800379)           (44.326464 15.293267 -5.2025666)              (0.15699959 0.048860137 -0.018374275)         (0.00021010163 0.0053794648 -7.7317936e-05)   (0.15720969 0.054239602 -0.018451593)        

Moments - Moment Center (0 0 0.05) Moment Axis (0 1 0)
                          Moments [N m]                                   Coefficients                                   
Zone                      Pressure        Viscous         Total           Pressure        Viscous         Total          
jidi                      -22.873486      0.00054762287   -22.872939      -0.081123855    1.9422172e-06   -0.081121913   
jishen                    -232.92626      -0.10108119     -233.02734      -0.8261039      -0.00035849786  -0.8264624     
jitou                     528.72326       -0.14493073     528.57832       1.8751872       -0.00051401605  1.8746732      
liangan                   644.87828       0.1257269       645.004         2.2871464       0.00044590713   2.2875923      
waiyi                     -54.868501      0.51786165      -54.350639      -0.19459842     0.0018366651    -0.19276175    
weiyi                     -609.19888      0.63861852      -608.56027      -2.1606047      0.0022649453    -2.1583397     
xiaoyi                    55.863708       0.042261928     55.90597        0.19812805      0.00014988754   0.19827794     
youfuyi                   -2.7688997      0.011374902     -2.7575248      -0.0098202702   4.0342601e-05   -0.0097799276  
youweiduo                 0.96470684      0.063969265     1.0286761       0.0034214608    0.00022687549   0.0036483363   
zhongyangyi               -293.44306      0.27949513      -293.16357      -1.0407348      0.00099126655   -1.0397435     
zuofuyi                   -1.5699474      0.020668813     -1.5492786      -0.0055680269   7.3304687e-05   -0.0054947222  
zuoweiduo                 0.99558277      0.06226811      1.0578509       0.0035309664    0.00022084211   0.0037518085   
------------------------- --------------- --------------- --------------- --------------- --------------- ---------------
Net                       13.776486       1.5167809       15.293267       0.048860137     0.0053794648    0.054239602    
