                                    "Force Report"

Moments - Moment Center (0 0 0.05)
                          Moments [N m]                                                                                                                             Coefficients                                                                                                                             
Zone                      Pressure                                      Viscous                                       Total                                         Pressure                                      Viscous                                       Total                                        
jidi                      (1.2234024e-08 -22.917317 0.011091325)        (5.8467165e-05 -0.0026839257 0.0015309112)    (5.8479399e-05 -22.920001 0.012622236)        (4.3389589e-11 -0.081279306 3.9336856e-05)    (2.0736156e-07 -9.5188986e-06 5.4295799e-06)  (2.0740495e-07 -0.081288825 4.4766436e-05)   
jishen                    (-0.00012478309 -228.95453 1.662993)          (-0.0069724036 -0.067744938 0.0095053794)     (-0.0070971867 -229.02228 1.6724984)          (-4.4255979e-07 -0.81201763 0.0058980254)     (-2.4728555e-05 -0.00024026641 3.3712089e-05) (-2.5171114e-05 -0.8122579 0.0059317375)     
jitou                     (-0.46159537 557.93181 4.5563409)             (-0.0046650709 0.18077948 0.055644159)        (-0.46626044 558.11259 4.6119851)             (-0.0016371092 1.9787792 0.016159668)         (-1.6545293e-05 0.0006411584 0.00019734939)   (-0.0016536545 1.9794203 0.016357017)        
liangan                   (-0.39928964 651.2167 -1.0227489)             (-0.0092569092 0.13289002 0.033656524)        (-0.40854655 651.34959 -0.98909233)           (-0.0014161337 2.3096264 -0.0036273145)       (-3.2830857e-05 0.00047131208 0.00011936733)  (-0.0014489646 2.3100977 -0.0035079472)      
waiyi                     (27.71843 -46.875287 3.2657373)               (0.058378868 0.42599859 -0.00051799388)       (27.776808 -46.449289 3.2652193)              (0.098307089 -0.16624943 0.011582371)         (0.0002070484 0.0015108605 -1.837134e-06)     (0.098514137 -0.16473857 0.011580534)        
weiyi                     (-4.391987 -772.56464 -9.8228689)             (0.040327557 0.067349487 -0.15679912)         (-4.3516594 -772.49729 -9.979668)             (-0.015576765 -2.740003 -0.034838108)         (0.00014302703 0.00023886389 -0.00055610887)  (-0.015433738 -2.7397641 -0.035394217)       
xiaoyi                    (8.2294818 55.663472 -0.65173123)             (0.059007659 0.031078763 -0.013958781)        (8.2884894 55.69455 -0.66569001)              (0.029186949 0.19741789 -0.0023114513)        (0.00020927849 0.00011022496 -4.9506668e-05)  (0.029396228 0.19752811 -0.002360958)        
youfuyi                   (36.695795 -4.8863029 -3.5103384)             (0.039062839 0.012058326 -0.17545171)         (36.734858 -4.8742445 -3.6857901)             (0.13014651 -0.017329921 -0.012449881)        (0.00013854154 4.2766455e-05 -0.00062226278)  (0.13028505 -0.017287155 -0.013072144)       
youweiduo                 (0.3533378 -3.3946485 2.1306039)              (0.018345007 -0.0069587135 -0.090820838)      (0.37168281 -3.4016072 2.0397831)             (0.0012531594 -0.012039571 0.0075564694)      (6.5063002e-05 -2.4680001e-05 -0.00032210815) (0.0013182224 -0.012064251 0.0072343613)     
zhongyangyi               (2.2414985 -274.40132 -1.6868155)             (-0.00032905865 0.25119844 0.01351731)        (2.2411694 -274.15012 -1.6732982)             (0.0079497717 -0.9732007 -0.005982515)        (-1.1670502e-06 0.00089090859 4.7940934e-05)  (0.0079486046 -0.97230979 -0.005934574)      
zuofuyi                   (-31.6469 -4.483358 0.60660989)               (-0.053186203 0.0092665514 0.16107818)        (-31.700086 -4.4740915 0.76768808)            (-0.11223993 -0.015900824 0.0021514225)       (-0.00018863193 3.2865054e-05 0.00057128515)  (-0.11242856 -0.015867959 0.0027227076)      
zuoweiduo                 (-1.0920239 -6.5842163 -4.1281696)            (-0.0067110895 0.0073600848 0.041969348)      (-1.098735 -6.5768562 -4.0862002)             (-0.0038730077 -0.023351797 -0.014641101)     (-2.3801769e-05 2.6103517e-05 0.00014884986)  (-0.0038968095 -0.023325693 -0.014492251)    
------------------------- --------------------------------------------- --------------------------------------------- --------------------------------------------- --------------------------------------------- --------------------------------------------- ---------------------------------------------
Net                       (37.246621 -100.24965 -8.589296)              (0.13405966 1.0405922 -0.12064662)            (37.380681 -99.209054 -8.7099427)             (0.13210009 -0.35554867 -0.030463078)         (0.00047546038 0.0036905982 -0.00042788926)   (0.13257555 -0.35185808 -0.030890967)        

Moments - Moment Center (0 0 0.05) Moment Axis (0 1 0)
                          Moments [N m]                                   Coefficients                                   
Zone                      Pressure        Viscous         Total           Pressure        Viscous         Total          
jidi                      -22.917317      -0.0026839257   -22.920001      -0.081279306    -9.5188986e-06  -0.081288825   
jishen                    -228.95453      -0.067744938    -229.02228      -0.81201763     -0.00024026641  -0.8122579     
jitou                     557.93181       0.18077948      558.11259       1.9787792       0.0006411584    1.9794203      
liangan                   651.2167        0.13289002      651.34959       2.3096264       0.00047131208   2.3100977      
waiyi                     -46.875287      0.42599859      -46.449289      -0.16624943     0.0015108605    -0.16473857    
weiyi                     -772.56464      0.067349487     -772.49729      -2.740003       0.00023886389   -2.7397641     
xiaoyi                    55.663472       0.031078763     55.69455        0.19741789      0.00011022496   0.19752811     
youfuyi                   -4.8863029      0.012058326     -4.8742445      -0.017329921    4.2766455e-05   -0.017287155   
youweiduo                 -3.3946485      -0.0069587135   -3.4016072      -0.012039571    -2.4680001e-05  -0.012064251   
zhongyangyi               -274.40132      0.25119844      -274.15012      -0.9732007      0.00089090859   -0.97230979    
zuofuyi                   -4.483358       0.0092665514    -4.4740915      -0.015900824    3.2865054e-05   -0.015867959   
zuoweiduo                 -6.5842163      0.0073600848    -6.5768562      -0.023351797    2.6103517e-05   -0.023325693   
------------------------- --------------- --------------- --------------- --------------- --------------- ---------------
Net                       -100.24965      1.0405922       -99.209054      -0.35554867     0.0036905982    -0.35185808    
