                                    "Force Report"

Forces
                          Forces [N]                                                                                                                                Coefficients                                                                                                                             
Zone                      Pressure                                      Viscous                                       Total                                         Pressure                                      Viscous                                       Total                                        
jidi                      (1143.6792 2.673107e-07 0.00043492628)        (2.0563389e-08 -0.00081093377 -0.0010101838)  (1143.6792 -0.00081066646 -0.00057525755)     (1.4792998 3.4575487e-10 5.625584e-07)        (2.6597857e-11 -1.0489079e-06 -1.3066292e-06) (1.4792998 -1.0485621e-06 -7.4407085e-07)    
jishen                    (9077.9031 1.0042076 -12501.588)              (1.2314011 -0.044283063 -0.071887762)         (9079.1345 0.95992458 -12501.66)              (11.741876 0.0012988993 -16.170265)           (0.0015927642 -5.7278233e-05 -9.2983722e-05)  (11.743469 0.0012416211 -16.170358)          
jitou                     (-11241.337 -7.0530545 -8.6534103)            (1.1762628 -0.085152919 -0.069994906)         (-11240.16 -7.1382074 -8.7234052)             (-14.540185 -0.0091228221 -0.011192813)       (0.0015214452 -0.00011014163 -9.0535395e-05)  (-14.538663 -0.0092329637 -0.011283349)      
liangan                   (-81.119277 -0.45061293 -3081.01)             (1.1561768 -0.047509111 -0.060762832)         (-79.9631 -0.49812204 -3081.0707)             (-0.10492429 -0.00058284841 -3.9851536)       (0.0014954649 -6.1450987e-05 -7.8594104e-05)  (-0.10342882 -0.00064429939 -3.9852322)      
waiyi                     (-126.77038 -0.1972921 1502.6619)             (3.8939519 -0.2736017 -0.02726453)            (-122.87643 -0.4708938 1502.6347)             (-0.16397202 -0.00025518883 1.9436285)        (0.0050366589 -0.00035389201 -3.5265495e-05)  (-0.15893536 -0.00060908084 1.9435932)       
weiyi                     (43.427768 -2.0698223 474.18399)              (1.5359513 -0.090478964 -0.13511971)          (44.963719 -2.1603013 474.04887)              (0.056171946 -0.002677226 0.61333656)         (0.0019866869 -0.00011703064 -0.00017477152)  (0.058158633 -0.0027942566 0.61316179)       
xiaoyi                    (150.97252 -0.31245877 -372.47412)            (0.30661291 -0.020013013 -0.023335513)        (151.27913 -0.33247178 -372.49745)            (0.19527645 -0.00040415195 -0.48177922)       (0.00039659058 -2.588597e-05 -3.0183481e-05)  (0.19567304 -0.00043003792 -0.4818094)       
youfuyi                   (-0.91508323 -0.37416139 10.920737)           (0.19412336 -0.021902294 0.0012850676)        (-0.72095988 -0.39606369 10.922022)           (-0.0011836207 -0.00048396164 0.014125502)    (0.0002510902 -2.8329674e-05 1.6621796e-06)   (-0.00093253053 -0.00051229131 0.014127164)  
youweiduo                 (-1.0615737 -0.76032341 -1.2233506)           (0.15599763 -0.014106377 -0.0052194075)       (-0.90557605 -0.77442978 -1.22857)            (-0.0013730998 -0.00098344556 -0.0015823512)  (0.00020177622 -1.824599e-05 -6.7510787e-06)  (-0.0011713236 -0.0010016916 -0.0015891023)  
zhongyangyi               (1056.5756 -0.017463401 14093.047)            (2.324648 -0.13462521 -0.062316351)           (1058.9002 -0.15208861 14092.985)             (1.366635 -2.2588157e-05 18.228749)           (0.003006832 -0.0001741319 -8.0603515e-05)    (1.3696418 -0.00019672006 18.228669)         
zuofuyi                   (-0.83640837 0.38169334 10.425757)            (0.18573186 -0.023164845 0.0014184625)        (-0.65067651 0.3585285 10.427175)             (-0.0010818582 0.00049370389 0.013485267)     (0.00024023616 -2.9962729e-05 1.8347201e-06)  (-0.00084162202 0.00046374116 0.013487102)   
zuoweiduo                 (0.18389163 4.8975186 -8.5031916)             (0.10181136 -0.0045682216 -0.036524613)       (0.28570299 4.8929503 -8.5397162)             (0.0002378559 0.0063347292 -0.010998512)      (0.00013168861 -5.9087978e-06 -4.7243013e-05) (0.00036954451 0.0063288204 -0.011045755)    
------------------------- --------------------------------------------- --------------------------------------------- --------------------------------------------- --------------------------------------------- --------------------------------------------- ---------------------------------------------
Net                       (20.702621 -4.951769 117.78799)               (12.262669 -0.76021665 -0.49073228)           (32.96529 -5.7119857 117.29725)               (0.026777948 -0.0064048999 0.15235368)        (0.015861234 -0.00098330748 -0.00063474105)   (0.042639182 -0.0073882073 0.15171894)       

Forces - Direction Vector (0.99513403 -0.069756474 -0.06958655)
                          Forces [N]                                      Coefficients                                   
Zone                      Pressure        Viscous         Total           Pressure        Viscous         Total          
jidi                      1138.1141       0.00012688355   1138.1142       1.4721015       1.6411841e-07   1.4721017      
jishen                    9903.6027       1.2335006       9904.8362       12.809883       0.0015954798    12.811479      
jitou                     -11185.543      1.1813498       -11184.361      -14.468017      0.001528025     -14.466489     
liangan                   133.70373       1.1580932       134.86183       0.17294002      0.0014979437    0.17443796     
waiyi                     -230.70482      3.8959868       -226.80883      -0.29840674     0.005039291     -0.29336745    
weiyi                     10.364005       1.5441915       11.908197       0.013405394     0.0019973451    0.015402739    
xiaoyi                    176.17888       0.30814082      176.48702       0.22787979      0.00039856687   0.22827835     
youfuyi                   -1.6444667      0.19461716      -1.4498495      -0.0021270468   0.00025172891   -0.0018753179  
youweiduo                 -0.91824188     0.15658577      -0.76165611     -0.0011877063   0.00020253694   -0.00098516936 
zhongyangyi               70.74902        2.3270637       73.076083       0.091510808     0.0030099566    0.094520765    
zuofuyi                   -1.5844565      0.18634529      -1.3981112      -0.0020494262   0.0002410296    -0.0018083966  
zuoweiduo                 0.43307096      0.10417624      0.5372472       0.00056015863   0.00013474747   0.0006949061   
------------------------- --------------- --------------- --------------- --------------- --------------- ---------------
Net                       12.750841       12.290178       25.041019       0.016492664     0.015896815     0.032389479    
