                                    "Force Report"

Forces
                          Forces [N]                                                                                                                                Coefficients                                                                                                                             
Zone                      Pressure                                      Viscous                                       Total                                         Pressure                                      Viscous                                       Total                                        
jidi                      (1144.0765 4.4026696e-07 0.00043517013)       (1.9185497e-08 -0.0011043318 -0.00029530484)  (1144.0765 -0.0011038916 0.0001398653)        (1.4798137 5.6946634e-10 5.6287381e-07)       (2.4815614e-11 -1.4284056e-06 -3.8196408e-07) (1.4798137 -1.4278362e-06 1.8090973e-07)     
jishen                    (9079.5602 0.98583256 -12501.599)             (1.204263 -0.049020484 -0.054583574)          (9080.7644 0.93681208 -12501.653)             (11.74402 0.0012751319 -16.170279)            (0.0015576622 -6.3405884e-05 -7.0601501e-05)  (11.745577 0.0012117261 -16.17035)           
jitou                     (-11243.932 -6.9697463 -3.3305016)            (1.17214 -0.085045735 -0.015554066)           (-11242.76 -7.054792 -3.3460557)              (-14.543541 -0.0090150665 -0.0043078603)      (0.0015161126 -0.00011000299 -2.0118514e-05)  (-14.542025 -0.0091250695 -0.0043279788)     
liangan                   (-81.097869 -0.55344163 -3078.9568)           (1.1150306 -0.052174968 -0.027268286)         (-79.982838 -0.6056166 -3078.9841)            (-0.1048966 -0.0007158529 -3.982498)          (0.001442244 -6.7486073e-05 -3.5270352e-05)   (-0.10345435 -0.00078333898 -3.9825333)      
waiyi                     (-126.88105 -0.16208538 1587.3174)            (4.028132 -0.25458935 0.11500971)             (-122.85292 -0.41667473 1587.4324)            (-0.16411517 -0.00020965045 2.0531266)        (0.0052102151 -0.00032930035 0.0001487601)    (-0.15890496 -0.0005389508 2.0532754)        
weiyi                     (45.054032 -1.9292043 487.35072)              (1.5651583 -0.091599087 -0.10492331)          (46.619191 -2.0208033 487.2458)               (0.058275449 -0.0024953426 0.63036715)        (0.0020244649 -0.00011847947 -0.00013571378)  (0.060299914 -0.002613822 0.63023144)        
xiaoyi                    (151.30262 -0.2827975 -371.68232)             (0.31010408 -0.019764438 -0.010810029)        (151.61272 -0.30256194 -371.69313)            (0.19570342 -0.00036578638 -0.48075506)       (0.00040110626 -2.5564449e-05 -1.3982306e-05) (0.19610452 -0.00039135083 -0.48076905)      
youfuyi                   (-0.85175623 -0.42841457 12.313427)           (0.19256771 -0.021638931 0.0073949869)        (-0.65918851 -0.4500535 12.320822)            (-0.00110171 -0.00055413579 0.015926888)      (0.00024907804 -2.7989024e-05 9.5650968e-06)  (-0.00085263193 -0.00058212481 0.015936453)  
youweiduo                 (-1.0317314 -0.56281558 -0.89105355)          (0.15676323 -0.016889543 -0.0016901498)       (-0.87496821 -0.57970512 -0.8927437)          (-0.0013345002 -0.0007279777 -0.0011525394)   (0.00020276648 -2.1845896e-05 -2.1861359e-06) (-0.0011317337 -0.00074982359 -0.0011547255) 
zhongyangyi               (1057.5941 -0.017361322 14145.686)            (2.4501598 -0.12473606 0.0094585359)          (1060.0443 -0.14209738 14145.695)             (1.3679524 -2.2456122e-05 18.296835)          (0.0031691761 -0.00016134072 1.2234209e-05)   (1.3711216 -0.00018379684 18.296847)         
zuofuyi                   (-0.83644225 0.43215639 11.939272)            (0.1913735 -0.020496184 0.0074563262)         (-0.64506875 0.41166021 11.946728)            (-0.001081902 0.00055897567 0.015442934)      (0.00024753337 -2.6510931e-05 9.6444366e-06)  (-0.00083436863 0.00053246474 0.015452578)   
zuoweiduo                 (0.1079965 4.7670168 -8.2581671)              (0.10146854 -0.001591461 -0.034375888)        (0.20946504 4.7654253 -8.292543)              (0.00013968882 0.0061659308 -0.010681583)     (0.00013124518 -2.0584862e-06 -4.446373e-05)  (0.000270934 0.0061638723 -0.010726047)      
------------------------- --------------------------------------------- --------------------------------------------- --------------------------------------------- --------------------------------------------- --------------------------------------------- ---------------------------------------------
Net                       (23.064716 -4.7208604 279.88906)              (12.487161 -0.73865057 -0.11018105)           (35.551877 -5.4595109 279.77888)              (0.029833216 -0.0061062294 0.36202444)        (0.016151604 -0.00095541269 -0.00014251444)   (0.04598482 -0.0070616421 0.36188193)        

Forces - Direction Vector (0.99695636 -0.069756474 -0.034814483)
                          Forces [N]                                      Coefficients                                   
Zone                      Pressure        Viscous         Total           Pressure        Viscous         Total          
jidi                      1140.5943       8.7334306e-05   1140.5944       1.4753096       1.1296316e-07   1.4753097      
jishen                    9487.0932       1.2059174       9488.2991       12.271146       0.0015598022    12.272706      
jitou                     -11209.107      1.1750464       -11207.932      -14.498497      0.0015198719    -14.496977     
liangan                   26.379861       1.1162257       27.496086       0.034121213     0.0014437898    0.035565003    
waiyi                     -181.7452       4.029627        -177.71557      -0.23507958     0.0052121489    -0.22986743    
weiyi                     28.084615       1.570437        29.655052       0.03632624      0.0020312926    0.038357532    
xiaoyi                    163.80176       0.31091528      164.11268       0.21187052      0.00040215551   0.21227268     
youfuyi                   -1.2479647      0.19323361      -1.0547311      -0.0016141886   0.00024993935   -0.0013642492  
youweiduo                 -0.95830962     0.15752309      -0.80078653     -0.0012395322   0.00020374933   -0.0010357829  
zhongyangyi               561.90168       2.4510742       564.35276       0.72679561      0.0031703589    0.72996597     
zuofuyi                   -1.2797017      0.19196118      -1.0877405      -0.001655239    0.00024829351   -0.0014069455  
zuoweiduo                 0.062641336     0.1024675       0.16510884      8.1023868e-05   0.0001325373    0.00021356116  
------------------------- --------------- --------------- --------------- --------------- --------------- ---------------
Net                       13.579633       12.504516       26.084149       0.01756467      0.016174052     0.033738722    
