                                    "Force Report"

Forces
                          Forces [N]                                                                                                                                Coefficients                                                                                                                             
Zone                      Pressure                                      Viscous                                       Total                                         Pressure                                      Viscous                                       Total                                        
jidi                      (1146.3298 3.4498434e-07 0.0004361835)        (2.7785652e-08 0.0052784396 0.0062766573)     (1146.3298 0.0052787846 0.0067128408)         (1.4827282 4.4622238e-10 5.6418456e-07)       (3.5939544e-11 6.8274342e-06 8.1185857e-06)   (1.4827282 6.8278804e-06 8.6827703e-06)      
jishen                    (9092.6619 -1.4508991 -12503.24)              (1.2031351 -0.16594024 0.0050759346)          (9093.865 -1.6168393 -12503.235)              (11.760966 -0.0018766754 -16.172402)          (0.0015562035 -0.00021463654 6.5655027e-06)   (11.762523 -0.0020913119 -16.172395)         
jitou                     (-11263.169 -19.81578 24.413439)              (1.0987271 -0.25434853 0.2833085)             (-11262.07 -20.070128 24.696747)              (-14.568424 -0.025630857 0.031577731)         (0.0014211562 -0.00032898886 0.00036644734)   (-14.567003 -0.025959846 0.031944178)        
liangan                   (-81.190337 -2.5634975 -3065.8761)            (1.2644974 -0.18410312 0.18586805)            (-79.925839 -2.7476006 -3065.6903)            (-0.1050162 -0.0033157735 -3.9655787)         (0.0016355729 -0.00023812946 0.00024041232)   (-0.10338063 -0.003553903 -3.9653383)        
waiyi                     (-208.94196 -0.2927878 1952.4164)             (3.3367033 -0.7491042 0.88032432)             (-205.60525 -1.041892 1953.2967)              (-0.27025742 -0.0003787084 2.5253665)         (0.004315882 -0.00096893401 0.0011386616)     (-0.26594154 -0.0013476424 2.5265051)        
weiyi                     (41.031733 -20.287665 564.75042)              (1.3828339 -0.27174755 0.079115231)           (42.414567 -20.559413 564.82954)              (0.053072778 -0.026241221 0.73048034)         (0.001788636 -0.00035149374 0.00010233214)    (0.054861414 -0.026592715 0.73058267)        
xiaoyi                    (153.1733 -1.910716 -367.58481)               (0.34534381 -0.070517858 0.061230075)         (153.51865 -1.9812338 -367.52358)             (0.19812307 -0.0024714288 -0.47545512)        (0.00044668734 -9.121181e-05 7.9198464e-05)   (0.19856976 -0.0025626406 -0.47537592)       
youfuyi                   (0.064635182 -0.96657318 23.251078)           (0.1263725 -0.068910681 0.046624741)          (0.19100768 -1.0354839 23.297702)             (8.3602823e-05 -0.0012502207 0.030074267)     (0.00016345738 -8.9132997e-05 6.0307093e-05)  (0.0002470602 -0.0013393537 0.030134574)     
youweiduo                 (-0.84506085 0.20723019 0.39804197)           (0.14422546 -0.044526401 0.022494362)         (-0.70083538 0.16270379 0.42053633)           (-0.0010930498 0.00026804332 0.00051485014)   (0.00018654942 -5.7592982e-05 2.9095488e-05)  (-0.00090650037 0.00021045034 0.00054394563) 
zhongyangyi               (1025.1386 0.025156107 14368.145)             (1.9893111 -0.22681874 0.36314491)            (1027.1279 -0.20166263 14368.508)             (1.3259726 3.253834e-05 18.584577)            (0.0025730882 -0.00029338026 0.00046971229)   (1.3285457 -0.00026084192 18.585046)         
zuofuyi                   (0.097583735 0.8634005 21.626809)             (0.14561761 -0.087989145 0.041820563)         (0.24320135 0.77541136 21.66863)              (0.00012622036 0.0011167713 0.027973346)      (0.00018835011 -0.00011381017 5.4093096e-05)  (0.00031457046 0.0010029612 0.028027439)     
zuoweiduo                 (-0.33704151 2.5579829 -4.4302273)            (0.10171716 -0.017785283 -0.02269951)         (-0.23532435 2.5401976 -4.4529268)            (-0.00043594866 0.0033086406 -0.0057303081)   (0.00013156676 -2.3004497e-05 -2.9360837e-05) (-0.0003043819 0.0032856361 -0.005759669)    
------------------------- --------------------------------------------- --------------------------------------------- --------------------------------------------- --------------------------------------------- --------------------------------------------- ---------------------------------------------
Net                       (-95.985769 -43.634149 1013.8709)             (11.138485 -2.1365133 1.9525838)              (-84.847284 -45.770662 1015.8235)             (-0.12415346 -0.056438891 1.3113983)          (0.01440715 -0.0027634879 0.0025255831)       (-0.10974631 -0.059202379 1.3139239)         

Forces - Direction Vector (0.96328734 -0.20791169 0.16985355)
                          Forces [N]                                      Coefficients                                   
Zone                      Pressure        Viscous         Total           Pressure        Viscous         Total          
jidi                      1104.2451       -3.1310034e-05  1104.2451       1.4282934       -4.049818e-08   1.4282934      
jishen                    6635.4281       1.1943279       6636.6225       8.5826404       0.0015448117    8.5841852      
jitou                     -10841.401      1.1593929       -10840.242      -14.022886      0.0014996247    -14.021386     
liangan                   -598.42658      1.2879219       -597.13866      -0.774039       0.0016658715    -0.77237312    
waiyi                     130.41458       3.5194778       133.93406       0.16868564      0.0045522929    0.17323794     
weiyi                     139.66825       1.4020039       141.07026       0.18065487      0.0018134316    0.1824683      
xiaoyi                    85.51158        0.35772696      85.869307       0.11060554      0.0004627044    0.11106825     
youfuyi                   4.2125022       0.14397974      4.3564819       0.00544869      0.00018623159   0.0056349216   
youweiduo                 -0.78951315     0.15200887      -0.63750428     -0.0010212012   0.00019661692   -0.00082458432 
zhongyangyi               3427.9783       2.025118        3430.0034       4.4339422       0.0026194028    4.4365616      
zuofuyi                   3.5878804       0.16566895      3.7535494       0.0046407687    0.00021428564   0.0048550544   
zuoweiduo                 -1.6089922      0.097825029     -1.5111672      -0.0020811621   0.00012653246   -0.0019546296  
------------------------- --------------- --------------- --------------- --------------- --------------- ---------------
Net                       88.819744       11.505421       100.32516       0.11488451      0.014881766     0.12976628     
