                                    "Force Report"

Forces
                          Forces [N]                                                                                                                                Coefficients                                                                                                                             
Zone                      Pressure                                      Viscous                                       Total                                         Pressure                                      Viscous                                       Total                                        
jidi                      (1144.1179 5.9160202e-07 0.00043476604)       (1.8701299e-08 -0.0030523522 0.00015691559)   (1144.1179 -0.0030517606 0.00059168163)       (1.4798672 7.6521172e-10 5.6235114e-07)       (2.4189324e-11 -3.948086e-06 2.0296356e-07)   (1.4798672 -3.9473208e-06 7.6531469e-07)     
jishen                    (9081.6213 0.74160053 -12512.424)             (1.3307269 -0.12807459 -0.097613756)          (9082.952 0.61352594 -12512.521)              (11.746686 0.00095922833 -16.184281)          (0.001721238 -0.00016565896 -0.00012625919)   (11.748407 0.00079356937 -16.184407)         
jitou                     (-11245.649 -20.730513 -8.5367702)            (1.1502672 -0.25483959 -0.066684183)          (-11244.499 -20.985353 -8.6034544)            (-14.545763 -0.026814025 -0.011041944)        (0.001487821 -0.00032962402 -8.6253118e-05)   (-14.544275 -0.027143649 -0.011128197)       
liangan                   (-81.132754 -2.3599183 -3083.3748)            (1.2480165 -0.18250536 -0.080401506)          (-79.884738 -2.5424236 -3083.4552)            (-0.10494172 -0.0030524526 -3.9882125)        (0.0016142555 -0.00023606282 -0.00010399588)  (-0.10332747 -0.0032885154 -3.9883165)       
waiyi                     (-126.85584 -0.57638646 1502.1021)            (3.7893026 -0.79891385 -0.023562832)          (-123.06654 -1.3753003 1502.0785)             (-0.16408256 -0.00074553104 1.9429043)        (0.0049012996 -0.0010333606 -3.0477508e-05)   (-0.15918126 -0.0017788917 1.9428738)        
weiyi                     (40.550266 -19.858285 473.48737)              (1.390948 -0.27373761 -0.12127354)            (41.941214 -20.132023 473.36609)              (0.052450022 -0.025685836 0.61243551)         (0.0017991313 -0.00035406781 -0.0001568621)   (0.054249153 -0.026039904 0.61227864)        
xiaoyi                    (150.99631 -1.2560915 -373.19721)             (0.31429421 -0.061081637 -0.029553076)        (151.31061 -1.3171731 -373.22676)             (0.19530722 -0.0016247002 -0.48271451)        (0.00040652601 -7.9006466e-05 -3.822563e-05)  (0.19571375 -0.0017037067 -0.48275273)       
youfuyi                   (-0.97454354 -0.37227824 11.318313)           (0.21140624 -0.068614037 -0.0023461905)       (-0.76313731 -0.44089228 11.315967)           (-0.0012605301 -0.00048152586 0.01463975)     (0.00027344486 -8.87493e-05 -3.0346964e-06)   (-0.00098708522 -0.00057027516 0.014636716)  
youweiduo                 (-1.0609277 -1.0387985 -1.7618739)            (0.14902824 -0.039673499 0.003999982)         (-0.91189943 -1.078472 -1.7578739)            (-0.0013722642 -0.0013436411 -0.002278908)    (0.00019276161 -5.1315961e-05 5.1738043e-06)  (-0.0011795026 -0.001394957 -0.0022737341)   
zhongyangyi               (1055.9593 -0.041931806 14096.493)            (2.2326389 -0.38558622 -0.06063641)           (1058.192 -0.42751802 14096.433)              (1.3658379 -5.4236984e-05 18.233207)          (0.0028878222 -0.00049873915 -7.8430583e-05)  (1.3687257 -0.00055297614 18.233128)         
zuofuyi                   (-0.96170029 0.40751517 10.666894)            (0.19806332 -0.057390177 9.7294484e-05)       (-0.76363697 0.350125 10.666992)              (-0.0012439179 0.00052710332 0.013797168)     (0.00025618637 -7.4231721e-05 1.2584622e-07)  (-0.00098773151 0.0004528716 0.013797294)    
zuoweiduo                 (-0.087293864 4.8142721 -8.3226078)           (0.098032331 -0.029371656 -0.051250191)       (0.010738467 4.7849004 -8.373858)             (-0.00011291085 0.0062270534 -0.010764935)    (0.0001268006 -3.7990971e-05 -6.6289914e-05)  (1.3889744e-05 0.0061890625 -0.010831225)    
------------------------- --------------------------------------------- --------------------------------------------- --------------------------------------------- --------------------------------------------- --------------------------------------------- ---------------------------------------------
Net                       (16.5228 -40.270815 106.45164)                (12.112725 -2.2828406 -0.5290675)             (28.635524 -42.553655 105.92257)              (0.021371529 -0.052088563 0.13769061)         (0.015667287 -0.0029527559 -0.00068432601)    (0.037038816 -0.055041319 0.13700628)        

Forces - Direction Vector (0.97576488 -0.20791169 -0.068232127)
                          Forces [N]                                      Coefficients                                   
Zone                      Pressure        Viscous         Total           Pressure        Viscous         Total          
jidi                      1116.3901       0.00062393127   1116.3907       1.4440025       8.0702821e-07   1.4440033      
jishen                    9715.1222       1.3317652       9716.454        12.566092       0.0017225809    12.567815      
jitou                     -10968.217      1.1799244       -10967.037      -14.186916      0.0015261814    -14.18539      
liangan                   131.70939       1.2612016       132.97059       0.17036041      0.0016313099    0.17199172     
waiyi                     -226.15326      3.8651797       -222.28808      -0.29251949     0.0049994434    -0.28752005    
weiyi                     11.389245       1.4224262       12.811671       0.014731498     0.0018398471    0.016571345    
xiaoyi                    173.06209       0.32139331      173.38349       0.22384836      0.00041570839   0.22426407     
youfuyi                   -1.645797       0.22070853      -1.4250884      -0.0021287674   0.00028547697   -0.0018432905  
youweiduo                 -0.69902122     0.15339218      -0.54562903     -0.00090415382  0.00019840618   -0.00070574764 
zhongyangyi               68.543031       2.2628359       70.805866       0.088657456     0.0029268807    0.091584337    
zuofuyi                   -1.7509454      0.20518869      -1.5457567      -0.0022647725   0.00026540272   -0.0019993697  
zuoweiduo                 -0.51825249     0.10526013      -0.41299237     -0.00067033727  0.00013614944   -0.00053418783 
------------------------- --------------- --------------- --------------- --------------- --------------- ---------------
Net                       17.231719       12.3299         29.561619       0.022288486     0.015948194     0.03823668     
