                                    "Force Report"

Forces
                          Forces [N]                                                                                                                                Coefficients                                                                                                                             
Zone                      Pressure                                      Viscous                                       Total                                         Pressure                                      Viscous                                       Total                                        
jidi                      (1146.2866 6.2151619e-07 0.0004360875)        (2.9472163e-08 0.003911184 0.0060798633)      (1146.2866 0.0039118055 0.0065159508)         (1.4826724 8.0390441e-10 5.6406039e-07)       (3.8120973e-11 5.058948e-06 7.8640412e-06)    (1.4826724 5.0597519e-06 8.4281016e-06)      
jishen                    (9095.0063 -1.9808388 -12500.167)             (1.2361894 -0.15644094 0.028602169)           (9096.2425 -2.1372798 -12500.139)             (11.763999 -0.0025621296 -16.168428)          (0.0015989577 -0.00020234962 3.6995674e-05)   (11.765598 -0.0027644793 -16.168391)         
jitou                     (-11261.9 -20.601916 25.521903)               (1.0772261 -0.25633301 0.31755243)            (-11260.823 -20.858249 25.839456)             (-14.566782 -0.026647691 0.033011482)         (0.0013933455 -0.00033155571 0.00041074039)   (-14.565389 -0.026979246 0.033422222)        
liangan                   (-81.296652 -2.5026689 -3062.2519)            (1.3327866 -0.17352993 0.22310253)            (-79.963865 -2.6761988 -3062.0288)            (-0.10515372 -0.0032370944 -3.9608909)        (0.0017239021 -0.00022445348 0.00028857351)   (-0.10342981 -0.0034615479 -3.9606023)       
waiyi                     (-226.47713 -0.34286872 1976.894)             (2.9869269 -0.73271455 0.93326391)            (-223.4902 -1.0755833 1977.8273)              (-0.29293841 -0.00044348592 2.5570272)        (0.0038634612 -0.0009477347 0.0012071366)     (-0.28907495 -0.0013912206 2.5582343)        
weiyi                     (39.664259 -15.915118 572.84705)              (1.255883 -0.25052084 0.11616727)             (40.920142 -16.165639 572.96322)              (0.051304009 -0.02058552 0.74095298)          (0.0016244305 -0.00032403791 0.00015025736)   (0.05292844 -0.020909558 0.74110323)         
xiaoyi                    (153.37754 -1.9491812 -366.47757)             (0.34370583 -0.072041036 0.074898593)         (153.72125 -2.0212223 -366.40267)             (0.19838724 -0.0025211819 -0.47402294)        (0.00044456868 -9.3181976e-05 9.6878102e-05)  (0.19883181 -0.0026143639 -0.47392606)       
youfuyi                   (0.25759334 -0.95348665 24.769449)            (0.12881282 -0.064058138 0.04820224)          (0.38640616 -1.0175448 24.817652)             (0.00033318588 -0.0012332939 0.032038215)     (0.00016661383 -8.2856441e-05 6.234752e-05)   (0.00049979971 -0.0013161503 0.032100563)    
youweiduo                 (-0.81261729 0.54895433 0.97855873)           (0.14670404 -0.041976868 0.023758983)         (-0.66591325 0.50697746 1.0023177)            (-0.0010510854 0.00071004877 0.0012657235)    (0.00018975535 -5.429527e-05 3.073122e-05)    (-0.00086133009 0.0006557535 0.0012964548)   
zhongyangyi               (1030.0481 0.032651691 14349.146)             (1.8573605 -0.20666939 0.3503491)             (1031.9055 -0.1740177 14349.496)              (1.3323228 4.2233555e-05 18.560002)           (0.0024024157 -0.00026731795 0.00045316147)   (1.3347252 -0.00022508439 18.560455)         
zuofuyi                   (0.23388256 0.90597396 23.638794)             (0.14140164 -0.094676601 0.046353351)         (0.3752842 0.81129736 23.685147)              (0.00030251702 0.0011718383 0.030575761)      (0.00018289693 -0.0001224601 5.9956062e-05)   (0.00048541394 0.0010493782 0.030635717)     
zuoweiduo                 (-0.41757647 1.5365194 -2.7284226)            (0.10733795 -0.02258721 -0.011929365)         (-0.31023851 1.5139322 -2.7403519)            (-0.00054011716 0.0019874216 -0.003529097)    (0.00013883701 -2.9215583e-05 -1.543012e-05)  (-0.00040128015 0.001958206 -0.0035445271)   
------------------------- --------------------------------------------- --------------------------------------------- --------------------------------------------- --------------------------------------------- --------------------------------------------- ---------------------------------------------
Net                       (-106.02973 -41.221979 1042.1712)             (10.614335 -2.0676373 2.1564011)              (-95.415395 -43.289616 1044.3276)             (-0.13714489 -0.053318853 1.3480035)          (0.013729185 -0.0026743998 0.0027892119)      (-0.1234157 -0.055993253 1.3507927)          

Forces - Direction Vector (0.95677273 -0.20791169 0.20336832)
                          Forces [N]                                      Coefficients                                   
Zone                      Pressure        Viscous         Total           Pressure        Viscous         Total          
jidi                      1096.7359       0.00042329892   1096.7363       1.4185806       5.4751891e-07   1.4185812      
jishen                    6160.1278       1.2210949       6161.3489       7.9678599       0.0015794337    7.9694393      
jitou                     -10765.605      1.1485353       -10764.457      -13.924846      0.0014855809    -13.923361     
liangan                   -700.02712      1.3566248       -698.67049      -0.90545491     0.0017547357    -0.90370017    
waiyi                     185.42176       3.1999464       188.6217        0.23983505      0.0041389928    0.24397404     
weiyi                     157.75756       1.2773055       159.03487       0.20405261      0.0016521397    0.20570475     
xiaoyi                    72.622777       0.35905854      72.981836       0.093934433     0.00046442674   0.09439886     
youfuyi                   5.4820206       0.14636584      5.6283865       0.0070907575    0.0001893179    0.0072800754   
youweiduo                 -0.69261624     0.15392173      -0.53869451     -0.00089586925  0.00019909112   -0.00069677813 
zhongyangyi               3903.6769       1.8912907       3905.5682       5.0492379       0.002446303     5.0516842      
zuofuyi                   4.8427917       0.16440041      5.0071921       0.0062639424    0.00021264484   0.0064765872   
zuoweiduo                 -1.2738608      0.10496811      -1.1688927      -0.0016476841   0.00013577173   -0.0015119124  
------------------------- --------------- --------------- --------------- --------------- --------------- ---------------
Net                       119.06878       11.023936       130.09272       0.15401034      0.014258986     0.16826932     
