                                    "Force Report"

Moments - Moment Center (0 0 0.05)
                          Moments [N m]                                                                                                                             Coefficients                                                                                                                             
Zone                      Pressure                                      Viscous                                       Total                                         Pressure                                      Viscous                                       Total                                        
jidi                      (-6.6590474e-09 -22.92485 0.0076857724)       (8.8402053e-05 -0.0029344825 0.0023560868)    (8.8395394e-05 -22.927785 0.010041859)        (-2.3617195e-11 -0.081306023 2.7258612e-05)   (3.1352961e-07 -1.0407532e-05 8.3561743e-06)  (3.1350599e-07 -0.08131643 3.5614786e-05)    
jishen                    (-0.045340908 -229.72911 2.3175494)           (-0.016274773 -0.069694026 0.01085771)        (-0.061615681 -229.7988 2.3284071)            (-0.00016080755 -0.81476476 0.0082194964)     (-5.7720642e-05 -0.00024717911 3.8508311e-05) (-0.00021852819 -0.81501194 0.0082580047)    
jitou                     (-0.8694126 555.43032 8.5793382)              (-0.0092430677 0.15114304 0.10855838)         (-0.87865567 555.58146 8.6878966)             (-0.0030834872 1.9699073 0.030427761)         (-3.2781766e-05 0.00053604886 0.0003850167)   (-0.0031162689 1.9704434 0.030812778)        
liangan                   (0.1505835 650.43694 -0.94740196)             (-0.0011896695 0.1352681 0.024135979)         (0.14939383 650.57221 -0.92326598)            (0.00053406435 2.3068609 -0.0033600868)       (-4.2193209e-06 0.00047974628 8.5601452e-05)  (0.00052984503 2.3073407 -0.0032744853)      
waiyi                     (15.73756 -45.787688 -0.35870857)             (0.083298014 0.47675444 -0.077824924)         (15.820858 -45.310934 -0.43653349)            (0.055815345 -0.16239211 -0.0012722075)       (0.00029542746 0.0016908729 -0.00027601642)   (0.056110772 -0.16070124 -0.001548224)       
weiyi                     (-5.4604633 -734.57912 -15.896923)            (0.056663733 0.25400518 -0.25460052)          (-5.4037996 -734.32511 -16.151523)            (-0.019366258 -2.6052823 -0.056380546)        (0.00020096545 0.00090086308 -0.00090297454)  (-0.019165292 -2.6043815 -0.057283521)       
xiaoyi                    (13.659752 55.751709 -0.90284496)             (0.10515658 0.033998526 -0.026551959)         (13.764908 55.785708 -0.92939692)             (0.048446122 0.19773084 -0.0032020595)        (0.00037295177 0.00012058028 -9.4170047e-05)  (0.048819074 0.19785142 -0.0032962295)       
youfuyi                   (30.50896 -4.3109126 -0.49061136)             (0.062113298 0.0075721489 -0.16408377)        (30.571074 -4.3033404 -0.65469513)            (0.10820408 -0.015289223 -0.0017400183)       (0.00022029305 2.6855631e-05 -0.00058194486)  (0.10842437 -0.015262368 -0.0023219632)      
youweiduo                 (0.1625045 -1.8938097 1.233908)               (0.014458475 0.015244103 -0.092735885)        (0.17696297 -1.8785656 1.1411721)             (0.00057634376 -0.0067166475 0.0043762185)    (5.1278899e-05 5.4065234e-05 -0.00032890012)  (0.00062762266 -0.0066625823 0.0040473183)   
zhongyangyi               (5.6919283 -274.57177 -0.43208376)            (0.0071422145 0.28402836 -0.021712231)        (5.6990705 -274.28774 -0.45379599)            (0.020187179 -0.97380521 -0.0015324424)       (2.5330811e-05 0.0010073443 -7.7005308e-05)   (0.02021251 -0.97279786 -0.0016094477)       
zuofuyi                   (-29.365246 -4.1638351 0.4380904)             (-0.050268225 0.0083347837 0.14914471)        (-29.415515 -4.1555003 0.58723511)            (-0.10414774 -0.014767594 0.0015537457)       (-0.00017828293 2.9560416e-05 0.00052896149)  (-0.10432603 -0.014738033 0.0020827072)      
zuoweiduo                 (1.0517105 5.9112282 3.3374948)               (0.0068877275 0.047137041 0.028641458)        (1.0585983 5.9583652 3.3661363)               (0.003730031 0.020964955 0.011836868)         (2.442824e-05 0.00016717777 0.00010158073)    (0.0037544593 0.021132133 0.011938449)       
------------------------- --------------------------------------------- --------------------------------------------- --------------------------------------------- --------------------------------------------- --------------------------------------------- ---------------------------------------------
Net                       (31.222536 -50.430891 -3.1145067)             (0.25883271 1.3408572 -0.31381497)            (31.481368 -49.090033 -3.4283217)             (0.11073487 -0.17885985 -0.011046011)         (0.00091798455 0.0047555281 -0.0011129864)    (0.11165285 -0.17410432 -0.012158998)        

Moments - Moment Center (0 0 0.05) Moment Axis (0 1 0)
                          Moments [N m]                                   Coefficients                                   
Zone                      Pressure        Viscous         Total           Pressure        Viscous         Total          
jidi                      -22.92485       -0.0029344825   -22.927785      -0.081306023    -1.0407532e-05  -0.08131643    
jishen                    -229.72911      -0.069694026    -229.7988       -0.81476476     -0.00024717911  -0.81501194    
jitou                     555.43032       0.15114304      555.58146       1.9699073       0.00053604886   1.9704434      
liangan                   650.43694       0.1352681       650.57221       2.3068609       0.00047974628   2.3073407      
waiyi                     -45.787688      0.47675444      -45.310934      -0.16239211     0.0016908729    -0.16070124    
weiyi                     -734.57912      0.25400518      -734.32511      -2.6052823      0.00090086308   -2.6043815     
xiaoyi                    55.751709       0.033998526     55.785708       0.19773084      0.00012058028   0.19785142     
youfuyi                   -4.3109126      0.0075721489    -4.3033404      -0.015289223    2.6855631e-05   -0.015262368   
youweiduo                 -1.8938097      0.015244103     -1.8785656      -0.0067166475   5.4065234e-05   -0.0066625823  
zhongyangyi               -274.57177      0.28402836      -274.28774      -0.97380521     0.0010073443    -0.97279786    
zuofuyi                   -4.1638351      0.0083347837    -4.1555003      -0.014767594    2.9560416e-05   -0.014738033   
zuoweiduo                 5.9112282       0.047137041     5.9583652       0.020964955     0.00016717777   0.021132133    
------------------------- --------------- --------------- --------------- --------------- --------------- ---------------
Net                       -50.430891      1.3408572       -49.090033      -0.17885985     0.0047555281    -0.17410432    
