                                    "Force Report"

Moments - Moment Center (0 0 0.05)
                          Moments [N m]                                                                                                                             Coefficients                                                                                                                             
Zone                      Pressure                                      Viscous                                       Total                                         Pressure                                      Viscous                                       Total                                        
jidi                      (-9.75071e-09 -22.91001 0.0038602074)         (5.5910065e-05 -0.0026394501 0.00049096737)   (5.5900315e-05 -22.912649 0.0043511747)       (-3.4582187e-11 -0.08125339 1.3690738e-05)    (1.9829247e-07 -9.3611602e-06 1.7412809e-06)  (1.9825788e-07 -0.081262752 1.5432019e-05)   
jishen                    (0.052801213 -228.43598 0.779707)             (-0.0097515286 -0.057242498 0.0010548551)     (0.043049685 -228.49322 0.78076186)           (0.00018726651 -0.81017852 0.0027653343)      (-3.458509e-05 -0.00020301811 3.7411836e-06)  (0.00015268142 -0.81038154 0.0027690755)     
jitou                     (-0.42069458 553.71348 4.1570802)             (-0.0044959301 0.12432383 0.053421048)        (-0.42519051 553.83781 4.2105013)             (-0.0014920492 1.9638183 0.014743637)         (-1.5945413e-05 0.00044093096 0.00018946484)  (-0.0015079946 1.9642593 0.014933102)        
liangan                   (0.26357665 649.80177 -0.32468217)            (0.00046329546 0.13099813 0.01315317)         (0.26403995 649.93277 -0.311529)              (0.00093480957 2.3046082 -0.0011515284)       (1.6431388e-06 0.00046460226 4.6649462e-05)   (0.00093645271 2.3050728 -0.0011048789)      
waiyi                     (9.8428852 -44.874353 0.058257859)            (0.037188167 0.52738769 -0.044041889)         (9.8800734 -44.346965 0.01421597)             (0.034909098 -0.15915285 0.00020661923)       (0.00013189277 0.0018704504 -0.00015620041)   (0.035040991 -0.1572824 5.0418823e-05)       
weiyi                     (-2.0847842 -723.95108 -3.2322621)            (0.018954795 0.26892135 -0.11605543)          (-2.0658294 -723.68216 -3.3483175)            (-0.0073939639 -2.5675886 -0.011463646)       (6.7225695e-05 0.00095376526 -0.000411606)    (-0.0073267382 -2.5666348 -0.011875252)      
xiaoyi                    (6.2239405 55.845952 -0.2048357)              (0.051361104 0.0353402 -0.013543435)          (6.2753016 55.881292 -0.21837913)             (0.022074031 0.19806508 -0.00072647698)       (0.00018215897 0.00012533871 -4.8033589e-05)  (0.02225619 0.19819042 -0.00077451057)       
youfuyi                   (28.145583 -3.9793426 -0.24994769)            (0.052943637 0.0098749297 -0.17114326)        (28.198527 -3.9694677 -0.42109095)            (0.099822046 -0.014113267 -0.00088647266)     (0.00018777164 3.5022749e-05 -0.00060698227)  (0.10000982 -0.014078244 -0.0014934549)      
youweiduo                 (0.20972103 -2.0294304 1.3165648)             (0.011085312 0.018421208 -0.080884718)        (0.22080635 -2.0110092 1.2356801)             (0.00074380348 -0.0071976443 0.0046693719)    (3.9315529e-05 6.533326e-05 -0.00028686839)   (0.00078311901 -0.007132311 0.0043825035)    
zhongyangyi               (3.2548479 -273.3491 0.69481723)              (0.0072199825 0.30797899 -0.0010584063)       (3.2620679 -273.04112 0.69375882)             (0.01154375 -0.96946884 0.0024642615)         (2.5606626e-05 0.0010922884 -3.7537785e-06)   (0.011569357 -0.96837655 0.0024605077)       
zuofuyi                   (-27.224645 -3.8488946 0.30556453)            (-0.046891365 0.009984758 0.16342154)         (-27.271536 -3.8389098 0.46898607)            (-0.096555816 -0.013650615 0.0010837252)      (-0.00016630645 3.5412269e-05 0.00057959616)  (-0.096722122 -0.013615203 0.0016633213)     
zuoweiduo                 (1.1029034 7.2546564 4.1342852)               (-0.0024408155 0.039086944 0.060351882)       (1.1004626 7.2937433 4.1946371)               (0.0039115933 0.025729601 0.014662791)        (-8.6566761e-06 0.00013862704 0.00021404596)  (0.0039029366 0.025868228 0.014876837)       
------------------------- --------------------------------------------- --------------------------------------------- --------------------------------------------- --------------------------------------------- --------------------------------------------- ---------------------------------------------
Net                       (19.366135 -36.762329 7.4384095)              (0.11569256 1.4124361 -0.13483368)            (19.481828 -35.349893 7.3035758)              (0.068684569 -0.13038248 0.026381306)         (0.00041031903 0.005009392 -0.00047820554)    (0.069094888 -0.12537309 0.025903101)        

Moments - Moment Center (0 0 0.05) Moment Axis (0 1 0)
                          Moments [N m]                                   Coefficients                                   
Zone                      Pressure        Viscous         Total           Pressure        Viscous         Total          
jidi                      -22.91001       -0.0026394501   -22.912649      -0.08125339     -9.3611602e-06  -0.081262752   
jishen                    -228.43598      -0.057242498    -228.49322      -0.81017852     -0.00020301811  -0.81038154    
jitou                     553.71348       0.12432383      553.83781       1.9638183       0.00044093096   1.9642593      
liangan                   649.80177       0.13099813      649.93277       2.3046082       0.00046460226   2.3050728      
waiyi                     -44.874353      0.52738769      -44.346965      -0.15915285     0.0018704504    -0.1572824     
weiyi                     -723.95108      0.26892135      -723.68216      -2.5675886      0.00095376526   -2.5666348     
xiaoyi                    55.845952       0.0353402       55.881292       0.19806508      0.00012533871   0.19819042     
youfuyi                   -3.9793426      0.0098749297    -3.9694677      -0.014113267    3.5022749e-05   -0.014078244   
youweiduo                 -2.0294304      0.018421208     -2.0110092      -0.0071976443   6.533326e-05    -0.007132311   
zhongyangyi               -273.3491       0.30797899      -273.04112      -0.96946884     0.0010922884    -0.96837655    
zuofuyi                   -3.8488946      0.009984758     -3.8389098      -0.013650615    3.5412269e-05   -0.013615203   
zuoweiduo                 7.2546564       0.039086944     7.2937433       0.025729601     0.00013862704   0.025868228    
------------------------- --------------- --------------- --------------- --------------- --------------- ---------------
Net                       -36.762329      1.4124361       -35.349893      -0.13038248     0.005009392     -0.12537309    
