                                    "Force Report"

Moments - Moment Center (0 0 0.05)
                          Moments [N m]                                                                                                                             Coefficients                                                                                                                             
Zone                      Pressure                                      Viscous                                       Total                                         Pressure                                      Viscous                                       Total                                        
jidi                      (-9.2961569e-09 -22.925694 0.0067535298)      (0.00010772575 -0.0032582592 0.0030500314)    (0.00010771645 -22.928952 0.0098035612)       (-3.2970054e-11 -0.081309016 2.395229e-05)    (3.8206367e-07 -1.1555848e-05 1.0817341e-05)  (3.820307e-07 -0.081320572 3.4769631e-05)    
jishen                    (0.045594787 -229.81074 2.6522481)            (-0.029251557 -0.065078842 0.0050386248)      (0.01634323 -229.87582 2.6572867)             (0.00016170796 -0.81505429 0.0094065497)      (-0.00010374453 -0.00023081075 1.7870151e-05) (5.7963433e-05 -0.8152851 0.0094244198)      
jitou                     (-1.2494854 550.60191 12.357922)              (-0.013957781 0.091696137 0.16112932)         (-1.2634432 550.69361 12.519052)              (-0.0044314658 1.9527827 0.043829012)         (-4.9503122e-05 0.00032521252 0.00057146651)  (-0.004480969 1.953108 0.044400478)          
liangan                   (0.88750288 650.68236 -1.482356)              (0.01600717 0.13671295 -0.0064449083)         (0.90351005 650.81907 -1.4888009)             (0.0031476467 2.3077313 -0.0052573721)        (5.6771552e-05 0.00048487062 -2.2857723e-05)  (0.0032044183 2.3082162 -0.0052802298)       
waiyi                     (13.306192 -45.199965 -1.3765566)             (0.094485147 0.57318402 -0.10279999)          (13.400677 -44.626781 -1.4793566)             (0.047192176 -0.16030767 -0.0048821405)       (0.00033510411 0.0020328732 -0.00036459382)   (0.04752728 -0.1582748 -0.0052467343)        
weiyi                     (-7.4277013 -698.55646 -26.330756)            (0.098029577 0.36008575 -0.36979183)          (-7.3296717 -698.19637 -26.700548)            (-0.026343328 -2.4775232 -0.09338552)         (0.0003476749 0.0012770919 -0.0013115158)     (-0.025995653 -2.4762461 -0.094697036)       
xiaoyi                    (14.733071 55.938739 -1.1988286)              (0.12036256 0.037973961 -0.031937425)         (14.853434 55.976713 -1.2307661)              (0.052252792 0.19839416 -0.0042518049)        (0.0004268818 0.00013467969 -0.00011327032)   (0.052679673 0.19852884 -0.0043650752)       
youfuyi                   (23.924365 -3.4361444 0.082924554)            (0.052052839 0.0097339723 -0.17862065)        (23.976418 -3.4264104 -0.095696095)           (0.084850934 -0.012186742 0.00029410294)      (0.0001846123 3.4522824e-05 -0.00063350184)   (0.085035546 -0.012152219 -0.0003393989)     
youweiduo                 (-0.013567698 -0.35495833 0.33550123)         (0.022131127 0.010955398 -0.11881481)         (0.0085634287 -0.34400293 0.21668643)         (-4.8119641e-05 -0.0012589068 0.0011898996)   (7.8490978e-05 3.8854771e-05 -0.00042139248)  (3.0371336e-05 -0.001220052 0.00076850716)   
zhongyangyi               (7.5246779 -275.4794 1.6583588)               (0.028309351 0.32970717 -0.0080857305)        (7.5529872 -275.1497 1.6502731)               (0.026687269 -0.97702426 0.0058815897)        (0.00010040287 0.0011693502 -2.8677116e-05)   (0.026787671 -0.97585491 0.0058529125)       
zuofuyi                   (-22.546586 -3.273135 -0.019522803)           (-0.033858477 0.011971145 0.16628875)         (-22.580445 -3.2611639 0.14676594)            (-0.079964459 -0.011608608 -6.9240211e-05)    (-0.00012008358 4.2457253e-05 0.0005897651)   (-0.080084543 -0.01156615 0.00052052489)     
zuoweiduo                 (0.99869937 6.9454289 3.9908441)              (0.015830174 0.068589991 0.011660232)         (1.0145295 7.0140189 4.0025043)               (0.0035420198 0.024632885 0.014154058)        (5.6143812e-05 0.00024326351 4.135456e-05)    (0.0035981637 0.024876149 0.014195413)       
------------------------- --------------------------------------------- --------------------------------------------- --------------------------------------------- --------------------------------------------- --------------------------------------------- ---------------------------------------------
Net                       (30.182762 -14.868061 -9.3234672)             (0.37024786 1.5622734 -0.4693284)             (30.55301 -13.305788 -9.7927956)              (0.10704717 -0.052731553 -0.033066914)        (0.0013131332 0.0055408099 -0.0016645354)     (0.1083603 -0.047190743 -0.034731449)        

Moments - Moment Center (0 0 0.05) Moment Axis (0 1 0)
                          Moments [N m]                                   Coefficients                                   
Zone                      Pressure        Viscous         Total           Pressure        Viscous         Total          
jidi                      -22.925694      -0.0032582592   -22.928952      -0.081309016    -1.1555848e-05  -0.081320572   
jishen                    -229.81074      -0.065078842    -229.87582      -0.81505429     -0.00023081075  -0.8152851     
jitou                     550.60191       0.091696137     550.69361       1.9527827       0.00032521252   1.953108       
liangan                   650.68236       0.13671295      650.81907       2.3077313       0.00048487062   2.3082162      
waiyi                     -45.199965      0.57318402      -44.626781      -0.16030767     0.0020328732    -0.1582748     
weiyi                     -698.55646      0.36008575      -698.19637      -2.4775232      0.0012770919    -2.4762461     
xiaoyi                    55.938739       0.037973961     55.976713       0.19839416      0.00013467969   0.19852884     
youfuyi                   -3.4361444      0.0097339723    -3.4264104      -0.012186742    3.4522824e-05   -0.012152219   
youweiduo                 -0.35495833     0.010955398     -0.34400293     -0.0012589068   3.8854771e-05   -0.001220052   
zhongyangyi               -275.4794       0.32970717      -275.1497       -0.97702426     0.0011693502    -0.97585491    
zuofuyi                   -3.273135       0.011971145     -3.2611639      -0.011608608    4.2457253e-05   -0.01156615    
zuoweiduo                 6.9454289       0.068589991     7.0140189       0.024632885     0.00024326351   0.024876149    
------------------------- --------------- --------------- --------------- --------------- --------------- ---------------
Net                       -14.868061      1.5622734       -13.305788      -0.052731553    0.0055408099    -0.047190743   
