                                    "Force Report"

Moments - Moment Center (0 0 0.05)
                          Moments [N m]                                                                                                                             Coefficients                                                                                                                             
Zone                      Pressure                                      Viscous                                       Total                                         Pressure                                      Viscous                                       Total                                        
jidi                      (-3.2445515e-09 -22.878407 0.004869468)       (4.7664509e-05 6.2564637e-05 -0.0010839509)   (4.7661265e-05 -22.878344 0.0037855171)       (-1.1507233e-11 -0.081141305 1.7270214e-05)   (1.6904851e-07 2.2189379e-07 -3.8443758e-06)  (1.69037e-07 -0.081141083 1.3425839e-05)     
jishen                    (0.37627453 -232.31287 2.5592076)             (-0.026231831 -0.094952059 0.0014731455)      (0.3500427 -232.40782 2.5606808)              (0.0013345075 -0.82392842 0.0090765694)       (-9.3034668e-05 -0.00033676008 5.2247061e-06) (0.0012414729 -0.82426518 0.0090817941)      
jitou                     (-0.88820742 531.90317 8.7008663)             (-0.0096501791 -0.10966422 0.10802676)        (-0.8978576 531.7935 8.808893)                (-0.0031501455 1.8864652 0.030858777)         (-3.4225641e-05 -0.00038893871 0.00038313122) (-0.0031843711 1.8860762 0.031241908)        
liangan                   (0.41501026 645.68129 0.08480632)             (0.0099261502 0.12525544 0.0079031729)        (0.42493641 645.80655 0.092709493)            (0.001471889 2.2899944 0.00030077687)         (3.5204409e-05 0.00044423505 2.8029651e-05)   (0.0015070934 2.2904386 0.00032880652)       
waiyi                     (9.1485825 -52.014193 -0.95518035)            (0.067546426 0.54796266 -0.047190774)         (9.2161289 -51.46623 -1.0023711)              (0.032446662 -0.18447524 -0.0033876739)       (0.00023956236 0.0019434223 -0.00016736834)   (0.032686224 -0.18253182 -0.0035550422)      
weiyi                     (-4.1270477 -600.36866 -11.98403)             (0.071124771 0.59719312 -0.19457278)          (-4.0559229 -599.77147 -12.178603)            (-0.014637122 -2.1292871 -0.042502954)        (0.00025225344 0.0021180246 -0.00069007818)   (-0.014384869 -2.1271691 -0.043193033)       
xiaoyi                    (0.74636622 55.919706 -0.60462457)            (0.021881062 0.042095606 -0.023874539)        (0.76824728 55.961801 -0.62849911)            (0.0026470868 0.19832666 -0.0021443813)       (7.7604092e-05 0.00014929765 -8.4674222e-05)  (0.0027246909 0.19847595 -0.0022290555)      
youfuyi                   (13.206245 -1.9267678 1.0038896)              (0.003790767 0.022782543 -0.24020555)         (13.210036 -1.9039852 0.76368407)             (0.046837702 -0.0068335376 0.0035604278)      (1.3444458e-05 8.0801311e-05 -0.00085192085)  (0.046851147 -0.0067527363 0.0027085069)     
youweiduo                 (-0.20918382 1.8180157 -0.91221883)           (0.0085890555 0.042966132 -0.096291041)       (-0.20059476 1.8609818 -1.0085099)            (-0.00074189817 0.0064478338 -0.0032353051)   (3.0462225e-05 0.00015238509 -0.00034150895)  (-0.00071143595 0.0066002189 -0.0035768141)  
zhongyangyi               (7.1308501 -289.76676 -0.63960083)            (0.041297862 0.29825923 -0.026526531)         (7.172148 -289.4685 -0.66612736)              (0.025290506 -1.0276963 -0.0022684292)        (0.00014646835 0.0010578159 -9.4079863e-05)   (0.025436975 -1.0266384 -0.0023625091)       
zuofuyi                   (-12.465876 -1.8283707 -0.96453679)           (0.004242245 0.021693464 0.21590788)          (-12.461634 -1.8066773 -0.74862891)           (-0.044211885 -0.0064845595 -0.0034208577)    (1.5045685e-05 7.6938749e-05 0.00076574596)   (-0.044196839 -0.0064076207 -0.0026551118)   
zuoweiduo                 (1.5979231 11.464464 6.6263528)               (0.021016339 0.089448298 0.012795595)         (1.6189395 11.553913 6.6391483)               (0.0056672464 0.040660244 0.023501239)        (7.4537236e-05 0.00031724026 4.5381275e-05)   (0.0057417836 0.040977484 0.023546621)       
------------------------- --------------------------------------------- --------------------------------------------- --------------------------------------------- --------------------------------------------- --------------------------------------------- ---------------------------------------------
Net                       (14.930937 45.690622 2.9198002)               (0.21358033 1.5831028 -0.28363861)            (15.144517 47.273725 2.6361616)               (0.052954549 0.16204785 0.010355459)          (0.00075749099 0.0056146841 -0.001005962)     (0.05371204 0.16766254 0.0093494969)         

Moments - Moment Center (0 0 0.05) Moment Axis (0 1 0)
                          Moments [N m]                                   Coefficients                                   
Zone                      Pressure        Viscous         Total           Pressure        Viscous         Total          
jidi                      -22.878407      6.2564637e-05   -22.878344      -0.081141305    2.2189379e-07   -0.081141083   
jishen                    -232.31287      -0.094952059    -232.40782      -0.82392842     -0.00033676008  -0.82426518    
jitou                     531.90317       -0.10966422     531.7935        1.8864652       -0.00038893871  1.8860762      
liangan                   645.68129       0.12525544      645.80655       2.2899944       0.00044423505   2.2904386      
waiyi                     -52.014193      0.54796266      -51.46623       -0.18447524     0.0019434223    -0.18253182    
weiyi                     -600.36866      0.59719312      -599.77147      -2.1292871      0.0021180246    -2.1271691     
xiaoyi                    55.919706       0.042095606     55.961801       0.19832666      0.00014929765   0.19847595     
youfuyi                   -1.9267678      0.022782543     -1.9039852      -0.0068335376   8.0801311e-05   -0.0067527363  
youweiduo                 1.8180157       0.042966132     1.8609818       0.0064478338    0.00015238509   0.0066002189   
zhongyangyi               -289.76676      0.29825923      -289.4685       -1.0276963      0.0010578159    -1.0266384     
zuofuyi                   -1.8283707      0.021693464     -1.8066773      -0.0064845595   7.6938749e-05   -0.0064076207  
zuoweiduo                 11.464464       0.089448298     11.553913       0.040660244     0.00031724026   0.040977484    
------------------------- --------------- --------------- --------------- --------------- --------------- ---------------
Net                       45.690622       1.5831028       47.273725       0.16204785      0.0056146841    0.16766254     
