                                    "Force Report"

Moments - Moment Center (0 0 0.05)
                          Moments [N m]                                                                                                                             Coefficients                                                                                                                             
Zone                      Pressure                                      Viscous                                       Total                                         Pressure                                      Viscous                                       Total                                        
jidi                      (6.1732632e-09 -22.90301 0.005931525)         (9.5942458e-07 -0.00015835048 -0.0023243567)  (9.6559784e-07 -22.903168 0.0036071683)       (2.1894297e-11 -0.081228564 2.103694e-05)     (3.4027266e-09 -5.6161098e-07 -8.2436395e-06) (3.4246209e-09 -0.081229125 1.2793301e-05)   
jishen                    (0.30263362 -230.99361 2.9691537)             (-0.03623075 -0.078865761 0.0073702347)       (0.26640287 -231.07248 2.976524)              (0.0010733303 -0.8192495 0.010530498)         (-0.00012849716 -0.00027970789 2.6139515e-05) (0.00094483312 -0.81952921 0.010556637)      
jitou                     (-1.2942664 538.54989 12.704587)              (-0.014315307 -0.038585126 0.16187794)        (-1.3085817 538.5113 12.866465)               (-0.0045902874 1.9100386 0.045058505)         (-5.0771135e-05 -0.00013684727 0.00057412159) (-0.0046410585 1.9099018 0.045632627)        
liangan                   (0.67264312 647.5375 -0.21424704)             (0.017955321 0.13643702 0.016528673)          (0.69059844 647.67393 -0.19771836)            (0.0023856181 2.2965777 -0.00075985555)       (6.368093e-05 0.00048389199 5.8621134e-05)    (0.002449299 2.2970616 -0.00070123441)       
waiyi                     (12.009987 -47.4377 -0.088870466)             (0.096892038 0.6214634 -0.059668454)          (12.106879 -46.816237 -0.14853892)            (0.042595013 -0.1682441 -0.0003151909)        (0.00034364047 0.0022041024 -0.00021162209)   (0.042938654 -0.16604 -0.00052681299)        
weiyi                     (-7.6258778 -631.27382 -23.099938)            (0.10081382 0.51437944 -0.31888585)           (-7.525064 -630.75944 -23.418824)             (-0.027046187 -2.2388964 -0.081926996)        (0.0003575496 0.001824315 -0.001130971)       (-0.026688638 -2.237072 -0.083057967)        
xiaoyi                    (5.4062341 56.009629 -1.0065566)              (0.062292321 0.041038852 -0.038480533)        (5.4685264 56.050668 -1.0450372)              (0.019173927 0.19864558 -0.0035698866)        (0.00022092798 0.00014554973 -0.00013647632)  (0.019394855 0.19879113 -0.003706363)        
youfuyi                   (17.060869 -2.4660025 0.90823136)             (0.016867297 0.022174598 -0.24881331)         (17.077736 -2.4438279 0.65941805)             (0.060508634 -0.0087460053 0.003221163)       (5.9822109e-05 7.8645156e-05 -0.00088244941)  (0.060568456 -0.0086673601 0.0023387136)     
youweiduo                 (-0.22652032 1.3801748 -0.64863641)           (0.015161 0.031932823 -0.11412247)            (-0.21135932 1.4121076 -0.76275888)           (-0.00080338437 0.0048949731 -0.0023004751)   (5.37705e-05 0.000113254 -0.00040475048)      (-0.00074961387 0.0050082271 -0.0027052256)  
zhongyangyi               (10.101001 -282.72083 0.35221872)             (0.054802658 0.33790245 -0.028268578)         (10.155804 -282.38293 0.32395014)             (0.035824541 -1.002707 0.0012491904)          (0.0001943649 0.0011984159 -0.00010025826)    (0.036018906 -1.0015085 0.0011489322)        
zuofuyi                   (-15.913239 -2.3294329 -1.0473326)            (-0.0062529811 0.022214942 0.23255513)        (-15.919492 -2.307218 -0.81477752)            (-0.056438412 -0.0082616429 -0.0037145042)    (-2.2177027e-05 7.878824e-05 0.00082478763)   (-0.056460589 -0.0081828547 -0.0028897166)   
zuoweiduo                 (1.452298 10.457576 6.0476851)                (0.022765667 0.089821719 0.004533932)         (1.4750637 10.547398 6.052219)                (0.0051507677 0.03708918 0.021448918)         (8.0741458e-05 0.00031856464 1.6080192e-05)   (0.0052315092 0.037407745 0.021464998)       
------------------------- --------------------------------------------- --------------------------------------------- --------------------------------------------- --------------------------------------------- --------------------------------------------- ---------------------------------------------
Net                       (21.945763 33.810358 -3.1177736)              (0.33075205 1.699756 -0.38769764)             (22.276515 35.510114 -3.5054712)              (0.07783356 0.11991292 -0.011057598)          (0.001173056 0.0060284102 -0.0013750211)      (0.079006616 0.12594133 -0.012432619)        

Moments - Moment Center (0 0 0.05) Moment Axis (0 1 0)
                          Moments [N m]                                   Coefficients                                   
Zone                      Pressure        Viscous         Total           Pressure        Viscous         Total          
jidi                      -22.90301       -0.00015835048  -22.903168      -0.081228564    -5.6161098e-07  -0.081229125   
jishen                    -230.99361      -0.078865761    -231.07248      -0.8192495      -0.00027970789  -0.81952921    
jitou                     538.54989       -0.038585126    538.5113        1.9100386       -0.00013684727  1.9099018      
liangan                   647.5375        0.13643702      647.67393       2.2965777       0.00048389199   2.2970616      
waiyi                     -47.4377        0.6214634       -46.816237      -0.1682441      0.0022041024    -0.16604       
weiyi                     -631.27382      0.51437944      -630.75944      -2.2388964      0.001824315     -2.237072      
xiaoyi                    56.009629       0.041038852     56.050668       0.19864558      0.00014554973   0.19879113     
youfuyi                   -2.4660025      0.022174598     -2.4438279      -0.0087460053   7.8645156e-05   -0.0086673601  
youweiduo                 1.3801748       0.031932823     1.4121076       0.0048949731    0.000113254     0.0050082271   
zhongyangyi               -282.72083      0.33790245      -282.38293      -1.002707       0.0011984159    -1.0015085     
zuofuyi                   -2.3294329      0.022214942     -2.307218       -0.0082616429   7.878824e-05    -0.0081828547  
zuoweiduo                 10.457576       0.089821719     10.547398       0.03708918      0.00031856464   0.037407745    
------------------------- --------------- --------------- --------------- --------------- --------------- ---------------
Net                       33.810358       1.699756        35.510114       0.11991292      0.0060284102    0.12594133     
