                                    "Force Report"

Forces
                          Forces [N]                                                                                                                                Coefficients                                                                                                                             
Zone                      Pressure                                      Viscous                                       Total                                         Pressure                                      Viscous                                       Total                                        
jidi                      (1145.2455 1.4626653e-07 0.00043523092)       (3.2290028e-08 -0.00037400086 0.0039476928)   (1145.2455 -0.00037385459 0.0043829237)       (1.4813257 1.8918946e-10 5.6295243e-07)       (4.176576e-11 -4.8375399e-07 5.1061705e-06)   (1.4813257 -4.835648e-07 5.6691229e-06)      
jishen                    (9086.721 -0.088637166 -12495.615)            (1.1497594 -0.00090124152 0.06196022)         (9087.8708 -0.089538407 -12495.553)           (11.753282 -0.00011464835 -16.16254)          (0.0014871643 -1.1657171e-06 8.0142875e-05)   (11.754769 -0.00011581407 -16.16246)         
jitou                     (-11258.818 0.034477114 26.435284)            (1.1326524 -0.00027576809 0.29281617)         (-11257.686 0.034201346 26.7281)              (-14.562796 4.4594661e-05 0.034192901)        (0.0014650371 -3.5669414e-07 0.0003787451)    (-14.561331 4.4237967e-05 0.034571646)       
liangan                   (-81.234866 -0.077563357 -3067.8132)          (1.2367196 -0.00098581988 0.12810587)         (-79.998146 -0.078549177 -3067.6851)          (-0.1050738 -0.00010032486 -3.9680842)        (0.0015996435 -1.2751155e-06 0.00016569943)   (-0.10347415 -0.00010159998 -3.9679185)      
waiyi                     (-210.77237 -0.0051265708 1968.3239)          (3.3955939 4.5858424e-05 0.91073091)          (-207.37678 -0.0050807124 1969.2346)          (-0.27262498 -6.6309984e-06 2.5459421)        (0.0043920544 5.9315895e-08 0.0011779912)     (-0.26823293 -6.5716825e-06 2.5471201)       
weiyi                     (41.682779 0.014926834 592.74919)             (1.32258 0.00019249861 0.13694906)            (43.005359 0.015119333 592.88614)             (0.053914878 1.9307217e-05 0.76669553)        (0.0017107002 2.4898865e-07 0.00017713771)    (0.055625578 1.9556205e-05 0.76687267)       
xiaoyi                    (153.95599 0.013478532 -366.59903)            (0.3643193 -0.00021548162 0.077867983)        (154.32031 0.01326305 -366.52116)             (0.19913545 1.74339e-05 -0.47418005)          (0.00047123132 -2.7871619e-07 0.00010071888)  (0.19960668 1.7155184e-05 -0.47407933)       
youfuyi                   (0.086880141 -0.81706697 23.581554)           (0.13789819 0.01542856 0.045998374)           (0.22477833 -0.80163841 23.627552)            (0.00011237572 -0.0010568409 0.030501724)     (0.00017836537 1.9956178e-05 5.9496914e-05)   (0.00029074109 -0.0010368847 0.030561221)    
youweiduo                 (-0.84509351 1.0995399 1.9342257)             (0.13664191 -0.010282401 0.013416652)         (-0.7084516 1.0892575 1.9476423)              (-0.001093092 0.0014222075 0.0025018376)      (0.00017674042 -1.3299843e-05 1.7353861e-05)  (-0.00091635162 0.0014089077 0.0025191914)   
zhongyangyi               (1018.5219 0.0023983621 14370.152)            (1.9507409 0.00062891089 0.42859129)          (1020.4726 0.003027273 14370.58)              (1.3174142 3.102178e-06 18.587172)            (0.0025231993 8.1346914e-07 0.00055436436)    (1.3199374 3.9156471e-06 18.587726)          
zuofuyi                   (0.094686091 0.84235604 23.913244)            (0.13582898 -0.015193481 0.047509119)         (0.23051507 0.82716255 23.960753)             (0.00012247238 0.0010895512 0.03093075)       (0.00017568893 -1.9652113e-05 6.1450999e-05)  (0.00029816131 0.0010698991 0.030992201)     
zuoweiduo                 (-0.849171 -1.0974489 1.9299339)              (0.13639891 0.010425405 0.013476326)          (-0.7127721 -1.0870235 1.9434103)             (-0.0010983661 -0.0014195029 0.0024962864)    (0.00017642611 1.3484812e-05 1.7431046e-05)   (-0.00092193999 -0.0014060181 0.0025137174)  
------------------------- --------------------------------------------- --------------------------------------------- --------------------------------------------- --------------------------------------------- --------------------------------------------- ---------------------------------------------
Net                       (-106.21115 -0.078666034 1078.992)            (11.099134 -0.0015069613 2.1613697)           (-95.112014 -0.080172995 1081.1534)           (-0.13737954 -0.00010175112 1.3956296)        (0.014356251 -1.9491895e-06 0.0027956385)     (-0.12302329 -0.00010370031 1.3984253)       

Forces - Direction Vector (0.98480865 0 0.17364311)
                          Forces [N]                                      Coefficients                                   
Zone                      Pressure        Viscous         Total           Pressure        Viscous         Total          
jidi                      1127.8477       0.00068552144   1127.8484       1.4588224       8.8669244e-07   1.4588233      
jishen                    6778.904        1.143052        6780.047        8.7682202       0.0014784885    8.7696987      
jitou                     -11083.191      1.1662914       -11082.025      -14.33563       0.0015085476    -14.334122     
liangan                   -612.70541      1.2401768       -611.46524      -0.79250805     0.0016041153    -0.79090394    
waiyi                     134.21542       3.5021524       137.71757       0.17360186      0.0045298832    0.17813175     
weiyi                     143.97637       1.3262685       145.30264       0.18622723      0.0017154711    0.1879427      
xiaoyi                    87.9598         0.37230604      88.332106       0.11377221      0.00048156182   0.11425377     
youfuyi                   4.1803346       0.14379063      4.3241253       0.0054070827    0.00018598699   0.0055930697   
youweiduo                 -0.49639044     0.13689584      -0.3594946      -0.00064205964  0.00017706887   -0.00046499077 
zhongyangyi               3498.327        1.9955284       3500.3225       4.5249352       0.00258113      4.5275163      
zuofuyi                   4.2456176       0.14201518      4.3876328       0.0054915234    0.00018369052   0.0056752139   
zuoweiduo                 -0.50115122     0.13666689      -0.36448432     -0.0006482175   0.00017677274   -0.00047144477 
------------------------- --------------- --------------- --------------- --------------- --------------- ---------------
Net                       82.761864       11.30583        94.067694       0.1070489       0.014623603     0.12167251     
