                                    "Force Report"

Forces
                          Forces [N]                                                                                                                                Coefficients                                                                                                                             
Zone                      Pressure                                      Viscous                                       Total                                         Pressure                                      Viscous                                       Total                                        
jidi                      (1143.6661 -9.9123298e-08 0.00043496486)      (-1.1750287e-09 -0.0014651856 -0.0014683794)  (1143.6661 -0.0014652848 -0.0010334145)       (1.4792828 -1.2821171e-10 5.626083e-07)       (-1.519849e-12 -1.8951545e-06 -1.8992854e-06) (1.4792828 -1.8952827e-06 -1.3366771e-06)    
jishen                    (9077.6681 1.5456395 -12500.8)                (1.2092259 -0.055506588 -0.078452659)         (9078.8773 1.4901329 -12500.878)              (11.741572 0.0019992181 -16.169246)           (0.0015640815 -7.179538e-05 -0.00010147513)   (11.743137 0.0019274227 -16.169348)          
jitou                     (-11241.366 -7.054218 -8.608386)              (1.1759389 -0.085162559 -0.069737575)         (-11240.19 -7.1393806 -8.6781235)             (-14.540223 -0.009124327 -0.011134576)        (0.0015210263 -0.0001101541 -9.0202548e-05)   (-14.538702 -0.0092344811 -0.011224779)      
liangan                   (-81.138582 -0.43294402 -3080.8296)           (1.1302717 -0.048313915 -0.059560953)         (-80.00831 -0.48125794 -3080.8892)            (-0.10494926 -0.00055999443 -3.9849203)       (0.0014619577 -6.2491967e-05 -7.7039527e-05)  (-0.1034873 -0.0006224864 -3.9849974)        
waiyi                     (-127.06498 -0.18919727 1501.0737)            (3.8902032 -0.27511137 -0.028745881)          (-123.17477 -0.46430864 1501.045)             (-0.16435307 -0.00024471852 1.9415742)        (0.0050318103 -0.00035584471 -3.7181559e-05)  (-0.15932126 -0.00060056322 1.941537)        
weiyi                     (44.196657 -9.5842397 492.29327)              (1.5479781 -0.098416092 -0.11680781)          (45.744635 -9.6826558 492.17647)              (0.057166471 -0.012396801 0.63676014)         (0.002002243 -0.00012729697 -0.00015108586)   (0.059168714 -0.012524098 0.63660905)        
xiaoyi                    (150.97275 -0.30363771 -372.46435)            (0.30659532 -0.020111613 -0.023539339)        (151.27934 -0.32374932 -372.48789)            (0.19527674 -0.00039274229 -0.48176659)       (0.00039656784 -2.6013504e-05 -3.044712e-05)  (0.19567331 -0.0004187558 -0.48179703)       
youfuyi                   (-0.86223959 -0.34275797 10.353281)           (0.18602131 -0.024321642 0.00056670755)       (-0.67621828 -0.36707961 10.353847)           (-0.0011152698 -0.00044334266 0.013391522)    (0.00024061055 -3.1458995e-05 7.3301179e-07)  (-0.00087465921 -0.00047480165 0.013392255)  
youweiduo                 (-1.0340512 -0.66029842 -1.0800747)           (0.15530276 -0.013637142 -0.0042185929)       (-0.87874843 -0.67393556 -1.0842933)          (-0.0013375007 -0.00085406755 -0.00139703)    (0.00020087743 -1.7639056e-05 -5.4565681e-06) (-0.0011366232 -0.00087170661 -0.0014024866) 
zhongyangyi               (1056.5321 -0.018158015 14092.922)            (2.3256558 -0.1336858 -0.061909951)           (1058.8578 -0.15184382 14092.86)              (1.3665787 -2.348661e-05 18.228587)           (0.0030081356 -0.00017291682 -8.0077854e-05)  (1.3695869 -0.00019640343 18.228507)         
zuofuyi                   (-0.8369391 0.36777403 10.203243)             (0.18650574 -0.025644045 0.0010961817)        (-0.65043336 0.34212998 10.204339)            (-0.0010825447 0.00047569986 0.013197455)     (0.00024123713 -3.3169467e-05 1.4178637e-06)  (-0.00084130752 0.00044253039 0.013198872)   
zuoweiduo                 (-0.99524825 0.26701906 -0.37533171)          (0.15509172 -0.015448198 -0.016867123)        (-0.84015654 0.25157086 -0.39219884)          (-0.0012873107 0.00034537764 -0.00048547539)  (0.00020060446 -1.9981578e-05 -2.1816897e-05) (-0.0010867063 0.00032539606 -0.00050729229) 
------------------------- --------------------------------------------- --------------------------------------------- --------------------------------------------- --------------------------------------------- --------------------------------------------- ---------------------------------------------
Net                       (19.737226 -16.405019 142.68808)              (12.26879 -0.79682416 -0.45964537)            (32.006016 -17.201843 142.22843)              (0.025529251 -0.021219185 0.18456088)         (0.015869152 -0.0010306577 -0.00059453148)    (0.041398403 -0.022249842 0.18396635)        

Forces - Direction Vector (0.99513403 -0.069756474 -0.06958655)
                          Forces [N]                                      Coefficients                                   
Zone                      Pressure        Viscous         Total           Pressure        Viscous         Total          
jidi                      1138.101        0.00020438447   1138.1012       1.4720846       2.643625e-07    1.4720848      
jishen                    9903.2762       1.212673        9904.4888       12.809461       0.0015685403    12.81103       
jitou                     -11185.575      1.1810103       -11184.394      -14.468059      0.0015275859    -14.466532     
liangan                   133.67074       1.1322867       134.80303       0.17289734      0.001464564     0.17436191     
waiyi                     -230.88803      3.8924648       -226.99556      -0.29864372     0.0050347354    -0.29360898    
weiyi                     10.39317        1.5554391       11.948609       0.013443117     0.0020118935    0.015455011    
xiaoyi                    176.17781       0.30814438      176.48595       0.22787841      0.00039857147   0.22827698     
youfuyi                   -1.5545835      0.18677329      -1.3678102      -0.0020107867   0.0002415832    -0.0017692035  
youweiduo                 -0.90780077     0.1557919       -0.75200887     -0.0011742012   0.00020151011   -0.00097269107 
zhongyangyi               70.714505       2.3279728       73.042478       0.091466165     0.0030111325    0.094477297    
zuofuyi                   -1.5685296      0.18731076      -1.3812189      -0.0020288255   0.0002422784    -0.0017865471  
zuoweiduo                 -0.98291368     0.15658838      -0.8263253      -0.0012713565   0.00020254033   -0.0010688162  
------------------------- --------------- --------------- --------------- --------------- --------------- ---------------
Net                       10.85637        12.29666        23.15303        0.014042247     0.015905199     0.029947447    
