                                    "Force Report"

Forces
                          Forces [N]                                                                                                                                Coefficients                                                                                                                             
Zone                      Pressure                                      Viscous                                       Total                                         Pressure                                      Viscous                                       Total                                        
jidi                      (1146.1594 7.0161419e-07 0.00043609903)       (2.8845458e-08 0.0036305312 0.0058979877)     (1146.1594 0.0036312328 0.0063340867)         (1.4825078 9.0750771e-10 5.640753e-07)        (3.7310356e-11 4.6959356e-06 7.6287929e-06)   (1.4825078 4.6968431e-06 8.1928682e-06)      
jishen                    (9094.9816 -2.4651577 -12500.832)             (1.2443746 -0.15749197 0.031191379)           (9096.2259 -2.6226497 -12500.801)             (11.763967 -0.0031885753 -16.169287)          (0.001609545 -0.00020370907 4.0344705e-05)    (11.765576 -0.0033922844 -16.169247)         
jitou                     (-11261.788 -20.707872 25.330957)             (1.0741473 -0.25676795 0.31524887)            (-11260.714 -20.96464 25.646206)              (-14.566638 -0.02678474 0.032764502)          (0.0013893632 -0.00033211828 0.00040776083)   (-14.565248 -0.027116859 0.033172263)        
liangan                   (-81.244444 -2.8060826 -3062.2959)            (1.3398633 -0.17776682 0.22389636)            (-79.90458 -2.9838494 -3062.072)              (-0.10508619 -0.0036295469 -3.9609478)        (0.0017330554 -0.00022993372 0.0002896003)    (-0.10335313 -0.0038594806 -3.9606582)       
waiyi                     (-226.18606 -0.38525081 1975.5726)            (2.9920982 -0.73186107 0.93133296)            (-223.19396 -1.1171119 1976.5039)             (-0.29256193 -0.00049830533 2.555318)         (0.0038701501 -0.00094663076 0.001204639)     (-0.28869178 -0.0014449361 2.5565227)        
weiyi                     (36.951035 -21.468086 585.57125)              (1.2103991 -0.26074471 0.13780847)            (38.161434 -21.728831 585.70906)              (0.047794571 -0.027768044 0.75741118)         (0.0015655991 -0.00033726205 0.00017824932)   (0.04936017 -0.028105306 0.75758943)         
xiaoyi                    (153.3786 -1.9522706 -366.47631)              (0.34357908 -0.072165065 0.074851468)         (153.72218 -2.0244357 -366.40146)             (0.19838861 -0.0025251779 -0.47402131)        (0.00044440473 -9.3342402e-05 9.6817148e-05)  (0.19883302 -0.0026185203 -0.47392449)       
youfuyi                   (0.35323403 -0.93212122 24.531358)            (0.12852201 -0.067614195 0.047157013)         (0.48175604 -0.99973541 24.578515)            (0.000456893 -0.0012056586 0.031730255)       (0.00016623768 -8.7456048e-05 6.0995564e-05)  (0.00062313068 -0.0012931147 0.031791251)    
youweiduo                 (-0.82532709 0.62592624 1.1063319)            (0.14857168 -0.041522015 0.024638513)         (-0.67675541 0.58440422 1.1309704)            (-0.001067525 0.00080960862 0.0014309927)     (0.00019217107 -5.3706937e-05 3.1868855e-05)  (-0.00087535396 0.00075590168 0.0014628615)  
zhongyangyi               (1032.5653 0.029747553 14347.598)             (1.8647353 -0.20570665 0.34087367)            (1034.43 -0.1759591 14347.939)                (1.3355787 3.8477177e-05 18.558)              (0.0024119547 -0.00026607269 0.00044090541)   (1.3379906 -0.00022759551 18.55844)          
zuofuyi                   (0.23868209 0.90524781 23.517018)             (0.14120832 -0.094041099 0.046329819)         (0.37989042 0.81120671 23.563348)             (0.000308725 0.001170899 0.03041825)          (0.00018264688 -0.00012163811 5.9925624e-05)  (0.00049137188 0.0010492609 0.030478175)     
zuoweiduo                 (-0.73299328 -1.8565413 3.1756551)            (0.12345955 -0.0322556 -0.0016072313)         (-0.60953373 -1.8887969 3.1740479)            (-0.00094809522 -0.0024013562 0.0041075731)   (0.00015968961 -4.1721228e-05 -2.0788844e-06) (-0.00078840562 -0.0024430774 0.0041054942)  
------------------------- --------------------------------------------- --------------------------------------------- --------------------------------------------- --------------------------------------------- --------------------------------------------- ---------------------------------------------
Net                       (-106.14926 -51.01246 1056.7993)              (10.610958 -2.0943066 2.1776193)              (-95.538306 -53.106767 1058.977)              (-0.1372995 -0.065982419 1.3669244)           (0.013724818 -0.0027088954 0.0028166567)      (-0.12357468 -0.068691315 1.3697411)         

Forces - Direction Vector (0.95677273 -0.20791169 0.20336832)
                          Forces [N]                                      Coefficients                                   
Zone                      Pressure        Viscous         Total           Pressure        Viscous         Total          
jidi                      1096.6142       0.00044466159   1096.6146       1.4184232       5.751506e-07    1.4184237      
jishen                    6160.0697       1.2296715       6161.2994       7.9677847       0.001590527     7.9693752      
jitou                     -10765.515      1.1452115       -10764.37       -13.92473       0.0014812817    -13.923248     
liangan                   -699.92304      1.3644379       -698.5586       -0.90532029     0.0017648416    -0.90355545    
waiyi                     185.44032       3.2043241       188.64465       0.23985907      0.0041446551    0.24400372     
weiyi                     158.90385       1.2403146       160.14417       0.20553528      0.0016042935    0.20713958     
xiaoyi                    72.624693       0.35895347      72.983647       0.093936911     0.00046429085   0.094401202    
youfuyi                   5.5206648       0.14661438      5.6672792       0.007140742     0.00018963938   0.0073303814   
youweiduo                 -0.69479497     0.15579294      -0.53900203     -0.00089868736  0.00020151146   -0.0006971759  
zhongyangyi               3905.771        1.8962196       3907.6672       5.0519465       0.0024526783    5.0543991      
zuofuyi                   4.8227694       0.16407853      4.986848        0.0062380444    0.00021222851   0.006450273    
zuoweiduo                 0.33051632      0.12450219      0.45501851      0.00042750862   0.00016103821   0.00058854683  
------------------------- --------------- --------------- --------------- --------------- --------------- ---------------
Net                       123.96487       11.030565       134.99544       0.16034322      0.014267561     0.17461078     
