                                    "Force Report"

Forces
                          Forces [N]                                                                                                                                Coefficients                                                                                                                             
Zone                      Pressure                                      Viscous                                       Total                                         Pressure                                      Viscous                                       Total                                        
jidi                      (1143.5685 -5.5050319e-09 0.00043487816)      (5.9357873e-09 -7.5892203e-05 -0.0014857781)  (1143.5685 -7.5897708e-05 -0.0010508999)      (1.4791565 -7.1205216e-12 5.6249616e-07)      (7.6776851e-12 -9.8163295e-08 -1.9217899e-06) (1.4791565 -9.8170415e-08 -1.3592937e-06)    
jishen                    (9077.106 -0.034205063 -12499.331)            (1.1984891 -0.00050912652 -0.074081186)       (9078.3044 -0.03471419 -12499.405)            (11.740845 -4.4242775e-05 -16.167346)         (0.001550194 -6.5853322e-07 -9.5820822e-05)   (11.742396 -4.4901308e-05 -16.167442)        
jitou                     (-11240.703 0.044438527 -8.6307124)           (1.1746298 -0.00041842024 -0.070347849)       (-11239.529 0.044020107 -8.7010602)           (-14.539365 5.747932e-05 -0.011163455)        (0.0015193331 -5.4120855e-07 -9.0991911e-05)  (-14.537846 5.6938111e-05 -0.011254446)      
liangan                   (-81.149233 -0.0033486738 -3080.4302)         (1.1117629 -0.000197005 -0.051063822)         (-80.03747 -0.0035456788 -3080.4812)          (-0.10496304 -4.3313652e-06 -3.9844037)       (0.0014380173 -2.5481748e-07 -6.6048853e-05)  (-0.10352502 -4.5861827e-06 -3.9844697)      
waiyi                     (-126.99127 -0.0021428228 1501.3669)          (3.9017117 3.161668e-05 -0.028349959)         (-123.08956 -0.0021112061 1501.3386)          (-0.16425774 -2.771649e-06 1.9419534)         (0.005046696 4.0894813e-08 -3.666945e-05)     (-0.15921104 -2.7307541e-06 1.9419168)       
weiyi                     (44.641659 0.018520253 492.06406)             (1.5688261 -2.9724513e-05 -0.11837659)        (46.210485 0.018490528 491.94568)             (0.057742062 2.3955149e-05 0.63646365)        (0.0020292089 -3.8447377e-08 -0.00015311502)  (0.059771271 2.3916702e-05 0.63631054)       
xiaoyi                    (150.96761 0.0066973766 -372.3663)            (0.30435119 -0.00017282437 -0.022797699)      (151.27196 0.0065245522 -372.3891)            (0.1952701 8.662768e-06 -0.48163977)          (0.00039366515 -2.2354088e-07 -2.9487841e-05) (0.19566376 8.4392271e-06 -0.48166925)       
youfuyi                   (-0.85821317 -0.3359363 10.286573)            (0.18578976 0.00071742562 0.00067596192)      (-0.67242341 -0.33521888 10.287249)           (-0.0011100618 -0.00043451913 0.013305239)    (0.00024031104 9.2795912e-07 8.7432762e-07)   (-0.00086975071 -0.00043359117 0.013306113)  
youweiduo                 (-1.0160725 -0.46189594 -0.72645672)          (0.1561825 0.00093556289 -0.01055616)         (-0.85988996 -0.46096038 -0.73701288)         (-0.0013142459 -0.0005974425 -0.00093964046)  (0.00020201534 1.2101103e-06 -1.3653937e-05)  (-0.0011122306 -0.00059623239 -0.0009532944) 
zhongyangyi               (1056.6251 -2.5810833e-06 14092.151)          (2.3434039 1.114013e-05 -0.061185289)         (1058.9685 8.5590468e-06 14092.09)            (1.3666991 -3.33852e-09 18.22759)             (0.0030310919 1.4409278e-08 -7.9140534e-05)   (1.3697302 1.1070758e-08 18.227511)          
zuofuyi                   (-0.85603701 0.33891143 10.279576)            (0.18558122 -0.0007301416 0.000759046)        (-0.67045579 0.33818129 10.280335)            (-0.001107247 0.00043836733 0.013296189)      (0.00024004131 -9.4440669e-07 9.8179329e-07)  (-0.00086720567 0.00043742292 0.01329717)    
zuoweiduo                 (-1.0156096 0.4644981 -0.72858492)            (0.15502116 -0.00097367917 -0.010542866)      (-0.86058849 0.46352442 -0.73912779)          (-0.0013136473 0.00060080828 -0.0009423932)   (0.00020051319 -1.259412e-06 -1.3636743e-05)  (-0.0011131341 0.00059954887 -0.00095602994) 
------------------------- --------------------------------------------- --------------------------------------------- --------------------------------------------- --------------------------------------------- --------------------------------------------- ---------------------------------------------
Net                       (20.31919 0.035534297 143.93514)              (12.285749 -0.0014110683 -0.44735219)         (32.60494 0.034123229 143.48779)              (0.026281997 4.5962082e-05 0.1861739)         (0.015891087 -1.825156e-06 -0.00057863078)    (0.042173084 4.4136926e-05 0.18559527)       

Forces - Direction Vector (0.99756419 0 -0.069756474)
                          Forces [N]                                      Coefficients                                   
Zone                      Pressure        Viscous         Total           Pressure        Viscous         Total          
jidi                      1140.7828       0.00010364854   1140.7829       1.4755533       1.3406493e-07   1.4755535      
jishen                    9926.9037       1.2007373       9928.1045       12.840022       0.001553102     12.841575      
jitou                     -11212.719      1.1766757       -11211.543      -14.503169      0.0015219793    -14.501647     
liangan                   133.92836       1.1126167       135.04097       0.17323056      0.0014391217    0.17466968     
waiyi                     -231.41198      3.8941849       -227.51779      -0.29932142     0.0050369604    -0.29428446    
weiyi                     10.208266       1.573262        11.781528       0.013203952     0.0020349466    0.015238898    
xiaoyi                    176.57482       0.30520009      176.88002       0.22839192      0.00039476317   0.22878668     
youfuyi                   -1.5736776      0.18529003      -1.3883875      -0.0020354841   0.00023966467   -0.0017958195  
youweiduo                 -0.96292231     0.15653841      -0.8063839      -0.0012454985   0.00020247569   -0.0010430228  
zhongyangyi               71.03262        2.3419635       73.374584       0.091877633     0.0030292289    0.094906862    
zuofuyi                   -1.5710186      0.18507621      -1.3859424      -0.0020320449   0.0002393881    -0.0017926568  
zuoweiduo                 -0.96231217     0.15537897      -0.8069332      -0.0012447093   0.000200976     -0.0010437333  
------------------------- --------------- --------------- --------------- --------------- --------------- ---------------
Net                       10.229287       12.287028       22.516315       0.013231142     0.015892741     0.029123883    
