                                    "Force Report"

Forces
                          Forces [N]                                                                                                                                Coefficients                                                                                                                             
Zone                      Pressure                                      Viscous                                       Total                                         Pressure                                      Viscous                                       Total                                        
jidi                      (1145.15 -3.6741412e-07 0.00043510528)        (9.4740045e-09 0.00075302277 0.00070758827)   (1145.15 0.00075265535 0.0011426936)          (1.4812022 -4.7523434e-10 5.6278993e-07)      (1.2254217e-11 9.740025e-07 9.1523494e-07)    (1.4812022 9.7352727e-07 1.4780249e-06)      
jishen                    (9091.096 1.1664988 -12493.483)               (1.2747342 0.00079137045 0.12121466)          (9092.3708 1.1672902 -12493.361)              (11.758941 0.0015088159 -16.159781)           (0.0016488137 1.0236036e-06 0.00015678594)    (11.76059 0.0015098395 -16.159625)           
jitou                     (-11262.204 0.09871195 34.670898)             (1.0823634 -0.00063513761 0.41211802)         (-11261.122 0.098076813 35.083016)            (-14.567176 0.00012767965 0.044845312)        (0.0013999905 -8.2152313e-07 0.0005330569)    (-14.565776 0.00012685813 0.045378369)       
liangan                   (-81.662873 0.13388706 -3058.109)             (1.3766918 0.0017323392 0.27258646)           (-80.286182 0.1356194 -3057.8364)             (-0.10562741 0.00017317714 -3.9555322)        (0.0017806915 2.240706e-06 0.00035257884)     (-0.10384672 0.00017541785 -3.9551796)       
waiyi                     (-259.27777 -0.0015231303 2020.53)            (2.314966 0.0061515062 0.92644244)            (-256.9628 0.004628376 2021.4565)             (-0.33536462 -1.9701034e-06 2.6134685)        (0.0029943088 7.9567082e-06 0.0011983134)     (-0.33237031 5.9866049e-06 2.6146668)        
weiyi                     (45.608942 0.70107611 600.87408)              (0.8978324 0.002101955 0.1782013)             (46.506774 0.70317807 601.05228)              (0.058993201 0.00090681174 0.77720473)        (0.0011613075 2.7187883e-06 0.0002304957)     (0.060154508 0.00090953053 0.77743522)       
xiaoyi                    (154.407 0.01381694 -364.04617)               (0.35201978 -0.00044856572 0.11409926)        (154.75902 0.013368374 -363.93208)            (0.1997188 1.7871616e-05 -0.47087804)         (0.00045532241 -5.8020043e-07 0.00014758248)  (0.20017412 1.7291416e-05 -0.47073046)       
youfuyi                   (0.41805869 -1.0940888 28.63309)              (0.1542286 0.019438982 0.048862102)           (0.57228729 -1.0746498 28.681952)             (0.0005407409 -0.0014151567 0.037035668)      (0.00019948805 2.5143485e-05 6.3201023e-05)   (0.00074022895 -0.0013900132 0.037098869)    
youweiduo                 (-0.9999848 3.1652502 5.4851083)              (0.13206528 -0.018824425 0.037230657)         (-0.86791951 3.1464258 5.522339)              (-0.0012934372 0.0040941147 0.0070947512)     (0.00017082075 -2.4348582e-05 4.815625e-05)   (-0.0011226165 0.0040697662 0.0071429075)    
zhongyangyi               (1014.2976 -0.00010490501 14353.639)          (1.2871815 -0.0041159362 0.33730012)          (1015.5848 -0.0042208412 14353.976)           (1.3119503 -1.3569012e-07 18.565814)          (0.0016649138 -5.3237861e-06 0.00043628317)   (1.3136152 -5.4594763e-06 18.56625)          
zuofuyi                   (0.40814064 1.0481744 28.567866)              (0.15211407 -0.020538741 0.049799548)         (0.56025471 1.0276356 28.617665)              (0.00052791233 0.0013557684 0.036951303)      (0.00019675299 -2.6565977e-05 6.4413569e-05)  (0.00072466532 0.0013292024 0.037015717)     
zuoweiduo                 (-0.91576579 -3.0135311 5.2346501)            (0.12617115 0.018957313 0.036568629)          (-0.78959464 -2.9945738 5.2712188)            (-0.0011845036 -0.0038978726 0.0067707944)    (0.00016319694 2.4520468e-05 4.7299946e-05)   (-0.0010213066 -0.0038733521 0.0068180943)   
------------------------- --------------------------------------------- --------------------------------------------- --------------------------------------------- --------------------------------------------- --------------------------------------------- ---------------------------------------------
Net                       (-153.67481 2.2181672 1161.9974)              (9.1503682 0.0053636827 2.5351308)            (-144.52444 2.2235309 1164.5325)              (-0.19877175 0.0028691037 1.5029935)          (0.011835607 6.9376925e-06 0.0032790824)      (-0.18693614 0.0028760413 1.5062726)         

Forces - Direction Vector (0.96126397 0 0.27562944)
                          Forces [N]                                      Coefficients                                   
Zone                      Pressure        Viscous         Total           Pressure        Viscous         Total          
jidi                      1100.7915       0.00019504127   1100.7917       1.4238264       2.5227747e-07   1.4238267      
jishen                    5295.3714       1.2587663       5296.6302       6.8493347       0.00162816      6.8509629      
jitou                     -10816.395      1.1540288       -10815.241      -13.990541      0.0014926866    -13.989048     
liangan                   -921.40445      1.398497        -920.00595      -1.1917969      0.0018088956    -1.189988      
waiyi                     307.68318       2.4806483       310.16382       0.39797493      0.0032086116    0.40118354     
weiyi                     209.46082       0.91217146      210.37299       0.27092854      0.0011798545    0.2721084      
xiaoyi                    48.084042       0.36983304      48.453875       0.062194637     0.0004783631    0.062673       
youfuyi                   8.2939873       0.16172223      8.4557095       0.010727915     0.00020918074   0.010937096    
youweiduo                 0.55060798      0.13721146      0.68781944      0.00071218769   0.00017747711   0.0008896648   
zhongyangyi               4931.2932       1.330291        4932.6235       6.3784153       0.0017206741    6.380136       
zuofuyi                   8.2664757       0.15994799      8.4264237       0.01069233      0.00020688584   0.010899216    
zuoweiduo                 0.56253102      0.13136317      0.69389419      0.00072760964   0.0001699126    0.00089752223  
------------------------- --------------- --------------- --------------- --------------- --------------- ---------------
Net                       172.55863       9.4946759       182.0533        0.22319715      0.012280954     0.2354781      
