                                    "Force Report"

Moments - Moment Center (0 0 0.05)
                          Moments [N m]                                                                                                                             Coefficients                                                                                                                             
Zone                      Pressure                                      Viscous                                       Total                                         Pressure                                      Viscous                                       Total                                        
jidi                      (-6.8960106e-09 -22.875171 0.0024762496)      (-9.4964936e-05 0.0010382179 -0.00064214392)  (-9.4971832e-05 -22.874133 0.0018341057)      (-2.4457617e-11 -0.081129831 8.7823479e-06)   (-3.3680575e-07 3.6821776e-06 -2.2774486e-06) (-3.368302e-07 -0.081126149 6.5048992e-06)   
jishen                    (0.24697254 -233.22506 1.4787241)             (-0.013346644 -0.096968948 -0.0085430142)     (0.2336259 -233.32203 1.4701811)              (0.00087592089 -0.82716362 0.0052444913)      (-4.7335645e-05 -0.00034391324 -3.0298933e-05) (0.00082858525 -0.82750754 0.0052141924)     
jitou                     (-0.44682392 528.51585 4.3793451)             (-0.0048639777 -0.14670558 0.053968388)       (-0.4516879 528.36914 4.4333135)              (-0.0015847203 1.8744516 0.015531929)         (-1.7250742e-05 -0.0005203108 0.00019140605)  (-0.0016019711 1.8739313 0.015723335)        
liangan                   (0.19179943 644.62327 -0.067476571)           (0.0026422061 0.12241887 0.010696481)         (0.19444164 644.74569 -0.05678009)            (0.00068024214 2.286242 -0.00023931461)       (9.3709346e-06 0.00043417478 3.7936488e-05)   (0.00068961308 2.2866762 -0.00020137812)     
waiyi                     (3.8516511 -55.213016 -0.66161426)            (0.032531623 0.50436679 -0.047576039)         (3.8841827 -54.708649 -0.7091903)             (0.013660392 -0.19582029 -0.0023465028)       (0.00011537772 0.0017888037 -0.00016873473)   (0.013775769 -0.19403148 -0.0025152375)      
weiyi                     (-3.5787463 -606.87702 -10.866635)            (0.034919576 0.62596724 -0.096036575)         (-3.5438268 -606.25106 -10.962672)            (-0.012692499 -2.1523699 -0.038539965)        (0.00012384691 0.0022200759 -0.00034060646)   (-0.012568652 -2.1501498 -0.038880571)       
xiaoyi                    (-0.38468785 55.879675 -0.27099134)           (0.0061055446 0.042727258 -0.010448981)       (-0.3785823 55.922402 -0.28144032)            (-0.0013643465 0.19818468 -0.00096110674)     (2.1654124e-05 0.00015153789 -3.7058699e-05)  (-0.0013426924 0.19833622 -0.00099816544)    
youfuyi                   (10.246876 -1.5086442 1.03464)                (-0.0050390917 0.021228943 -0.2132175)        (10.241837 -1.4874152 0.82142249)             (0.036341906 -0.0053506068 0.003669488)       (-1.7871807e-05 7.5291264e-05 -0.00075620415) (0.036324034 -0.0052753155 0.0029132838)     
youweiduo                 (-0.19204595 1.6671226 -0.81967897)           (0.00098902843 0.0541704 -0.07355781)         (-0.19105692 1.721293 -0.89323678)            (-0.00068111645 0.0059126716 -0.0029071002)   (3.5077206e-06 0.00019212251 -0.00026088253)  (-0.00067760873 0.0061047941 -0.0031679828)  
zhongyangyi               (3.8100621 -293.77844 -0.46720283)            (0.020737646 0.27714705 -0.029874743)         (3.8307997 -293.50129 -0.49707758)            (0.013512891 -1.0419242 -0.0016569968)        (7.3548814e-05 0.00098293879 -0.00010595474)  (0.013586439 -1.0409413 -0.0017629516)       
zuofuyi                   (-10.079501 -1.4969593 -0.98908728)           (0.0090402599 0.02113241 0.203688)            (-10.070461 -1.4758269 -0.78539927)           (-0.035748288 -0.005309165 -0.0035079293)     (3.2062481e-05 7.4948896e-05 0.00072240653)   (-0.035716226 -0.0052342161 -0.0027855227)   
zuoweiduo                 (0.020554872 0.69838717 0.29349924)           (0.011565589 0.071219828 0.033712566)         (0.032120461 0.76960699 0.32721181)           (7.2900582e-05 0.0024769228 0.001040934)      (4.1018895e-05 0.00025259057 0.00011956609)   (0.00011391948 0.0027295133 0.0011605001)    
------------------------- --------------------------------------------- --------------------------------------------- --------------------------------------------- --------------------------------------------- --------------------------------------------- ---------------------------------------------
Net                       (3.686111 16.409993 -6.954002)                (0.095186795 1.4977425 -0.17783137)           (3.7812978 17.907735 -7.1318334)              (0.013073282 0.058200216 -0.024663291)        (0.0003375926 0.0053119425 -0.00063070254)    (0.013410875 0.063512158 -0.025293993)       

Moments - Moment Center (0 0 0.05) Moment Axis (0 1 0)
                          Moments [N m]                                   Coefficients                                   
Zone                      Pressure        Viscous         Total           Pressure        Viscous         Total          
jidi                      -22.875171      0.0010382179    -22.874133      -0.081129831    3.6821776e-06   -0.081126149   
jishen                    -233.22506      -0.096968948    -233.32203      -0.82716362     -0.00034391324  -0.82750754    
jitou                     528.51585       -0.14670558     528.36914       1.8744516       -0.0005203108   1.8739313      
liangan                   644.62327       0.12241887      644.74569       2.286242        0.00043417478   2.2866762      
waiyi                     -55.213016      0.50436679      -54.708649      -0.19582029     0.0017888037    -0.19403148    
weiyi                     -606.87702      0.62596724      -606.25106      -2.1523699      0.0022200759    -2.1501498     
xiaoyi                    55.879675       0.042727258     55.922402       0.19818468      0.00015153789   0.19833622     
youfuyi                   -1.5086442      0.021228943     -1.4874152      -0.0053506068   7.5291264e-05   -0.0052753155  
youweiduo                 1.6671226       0.0541704       1.721293        0.0059126716    0.00019212251   0.0061047941   
zhongyangyi               -293.77844      0.27714705      -293.50129      -1.0419242      0.00098293879   -1.0409413     
zuofuyi                   -1.4969593      0.02113241      -1.4758269      -0.005309165    7.4948896e-05   -0.0052342161  
zuoweiduo                 0.69838717      0.071219828     0.76960699      0.0024769228    0.00025259057   0.0027295133   
------------------------- --------------- --------------- --------------- --------------- --------------- ---------------
Net                       16.409993       1.4977425       17.907735       0.058200216     0.0053119425    0.063512158    
