                                    "Force Report"

Moments - Moment Center (0 0 0.05)
                          Moments [N m]                                                                                                                             Coefficients                                                                                                                             
Zone                      Pressure                                      Viscous                                       Total                                         Pressure                                      Viscous                                       Total                                        
jidi                      (1.2276806e-09 -22.901457 0.00086145681)      (-1.4713842e-05 -0.0017214804 -0.00016422846) (-1.4712615e-05 -22.903178 0.00069722835)     (4.3541323e-12 -0.081223055 3.0552709e-06)    (-5.2184595e-08 -6.1054586e-06 -5.8245803e-07) (-5.2180241e-08 -0.08122916 2.4728129e-06)   
jishen                    (-0.00051888704 -228.93737 0.009082494)       (0.00012741047 -0.061937867 -0.00052031773)   (-0.00039147657 -228.9993 0.0085621763)       (-1.8403017e-06 -0.81195675 3.221227e-05)     (4.5187815e-07 -0.00021967086 -1.8453759e-06) (-1.3884236e-06 -0.81217642 3.0366894e-05)   
jitou                     (0.0031473705 551.06021 -0.021684927)         (8.5415964e-06 0.094011058 1.3713435e-06)     (0.0031559121 551.15423 -0.021683555)         (1.1162567e-05 1.9544082 -7.690847e-05)       (3.0293905e-08 0.00033342269 4.8636516e-09)   (1.1192861e-05 1.9547416 -7.6903606e-05)     
liangan                   (-0.0063413616 649.19857 -0.0086175681)       (-0.00036738916 0.13901771 -0.00071029126)    (-0.0067087507 649.33759 -0.0093278593)       (-2.249048e-05 2.3024689 -3.0563349e-05)      (-1.3029944e-06 0.00049304474 -2.5191422e-06) (-2.3793475e-05 2.3029619 -3.3082491e-05)    
waiyi                     (0.88119838 -45.02762 0.16687384)             (0.00070235451 0.58612591 -0.0017017537)      (0.88190073 -44.441494 0.16517209)            (0.003125287 -0.15969643 0.00059184022)       (2.4909935e-06 0.0020787733 -6.0354955e-06)   (0.003127778 -0.15761766 0.00058580472)      
weiyi                     (0.042624755 -731.42639 0.070160071)          (-0.00021583918 0.303948 0.0010589746)        (0.042408916 -731.12244 0.071219045)          (0.00015117435 -2.5941008 0.000248832)        (-7.655023e-07 0.0010779919 3.755794e-06)     (0.00015040885 -2.5930228 0.00025258779)     
xiaoyi                    (0.020517977 55.901152 0.00237476)            (0.00035192933 0.036208159 0.0010116534)      (0.020869906 55.937361 0.0033864134)          (7.2769728e-05 0.19826086 8.4224013e-06)      (1.2481641e-06 0.00012841704 3.5879631e-06)   (7.4017892e-05 0.19838927 1.2010364e-05)     
youfuyi                   (23.72196 -3.3886811 -0.026733172)            (0.041440839 0.011533511 -0.17670819)         (23.763401 -3.3771476 -0.20344137)            (0.084133078 -0.012018407 -9.4812743e-05)     (0.00014697543 4.0905127e-05 -0.00062671906)  (0.084280053 -0.011977502 -0.0007215318)     
youweiduo                 (0.27858568 -2.425847 1.5369273)              (0.0050454948 0.029144406 -0.061517209)       (0.28363117 -2.3967026 1.4754101)             (0.00098804107 -0.0086035884 0.0054509167)    (1.7894517e-05 0.0001033645 -0.00021817894)   (0.0010059356 -0.0085002239 0.0052327377)    
zhongyangyi               (-0.015784148 -273.88811 0.0030710315)        (2.1480569e-05 0.32769814 -0.00054485372)     (-0.015762667 -273.56041 0.0025261777)        (-5.5980575e-05 -0.97138052 1.0891821e-05)    (7.618369e-08 0.0011622249 -1.932396e-06)     (-5.5904391e-05 -0.9702183 8.9594246e-06)    
zuofuyi                   (-23.825652 -3.4004507 0.043517706)           (-0.042182524 0.011306849 0.17563251)         (-23.867835 -3.3891438 0.21915022)            (-0.084500837 -0.01206015 0.00015434132)      (-0.00014960592 4.0101242e-05 0.00062290401)  (-0.084650443 -0.012020048 0.00077724533)    
zuoweiduo                 (-0.27362041 -2.399067 -1.5217357)            (-0.0054037818 0.028215203 0.061931876)       (-0.27902419 -2.3708518 -1.4598039)           (-0.0009704311 -0.0085086094 -0.0053970377)   (-1.9165229e-05 0.00010006896 0.00021964961)  (-0.00098959632 -0.0084085404 -0.0051773881) 
------------------------- --------------------------------------------- --------------------------------------------- --------------------------------------------- --------------------------------------------- --------------------------------------------- ---------------------------------------------
Net                       (0.82611685 -57.635052 0.25409727)            (-0.00048619775 1.5035496 -0.0022304603)      (0.82563065 -56.131502 0.25186681)            (0.002929933 -0.20441036 0.0009011897)        (-1.7243648e-06 0.0053325381 -7.9106233e-06)  (0.0029282087 -0.19907782 0.00089327908)     

Moments - Moment Center (0 0 0.05) Moment Axis (0 1 0)
                          Moments [N m]                                   Coefficients                                   
Zone                      Pressure        Viscous         Total           Pressure        Viscous         Total          
jidi                      -22.901457      -0.0017214804   -22.903178      -0.081223055    -6.1054586e-06  -0.08122916    
jishen                    -228.93737      -0.061937867    -228.9993       -0.81195675     -0.00021967086  -0.81217642    
jitou                     551.06021       0.094011058     551.15423       1.9544082       0.00033342269   1.9547416      
liangan                   649.19857       0.13901771      649.33759       2.3024689       0.00049304474   2.3029619      
waiyi                     -45.02762       0.58612591      -44.441494      -0.15969643     0.0020787733    -0.15761766    
weiyi                     -731.42639      0.303948        -731.12244      -2.5941008      0.0010779919    -2.5930228     
xiaoyi                    55.901152       0.036208159     55.937361       0.19826086      0.00012841704   0.19838927     
youfuyi                   -3.3886811      0.011533511     -3.3771476      -0.012018407    4.0905127e-05   -0.011977502   
youweiduo                 -2.425847       0.029144406     -2.3967026      -0.0086035884   0.0001033645    -0.0085002239  
zhongyangyi               -273.88811      0.32769814      -273.56041      -0.97138052     0.0011622249    -0.9702183     
zuofuyi                   -3.4004507      0.011306849     -3.3891438      -0.01206015     4.0101242e-05   -0.012020048   
zuoweiduo                 -2.399067       0.028215203     -2.3708518      -0.0085086094   0.00010006896   -0.0084085404  
------------------------- --------------- --------------- --------------- --------------- --------------- ---------------
Net                       -57.635052      1.5035496       -56.131502      -0.20441036     0.0053325381    -0.19907782    
