                                    "Force Report"

Moments - Moment Center (0 0 0.05)
                          Moments [N m]                                                                                                                             Coefficients                                                                                                                             
Zone                      Pressure                                      Viscous                                       Total                                         Pressure                                      Viscous                                       Total                                        
jidi                      (-3.2993548e-08 -22.889831 0.0045636369)      (1.30484e-05 0.00064569121 0.00019546283)     (1.3015406e-05 -22.889186 0.0047590997)       (-1.17016e-10 -0.081181824 1.6185544e-05)     (4.6277881e-08 2.2900296e-06 6.9323487e-07)   (4.6160865e-08 -0.081179534 1.6878779e-05)   
jishen                    (0.36407744 -232.76172 2.0922095)             (-0.027343721 -0.10435177 -0.018626874)       (0.33673372 -232.86608 2.0735826)             (0.001291249 -0.82552034 0.0074202986)        (-9.6978136e-05 -0.00037009739 -6.6062679e-05) (0.0011942708 -0.82589044 0.007354236)       
jitou                     (-0.85913274 528.45139 8.3874812)             (-0.0096554477 -0.14644766 0.10635556)        (-0.86878819 528.30495 8.4938368)             (-0.0030470283 1.874223 0.029747315)          (-3.4244326e-05 -0.00051939606 0.00037720412) (-0.0030812726 1.8737036 0.030124519)        
liangan                   (0.24694633 644.91473 -0.10923966)            (0.0071891971 0.13080007 0.012811914)         (0.25413553 645.04553 -0.096427746)           (0.00087582795 2.2872757 -0.00038743295)      (2.5497441e-05 0.00046389981 4.5439152e-05)   (0.00090132539 2.2877396 -0.0003419938)      
waiyi                     (9.3670568 -55.145784 -1.4798744)             (0.066900467 0.49718474 -0.10108238)          (9.4339573 -54.6486 -1.5809567)               (0.03322151 -0.19558184 -0.0052485708)        (0.00023727138 0.0017633317 -0.00035850206)   (0.033458781 -0.19381851 -0.0056070729)      
weiyi                     (-7.5588214 -610.86606 -22.567467)            (0.068963369 0.59320845 -0.18921945)          (-7.489858 -610.27285 -22.756687)             (-0.026808363 -2.1665175 -0.080038518)        (0.00024458774 0.0021038925 -0.0006710919)    (-0.026563775 -2.1644137 -0.08070961)        
xiaoyi                    (-0.76598588 55.920387 -0.55133148)           (0.012182141 0.043536396 -0.019521852)        (-0.75380374 55.963923 -0.57085334)           (-0.0027166706 0.19832907 -0.0019553703)      (4.3205581e-05 0.00015440761 -6.9236839e-05)  (-0.002673465 0.19848348 -0.0020246071)      
youfuyi                   (10.163427 -1.4949833 1.031117)               (-0.0034430873 0.021422741 -0.21853548)       (10.159984 -1.4735606 0.81258148)             (0.036045944 -0.0053021567 0.0036569931)      (-1.2211366e-05 7.5978594e-05 -0.00077506508) (0.036033732 -0.0052261781 0.002881928)      
youweiduo                 (-0.32311707 2.1775884 -1.0794551)            (0.0067696632 0.045590161 -0.092203396)       (-0.3163474 2.2231785 -1.1716585)             (-0.0011459776 0.0077231061 -0.0038284307)    (2.4009509e-05 0.00016169156 -0.00032701158)  (-0.001121968 0.0078847976 -0.0041554422)    
zhongyangyi               (9.3435971 -292.27225 -0.49646255)            (0.035930862 0.26992958 -0.059528499)         (9.379528 -292.00232 -0.55599105)             (0.033138307 -1.0365823 -0.0017607703)        (0.00012743357 0.00095734108 -0.00021112572)  (0.033265741 -1.035625 -0.001971896)         
zuofuyi                   (-9.5980263 -1.4346704 -0.99429915)           (0.012558488 0.02140936 0.20029707)           (-9.5854678 -1.4132611 -0.79400208)           (-0.034040674 -0.0050882491 -0.0035264139)    (4.4540342e-05 7.5931137e-05 0.00071038015)   (-0.033996133 -0.0050123179 -0.0028160337)   
zuoweiduo                 (-0.071117135 0.10735707 -0.037843157)        (0.017546313 0.078484361 0.014176323)         (-0.053570822 0.18584143 -0.023666834)        (-0.00025222636 0.00038075609 -0.00013421578) (6.2230329e-05 0.0002783552 5.0278211e-05)    (-0.00018999603 0.00065911129 -8.3937568e-05)
------------------------- --------------------------------------------- --------------------------------------------- --------------------------------------------- --------------------------------------------- --------------------------------------------- ---------------------------------------------
Net                       (10.308904 14.706154 -15.800602)              (0.18761129 1.4514121 -0.3648816)             (10.496516 16.157566 -16.165483)              (0.036561898 0.052157326 -0.05603893)         (0.00066538834 0.0051476257 -0.001294101)     (0.037227286 0.057304952 -0.057333031)       

Moments - Moment Center (0 0 0.05) Moment Axis (0 1 0)
                          Moments [N m]                                   Coefficients                                   
Zone                      Pressure        Viscous         Total           Pressure        Viscous         Total          
jidi                      -22.889831      0.00064569121   -22.889186      -0.081181824    2.2900296e-06   -0.081179534   
jishen                    -232.76172      -0.10435177     -232.86608      -0.82552034     -0.00037009739  -0.82589044    
jitou                     528.45139       -0.14644766     528.30495       1.874223        -0.00051939606  1.8737036      
liangan                   644.91473       0.13080007      645.04553       2.2872757       0.00046389981   2.2877396      
waiyi                     -55.145784      0.49718474      -54.6486        -0.19558184     0.0017633317    -0.19381851    
weiyi                     -610.86606      0.59320845      -610.27285      -2.1665175      0.0021038925    -2.1644137     
xiaoyi                    55.920387       0.043536396     55.963923       0.19832907      0.00015440761   0.19848348     
youfuyi                   -1.4949833      0.021422741     -1.4735606      -0.0053021567   7.5978594e-05   -0.0052261781  
youweiduo                 2.1775884       0.045590161     2.2231785       0.0077231061    0.00016169156   0.0078847976   
zhongyangyi               -292.27225      0.26992958      -292.00232      -1.0365823      0.00095734108   -1.035625      
zuofuyi                   -1.4346704      0.02140936      -1.4132611      -0.0050882491   7.5931137e-05   -0.0050123179  
zuoweiduo                 0.10735707      0.078484361     0.18584143      0.00038075609   0.0002783552    0.00065911129  
------------------------- --------------- --------------- --------------- --------------- --------------- ---------------
Net                       14.706154       1.4514121       16.157566       0.052157326     0.0051476257    0.057304952    
