                                    "Force Report"

Forces
                          Forces [N]                                                                                                                                Coefficients                                                                                                                             
Zone                      Pressure                                      Viscous                                       Total                                         Pressure                                      Viscous                                       Total                                        
jidi                      (1145.2205 2.7182897e-08 0.00043532885)       (2.8572881e-08 -2.5866949e-05 0.0026734296)   (1145.2205 -2.5839766e-05 0.0031087585)       (1.4812934 3.5159906e-11 5.6307911e-07)       (3.695779e-11 -3.3457783e-08 3.457966e-06)    (1.4812934 -3.3422623e-08 4.0210451e-06)     
jishen                    (9089.3863 0.52859241 -12492.501)             (1.2815659 0.0005808657 0.10347731)           (9090.6679 0.52917327 -12492.398)             (11.75673 0.0006837115 -16.158512)            (0.0016576503 7.5132475e-07 0.00013384344)    (11.758387 0.00068446282 -16.158378)         
jitou                     (-11262.498 0.030169813 34.189194)            (1.1114992 -0.00042568902 0.38506389)         (-11261.387 0.029744124 34.574258)            (-14.567556 3.9023353e-05 0.044222249)        (0.0014376763 -5.506104e-07 0.00049806355)    (-14.566119 3.8472742e-05 0.044720313)       
liangan                   (-81.479264 -0.10497055 -3062.1169)           (1.3050017 -0.0028609093 0.2168482)           (-80.174262 -0.10783146 -3061.9)              (-0.10538992 -0.00013577488 -3.9607162)       (0.0016879635 -3.7004629e-06 0.0002804838)    (-0.10370195 -0.00013947535 -3.9604358)      
waiyi                     (-251.09648 0.0011923401 2024.1705)           (2.6424036 0.0014402748 0.96778428)           (-248.45408 0.0026326149 2025.1383)           (-0.32478248 1.5422406e-06 2.6181774)         (0.0034178352 1.8629334e-06 0.0012517873)     (-0.32136464 3.405174e-06 2.6194292)         
weiyi                     (37.022271 0.61101286 614.8121)               (1.0917154 -0.00079843619 0.22409234)         (38.113986 0.61021442 615.03619)              (0.047886712 0.0007903188 0.79523295)         (0.0014120868 -1.0327428e-06 0.00028985379)   (0.049298799 0.00078928606 0.79552281)       
xiaoyi                    (154.36506 -0.0099603665 -364.75911)          (0.36283015 -0.00034399425 0.10603193)        (154.72789 -0.010304361 -364.65308)           (0.19966456 -1.2883305e-05 -0.47180019)       (0.00046930516 -4.4494174e-07 0.00013714773)  (0.20013386 -1.3328247e-05 -0.47166304)      
youfuyi                   (0.36773205 -0.87227639 27.098495)            (0.14155741 0.026808286 0.049543384)          (0.50928946 -0.8454681 27.148038)             (0.00047564556 -0.0011282519 0.035050735)     (0.00018309841 3.4675363e-05 6.4082232e-05)   (0.00065874397 -0.0010935766 0.035114817)    
youweiduo                 (-0.93435813 2.0280026 3.5027408)             (0.12610348 -0.017770347 0.027603588)         (-0.80825465 2.0102322 3.5303444)             (-0.001208552 0.002623134 0.0045306443)       (0.00016310941 -2.2985179e-05 3.5704052e-05)  (-0.0010454426 0.0026001488 0.0045663484)    
zhongyangyi               (1003.1633 0.00099287058 14385.919)           (1.5975876 0.00078932429 0.43192703)          (1004.7608 0.0017821949 14386.351)            (1.2975484 1.2842353e-06 18.607566)           (0.0020664107 1.020957e-06 0.000558679)       (1.2996148 2.3051923e-06 18.608125)          
zuofuyi                   (0.36186993 0.86213189 27.074848)             (0.14148866 -0.029954184 0.049723897)         (0.50335858 0.83217771 27.124572)             (0.00046806316 0.0011151305 0.035020149)      (0.00018300948 -3.8744446e-05 6.4315718e-05)  (0.00065107264 0.001076386 0.035084465)      
zuoweiduo                 (-0.76512833 -1.8245139 3.1457179)            (0.1286399 0.017407413 0.025723342)           (-0.63648843 -1.8071065 3.1714412)            (-0.00098966052 -0.0023599302 0.0040688505)   (0.00016639017 2.2515739e-05 3.3272034e-05)   (-0.00082327036 -0.0023374144 0.0041021226)  
------------------------- --------------------------------------------- --------------------------------------------- --------------------------------------------- --------------------------------------------- --------------------------------------------- ---------------------------------------------
Net                       (-166.88663 1.2503735 1200.5358)              (9.9303931 -0.0051532623 2.5904926)           (-156.95623 1.2452203 1203.1263)              (-0.21586066 0.0016173043 1.5528414)          (0.012844535 -6.6655228e-06 0.0033506906)     (-0.20301612 0.0016106388 1.5561921)         

Forces - Direction Vector (0.97029747 0 0.2419149)
                          Forces [N]                                      Coefficients                                   
Zone                      Pressure        Viscous         Total           Pressure        Viscous         Total          
jidi                      1111.2047       0.00064677019   1111.2053       1.4372954       8.3656937e-07   1.4372962      
jishen                    5797.2863       1.2685329       5798.5549       7.49854         0.0016407926    7.5001808      
jitou                     -10919.703      1.1716375       -10918.531      -14.124165      0.0015154627    -14.12265      
liangan                   -819.83083      1.3186987       -818.51214      -1.0604159      0.0017056799    -1.0587102     
waiyi                     246.03874       2.798039        248.83678       0.31824051      0.0036191428    0.32185965     
weiyi                     184.65482       1.1135          185.76832       0.23884306      0.0014402642    0.24028332     
xiaoyi                    61.539366       0.37770388      61.91707        0.079598518     0.00048854369   0.080087062    
youfuyi                   6.9123392       0.14933808      7.0616772       0.0089408128    0.00019316237   0.0091339752   
youweiduo                 -0.059240119    0.1290356       0.069795485     -7.6624542e-05  0.00016690199   9.0277452e-05  
zhongyangyi               4453.535        1.6546248       4455.1896       5.7604556       0.0021401859    5.7625957      
zuofuyi                   6.9009307       0.14931504      7.0502457       0.0089260565    0.00019313257   0.0091191891   
zuoweiduo                 0.018593955     0.13104183      0.14963578      2.4050479e-05   0.00016949696   0.00019354744  
------------------------- --------------- --------------- --------------- --------------- --------------- ---------------
Net                       128.49784       10.262114       138.75996       0.16620642      0.013273602     0.17948002     
