                                    "Force Report"

Forces
                          Forces [N]                                                                                                                                Coefficients                                                                                                                             
Zone                      Pressure                                      Viscous                                       Total                                         Pressure                                      Viscous                                       Total                                        
jidi                      (1145.9742 7.4687008e-07 0.00043644184)       (3.8570212e-08 0.00096864175 0.0028959244)    (1145.9742 0.00096938862 0.0033323663)        (1.4822683 9.6604427e-10 5.6451871e-07)       (4.9888908e-11 1.2528964e-06 3.7457535e-06)   (1.4822683 1.2538624e-06 4.3102722e-06)      
jishen                    (9094.437 -5.123814 -12499.419)               (1.3596357 -0.091017134 0.022034273)          (9095.7967 -5.2148312 -12499.397)             (11.763262 -0.0066274326 -16.16746)           (0.0017586302 -0.00011772674 2.8500383e-05)   (11.765021 -0.0067451594 -16.167432)         
jitou                     (-11259.342 -20.876033 25.081369)             (1.0705441 -0.25769232 0.31336888)            (-11258.272 -21.133725 25.394738)             (-14.563474 -0.027002249 0.03244167)          (0.0013847026 -0.00033331391 0.00040532914)   (-14.562089 -0.027335563 0.032846999)        
liangan                   (-81.242643 -2.8132264 -3061.8868)            (1.3314798 -0.17551557 0.22208124)            (-79.911163 -2.9887419 -3061.6648)            (-0.10508386 -0.0036387871 -3.9604187)        (0.0017222117 -0.00022702182 0.00028725252)   (-0.10336165 -0.0038658089 -3.9601314)       
waiyi                     (-225.98462 -0.38532577 1976.5526)            (3.0165056 -0.7332758 0.93162905)             (-222.96811 -1.1186016 1977.4842)             (-0.29230136 -0.00049840228 2.5565856)        (0.00390172 -0.00094846065 0.001205022)       (-0.28839964 -0.0014468629 2.5577906)        
weiyi                     (36.960237 -21.426984 585.7092)               (1.1822504 -0.25091691 0.13838559)            (38.142487 -21.677901 585.84758)              (0.047806473 -0.02771488 0.75758961)          (0.00152919 -0.00032455021 0.00017899579)     (0.049335663 -0.028039431 0.7577686)         
xiaoyi                    (153.34945 -1.9607737 -366.40728)             (0.34321701 -0.071930481 0.074698526)         (153.69266 -2.0327041 -366.33258)             (0.1983509 -0.0025361762 -0.47393202)         (0.00044393642 -9.3038977e-05 9.6619325e-05)  (0.19879484 -0.0026292152 -0.4738354)        
youfuyi                   (0.27138141 -0.91703406 24.345548)            (0.12961936 -0.066935557 0.046913101)         (0.40100077 -0.98396962 24.392461)            (0.00035102016 -0.001186144 0.031489917)      (0.00016765705 -8.6578259e-05 6.0680075e-05)  (0.00051867722 -0.0012727223 0.031550597)    
youweiduo                 (-0.83327043 0.68870073 1.2119631)            (0.1505482 -0.041081621 0.02457991)           (-0.68272223 0.64761911 1.2365431)            (-0.0010777994 0.00089080471 0.0015676221)    (0.00019472761 -5.3137306e-05 3.1793055e-05)  (-0.00088307179 0.00083766741 0.0015994152)  
zhongyangyi               (1033.3252 0.040734967 14333.98)              (1.8596235 -0.20110614 0.33104424)            (1035.1848 -0.16037118 14334.311)             (1.3365616 5.2688924e-05 18.540385)           (0.0024053429 -0.00026012213 0.00042819145)   (1.3389669 -0.00020743321 18.540813)         
zuofuyi                   (0.18891314 0.90281552 23.274218)             (0.14126201 -0.094491031 0.045534171)         (0.33017514 0.80832449 23.319752)             (0.000244351 0.001167753 0.030104198)         (0.00018271632 -0.00012222008 5.8896488e-05)  (0.00042706732 0.0010455329 0.030163094)     
zuoweiduo                 (-0.71820867 -1.9903793 3.4102601)            (0.12338928 -0.03202964 -0.00088888584)       (-0.5948194 -2.0224089 3.4093712)             (-0.00092897197 -0.0025744698 0.0044110244)   (0.00015959871 -4.1428959e-05 -1.1497355e-06) (-0.00076937326 -0.0026158988 0.0044098747)  
------------------------- --------------------------------------------- --------------------------------------------- --------------------------------------------- --------------------------------------------- --------------------------------------------- ---------------------------------------------
Net                       (-103.61449 -53.861318 1045.8521)             (10.708075 -2.0150236 2.152276)               (-92.906418 -55.876342 1048.0043)             (-0.13402088 -0.069667294 1.3527646)          (0.013850434 -0.0026063461 0.0027838763)      (-0.12017045 -0.07227364 1.3555484)          

Forces - Direction Vector (0.95677273 -0.20791169 0.20336832)
                          Forces [N]                                      Coefficients                                   
Zone                      Pressure        Viscous         Total           Pressure        Viscous         Total          
jidi                      1096.437        0.00038758425   1096.4374       1.418194        5.0132353e-07   1.4181945      
jishen                    6160.3887       1.3242669       6161.713        7.9681973       0.0017128822    7.9699102      
jitou                     -10763.19       1.1415739       -10762.049      -13.921723      0.0014765767    -13.920246     
liangan                   -699.83663      1.3555796       -698.48105      -0.90520852     0.0017533838    -0.90345514    
waiyi                     185.83238       3.2280307       189.06041       0.24036618      0.0041753187    0.2445415      
weiyi                     158.93216       1.2114568       160.14362       0.2055719       0.0015669671    0.20713887     
xiaoyi                    72.612603       0.35852718      72.971131       0.093921273     0.00046373946   0.094385013    
youfuyi                   5.4014257       0.14747359      5.5488993       0.0069865113    0.00019075073   0.0071772621   
youweiduo                 -0.69396445     0.15758053      -0.53638391     -0.00089761311  0.00020382363   -0.00069378948 
zhongyangyi               3903.7263       1.8883733       3905.6147       5.0493017       0.0024425295    5.0517443      
zuofuyi                   4.7262797       0.16406163      4.8903413       0.0061132391    0.00021220665   0.0063254458   
zuoweiduo                 0.42019951      0.12453406      0.54473357      0.00054350996   0.00016107944   0.0007045894   
------------------------- --------------- --------------- --------------- --------------- --------------- ---------------
Net                       124.75605       11.101846       135.8579        0.16136658      0.014359759     0.17572634     
