                                    "Force Report"

Forces
                          Forces [N]                                                                                                                                Coefficients                                                                                                                             
Zone                      Pressure                                      Viscous                                       Total                                         Pressure                                      Viscous                                       Total                                        
jidi                      (1144.1551 3.4837963e-07 0.00043528594)       (7.5274482e-09 -0.0036235262 0.00023211831)   (1144.1551 -0.0036231778 0.00066740424)       (1.4799153 4.5061404e-10 5.630236e-07)        (9.7364299e-12 -4.686875e-06 3.0023503e-07)   (1.4799153 -4.6864243e-06 8.6325863e-07)     
jishen                    (9081.4105 -1.8360614 -12504.023)             (1.2883565 -0.081939899 -0.052686209)         (9082.6989 -1.9180013 -12504.076)             (11.746413 -0.0023748663 -16.173415)          (0.0016664337 -0.00010598573 -6.8147341e-05)  (11.74808 -0.0024808521 -16.173483)          
jitou                     (-11246.7 -13.911229 2.2322126)               (1.1560512 -0.16997849 0.039590117)           (-11245.544 -14.081207 2.2718028)             (-14.547122 -0.017993575 0.0028872709)        (0.0014953024 -0.00021985985 5.120811e-05)    (-14.545627 -0.018213435 0.002938479)        
liangan                   (-81.091054 -1.4818859 -3077.2673)            (1.1450522 -0.12046711 -0.0065061809)         (-79.946002 -1.602353 -3077.2738)             (-0.10488778 -0.0019167555 -3.9803127)        (0.0014810757 -0.00015581901 -8.4154647e-06)  (-0.10340671 -0.0020725745 -3.9803211)       
waiyi                     (-132.13147 -0.25277762 1669.3022)            (4.3278754 -0.51824619 0.26746377)            (-127.80359 -0.7710238 1669.5697)             (-0.17090636 -0.00032695695 2.1591705)        (0.0055979203 -0.00067032911 0.00034595287)   (-0.16530844 -0.00099728606 2.1595165)       
weiyi                     (44.92817 -18.999608 519.75341)               (1.5147741 -0.19844679 -0.05150401)           (46.442944 -19.198055 519.70191)              (0.058112652 -0.024575174 0.67227864)         (0.001959295 -0.00025668237 -6.6618218e-05)   (0.060071947 -0.024831857 0.67221202)        
xiaoyi                    (151.63109 -0.69927621 -371.16698)            (0.31711616 -0.04043845 -0.00094335434)       (151.94821 -0.73971466 -371.16792)            (0.19612828 -0.00090448365 -0.4800885)        (0.00041017609 -5.2305393e-05 -1.2201882e-06) (0.19653846 -0.00095678904 -0.48008972)      
youfuyi                   (-0.81330429 -0.47282957 13.506073)           (0.1784444 -0.047981703 0.013912451)          (-0.63485989 -0.52081127 13.519985)           (-0.0010519741 -0.00061158467 0.017469523)    (0.00023081015 -6.2062265e-05 1.7995156e-05)  (-0.00082116391 -0.00067364694 0.017487519)  
youweiduo                 (-0.97910492 -0.42491855 -0.69505678)         (0.15424329 -0.033839025 0.0092978345)        (-0.82486163 -0.45875757 -0.68575895)         (-0.00126643 -0.00054961383 -0.00089902599)   (0.00019950705 -4.376932e-05 1.2026348e-05)   (-0.001066923 -0.00059338315 -0.00088699964) 
zhongyangyi               (1055.1958 -0.018225616 14195.915)            (2.5220363 -0.23414602 0.086364591)           (1057.7179 -0.25237163 14196.001)             (1.3648503 -2.3574049e-05 18.361804)          (0.0032621453 -0.00030285778 0.00011170888)   (1.3681125 -0.00032643183 18.361916)         
zuofuyi                   (-0.81936916 0.47832741 13.404143)            (0.19136515 -0.037233027 0.01152828)          (-0.62800401 0.44109438 13.415671)            (-0.0010598187 0.00061869589 0.017337681)     (0.00024752257 -4.8159316e-05 1.4911334e-05)  (-0.00081229613 0.00057053658 0.017352592)   
zuoweiduo                 (-0.9383826 -0.28895833 0.56822055)           (0.15330721 -0.025719419 -0.016672684)        (-0.78507539 -0.31467775 0.55154787)          (-0.0012137575 -0.00037375515 0.0007349688)   (0.00019829627 -3.3266961e-05 -2.1565398e-05) (-0.0010154612 -0.00040702211 0.0007134034)  
------------------------- --------------------------------------------- --------------------------------------------- --------------------------------------------- --------------------------------------------- --------------------------------------------- ---------------------------------------------
Net                       (13.84773 -37.907442 461.52919)               (12.948622 -1.5120596 0.30007673)             (26.796352 -39.419502 461.82927)              (0.017911441 -0.049031643 0.59696812)         (0.016748484 -0.001955784 0.00038813632)      (0.034659926 -0.050987427 0.59735626)        

Forces - Direction Vector (0.99026807 -0.1391731 0)
                          Forces [N]                                      Coefficients                                   
Zone                      Pressure        Viscous         Total           Pressure        Viscous         Total          
jidi                      1133.0202       0.00050430483   1133.0207       1.4655128       6.5229656e-07   1.4655135      
jishen                    8993.2864       1.2872222       8994.5736       11.632428       0.0016649664    11.634093      
jitou                     -11135.312      1.168457        -11134.144      -14.403046      0.0015113488    -14.401535     
liangan                   -80.095643      1.1506744       -78.944969      -0.10360026     0.0014883477    -0.10211191    
waiyi                     -130.81039      4.3578827       -126.45251      -0.16919761     0.0056367335    -0.16356087    
weiyi                     47.135167       1.5276509       48.662817       0.060967307     0.0019759506    0.062943257    
xiaoyi                    150.25275       0.31965795      150.5724        0.19434545      0.00041346378   0.19475892     
youfuyi                   -0.73958412     0.18338556      -0.55619856     -0.00095662018  0.00023720132   -0.00071941887 
youweiduo                 -0.91043911     0.15745169      -0.75298742     -0.0011776138   0.00020365698   -0.00097395678 
zhongyangyi               1044.9293       2.5300789       1047.4594       1.351571        0.003272548     1.3548435      
zuofuyi                   -0.87796543     0.19468463      -0.68328079     -0.0011356104   0.00025181618   -0.00088379426 
zuoweiduo                 -0.8890351      0.15539469      -0.73364041     -0.0011499286   0.00020099633   -0.00094893226 
------------------------- --------------- --------------- --------------- --------------- --------------- ---------------
Net                       18.988661       13.033045       32.021706       0.024561014     0.016857682     0.041418696    
