                                    "Force Report"

Forces
                          Forces [N]                                                                                                                                Coefficients                                                                                                                             
Zone                      Pressure                                      Viscous                                       Total                                         Pressure                                      Viscous                                       Total                                        
jidi                      (1145.2434 2.8270462e-07 0.00043540163)       (3.4359204e-08 -0.00072390305 0.0048729629)   (1145.2434 -0.00072362035 0.0053083645)       (1.4813229 3.6566624e-10 5.6317325e-07)       (4.4442149e-11 -9.363374e-07 6.3029675e-06)   (1.4813229 -9.3597173e-07 6.8661408e-06)     
jishen                    (9086.9114 -0.054184612 -12495.466)           (1.2067433 -0.00032475633 0.06042537)         (9088.1181 -0.054509369 -12495.406)           (11.753528 -7.0085461e-05 -16.162347)         (0.0015608704 -4.2005832e-07 7.8157613e-05)   (11.755089 -7.0505519e-05 -16.162269)        
jitou                     (-11258.591 0.036960289 26.647189)            (1.131146 -0.00027499242 0.2934983)           (-11257.46 0.036685296 26.940688)             (-14.562502 4.7806541e-05 0.034466991)        (0.0014630886 -3.5569085e-07 0.0003796274)    (-14.561039 4.745085e-05 0.034846618)        
liangan                   (-81.247598 -0.11232024 -3067.7047)           (1.2350311 -0.001435486 0.12798403)           (-80.012567 -0.11375573 -3067.5767)           (-0.10509027 -0.00014528139 -3.9679438)       (0.0015974595 -1.8567392e-06 0.00016554183)   (-0.10349281 -0.00014713813 -3.9677782)      
waiyi                     (-210.82622 0.0022783426 1969.1042)           (3.3979768 1.1248189e-05 0.91067013)          (-207.42825 0.0022895908 1970.0148)           (-0.27269463 2.9469379e-06 2.5469514)         (0.0043951365 1.4549048e-08 0.0011779126)     (-0.2682995 2.961487e-06 2.5481293)          
weiyi                     (41.681935 -0.0086954718 592.61909)           (1.319766 -0.00016670135 0.1370237)           (43.001701 -0.0088621731 592.75612)           (0.053913786 -1.1247218e-05 0.76652726)       (0.0017070604 -2.1562101e-07 0.00017723425)   (0.055620847 -1.1462839e-05 0.76670449)      
xiaoyi                    (153.95029 0.0050919295 -366.59342)           (0.36378744 -0.00024608721 0.077662882)       (154.31408 0.0048458423 -366.51576)           (0.19912806 6.5861913e-06 -0.4741728)         (0.00047054337 -3.183032e-07 0.00010045359)   (0.19959861 6.2678881e-06 -0.47407234)       
youfuyi                   (0.071138747 -0.81030863 23.783995)           (0.13681952 0.015173637 0.046834275)          (0.20795826 -0.79513499 23.830829)            (9.2014904e-05 -0.0010480993 0.030763572)     (0.00017697015 1.9626445e-05 6.0578116e-05)   (0.00026898505 -0.0010284728 0.03082415)     
youweiduo                 (-0.84126244 1.0959201 1.9288983)             (0.13621584 -0.010461251 0.01352737)          (-0.7050466 1.0854588 1.9424256)              (-0.0010881367 0.0014175254 0.0024949468)     (0.00017618932 -1.3531177e-05 1.749707e-05)   (-0.0009119474 0.0014039942 0.0025124439)    
zhongyangyi               (1018.4075 0.0040056891 14369.853)            (1.9525826 0.0010934505 0.42904987)           (1020.3601 0.0050991396 14370.282)            (1.3172662 5.1811862e-06 18.586785)           (0.0025255814 1.4143311e-06 0.00055495752)    (1.3197918 6.5955173e-06 18.58734)           
zuofuyi                   (0.099798195 0.81780677 23.735561)            (0.13732047 -0.015552197 0.046585273)         (0.23711866 0.80225457 23.782146)             (0.00012908466 0.0010577978 0.030700925)      (0.00017761811 -2.0116097e-05 6.0256043e-05)  (0.00030670277 0.0010376817 0.030761181)     
zuoweiduo                 (-0.84625698 -1.1000197 1.9336816)            (0.13692741 0.010416013 0.013536282)          (-0.70932957 -1.0896037 1.9472179)            (-0.0010945969 -0.001422828 0.0025011339)     (0.0001771097 1.3472664e-05 1.7508597e-05)    (-0.00091748723 -0.0014093554 0.0025186425)  
------------------------- --------------------------------------------- --------------------------------------------- --------------------------------------------- --------------------------------------------- --------------------------------------------- ---------------------------------------------
Net                       (-105.98672 -0.12346525 1079.8412)            (11.154316 -0.0024910256 2.1616704)           (-94.8324 -0.12595627 1082.0029)              (-0.13708925 -0.00015969698 1.396728)         (0.014427628 -3.2220343e-06 0.0027960276)     (-0.12266162 -0.00016291901 1.3995241)       

Forces - Direction Vector (0.98480865 0 0.17364311)
                          Forces [N]                                      Coefficients                                   
Zone                      Pressure        Viscous         Total           Pressure        Viscous         Total          
jidi                      1127.8456       0.00084619026   1127.8465       1.4588197       1.0945106e-06   1.4588208      
jishen                    6779.1173       1.1989037       6780.3162       8.7684961       0.0015507302    8.7700468      
jitou                     -11082.93       1.1649263       -11081.766      -14.335293      0.001506782     -14.333786     
liangan                   -612.69911      1.2384928       -611.46062      -0.79249989     0.0016019371    -0.79089796    
waiyi                     134.29788       3.5044885       137.80237       0.17370852      0.0045329048    0.17824142     
weiyi                     143.95295       1.3235101       145.27646       0.18619694      0.0017119033    0.18790884     
xiaoyi                    87.955154       0.37174664      88.3269         0.1137662       0.00048083826   0.11424704     
youfuyi                   4.1999848       0.14287349      4.3428583       0.0054324993    0.0001848007    0.0056173      
youweiduo                 -0.49354264     0.13649547      -0.35704716     -0.00063837613  0.00017655101   -0.00046182512 
zhongyangyi               3498.1624       1.9974218       3500.1598       4.5247223       0.002583579     4.5273059      
zuofuyi                   4.2197987       0.14332359      4.3631223       0.0054581278    0.00018538289   0.0056435107   
zuoweiduo                 -0.4976307      0.13719778      -0.36043292     -0.00064366386  0.00017745941   -0.00046620445 
------------------------- --------------- --------------- --------------- --------------- --------------- ---------------
Net                       83.130346       11.360226       94.490572       0.10752552      0.014693963     0.12221948     
