                                    "Force Report"

Moments - Moment Center (0 0 0.05)
                          Moments [N m]                                                                                                                             Coefficients                                                                                                                             
Zone                      Pressure                                      Viscous                                       Total                                         Pressure                                      Viscous                                       Total                                        
jidi                      (6.0779979e-09 -22.914021 0.0024949316)       (5.9882802e-05 -0.00025933127 0.00017007297)  (5.988888e-05 -22.91428 0.0026650046)         (2.1556426e-11 -0.081267616 8.848606e-06)     (2.123823e-07 -9.1975276e-07 6.0318636e-07)   (2.1240386e-07 -0.081268536 9.4517923e-06)   
jishen                    (-0.22538786 -229.3842 1.8767611)             (-0.011021978 -0.085912169 0.020163239)       (-0.23640984 -229.47011 1.8969244)            (-0.00079936796 -0.8135415 0.0066561824)      (-3.9090909e-05 -0.00030469891 7.1511602e-05) (-0.00083845887 -0.8138462 0.006727694)      
jitou                     (-0.8528993 553.41151 8.4217055)              (-0.0091932554 0.12393203 0.10790521)         (-0.86209256 553.53544 8.5296107)             (-0.0030249205 1.9627474 0.029868696)         (-3.26051e-05 0.00043954138 0.00038270015)    (-0.0030575256 1.9631869 0.030251396)        
liangan                   (0.29387347 649.81481 -1.400043)              (0.00026992 0.13026143 0.018689228)           (0.29414339 649.94508 -1.3813538)             (0.0010422613 2.3046545 -0.0049654383)        (9.573071e-07 0.00046198944 6.6283827e-05)    (0.0010432186 2.3051165 -0.0048991545)       
waiyi                     (10.256305 -45.148872 -1.2209655)             (0.069141493 0.52628708 -0.055401707)         (10.325447 -44.622585 -1.2763672)             (0.036375347 -0.16012647 -0.0043303161)       (0.00024521948 0.001866547 -0.00019648951)    (0.036620567 -0.15825992 -0.0045268056)      
weiyi                     (-8.1666604 -741.34048 -26.024142)            (0.056398548 0.29359929 -0.26378772)          (-8.1102619 -741.04688 -26.28793)             (-0.028964145 -2.6292624 -0.092298073)        (0.00020002493 0.0010412889 -0.00093555814)   (-0.02876412 -2.6282211 -0.093233631)        
xiaoyi                    (12.065875 55.834169 -0.66801175)             (0.097432197 0.036142745 -0.020724339)        (12.163307 55.870312 -0.68873609)             (0.042793227 0.19802329 -0.0023691923)        (0.00034555622 0.00012818504 -7.3501618e-05)  (0.043138784 0.19815148 -0.0024426939)       
youfuyi                   (28.306275 -4.0339059 -0.21920557)            (0.059103673 0.0077417383 -0.16443141)        (28.365378 -4.0261642 -0.38363699)            (0.10039196 -0.014306783 -0.00077744166)      (0.00020961902 2.7457102e-05 -0.00058317783)  (0.10060158 -0.014279326 -0.0013606195)      
youweiduo                 (0.10320632 -1.6296308 1.0724996)             (0.014160396 0.018523152 -0.093651457)        (0.11736672 -1.6111077 0.9788481)             (0.00036603492 -0.005779702 0.003803762)      (5.0221722e-05 6.5694815e-05 -0.00033214732)  (0.00041625664 -0.0057140072 0.0034716147)   
zhongyangyi               (7.7718643 -274.17626 0.90116411)             (0.012460804 0.31407575 -0.024461059)         (7.7843251 -273.86218 0.87670305)             (0.027563948 -0.97240249 0.0031960981)        (4.4193895e-05 0.0011139113 -8.6754391e-05)   (0.027608142 -0.97128858 0.0031093437)       
zuofuyi                   (-26.419961 -3.7369676 0.25657272)            (-0.044766943 0.0097374583 0.15670031)        (-26.464728 -3.7272301 0.41327303)            (-0.093701899 -0.013253651 0.00090996918)     (-0.0001587719 3.4535188e-05 0.00055575845)   (-0.093860671 -0.013219116 0.0014657276)     
zuoweiduo                 (-0.39703453 -3.292308 -2.0642244)            (0.0064768088 0.040442583 0.021956769)        (-0.39055772 -3.2518654 -2.0422676)           (-0.0014081356 -0.011676607 -0.0073210456)    (2.2970862e-05 0.00014343499 7.7872594e-05)   (-0.0013851648 -0.011533172 -0.007243173)    
------------------------- --------------------------------------------- --------------------------------------------- --------------------------------------------- --------------------------------------------- --------------------------------------------- ---------------------------------------------
Net                       (22.735456 -66.59615 -19.065394)              (0.25052155 1.4145718 -0.29687286)            (22.985977 -65.181579 -19.362267)             (0.08063431 -0.23619208 -0.06761795)          (0.0008885079 0.0050169665 -0.001052899)      (0.081522818 -0.23117512 -0.068670849)       

Moments - Moment Center (0 0 0.05) Moment Axis (0 1 0)
                          Moments [N m]                                   Coefficients                                   
Zone                      Pressure        Viscous         Total           Pressure        Viscous         Total          
jidi                      -22.914021      -0.00025933127  -22.91428       -0.081267616    -9.1975276e-07  -0.081268536   
jishen                    -229.3842       -0.085912169    -229.47011      -0.8135415      -0.00030469891  -0.8138462     
jitou                     553.41151       0.12393203      553.53544       1.9627474       0.00043954138   1.9631869      
liangan                   649.81481       0.13026143      649.94508       2.3046545       0.00046198944   2.3051165      
waiyi                     -45.148872      0.52628708      -44.622585      -0.16012647     0.001866547     -0.15825992    
weiyi                     -741.34048      0.29359929      -741.04688      -2.6292624      0.0010412889    -2.6282211     
xiaoyi                    55.834169       0.036142745     55.870312       0.19802329      0.00012818504   0.19815148     
youfuyi                   -4.0339059      0.0077417383    -4.0261642      -0.014306783    2.7457102e-05   -0.014279326   
youweiduo                 -1.6296308      0.018523152     -1.6111077      -0.005779702    6.5694815e-05   -0.0057140072  
zhongyangyi               -274.17626      0.31407575      -273.86218      -0.97240249     0.0011139113    -0.97128858    
zuofuyi                   -3.7369676      0.0097374583    -3.7272301      -0.013253651    3.4535188e-05   -0.013219116   
zuoweiduo                 -3.292308       0.040442583     -3.2518654      -0.011676607    0.00014343499   -0.011533172   
------------------------- --------------- --------------- --------------- --------------- --------------- ---------------
Net                       -66.59615       1.4145718       -65.181579      -0.23619208     0.0050169665    -0.23117512    
