                                    "Force Report"

Moments - Moment Center (0 0 0.05)
                          Moments [N m]                                                                                                                             Coefficients                                                                                                                             
Zone                      Pressure                                      Viscous                                       Total                                         Pressure                                      Viscous                                       Total                                        
jidi                      (2.920912e-08 -22.895222 0.0077288313)        (-8.9175089e-05 -0.00072740953 -0.0029165919) (-8.914588e-05 -22.895949 0.0048122393)       (1.0359402e-10 -0.081200941 2.7411326e-05)    (-3.1627129e-07 -2.5798544e-06 -1.034408e-05) (-3.1616769e-07 -0.081203521 1.7067245e-05)  
jishen                    (-0.018011984 -230.80378 0.88487143)          (-0.0086383176 -0.095966652 0.0071018604)     (-0.026650302 -230.89975 0.89197329)          (-6.3881891e-05 -0.81857624 0.0031383139)     (-3.063694e-05 -0.00034035847 2.518769e-05)   (-9.4518831e-05 -0.8189166 0.0031635016)     
jitou                     (-0.43879343 541.85308 4.3196336)             (-0.0046770911 -0.0044270984 0.053875041)     (-0.44347052 541.84865 4.3735086)             (-0.0015562391 1.9217538 0.015320154)         (-1.6587924e-05 -1.5701292e-05 0.00019107498) (-0.0015728271 1.9217381 0.015511229)        
liangan                   (0.31768351 646.79748 -0.18628883)            (0.0073056022 0.11299449 0.0063367744)        (0.32498912 646.91047 -0.17995206)            (0.0011267067 2.2939531 -0.00066069806)       (2.5910288e-05 0.00040074997 2.2474211e-05)   (0.001152617 2.2943538 -0.00063822385)       
waiyi                     (3.3646581 -46.249561 -0.050338634)           (0.033196528 0.65519334 -0.018464189)         (3.3978546 -45.594368 -0.068802823)           (0.011933206 -0.16403021 -0.00017853264)      (0.00011773589 0.0023237301 -6.5485697e-05)   (0.012050942 -0.16170648 -0.00024401834)     
weiyi                     (-3.6863192 -673.39107 -11.899985)            (0.033046117 0.49361217 -0.12306347)          (-3.6532731 -672.89746 -12.023049)            (-0.01307402 -2.3882708 -0.042204877)         (0.00011720244 0.0017506611 -0.00043646092)   (-0.012956818 -2.3865201 -0.042641338)       
xiaoyi                    (2.9286405 55.901941 -0.15697904)             (0.031949059 0.038811615 -0.014597915)        (2.9605896 55.940753 -0.17157695)             (0.010386812 0.19826365 -0.00055674699)       (0.00011331158 0.00013765054 -5.1773442e-05)  (0.010500124 0.1984013 -0.00060852044)       
youfuyi                   (17.823599 -2.5767039 0.78808034)             (0.027116095 0.01600151 -0.20571991)          (17.850715 -2.5607023 0.58236043)             (0.063213758 -0.0091386221 0.0027950315)      (9.617083e-05 5.6751479e-05 -0.00072961297)   (0.063309929 -0.0090818707 0.0020654185)     
youweiduo                 (-0.0022611523 -0.26290173 0.30779411)        (0.006400438 0.038343525 -0.081253742)        (0.0041392857 -0.22455821 0.22654036)         (-8.0194766e-06 -0.00093241588 0.0010916326)  (2.2700003e-05 0.0001359904 -0.00028817718)   (1.4680526e-05 -0.00079642548 0.00080345546) 
zhongyangyi               (3.3013243 -279.34052 0.33578236)             (0.017705664 0.36183694 -0.0092173578)        (3.31903 -278.97868 0.326565)                 (0.011708585 -0.99071823 0.0011908967)        (6.2795488e-05 0.0012833027 -3.2690582e-05)   (0.01177138 -0.98943493 0.0011582061)        
zuofuyi                   (-17.574666 -2.5450634 -0.79826431)           (-0.02231515 0.016602026 0.20162318)          (-17.596981 -2.5284613 -0.59664113)           (-0.062330885 -0.0090264049 -0.0028311503)    (-7.914364e-05 5.8881288e-05 0.00071508337)   (-0.062410029 -0.0089675237 -0.0021160669)   
zuoweiduo                 (-0.13115399 -1.128825 -0.79411089)           (0.0056297833 0.054400709 0.042886028)        (-0.12552421 -1.0744243 -0.75122486)          (-0.00046515504 -0.0040035277 -0.0028164196)  (1.9966774e-05 0.00019293933 0.00015210099)   (-0.00044518827 -0.0038105883 -0.0026643187) 
------------------------- --------------------------------------------- --------------------------------------------- --------------------------------------------- --------------------------------------------- --------------------------------------------- ---------------------------------------------
Net                       (5.8846995 -14.641156 -7.2420765)             (0.12662955 1.6866752 -0.14341029)            (6.0113291 -12.954481 -7.3854867)             (0.020870868 -0.051926803 -0.025684985)       (0.00044910851 0.0059820173 -0.00050862363)   (0.021319976 -0.045944786 -0.026193609)      

Moments - Moment Center (0 0 0.05) Moment Axis (0 1 0)
                          Moments [N m]                                   Coefficients                                   
Zone                      Pressure        Viscous         Total           Pressure        Viscous         Total          
jidi                      -22.895222      -0.00072740953  -22.895949      -0.081200941    -2.5798544e-06  -0.081203521   
jishen                    -230.80378      -0.095966652    -230.89975      -0.81857624     -0.00034035847  -0.8189166     
jitou                     541.85308       -0.0044270984   541.84865       1.9217538       -1.5701292e-05  1.9217381      
liangan                   646.79748       0.11299449      646.91047       2.2939531       0.00040074997   2.2943538      
waiyi                     -46.249561      0.65519334      -45.594368      -0.16403021     0.0023237301    -0.16170648    
weiyi                     -673.39107      0.49361217      -672.89746      -2.3882708      0.0017506611    -2.3865201     
xiaoyi                    55.901941       0.038811615     55.940753       0.19826365      0.00013765054   0.1984013      
youfuyi                   -2.5767039      0.01600151      -2.5607023      -0.0091386221   5.6751479e-05   -0.0090818707  
youweiduo                 -0.26290173     0.038343525     -0.22455821     -0.00093241588  0.0001359904    -0.00079642548 
zhongyangyi               -279.34052      0.36183694      -278.97868      -0.99071823     0.0012833027    -0.98943493    
zuofuyi                   -2.5450634      0.016602026     -2.5284613      -0.0090264049   5.8881288e-05   -0.0089675237  
zuoweiduo                 -1.128825       0.054400709     -1.0744243      -0.0040035277   0.00019293933   -0.0038105883  
------------------------- --------------- --------------- --------------- --------------- --------------- ---------------
Net                       -14.641156      1.6866752       -12.954481      -0.051926803    0.0059820173    -0.045944786   
