                                    "Force Report"

Moments - Moment Center (0 0 0.05)
                          Moments [N m]                                                                                                                             Coefficients                                                                                                                             
Zone                      Pressure                                      Viscous                                       Total                                         Pressure                                      Viscous                                       Total                                        
jidi                      (1.4842654e-08 -22.922302 0.0088696312)       (9.2487171e-05 -0.0026305973 0.0018628394)    (9.2502013e-05 -22.924933 0.010732471)        (5.2641442e-11 -0.081296987 3.1457324e-05)    (3.2801802e-07 -9.3297625e-06 6.6068072e-06)  (3.2807066e-07 -0.081306317 3.8064131e-05)   
jishen                    (-0.29882826 -230.0332 2.5488795)             (-0.0079758575 -0.092585724 0.025795692)      (-0.30680412 -230.12578 2.5746752)            (-0.0010598341 -0.81584326 0.0090399395)      (-2.8287437e-05 -0.00032836756 9.1487843e-05) (-0.0010881215 -0.81617163 0.0091314274)     
jitou                     (-0.88017587 555.28515 8.6853404)             (-0.009318105 0.15107585 0.10923411)          (-0.88949397 555.43622 8.7945745)             (-0.0031216605 1.9693925 0.030803712)         (-3.3047896e-05 0.00053581054 0.00038741328)  (-0.0031547084 1.9699283 0.031191125)        
liangan                   (0.17384445 650.34472 -1.3811903)             (-0.0020031296 0.13412272 0.023779729)        (0.17184132 650.47885 -1.3574106)             (0.00061656242 2.3065339 -0.0048985747)       (-7.1043648e-06 0.00047568401 8.4337964e-05)  (0.00060945805 2.3070095 -0.0048142367)      
waiyi                     (11.934056 -45.827048 -1.2832028)             (0.078380061 0.47783484 -0.066532466)         (12.012436 -45.349213 -1.3497352)             (0.042325713 -0.16253171 -0.0045510489)       (0.00027798529 0.0016947047 -0.00023596622)   (0.042603698 -0.160837 -0.0047870151)        
weiyi                     (-8.138591 -754.46551 -24.566657)             (0.056176311 0.22064049 -0.27423779)          (-8.0824147 -754.24487 -24.840895)            (-0.028864593 -2.675812 -0.08712891)          (0.00019923674 0.00078253077 -0.00097262073)  (-0.028665356 -2.6750295 -0.088101531)       
xiaoyi                    (13.650131 55.743233 -0.8869226)              (0.10480043 0.033960821 -0.027987898)         (13.754931 55.777194 -0.9149105)              (0.048411999 0.19770077 -0.0031455887)        (0.00037168863 0.00012044656 -9.9262796e-05)  (0.048783688 0.19782122 -0.0032448515)       
youfuyi                   (30.368369 -4.294692 -0.46306501)             (0.061441485 0.0077208802 -0.1646266)         (30.42981 -4.2869711 -0.62769161)             (0.10770545 -0.015231695 -0.0016423215)       (0.00021791038 2.7383126e-05 -0.00058387007)  (0.10792336 -0.015204312 -0.0022261916)      
youweiduo                 (0.1561803 -2.3523406 1.5024663)              (0.014157711 0.013655065 -0.090688545)        (0.17033801 -2.3386856 1.4117778)             (0.00055391417 -0.0083428882 0.0053286962)    (5.0212199e-05 4.84295e-05 -0.00032163896)    (0.00060412637 -0.0082944587 0.0050070573)   
zhongyangyi               (5.0424843 -274.08318 -0.26719838)            (0.0062766386 0.28379217 -0.020862681)        (5.048761 -273.79939 -0.28806106)             (0.01788384 -0.97207238 -0.00094765452)       (2.2260932e-05 0.0010065066 -7.3992267e-05)   (0.017906101 -0.97106587 -0.0010216468)      
zuofuyi                   (-29.00012 -4.103264 0.46938874)              (-0.049098145 0.0086889807 0.15085383)        (-29.049218 -4.094575 0.62024256)             (-0.10285277 -0.01455277 0.0016647494)        (-0.00017413309 3.0816623e-05 0.00053502311)  (-0.10302691 -0.014521954 0.0021997726)      
zuoweiduo                 (-0.41319001 -3.7963452 -2.3813904)           (0.0061134706 0.035358083 0.019493839)        (-0.40707654 -3.7609872 -2.3618966)           (-0.0014654332 -0.013464242 -0.0084459171)    (2.1682235e-05 0.00012540213 6.9137486e-05)   (-0.001443751 -0.01333884 -0.0083767797)     
------------------------- --------------------------------------------- --------------------------------------------- --------------------------------------------- --------------------------------------------- --------------------------------------------- ---------------------------------------------
Net                       (22.594159 -80.504781 -18.014682)             (0.25904335 1.2716336 -0.31391594)            (22.853202 -79.233147 -18.328598)             (0.080133183 -0.28552089 -0.063891461)        (0.00091873163 0.0045100172 -0.0011133446)    (0.081051915 -0.28101087 -0.065004806)       

Moments - Moment Center (0 0 0.05) Moment Axis (0 1 0)
                          Moments [N m]                                   Coefficients                                   
Zone                      Pressure        Viscous         Total           Pressure        Viscous         Total          
jidi                      -22.922302      -0.0026305973   -22.924933      -0.081296987    -9.3297625e-06  -0.081306317   
jishen                    -230.0332       -0.092585724    -230.12578      -0.81584326     -0.00032836756  -0.81617163    
jitou                     555.28515       0.15107585      555.43622       1.9693925       0.00053581054   1.9699283      
liangan                   650.34472       0.13412272      650.47885       2.3065339       0.00047568401   2.3070095      
waiyi                     -45.827048      0.47783484      -45.349213      -0.16253171     0.0016947047    -0.160837      
weiyi                     -754.46551      0.22064049      -754.24487      -2.675812       0.00078253077   -2.6750295     
xiaoyi                    55.743233       0.033960821     55.777194       0.19770077      0.00012044656   0.19782122     
youfuyi                   -4.294692       0.0077208802    -4.2869711      -0.015231695    2.7383126e-05   -0.015204312   
youweiduo                 -2.3523406      0.013655065     -2.3386856      -0.0083428882   4.84295e-05     -0.0082944587  
zhongyangyi               -274.08318      0.28379217      -273.79939      -0.97207238     0.0010065066    -0.97106587    
zuofuyi                   -4.103264       0.0086889807    -4.094575       -0.01455277     3.0816623e-05   -0.014521954   
zuoweiduo                 -3.7963452      0.035358083     -3.7609872      -0.013464242    0.00012540213   -0.01333884    
------------------------- --------------- --------------- --------------- --------------- --------------- ---------------
Net                       -80.504781      1.2716336       -79.233147      -0.28552089     0.0045100172    -0.28101087    
