                                    "Force Report"

Moments - Moment Center (0 0 0.05)
                          Moments [N m]                                                                                                                             Coefficients                                                                                                                             
Zone                      Pressure                                      Viscous                                       Total                                         Pressure                                      Viscous                                       Total                                        
jidi                      (2.7799595e-09 -22.875151 0.0040394619)       (6.697506e-05 4.8607635e-05 -0.00059258124)   (6.697784e-05 -22.875102 0.0034468807)        (9.8594954e-12 -0.081129757 1.4326488e-05)    (2.3753594e-07 1.7239343e-07 -2.101668e-06)   (2.375458e-07 -0.081129585 1.222482e-05)     
jishen                    (0.020955929 -231.49236 3.1158858)            (-0.027278042 -0.12027885 0.022477542)        (-0.0063221129 -231.61264 3.1383633)          (7.4322982e-05 -0.82101838 0.011050902)       (-9.6745195e-05 -0.00042658492 7.9719585e-05) (-2.2422212e-05 -0.82144496 0.011130622)     
jitou                     (-1.3280173 532.0926 12.994048)               (-0.014545095 -0.10691956 0.16294811)         (-1.3425624 531.98568 13.156996)              (-0.0047099895 1.887137 0.046085114)          (-5.158611e-05 -0.00037920442 0.00057791709)  (-0.0047615756 1.8867578 0.046663031)        
liangan                   (0.553051 645.99368 -0.1119156)               (0.015779867 0.13699886 -0.0027666818)        (0.56883087 646.13068 -0.11468228)            (0.0019614688 2.2911023 -0.00039692351)       (5.5965393e-05 0.00048588462 -9.8124042e-06)  (0.0020174342 2.2915882 -0.00040673592)      
waiyi                     (12.544821 -51.723134 -0.97880403)            (0.099120191 0.5376455 -0.040772901)          (12.643941 -51.185489 -1.0195769)             (0.044491871 -0.18344296 -0.0034714584)       (0.00035154291 0.0019068311 -0.0001446065)    (0.044843414 -0.18153613 -0.0036160649)      
weiyi                     (-10.487408 -626.57888 -32.169674)            (0.10424154 0.5338731 -0.306826)              (-10.383166 -626.045 -32.4765)                (-0.037194983 -2.2222451 -0.11409402)         (0.00036970644 0.0018934518 -0.0010881991)    (-0.036825277 -2.2203517 -0.11518222)        
xiaoyi                    (0.9967096 55.975862 -0.93995876)             (0.032484745 0.042973273 -0.033218076)        (1.0291943 56.018835 -0.97317683)             (0.0035349629 0.19852582 -0.0033336885)       (0.00011521146 0.00015241042 -0.00011781232)  (0.0036501743 0.19867823 -0.0034515008)      
youfuyi                   (12.91559 -1.8884935 1.0211004)               (0.0060809665 0.022308242 -0.23920102)        (12.921671 -1.8661853 0.78189939)             (0.045806853 -0.0066977929 0.0036214681)      (2.1566955e-05 7.911914e-05 -0.00084835815)   (0.04582842 -0.0066186738 0.0027731099)      
youweiduo                 (-0.31671773 1.8201463 -0.85420727)           (0.015821959 0.029503652 -0.11651375)         (-0.30089577 1.84965 -0.97072102)             (-0.0011232815 0.0064553905 -0.0030295594)    (5.6114676e-05 0.00010463862 -0.00041323146)  (-0.0010671668 0.0065600291 -0.0034427909)   
zhongyangyi               (10.985976 -289.49773 -0.87557199)            (0.061130612 0.29226273 -0.045383471)         (11.047106 -289.20547 -0.92095546)            (0.038963221 -1.0267421 -0.0031053322)        (0.00021680783 0.0010365486 -0.0001609585)    (0.039180029 -1.0257056 -0.0032662907)       
zuofuyi                   (-12.502872 -1.8706163 -1.2492344)            (0.0086969772 0.023334115 0.22312382)         (-12.494175 -1.8472822 -1.0261106)            (-0.044343096 -0.006634389 -0.0044305755)     (3.0844984e-05 8.2757534e-05 0.00079133824)   (-0.044312251 -0.0065516315 -0.0036392373)   
zuoweiduo                 (-0.13804446 -0.59159104 -0.43588471)         (0.022191138 0.082563859 -0.0023474668)       (-0.11585332 -0.50902718 -0.43823218)         (-0.000489593 -0.0020981561 -0.001545923)     (7.8703817e-05 0.00029282368 -8.3256025e-06)  (-0.00041088918 -0.0018053324 -0.0015542486) 
------------------------- --------------------------------------------- --------------------------------------------- --------------------------------------------- --------------------------------------------- --------------------------------------------- ---------------------------------------------
Net                       (13.244043 9.3643313 -20.480177)              (0.32379183 1.4743135 -0.37907247)            (13.567835 10.838645 -20.85925)               (0.046971757 0.033211844 -0.072635667)        (0.0011483707 0.0052288486 -0.0013444308)     (0.048120127 0.038440692 -0.073980098)       

Moments - Moment Center (0 0 0.05) Moment Axis (0 1 0)
                          Moments [N m]                                   Coefficients                                   
Zone                      Pressure        Viscous         Total           Pressure        Viscous         Total          
jidi                      -22.875151      4.8607635e-05   -22.875102      -0.081129757    1.7239343e-07   -0.081129585   
jishen                    -231.49236      -0.12027885     -231.61264      -0.82101838     -0.00042658492  -0.82144496    
jitou                     532.0926        -0.10691956     531.98568       1.887137        -0.00037920442  1.8867578      
liangan                   645.99368       0.13699886      646.13068       2.2911023       0.00048588462   2.2915882      
waiyi                     -51.723134      0.5376455       -51.185489      -0.18344296     0.0019068311    -0.18153613    
weiyi                     -626.57888      0.5338731       -626.045        -2.2222451      0.0018934518    -2.2203517     
xiaoyi                    55.975862       0.042973273     56.018835       0.19852582      0.00015241042   0.19867823     
youfuyi                   -1.8884935      0.022308242     -1.8661853      -0.0066977929   7.911914e-05    -0.0066186738  
youweiduo                 1.8201463       0.029503652     1.84965         0.0064553905    0.00010463862   0.0065600291   
zhongyangyi               -289.49773      0.29226273      -289.20547      -1.0267421      0.0010365486    -1.0257056     
zuofuyi                   -1.8706163      0.023334115     -1.8472822      -0.006634389    8.2757534e-05   -0.0065516315  
zuoweiduo                 -0.59159104     0.082563859     -0.50902718     -0.0020981561   0.00029282368   -0.0018053324  
------------------------- --------------- --------------- --------------- --------------- --------------- ---------------
Net                       9.3643313       1.4743135       10.838645       0.033211844     0.0052288486    0.038440692    
