                                    "Force Report"

Moments - Moment Center (0 0 0.05)
                          Moments [N m]                                                                                                                             Coefficients                                                                                                                             
Zone                      Pressure                                      Viscous                                       Total                                         Pressure                                      Viscous                                       Total                                        
jidi                      (-3.0902409e-09 -22.899956 0.0041060593)      (-6.9415869e-05 -0.00023514272 -0.0022123296) (-6.9418959e-05 -22.900191 0.0018937297)      (-1.0959949e-11 -0.081217732 1.4562684e-05)   (-2.4619259e-07 -8.3396486e-07 -7.8463203e-06) (-2.4620355e-07 -0.081218566 6.7163638e-06)  
jishen                    (-0.25626818 -229.85536 2.6501174)            (-0.025049807 -0.097684806 0.016091874)       (-0.28131799 -229.95305 2.6662093)            (-0.0009088891 -0.81521254 0.0093989931)      (-8.8842466e-05 -0.00034645213 5.7071967e-05) (-0.00099773157 -0.81555899 0.0094560651)    
jitou                     (-1.2772575 544.91501 12.60053)               (-0.014172702 0.029011567 0.16195723)         (-1.2914302 544.94402 12.762488)              (-0.0045299632 1.9326134 0.044689453)         (-5.0265368e-05 0.00010289337 0.00057440282)  (-0.0045802285 1.9327163 0.045263856)        
liangan                   (1.1683019 649.05646 -0.91958796)             (0.021901483 0.14258906 -0.020433078)         (1.1902034 649.19905 -0.94002104)             (0.0041435377 2.3019649 -0.0032614407)        (7.7676517e-05 0.00050571103 -7.2468622e-05)  (0.0042212142 2.3024706 -0.0033339094)       
waiyi                     (8.3036792 -45.367775 -0.49191227)            (0.088655806 0.63713075 -0.050095734)         (8.392335 -44.730645 -0.542008)               (0.0294501 -0.16090284 -0.0017446321)         (0.00031442958 0.0022596687 -0.00017767117)   (0.02976453 -0.15864317 -0.0019223033)       
weiyi                     (-10.598939 -688.90222 -35.030986)            (0.096818183 0.40030166 -0.38397855)          (-10.502121 -688.50191 -35.414965)            (-0.037590543 -2.4432831 -0.12424204)         (0.00034337853 0.001419723 -0.0013618309)     (-0.037247165 -2.4418634 -0.12560387)        
xiaoyi                    (10.192667 56.006322 -0.9439326)              (0.093672377 0.039745312 -0.033382279)        (10.286339 56.046068 -0.97731488)             (0.036149646 0.19863385 -0.0033477822)        (0.00033222151 0.00014096202 -0.00011839468)  (0.036481868 0.19877482 -0.0034661769)       
youfuyi                   (19.044749 -2.7449267 0.6969114)              (0.036605864 0.014317781 -0.20245055)         (19.081355 -2.7306089 0.49446086)             (0.06754473 -0.0097352467 0.0024716888)       (0.00012982756 5.077991e-05 -0.00071801772)   (0.067674558 -0.0096844668 0.001753671)      
youweiduo                 (-0.11151925 0.24428294 0.0077913735)         (0.020049304 0.017610647 -0.12044789)         (-0.091469942 0.26189359 -0.11265651)         (-0.00039551781 0.00086638186 2.763314e-05)   (7.1107518e-05 6.2458497e-05 -0.00042718441)  (-0.00032441029 0.00092884036 -0.00039955127)
zhongyangyi               (9.2588228 -277.41998 1.4502602)              (0.048231742 0.35399401 -0.0020003412)        (9.3070545 -277.06599 1.4482598)              (0.032837644 -0.98390677 0.0051435402)        (0.00017106027 0.0012554867 -7.0944754e-06)   (0.033008704 -0.98265129 0.0051364457)       
zuofuyi                   (-18.684235 -2.7154694 -0.7935895)            (-0.021063835 0.016779917 0.19608568)         (-18.705299 -2.6986895 -0.59750382)           (-0.066266118 -0.0096307725 -0.0028145705)    (-7.4705687e-05 5.9512203e-05 0.00069544388)  (-0.066340824 -0.0095712603 -0.0021191266)   
zuoweiduo                 (-0.29581189 -2.2510577 -1.4236866)           (0.015818957 0.063473981 0.0030838048)        (-0.27999293 -2.1875837 -1.4206028)           (-0.0010491361 -0.0079836749 -0.0050492935)   (5.6104032e-05 0.0002251189 1.0937123e-05)    (-0.00099303208 -0.007758556 -0.0050383563)  
------------------------- --------------------------------------------- --------------------------------------------- --------------------------------------------- --------------------------------------------- --------------------------------------------- ---------------------------------------------
Net                       (16.74419 -21.934668 -22.193979)              (0.36139796 1.6170347 -0.43778215)            (17.105588 -20.317633 -22.631761)             (0.05938549 -0.077794211 -0.07871389)         (0.0012817458 0.0057350283 -0.0015526525)     (0.060667236 -0.072059183 -0.080266542)      

Moments - Moment Center (0 0 0.05) Moment Axis (0 1 0)
                          Moments [N m]                                   Coefficients                                   
Zone                      Pressure        Viscous         Total           Pressure        Viscous         Total          
jidi                      -22.899956      -0.00023514272  -22.900191      -0.081217732    -8.3396486e-07  -0.081218566   
jishen                    -229.85536      -0.097684806    -229.95305      -0.81521254     -0.00034645213  -0.81555899    
jitou                     544.91501       0.029011567     544.94402       1.9326134       0.00010289337   1.9327163      
liangan                   649.05646       0.14258906      649.19905       2.3019649       0.00050571103   2.3024706      
waiyi                     -45.367775      0.63713075      -44.730645      -0.16090284     0.0022596687    -0.15864317    
weiyi                     -688.90222      0.40030166      -688.50191      -2.4432831      0.001419723     -2.4418634     
xiaoyi                    56.006322       0.039745312     56.046068       0.19863385      0.00014096202   0.19877482     
youfuyi                   -2.7449267      0.014317781     -2.7306089      -0.0097352467   5.077991e-05    -0.0096844668  
youweiduo                 0.24428294      0.017610647     0.26189359      0.00086638186   6.2458497e-05   0.00092884036  
zhongyangyi               -277.41998      0.35399401      -277.06599      -0.98390677     0.0012554867    -0.98265129    
zuofuyi                   -2.7154694      0.016779917     -2.6986895      -0.0096307725   5.9512203e-05   -0.0095712603  
zuoweiduo                 -2.2510577      0.063473981     -2.1875837      -0.0079836749   0.0002251189    -0.007758556   
------------------------- --------------- --------------- --------------- --------------- --------------- ---------------
Net                       -21.934668      1.6170347       -20.317633      -0.077794211    0.0057350283    -0.072059183   
