                                    "Force Report"

Forces
                          Forces [N]                                                                                                                                Coefficients                                                                                                                             
Zone                      Pressure                                      Viscous                                       Total                                         Pressure                                      Viscous                                       Total                                        
jidi                      (1145.6843 -1.4197086e-07 0.00043616699)      (1.4377167e-09 -0.00069755886 0.00020349519)  (1145.6843 -0.00069770083 0.00063966218)      (1.4818933 -1.8363319e-10 5.641632e-07)       (1.8596246e-12 -9.0226233e-07 2.6321226e-07)  (1.4818933 -9.0244596e-07 8.2737546e-07)     
jishen                    (9087.5181 0.77510761 -12508.311)             (1.2019549 -0.17556104 -0.050069266)          (9088.72 0.59954656 -12508.361)               (11.754313 0.0010025683 -16.178961)           (0.0015546769 -0.00022708064 -6.4762439e-05)  (11.755868 0.00077548764 -16.179026)         
jitou                     (-11256.707 -19.866169 12.137103)             (1.1258245 -0.25342045 0.14265862)            (-11255.581 -20.11959 12.279761)              (-14.560065 -0.025696034 0.015698819)         (0.0014562054 -0.00032778843 0.00018452277)   (-14.558609 -0.026023822 0.015883342)        
liangan                   (-81.059233 -2.7831795 -3074.165)             (1.1566968 -0.19066408 0.058000004)           (-79.902536 -2.9738436 -3074.107)             (-0.10484662 -0.0035999228 -3.9763)           (0.0014961375 -0.00024661578 7.5020506e-05)   (-0.10335049 -0.0038465385 -3.976225)        
waiyi                     (-156.25113 -0.31416791 1813.5992)            (4.2523715 -0.79012081 0.56334012)            (-151.99876 -1.1042887 1814.1626)             (-0.2021041 -0.00040636265 2.3458125)         (0.0055002593 -0.0010219872 0.00072865617)    (-0.19660384 -0.0014283499 2.3465411)        
weiyi                     (43.809259 -18.717311 570.21669)              (1.3436093 -0.26927543 0.033250623)           (45.152868 -18.986586 570.24994)              (0.056665389 -0.024210035 0.73755071)         (0.0017379008 -0.00034829616 4.3008248e-05)   (0.058403289 -0.024558331 0.73759372)        
xiaoyi                    (152.28403 -1.603204 -370.31273)              (0.33156721 -0.064895196 0.019622024)         (152.6156 -1.6680992 -370.29311)              (0.19697283 -0.0020736753 -0.47898355)        (0.00042886789 -8.3939139e-05 2.5380242e-05)  (0.1974017 -0.0021576144 -0.47895817)        
youfuyi                   (-0.72797775 -0.62990915 16.178146)           (0.16030082 -0.063235932 0.025444201)         (-0.56767693 -0.69314509 16.20359)            (-0.00094160786 -0.00081476035 0.020925734)   (0.00020734221 -8.1792953e-05 3.2910978e-05)  (-0.00073426565 -0.0008965533 0.020958645)   
youweiduo                 (2.5173736 5.8543996 10.06212)                (0.097228881 -0.028596648 0.042277856)        (2.6146025 5.825803 10.104398)                (0.0032561143 0.0075724136 0.013014919)       (0.00012576137 -3.6988532e-05 5.4684585e-05)  (0.0033818757 0.0075354251 0.013069603)      
zhongyangyi               (1043.9446 -0.027846452 14289.19)             (2.4571269 -0.31327712 0.2325956)             (1046.4018 -0.34112358 14289.423)             (1.3502974 -3.6018186e-05 18.482452)          (0.0031781877 -0.00040521046 0.00030085239)   (1.3534756 -0.00044122865 18.482752)         
zuofuyi                   (-0.62029999 0.59921707 15.669141)            (0.16745368 -0.066082636 0.025307092)         (-0.4528463 0.53313444 15.694448)             (-0.0008023313 0.00077506146 0.020267359)     (0.00021659412 -8.5475042e-05 3.2733632e-05)  (-0.00058573718 0.00068958642 0.020300093)   
zuoweiduo                 (-0.89384498 -1.0075661 1.7970853)            (0.14089874 -0.038008451 -0.014180148)        (-0.75294624 -1.0455746 1.7829052)            (-0.00115615 -0.0013032433 0.0023244524)      (0.00018224645 -4.9162293e-05 -1.8341411e-05) (-0.00097390352 -0.0013524056 0.002306111)   
------------------------- --------------------------------------------- --------------------------------------------- --------------------------------------------- --------------------------------------------- --------------------------------------------- ---------------------------------------------
Net                       (-20.501799 -37.720629 776.06122)             (12.435033 -2.2538354 1.0784502)              (-8.0667657 -39.974464 777.13967)             (-0.026518193 -0.048790008 1.0038017)         (0.01608418 -0.0029152389 0.0013949289)       (-0.010434014 -0.051705247 1.0051967)        

Forces - Direction Vector (0.97576488 -0.20791169 0.068232127)
                          Forces [N]                                      Coefficients                                   
Zone                      Pressure        Viscous         Total           Pressure        Viscous         Total          
jidi                      1117.9185       0.00015891696   1117.9187       1.4459794       2.0555223e-07   1.4459797      
jishen                    8013.6512       1.2059103       8014.8571       10.365312       0.0015597929    10.366872      
jitou                     -10978.941      1.1609629       -10977.78       -14.200787      0.0015016555    -14.199285     
liangan                   -288.27292      1.1722629       -287.10065      -0.37286859     0.0015162715    -0.37135232    
waiyi                     -28.653313      4.3520281       -24.301285      -0.037061826    0.0056291608    -0.031432665   
weiyi                     85.546182       1.3693011       86.915483       0.1106503       0.0017711319    0.11242143     
xiaoyi                    123.65951       0.33836296      123.99787       0.15994825      0.00043765791   0.1603859      
youfuyi                   0.52449964      0.17129952      0.69579916      0.00067841768   0.00022156854   0.00089998622  
youweiduo                 1.9257265       0.10370281      2.0294293       0.0024908442    0.00013413512   0.0026249794   
zhongyangyi               1993.6321       2.4785826       1996.1107       2.5786772       0.0032059397    2.5818832      
zuofuyi                   0.33928766      0.17886153      0.5181492       0.00043885397   0.00023134969   0.00067020366  
zuoweiduo                 -0.54007882     0.1444189       -0.39565992     -0.00069856868  0.00018679962   -0.00051176905 
------------------------- --------------- --------------- --------------- --------------- --------------- ---------------
Net                       40.789932       12.675852       53.465785       0.05276002      0.016395669     0.069155688    
