                                    "Force Report"

Forces
                          Forces [N]                                                                                                                                Coefficients                                                                                                                             
Zone                      Pressure                                      Viscous                                       Total                                         Pressure                                      Viscous                                       Total                                        
jidi                      (1145.1049 1.9757125e-08 0.00043547248)       (7.4276481e-09 -0.00044072572 0.00051996184)  (1145.1049 -0.00044070596 0.00095543432)      (1.4811439 2.555499e-11 5.6326489e-07)        (9.6073427e-12 -5.7005972e-07 6.7254823e-07)  (1.4811439 -5.7003417e-07 1.2358131e-06)     
jishen                    (9085.4493 1.450166 -12502.707)               (1.1610836 -0.11587719 -0.020755218)          (9086.6104 1.3342888 -12502.728)              (11.751637 0.0018757272 -16.171713)           (0.0015018116 -0.00014988215 -2.684598e-05)   (11.753139 0.001725845 -16.17174)            
jitou                     (-11254.228 -13.40145 12.522224)              (1.1433763 -0.16868123 0.14409514)            (-11253.085 -13.570132 12.666319)             (-14.556859 -0.017334199 0.016196957)         (0.0014789079 -0.0002181819 0.00018638086)    (-14.55538 -0.017552381 0.016383337)         
liangan                   (-81.037248 -1.4057087 -3073.5168)            (1.1234327 -0.11926967 0.061443915)           (-79.913815 -1.5249784 -3073.4553)            (-0.10481819 -0.0018182236 -3.9754615)        (0.0014531118 -0.00015427018 7.9475056e-05)   (-0.10336508 -0.0019724938 -3.975382)        
waiyi                     (-156.71578 -0.22084868 1822.5946)            (4.3218888 -0.53487034 0.57488274)            (-152.39389 -0.75571902 1823.1695)            (-0.20270511 -0.00028565826 2.3574476)        (0.0055901769 -0.00069183174 0.00074358606)   (-0.19711493 -0.00097748999 2.3581912)       
weiyi                     (45.569581 -10.228151 570.32775)              (1.4253448 -0.17971367 0.034148665)           (46.994925 -10.407865 570.3619)               (0.058942289 -0.013229673 0.73769437)         (0.0018436221 -0.00023245189 4.4169827e-05)   (0.060785911 -0.013462125 0.73773854)        
xiaoyi                    (152.45853 -0.89351492 -369.70197)            (0.33389483 -0.043252992 0.025018774)         (152.79243 -0.93676791 -369.67695)            (0.19719854 -0.001155723 -0.47819357)         (0.00043187857 -5.5945882e-05 3.2360705e-05)  (0.19763042 -0.0012116689 -0.47816121)       
youfuyi                   (-0.65986613 -0.62474428 16.475241)           (0.16093401 -0.042350337 0.026503831)         (-0.49893212 -0.66709462 16.501745)           (-0.0008535084 -0.00080807981 0.021310014)    (0.00020816121 -5.4778336e-05 3.4281564e-05)  (-0.00064534719 -0.00086285814 0.021344296)  
youweiduo                 (2.6130295 5.9148032 10.151136)               (0.10478198 -0.016859131 0.032407804)         (2.7178115 5.8979441 10.183544)               (0.0033798411 0.0076505431 0.013130057)       (0.00013553097 -2.1806559e-05 4.1918097e-05)  (0.003515372 0.0076287365 0.013171975)       
zhongyangyi               (1043.7578 -0.0098200512 14291.348)           (2.5027127 -0.21489224 0.24308219)            (1046.2605 -0.22471229 14291.591)             (1.3500557 -1.2701813e-05 18.485243)          (0.003237151 -0.00027795386 0.00031441633)    (1.3532928 -0.00029065567 18.485557)         
zuofuyi                   (-0.59361817 0.62511266 16.040514)            (0.16618903 -0.046359633 0.026195903)         (-0.42742914 0.57875303 16.06671)             (-0.00076781952 0.00080855629 0.020747713)    (0.00021495835 -5.9964188e-05 3.3883271e-05)  (-0.00055286117 0.0007485921 0.020781597)    
zuoweiduo                 (-0.91509912 -0.90400731 1.6152543)           (0.1462032 -0.025116217 -0.0095871711)        (-0.76889591 -0.92912353 1.6056672)           (-0.0011836413 -0.0011692945 0.0020892619)    (0.00018910755 -3.2486744e-05 -1.2400593e-05) (-0.00099453373 -0.0012017812 0.0020768613)  
------------------------- --------------------------------------------- --------------------------------------------- --------------------------------------------- --------------------------------------------- --------------------------------------------- ---------------------------------------------
Net                       (-19.196742 -19.698164 795.14892)             (12.589842 -1.5076834 1.1379565)              (-6.6069005 -21.205847 796.28687)             (-0.024830159 -0.025478726 1.0284909)         (0.016284418 -0.0019501235 0.0014718977)      (-0.008545741 -0.027428849 1.0299628)        

Forces - Direction Vector (0.98785583 -0.1391731 0.069077609)
                          Forces [N]                                      Coefficients                                   
Zone                      Pressure        Viscous         Total           Pressure        Viscous         Total          
jidi                      1131.1986       9.7262223e-05   1131.1987       1.4631566       1.2580449e-07   1.4631568      
jishen                    8111.255        1.1616765       8112.4167       10.491559       0.0015025784    10.493061      
jitou                     -11114.825      1.1629205       -11113.662      -14.376547      0.0015041876    -14.375043     
liangan                   -292.16867      1.1306331       -291.03804      -0.37790759     0.0014624251    -0.37644516    
waiyi                     -28.881384      4.3835541       -24.49783       -0.037356826    0.0056699384    -0.031686887   
weiyi                     85.836537       1.4354054       87.271942       0.11102586      0.001856635     0.1128825      
xiaoyi                    125.19328       0.33758784      125.53086       0.16193211      0.00043665533   0.16236876     
youfuyi                   0.57316526      0.16670445      0.7398697       0.00074136456   0.00021562502   0.00095698958  
youweiduo                 2.4593311       0.10809448      2.5674256       0.0031810388    0.00013981555   0.0033208544   
zhongyangyi               2018.2957       2.5190181       2020.8147       2.6105785       0.0032582413    2.6138367      
zuofuyi                   0.43463231      0.17243237      0.60706467      0.00056217816   0.00022303384   0.00078521199  
zuoweiduo                 -0.66659459     0.14726093      -0.51933366     -0.00086221137  0.00019047567   -0.0006717357  
------------------------- --------------- --------------- --------------- --------------- --------------- ---------------
Net                       38.704827       12.725385       51.430212       0.050063025     0.016459737     0.066522763    
