                                    "Force Report"

Forces
                          Forces [N]                                                                                                                                Coefficients                                                                                                                             
Zone                      Pressure                                      Viscous                                       Total                                         Pressure                                      Viscous                                       Total                                        
jidi                      (1143.8565 1.7485626e-07 0.0004347488)        (6.0911336e-09 -0.0016369459 0.00018474477)   (1143.8565 -0.0016367711 0.00061949357)       (1.4795291 2.2616903e-10 5.6232884e-07)       (7.8786189e-12 -2.117319e-06 2.389594e-07)    (1.4795291 -2.1170928e-06 8.0128823e-07)     
jishen                    (9079.1437 2.3438122 -12504.984)              (1.2418279 -0.10087438 -0.082660925)          (9080.3856 2.2429378 -12505.067)              (11.743481 0.0030316201 -16.174658)           (0.0016062508 -0.00013047666 -0.00010691834)  (11.745087 0.0029011434 -16.174765)          
jitou                     (-11243.167 -13.982869 -8.4276037)            (1.1665169 -0.16937205 -0.067261479)          (-11242.001 -14.152241 -8.4948652)            (-14.542552 -0.018086238 -0.010900742)        (0.0015088394 -0.00021907545 -8.6999824e-05)  (-14.541044 -0.018305313 -0.010987742)       
liangan                   (-81.146544 -1.3755699 -3081.299)             (1.1757911 -0.1147767 -0.062532063)           (-79.970753 -1.4903466 -3081.3615)            (-0.10495956 -0.0017792404 -3.9855275)        (0.0015208351 -0.00014845871 -8.0882529e-05)  (-0.10343872 -0.0019276991 -3.9856084)       
waiyi                     (-126.8976 -0.37745397 1503.7391)             (3.8528086 -0.5362887 -0.023056511)           (-123.04479 -0.91374267 1503.716)             (-0.16413657 -0.00048822044 1.9450217)        (0.0049834419 -0.00069366633 -2.9822603e-05)  (-0.15915313 -0.0011818868 1.9449919)        
weiyi                     (45.883857 -8.3373124 521.58957)              (1.5034238 -0.18336819 -0.082509427)          (47.387281 -8.5206806 521.50707)              (0.059348792 -0.010783954 0.67465364)         (0.0019446138 -0.00023717885 -0.00010672239)  (0.061293406 -0.011021133 0.67454692)        
xiaoyi                    (150.98756 -0.6800268 -372.74226)             (0.30962582 -0.040704771 -0.025423267)        (151.29719 -0.72073157 -372.76769)            (0.1952959 -0.00087958536 -0.48212605)        (0.00040048766 -5.2649867e-05 -3.28839e-05)   (0.19569639 -0.00093223523 -0.48215894)      
youfuyi                   (-0.97684569 -0.36390647 10.755272)           (0.19063589 -0.0400627 0.0002030221)          (-0.7862098 -0.40396917 10.755475)            (-0.0012635078 -0.00047069733 0.01391148)     (0.00024657931 -5.1819376e-05 2.6260034e-07)  (-0.0010169285 -0.00052251671 0.013911743)   
youweiduo                 (2.5396781 6.046616 10.424903)                (0.097859831 -0.012355234 0.034368968)        (2.6375379 6.0342607 10.459272)               (0.0032849642 0.0078210372 0.013484163)       (0.00012657747 -1.5980963e-05 4.4454779e-05)  (0.0034115417 0.0078050562 0.013528618)      
zhongyangyi               (1056.309 -0.037252805 14096.386)             (2.2927493 -0.26365387 -0.059260508)          (1058.6017 -0.30090667 14096.326)             (1.3662902 -4.8184898e-05 18.233067)          (0.0029655725 -0.00034102491 -7.6650914e-05)  (1.3692557 -0.00038920981 18.232991)         
zuofuyi                   (-0.8285809 0.3965321 10.360794)              (0.18882403 -0.042699618 0.00050645882)       (-0.63975687 0.35383248 10.361301)            (-0.0010717337 0.00051289718 0.013401241)     (0.00024423575 -5.5230115e-05 6.5508265e-07)  (-0.00082749795 0.00045766707 0.013401896)   
zuoweiduo                 (-0.93650978 -0.16950623 0.35863214)          (0.1531401 -0.031241531 -0.021409043)         (-0.78336968 -0.20074776 0.33722309)          (-0.001211335 -0.000219249 0.00046387521)     (0.00019808012 -4.0409574e-05 -2.7691674e-05) (-0.0010132549 -0.00025965857 0.00043618354) 
------------------------- --------------------------------------------- --------------------------------------------- --------------------------------------------- --------------------------------------------- --------------------------------------------- ---------------------------------------------
Net                       (24.766923 -16.536937 186.16143)              (12.173203 -1.5370347 -0.38885003)            (36.940126 -18.073971 185.77258)              (0.032034948 -0.021389815 0.24079179)         (0.015745514 -0.0019880881 -0.00050296076)    (0.047780462 -0.023377903 0.24028883)        

Forces - Direction Vector (0.98785583 -0.1391731 -0.069077609)
                          Forces [N]                                      Coefficients                                   
Zone                      Pressure        Viscous         Total           Pressure        Viscous         Total          
jidi                      1129.9653       0.00021506313   1129.9655       1.4615614       2.7817489e-07   1.4615617      
jishen                    9832.3732       1.2464959       9833.6197       12.717751       0.0016122887    12.719363      
jitou                     -11104.1        1.1805688       -11102.92       -14.362675      0.0015270149    -14.361148     
liangan                   132.87912       1.1818055       134.06093       0.17187342      0.0015286144    0.17340203     
waiyi                     -229.1787       3.8822491       -225.29645      -0.29643277     0.0050215219    -0.29141125    
weiyi                     10.456805       1.5163854       11.97319        0.013525426     0.0019613792    0.015486805    
xiaoyi                    174.99673       0.31328686      175.31001       0.22635073      0.00040522305   0.22675595     
youfuyi                   -1.6572852      0.1938824       -1.4634028      -0.0021436269   0.00025077853   -0.0018928484  
youweiduo                 0.94718212      0.096016794     1.0431989       0.0012251393    0.00012419359   0.0013493328   
zhongyangyi               69.741554       2.3056929       72.047247       0.090207695     0.0029823144    0.093190009    
zuofuyi                   -1.589404       0.19243857      -1.3969654      -0.0020558256   0.000248911     -0.0018069146  
zuoweiduo                 -0.92631939     0.15710721      -0.76921218     -0.0011981542   0.0002032114    -0.00099494281 
------------------------- --------------- --------------- --------------- --------------- --------------- ---------------
Net                       13.90806        12.266144       26.174204       0.017989476     0.015865729     0.033855205    
