                                    "Force Report"

Forces
                          Forces [N]                                                                                                                                Coefficients                                                                                                                             
Zone                      Pressure                                      Viscous                                       Total                                         Pressure                                      Viscous                                       Total                                        
jidi                      (1145.2835 8.239282e-08 0.00043525311)        (3.5786898e-08 -0.00030178322 0.00370909)     (1145.2835 -0.00030170083 0.0041443431)       (1.4813749 1.0657156e-10 5.6298114e-07)       (4.6288811e-11 -3.9034359e-07 4.797548e-06)   (1.4813749 -3.9023702e-07 5.3605292e-06)     
jishen                    (9087.7911 -0.11609686 -12494.061)            (1.1710417 -0.00078351448 0.084828199)        (9088.9622 -0.11688037 -12493.976)            (11.754666 -0.00015016628 -16.160529)         (0.001514692 -1.0134422e-06 0.00010972162)    (11.756181 -0.00015117972 -16.16042)         
jitou                     (-11260.844 0.041100799 30.366006)            (1.1235295 -0.00024192958 0.34021668)         (-11259.72 0.040858869 30.706222)             (-14.565416 5.3162112e-05 0.03927712)         (0.001453237 -3.1292548e-07 0.00044005561)    (-14.563963 5.2849187e-05 0.039717175)       
liangan                   (-81.251767 0.39412275 -3065.343)             (1.2705509 0.0011056741 0.16484952)           (-79.981216 0.39522843 -3065.1782)            (-0.10509566 0.0005097808 -3.9648891)         (0.0016434028 1.4301418e-06 0.00021322575)    (-0.10345226 0.00051121094 -3.9646759)       
waiyi                     (-231.10084 0.022622884 1996.6295)            (3.0034276 0.0011177914 0.96832244)           (-228.09742 0.023740675 1997.5978)            (-0.29891898 2.9261725e-05 2.5825542)         (0.0038848041 1.445815e-06 0.0012524833)      (-0.29503418 3.070754e-05 2.5838066)         
weiyi                     (36.790303 7.5895971 624.35748)               (1.1936557 0.010718871 0.21103813)            (37.983959 7.600316 624.56852)                (0.047586672 0.0098168168 0.8075795)          (0.0015439422 1.3864398e-05 0.00027296872)    (0.049130614 0.0098306812 0.80785247)        
xiaoyi                    (154.23424 0.012000721 -365.63888)            (0.36867291 -0.00025109682 0.094150027)       (154.60291 0.011749624 -365.54473)            (0.19949534 1.5522416e-05 -0.47293814)        (0.00047686252 -3.2478291e-07 0.000121779)    (0.1999722 1.5197633e-05 -0.47281636)        
youfuyi                   (0.34757779 -0.83902147 25.802642)            (0.14016189 0.025570788 0.049351588)          (0.48773968 -0.81345068 25.851994)            (0.0004495769 -0.0010852381 0.033374606)      (0.00018129337 3.3074713e-05 6.3834153e-05)   (0.00063087026 -0.0010521634 0.03343844)     
youweiduo                 (2.5436894 6.4416206 10.935511)               (0.11037079 -0.0058840183 0.025550044)        (2.6540602 6.4357366 10.961061)               (0.0032901526 0.0083319587 0.014144613)       (0.00014275986 -7.6107241e-06 3.304788e-05)   (0.0034329124 0.008324348 0.014177661)       
zhongyangyi               (1011.1388 -0.0063232485 14384.067)           (1.769047 0.0013803141 0.44496009)            (1012.9078 -0.0049429344 14384.512)           (1.3078644 -8.1788494e-06 18.605171)          (0.0022881861 1.7853768e-06 0.0005755367)     (1.3101526 -6.3934726e-06 18.605747)         
zuofuyi                   (0.35000275 0.83217835 25.760096)             (0.13842599 -0.023930219 0.049136127)         (0.48842874 0.80824813 25.809232)             (0.00045271347 0.0010763868 0.033319574)      (0.00017904805 -3.0952706e-05 6.3555463e-05)  (0.00063176152 0.0010454341 0.033383129)     
zuoweiduo                 (-0.82088762 -1.4093102 2.4815298)            (0.13345532 0.012449275 0.019099613)          (-0.68743231 -1.3968609 2.5006294)            (-0.0010617828 -0.001822882 0.0032097518)     (0.0001726187 1.6102601e-05 2.4704526e-05)    (-0.00088916406 -0.0018067794 0.0032344563)  
------------------------- --------------------------------------------- --------------------------------------------- --------------------------------------------- --------------------------------------------- --------------------------------------------- ---------------------------------------------
Net                       (-135.53795 12.962492 1175.3577)              (10.422339 0.020950154 2.4552115)             (-125.11561 12.983442 1177.8129)              (-0.17531249 0.016766424 1.5202745)           (0.013480847 2.7098121e-05 0.0031757103)      (-0.16183165 0.016793522 1.5234502)          

Forces - Direction Vector (0.97814888 0 0.20790565)
                          Forces [N]                                      Coefficients                                   
Zone                      Pressure        Viscous         Total           Pressure        Viscous         Total          
jidi                      1120.2579       0.00077117576   1120.2587       1.4490053       9.9748261e-07   1.4490063      
jishen                    6291.6269       1.1630894       6292.79         8.1379483       0.001504406     8.1394527      
jitou                     -11008.468      1.1697121       -11007.299      -14.23898       0.0015129722    -14.237467     
liangan                   -716.77845      1.2770611       -715.50139      -0.92712204     0.0016518235    -0.92547022    
waiyi                     189.05951       3.139119        192.19863       0.24454033      0.0040603152    0.24860065     
weiyi                     165.79384       1.211449        167.00529       0.21444719      0.0015669571    0.21601415     
xiaoyi                    74.845658       0.38019132      75.225849       0.096809633     0.00049176108   0.097301394    
youfuyi                   5.7044979       0.14735967      5.8518576       0.0073785222    0.00019060339   0.0075691256   
youweiduo                 4.7616615       0.11327106      4.8749326       0.006159004     0.00014651124   0.0063055152   
zhongyangyi               3979.5731       1.8229011       3981.396        5.1474063       0.002357844     5.1497642      
zuofuyi                   5.6980242       0.14561691      5.8436411       0.0073701488    0.00018834919   0.007558498    
zuoweiduo                 -0.28702626     0.13451009      -0.15251617     -0.0003712561   0.000173983     -0.0001972731  
------------------------- --------------- --------------- --------------- --------------- --------------- ---------------
Net                       111.78721       10.705052       122.49226       0.14459193      0.013846523     0.15843846     
