                                    "Force Report"

Moments - Moment Center (0 0 0.05)
                          Moments [N m]                                                                                                                             Coefficients                                                                                                                             
Zone                      Pressure                                      Viscous                                       Total                                         Pressure                                      Viscous                                       Total                                        
jidi                      (2.6570769e-09 -22.903835 0.0014327106)       (-6.2554644e-06 -0.002196466 -0.00020080955)  (-6.2528073e-06 -22.906031 0.001231901)       (9.4236757e-12 -0.081231489 5.0812982e-06)    (-2.2185835e-08 -7.7900581e-06 -7.121977e-07) (-2.2176411e-08 -0.081239279 4.3691005e-06)  
jishen                    (-0.00291615 -228.40129 -0.0020827865)        (8.6545323e-05 -0.059738321 -0.00044952742)   (-0.0028296047 -228.46103 -0.0025323139)      (-1.0342513e-05 -0.81005547 -7.3868787e-06)   (3.0694447e-07 -0.00021186988 -1.5943086e-06) (-1.0035568e-05 -0.81026734 -8.9811874e-06)  
jitou                     (0.0038622664 553.80179 -0.026156002)         (1.6135184e-05 0.12568589 -4.786089e-05)      (0.0038784016 553.92747 -0.026203863)         (1.369804e-05 1.9641315 -9.2765733e-05)       (5.7225571e-08 0.0004457617 -1.69745e-07)     (1.3755266e-05 1.9645773 -9.2935478e-05)     
liangan                   (-0.018922449 649.979 0.49134384)             (0.0010417508 0.14139303 -0.0010923648)       (-0.017880699 650.12039 0.49025148)           (-6.7110978e-05 2.3052368 0.0017426161)       (3.6947073e-06 0.00050146913 -3.8742166e-06)  (-6.341627e-05 2.3057382 0.0017387419)       
waiyi                     (1.2588379 -45.003514 0.18404478)             (0.0023597163 0.52911561 -0.0030781378)       (1.2611977 -44.474398 0.18096665)             (0.0044646358 -0.15961093 0.00065273925)      (8.3690469e-06 0.0018765787 -1.0917024e-05)   (0.0044730049 -0.15773436 0.00064182222)     
weiyi                     (3.1775985 -773.0241 9.6522372)               (0.0042074578 0.17133369 0.026033747)         (3.181806 -772.85276 9.678271)                (0.011269775 -2.7416325 0.03423294)           (1.4922307e-05 0.00060765765 9.2332139e-05)   (0.011284697 -2.7410249 0.034325272)         
xiaoyi                    (0.030491931 55.852028 0.0050561682)          (0.00067421907 0.034959135 0.0006020687)      (0.03116615 55.886987 0.0056582369)           (0.00010814368 0.19808663 1.7932371e-05)      (2.3912074e-06 0.00012398721 2.1353165e-06)   (0.00011053489 0.19821062 2.0067688e-05)     
youfuyi                   (28.644441 -4.0733745 -0.28025421)            (0.05426698 0.0084204233 -0.16014572)         (28.698708 -4.0649541 -0.44039993)            (0.10159131 -0.014446763 -0.00099395875)      (0.00019246505 2.9864149e-05 -0.00056797805)  (0.10178378 -0.014416899 -0.0015619368)      
youweiduo                 (2.0618027 -13.699008 7.5490519)              (0.0086577522 0.00095866685 -0.042120689)     (2.0704604 -13.69805 7.5069313)               (0.0073124568 -0.048585351 0.026773714)       (3.0705867e-05 3.4000392e-06 -0.00014938661)  (0.0073431627 -0.048581951 0.026624328)      
zhongyangyi               (-0.0035554768 -273.54629 0.026710946)        (0.00011018687 0.3033561 0.00080009428)       (-0.0034452899 -273.24293 0.027511041)        (-1.260997e-05 -0.97016822 9.4733915e-05)     (3.9079237e-07 0.0010758926 2.8376405e-06)    (-1.2219178e-05 -0.96909232 9.7571556e-05)   
zuofuyi                   (-28.476453 -4.0444598 0.29870938)            (-0.053817483 0.0084077886 0.15946459)        (-28.530271 -4.036052 0.45817397)             (-0.10099552 -0.014344213 0.0010594124)       (-0.00019087084 2.9819338e-05 0.00056556234)  (-0.10118639 -0.014314394 0.0016249748)      
zuoweiduo                 (-0.33652961 -3.2721223 -2.0039662)           (-0.0070807371 0.019247031 0.061194386)       (-0.34361035 -3.2528753 -1.9427718)           (-0.0011935469 -0.011605016 -0.007107332)     (-2.5112774e-05 6.8262151e-05 0.00021703401)  (-0.0012186597 -0.011536754 -0.006890298)    
------------------------- --------------------------------------------- --------------------------------------------- --------------------------------------------- --------------------------------------------- --------------------------------------------- ---------------------------------------------
Net                       (6.3386573 -108.33517 15.896128)              (0.010516268 1.2809426 0.040959782)           (6.3491736 -107.05423 15.937088)              (0.022480889 -0.38422506 0.056377727)         (3.7297341e-05 0.0045430328 0.0001452693)     (0.022518187 -0.37968203 0.056522996)        

Moments - Moment Center (0 0 0.05) Moment Axis (0 1 0)
                          Moments [N m]                                   Coefficients                                   
Zone                      Pressure        Viscous         Total           Pressure        Viscous         Total          
jidi                      -22.903835      -0.002196466    -22.906031      -0.081231489    -7.7900581e-06  -0.081239279   
jishen                    -228.40129      -0.059738321    -228.46103      -0.81005547     -0.00021186988  -0.81026734    
jitou                     553.80179       0.12568589      553.92747       1.9641315       0.0004457617    1.9645773      
liangan                   649.979         0.14139303      650.12039       2.3052368       0.00050146913   2.3057382      
waiyi                     -45.003514      0.52911561      -44.474398      -0.15961093     0.0018765787    -0.15773436    
weiyi                     -773.0241       0.17133369      -772.85276      -2.7416325      0.00060765765   -2.7410249     
xiaoyi                    55.852028       0.034959135     55.886987       0.19808663      0.00012398721   0.19821062     
youfuyi                   -4.0733745      0.0084204233    -4.0649541      -0.014446763    2.9864149e-05   -0.014416899   
youweiduo                 -13.699008      0.00095866685   -13.69805       -0.048585351    3.4000392e-06   -0.048581951   
zhongyangyi               -273.54629      0.3033561       -273.24293      -0.97016822     0.0010758926    -0.96909232    
zuofuyi                   -4.0444598      0.0084077886    -4.036052       -0.014344213    2.9819338e-05   -0.014314394   
zuoweiduo                 -3.2721223      0.019247031     -3.2528753      -0.011605016    6.8262151e-05   -0.011536754   
------------------------- --------------- --------------- --------------- --------------- --------------- ---------------
Net                       -108.33517      1.2809426       -107.05423      -0.38422506     0.0045430328    -0.37968203    
