                                    "Force Report"

Moments - Moment Center (0 0 0.05)
                          Moments [N m]                                                                                                                             Coefficients                                                                                                                             
Zone                      Pressure                                      Viscous                                       Total                                         Pressure                                      Viscous                                       Total                                        
jidi                      (3.4118074e-11 -22.88746 0.00035458987)       (-1.6541866e-05 5.9495367e-05 -0.00021044513) (-1.6541832e-05 -22.887401 0.00014414474)     (1.2100428e-13 -0.081173416 1.2576e-06)       (-5.8667922e-08 2.1100821e-07 -7.4637158e-07) (-5.8667801e-08 -0.081173205 5.1122846e-07)  
jishen                    (-0.00031977233 -231.71775 0.00036976267)     (4.8032754e-05 -0.078493529 -0.00057966066)   (-0.00027173958 -231.79624 -0.00020989798)    (-1.134115e-06 -0.82181774 1.3114124e-06)     (1.7035453e-07 -0.00027838772 -2.0558434e-06) (-9.6376048e-07 -0.82209613 -7.4443105e-07)  
jitou                     (0.0037181629 538.51484 -0.039701169)         (1.6726301e-05 -0.039063014 -0.00015369623)   (0.0037348892 538.47577 -0.039854865)         (1.3186958e-05 1.9099143 -0.00014080546)      (5.9322047e-08 -0.00013854216 -5.4510406e-07) (1.324628e-05 1.9097758 -0.00014135057)      
liangan                   (0.075106453 645.87228 0.24346792)            (0.0019763454 0.092351322 0.002798446)        (0.077082799 645.96463 0.24626637)            (0.000266375 2.2906717 0.00086349129)         (7.0093712e-06 0.00032753622 9.9250603e-06)   (0.00027338437 2.2909993 0.00087341635)      
waiyi                     (0.57772302 -47.6257 0.015037222)             (0.0011389673 0.64003698 -0.0029467992)       (0.57886199 -46.985663 0.012090423)           (0.0020489713 -0.16891087 5.3331504e-05)      (4.0394987e-06 0.0022699761 -1.0451214e-05)   (0.0020530108 -0.16664089 4.288029e-05)      
weiyi                     (3.3949381 -685.79936 11.051622)              (0.0023276408 0.50498636 0.020717071)         (3.3972658 -685.29437 11.072339)              (0.012040599 -2.4322784 0.039196045)          (8.2552871e-06 0.0017910011 7.3475841e-05)    (0.012048854 -2.4304874 0.039269521)         
xiaoyi                    (0.020369202 55.869536 -0.0021709795)         (0.00022980542 0.038964274 0.0011383834)      (0.020599007 55.9085 -0.0010325961)           (7.2242076e-05 0.19814872 -7.6996667e-06)     (8.1503541e-07 0.00013819197 4.0374277e-06)   (7.3057112e-05 0.19828692 -3.662239e-06)     
youfuyi                   (16.148501 -2.3379215 0.90699392)             (0.017319362 0.018449314 -0.21562528)         (16.165821 -2.3194722 0.69136864)             (0.057272803 -0.0082917488 0.0032167743)      (6.1425415e-05 6.543294e-05 -0.00076474366)   (0.057334229 -0.0082263159 0.0024520306)     
youweiduo                 (2.1169544 -13.540295 7.3053076)              (0.0021467268 0.013905641 -0.030296561)       (2.1191011 -13.526389 7.2750111)              (0.0075080595 -0.048022453 0.025909243)       (7.6136514e-06 4.93182e-05 -0.00010745077)    (0.0075156732 -0.047973135 0.025801792)      
zhongyangyi               (0.064070123 -282.4053 0.0024513875)          (4.7980239e-06 0.34891722 -0.00034621697)     (0.064074921 -282.05639 0.0021051706)         (0.00022723319 -1.0015879 8.6941712e-06)      (1.7016828e-08 0.0012374812 -1.2279044e-06)   (0.00022725021 -1.0003504 7.4662667e-06)     
zuofuyi                   (-16.089484 -2.3285727 -0.91120191)           (-0.017074969 0.018404813 0.21493316)         (-16.106559 -2.3101679 -0.69626876)           (-0.05706349 -0.0082585921 -0.0032316985)     (-6.0558644e-05 6.527511e-05 0.00076228896)   (-0.057124049 -0.008193317 -0.0024694095)    
zuoweiduo                 (-0.03628375 -0.73201299 -0.57288898)         (0.0014684815 0.049303269 0.058261203)        (-0.034815269 -0.68270972 -0.51462778)        (-0.00012868514 -0.0025961812 -0.0020318268)  (5.2081645e-06 0.00017486058 0.00020663109)   (-0.00012347697 -0.0024213206 -0.0018251957) 
------------------------- --------------------------------------------- --------------------------------------------- --------------------------------------------- --------------------------------------------- --------------------------------------------- ---------------------------------------------
Net                       (6.2752933 -49.117717 17.999642)              (0.0095853749 1.6078221 0.047689603)          (6.2848787 -47.509895 18.047331)              (0.02225616 -0.1742025 0.063838118)           (3.3995804e-05 0.0057023546 0.00016913751)    (0.022290156 -0.16850015 0.064007255)        

Moments - Moment Center (0 0 0.05) Moment Axis (0 1 0)
                          Moments [N m]                                   Coefficients                                   
Zone                      Pressure        Viscous         Total           Pressure        Viscous         Total          
jidi                      -22.88746       5.9495367e-05   -22.887401      -0.081173416    2.1100821e-07   -0.081173205   
jishen                    -231.71775      -0.078493529    -231.79624      -0.82181774     -0.00027838772  -0.82209613    
jitou                     538.51484       -0.039063014    538.47577       1.9099143       -0.00013854216  1.9097758      
liangan                   645.87228       0.092351322     645.96463       2.2906717       0.00032753622   2.2909993      
waiyi                     -47.6257        0.64003698      -46.985663      -0.16891087     0.0022699761    -0.16664089    
weiyi                     -685.79936      0.50498636      -685.29437      -2.4322784      0.0017910011    -2.4304874     
xiaoyi                    55.869536       0.038964274     55.9085         0.19814872      0.00013819197   0.19828692     
youfuyi                   -2.3379215      0.018449314     -2.3194722      -0.0082917488   6.543294e-05    -0.0082263159  
youweiduo                 -13.540295      0.013905641     -13.526389      -0.048022453    4.93182e-05     -0.047973135   
zhongyangyi               -282.4053       0.34891722      -282.05639      -1.0015879      0.0012374812    -1.0003504     
zuofuyi                   -2.3285727      0.018404813     -2.3101679      -0.0082585921   6.527511e-05    -0.008193317   
zuoweiduo                 -0.73201299     0.049303269     -0.68270972     -0.0025961812   0.00017486058   -0.0024213206  
------------------------- --------------- --------------- --------------- --------------- --------------- ---------------
Net                       -49.117717      1.6078221       -47.509895      -0.1742025      0.0057023546    -0.16850015    
