                                    "Force Report"

Moments - Moment Center (0 0 0.05)
                          Moments [N m]                                                                                                                             Coefficients                                                                                                                             
Zone                      Pressure                                      Viscous                                       Total                                         Pressure                                      Viscous                                       Total                                        
jidi                      (-1.7150251e-08 -22.915406 0.0029238178)      (6.6193448e-05 -0.0020047028 0.0010653563)    (6.6176298e-05 -22.917411 0.0039891741)       (-6.082564e-11 -0.081272528 1.0369708e-05)    (2.3476385e-07 -7.1099445e-06 3.7784274e-06)  (2.3470302e-07 -0.081279638 1.4148135e-05)   
jishen                    (0.043753134 -228.51143 0.90834324)           (-0.0082432419 -0.058465424 0.0053106942)     (0.035509892 -228.56989 0.91365393)           (0.0001551763 -0.81044609 0.0032215598)       (-2.9235751e-05 -0.00020735539 1.8835082e-05) (0.00012594054 -0.81065345 0.0032403949)     
jitou                     (-0.42544071 556.22985 4.2022576)             (-0.0044640689 0.1552876 0.053689171)         (-0.42990478 556.38513 4.2559468)             (-0.0015088819 1.972743 0.014903864)          (-1.5832413e-05 0.00055074808 0.00019041577)  (-0.0015247143 1.9732937 0.01509428)         
liangan                   (0.060978314 650.52452 -0.21467443)           (-0.002259769 0.12906327 0.023556399)         (0.058718545 650.65358 -0.19111803)           (0.00021626768 2.3071715 -0.00076137136)      (-8.0145705e-06 0.00045774 8.3545894e-05)     (0.00020825311 2.3076293 -0.00067782547)     
waiyi                     (8.9432516 -45.712226 -0.2586972)             (0.043903072 0.47941882 -0.037063916)         (8.9871546 -45.232807 -0.29576112)            (0.031718428 -0.16212447 -0.00091750396)      (0.00015570807 0.0017003225 -0.00013145209)   (0.031874137 -0.16042415 -0.0010489561)      
weiyi                     (-2.527939 -786.66209 -5.5305536)             (0.023684189 0.13172506 -0.11563851)          (-2.5042548 -786.53036 -5.6461921)            (-0.0089656711 -2.7900015 -0.019614842)       (8.3999121e-05 0.00046718039 -0.00041012732)  (-0.0088816719 -2.7895343 -0.020024969)      
xiaoyi                    (7.2515153 55.769943 -0.39328412)             (0.056992746 0.033563033 -0.01435588)         (7.3085081 55.803507 -0.40764)                (0.025718461 0.19779551 -0.0013948343)        (0.00020213234 0.00011903575 -5.0915034e-05)  (0.025920594 0.19791454 -0.0014457493)       
youfuyi                   (30.976457 -4.3842295 -0.55265219)            (0.058493387 0.0086358052 -0.1655793)         (31.03495 -4.3755937 -0.71823149)             (0.10986211 -0.015549252 -0.0019600543)       (0.00020745456 3.0628029e-05 -0.00058724895)  (0.11006957 -0.015518624 -0.0025473033)      
youweiduo                 (2.1620831 -12.959692 7.0969616)              (0.01332194 -0.0071504223 -0.054746688)       (2.175405 -12.966842 7.0422149)               (0.0076681146 -0.045963266 0.025170316)       (4.724803e-05 -2.5359921e-05 -0.00019416639)  (0.0077153626 -0.045988626 0.02497615)       
zhongyangyi               (4.0234311 -273.43017 0.27409977)             (0.0077553086 0.28947722 -0.0082157795)       (4.0311864 -273.14069 0.26588399)             (0.014269632 -0.96975637 0.00097213119)       (2.7505231e-05 0.0010266694 -2.9138352e-05)   (0.014297137 -0.9687297 0.00094299284)       
zuofuyi                   (-29.71379 -4.1931627 0.51151154)             (-0.05224597 0.008450904 0.1542074)           (-29.766036 -4.1847118 0.66571894)            (-0.1053839 -0.014871608 0.0018141436)        (-0.00018529727 2.9972253e-05 0.000546917)    (-0.1055692 -0.014841636 0.0023610606)       
zuoweiduo                 (-0.45676355 -3.8186972 -2.3844315)           (-0.0020848264 0.0226825 0.043925089)         (-0.45884837 -3.7960147 -2.3405064)           (-0.0016199725 -0.013543516 -0.0084567027)    (-7.3941133e-06 8.0446495e-05 0.00015578616)  (-0.0016273666 -0.01346307 -0.0083009166)    
------------------------- --------------------------------------------- --------------------------------------------- --------------------------------------------- --------------------------------------------- --------------------------------------------- ---------------------------------------------
Net                       (20.337536 -120.06278 3.6618046)              (0.13491896 1.1906837 -0.11384596)            (20.472455 -118.8721 3.5479586)               (0.072129771 -0.42581859 0.012987076)         (0.000478508 0.0042229176 -0.00040376981)     (0.072608279 -0.42159568 0.012583306)        

Moments - Moment Center (0 0 0.05) Moment Axis (0 1 0)
                          Moments [N m]                                   Coefficients                                   
Zone                      Pressure        Viscous         Total           Pressure        Viscous         Total          
jidi                      -22.915406      -0.0020047028   -22.917411      -0.081272528    -7.1099445e-06  -0.081279638   
jishen                    -228.51143      -0.058465424    -228.56989      -0.81044609     -0.00020735539  -0.81065345    
jitou                     556.22985       0.1552876       556.38513       1.972743        0.00055074808   1.9732937      
liangan                   650.52452       0.12906327      650.65358       2.3071715       0.00045774      2.3076293      
waiyi                     -45.712226      0.47941882      -45.232807      -0.16212447     0.0017003225    -0.16042415    
weiyi                     -786.66209      0.13172506      -786.53036      -2.7900015      0.00046718039   -2.7895343     
xiaoyi                    55.769943       0.033563033     55.803507       0.19779551      0.00011903575   0.19791454     
youfuyi                   -4.3842295      0.0086358052    -4.3755937      -0.015549252    3.0628029e-05   -0.015518624   
youweiduo                 -12.959692      -0.0071504223   -12.966842      -0.045963266    -2.5359921e-05  -0.045988626   
zhongyangyi               -273.43017      0.28947722      -273.14069      -0.96975637     0.0010266694    -0.9687297     
zuofuyi                   -4.1931627      0.008450904     -4.1847118      -0.014871608    2.9972253e-05   -0.014841636   
zuoweiduo                 -3.8186972      0.0226825       -3.7960147      -0.013543516    8.0446495e-05   -0.01346307    
------------------------- --------------- --------------- --------------- --------------- --------------- ---------------
Net                       -120.06278      1.1906837       -118.8721       -0.42581859     0.0042229176    -0.42159568    
