                                    "Force Report"

Moments - Moment Center (0 0 0.05)
                          Moments [N m]                                                                                                                             Coefficients                                                                                                                             
Zone                      Pressure                                      Viscous                                       Total                                         Pressure                                      Viscous                                       Total                                        
jidi                      (-7.5895032e-11 -22.884442 0.0030829486)      (4.5366453e-05 0.00036785957 -0.00037214568)  (4.5366377e-05 -22.884074 0.0027108029)       (-2.691718e-13 -0.08116271 1.0934086e-05)     (1.6089815e-07 1.3046628e-06 -1.319864e-06)   (1.6089788e-07 -0.081161405 9.6142223e-06)   
jishen                    (0.17909483 -232.23085 1.2710186)             (-0.013389097 -0.084955591 -0.0047868852)     (0.16570574 -232.31581 1.2662317)             (0.0006351836 -0.82363754 0.0045078362)       (-4.7486208e-05 -0.00030130628 -1.6977323e-05) (0.00058769739 -0.82393884 0.0044908589)     
jitou                     (-0.44178752 535.19374 4.330952)              (-0.0047602998 -0.074002366 0.053704207)      (-0.44654782 535.11974 4.3846562)             (-0.0015668581 1.8981356 0.015360296)         (-1.6883035e-05 -0.00026245921 0.0001904691)  (-0.0015837411 1.8978732 0.015550765)        
liangan                   (0.39986854 645.41571 0.077165417)            (0.0087731044 0.10184416 0.010204819)         (0.40864164 645.51756 0.087370236)            (0.0014181868 2.2890525 0.00027367739)        (3.1114979e-05 0.00036120384 3.6192745e-05)   (0.0014493018 2.2894137 0.00030987013)       
waiyi                     (4.5320148 -49.545024 -0.17464308)            (0.033950415 0.58454527 -0.075961327)         (4.5659652 -48.960479 -0.2506044)             (0.016073392 -0.175718 -0.00061939485)        (0.00012040965 0.0020731674 -0.00026940693)   (0.016193802 -0.17364483 -0.00088880177)     
weiyi                     (0.13535422 -672.15134 0.21585065)            (0.03606212 0.53616635 -0.10030481)           (0.17141634 -671.61517 0.11554584)            (0.00048005172 -2.3838739 0.00076554297)      (0.00012789909 0.0019015851 -0.00035574433)   (0.00060795081 -2.3819723 0.00040979864)     
xiaoyi                    (1.2259636 55.876793 -0.27597241)             (0.017185694 0.039892758 -0.016914929)        (1.2431493 55.916686 -0.29288734)             (0.0043480427 0.19817446 -0.00097877277)      (6.0951343e-05 0.00014148496 -5.9991039e-05)  (0.004408994 0.19831595 -0.0010387638)       
youfuyi                   (14.64622 -2.1257474 0.95499876)              (0.011055303 0.020572169 -0.23015413)         (14.657276 -2.1051752 0.72484462)             (0.051944764 -0.0075392451 0.0033870298)      (3.9209101e-05 7.2961928e-05 -0.00081627218)  (0.051983973 -0.0074662832 0.0025707576)     
youweiduo                 (2.1193661 -13.063555 7.0294185)              (0.0089504804 -0.0014029137 -0.039794564)     (2.1283166 -13.064958 6.9896239)              (0.0075166131 -0.046331631 0.024930766)       (3.1744066e-05 -4.9756195e-06 -0.0001411367)  (0.0075483572 -0.046336607 0.024789629)      
zhongyangyi               (3.50248 -285.94185 -0.097511171)             (0.019172104 0.32713247 -0.012835576)         (3.5216521 -285.61472 -0.11034675)            (0.01242201 -1.0141307 -0.00034583631)        (6.7996411e-05 0.0011602187 -4.5523075e-05)   (0.012490006 -1.0129705 -0.00039135938)      
zuofuyi                   (-14.378365 -2.0957005 -0.96333008)           (-0.0061433299 0.020861556 0.22461463)        (-14.384509 -2.0748389 -0.73871544)           (-0.050994781 -0.0074326799 -0.0034165779)    (-2.1788135e-05 7.3988278e-05 0.00079662561)  (-0.051016569 -0.0073586916 -0.0026199523)   
zuoweiduo                 (-0.053446768 -0.72325243 -0.5606702)         (0.0090128349 0.061062317 0.036272166)        (-0.044433933 -0.66219011 -0.52439804)        (-0.00018955605 -0.0025651107 -0.0019884913)  (3.1965215e-05 0.00021656561 0.00012864405)   (-0.00015759084 -0.0023485451 -0.0018598472) 
------------------------- --------------------------------------------- --------------------------------------------- --------------------------------------------- --------------------------------------------- --------------------------------------------- ---------------------------------------------
Net                       (11.866763 -44.27552 11.81036)                (0.11991469 1.532084 -0.15632855)             (11.986677 -42.743435 11.654031)              (0.042087049 -0.15702901 0.041887009)         (0.00042529338 0.0054337393 -0.00055443994)   (0.042512342 -0.15159527 0.041332569)        

Moments - Moment Center (0 0 0.05) Moment Axis (0 1 0)
                          Moments [N m]                                   Coefficients                                   
Zone                      Pressure        Viscous         Total           Pressure        Viscous         Total          
jidi                      -22.884442      0.00036785957   -22.884074      -0.08116271     1.3046628e-06   -0.081161405   
jishen                    -232.23085      -0.084955591    -232.31581      -0.82363754     -0.00030130628  -0.82393884    
jitou                     535.19374       -0.074002366    535.11974       1.8981356       -0.00026245921  1.8978732      
liangan                   645.41571       0.10184416      645.51756       2.2890525       0.00036120384   2.2894137      
waiyi                     -49.545024      0.58454527      -48.960479      -0.175718       0.0020731674    -0.17364483    
weiyi                     -672.15134      0.53616635      -671.61517      -2.3838739      0.0019015851    -2.3819723     
xiaoyi                    55.876793       0.039892758     55.916686       0.19817446      0.00014148496   0.19831595     
youfuyi                   -2.1257474      0.020572169     -2.1051752      -0.0075392451   7.2961928e-05   -0.0074662832  
youweiduo                 -13.063555      -0.0014029137   -13.064958      -0.046331631    -4.9756195e-06  -0.046336607   
zhongyangyi               -285.94185      0.32713247      -285.61472      -1.0141307      0.0011602187    -1.0129705     
zuofuyi                   -2.0957005      0.020861556     -2.0748389      -0.0074326799   7.3988278e-05   -0.0073586916  
zuoweiduo                 -0.72325243     0.061062317     -0.66219011     -0.0025651107   0.00021656561   -0.0023485451  
------------------------- --------------- --------------- --------------- --------------- --------------- ---------------
Net                       -44.27552       1.532084        -42.743435      -0.15702901     0.0054337393    -0.15159527    
