                                    "Force Report"

Moments - Moment Center (0 0 0.05)
                          Moments [N m]                                                                                                                             Coefficients                                                                                                                             
Zone                      Pressure                                      Viscous                                       Total                                         Pressure                                      Viscous                                       Total                                        
jidi                      (3.2915398e-09 -22.905348 0.0011480875)       (2.6569928e-05 -0.0010235925 -2.8074227e-05)  (2.657322e-05 -22.906372 0.0011200133)        (1.1673883e-11 -0.081236857 4.0718448e-06)    (9.4233776e-08 -3.6303068e-06 -9.9568971e-08) (9.424545e-08 -0.081240487 3.9722758e-06)    
jishen                    (-0.015062968 -227.70563 -0.12597678)         (3.3104931e-05 -0.054800377 -0.00043968981)   (-0.015029863 -227.76043 -0.12641647)         (-5.3422814e-05 -0.80758824 -0.00044679337)   (1.1741103e-07 -0.00019435681 -1.5594182e-06) (-5.3305403e-05 -0.80778259 -0.00044835279)  
jitou                     (0.0024777325 558.67587 -0.0080761938)        (4.9489687e-06 0.18450858 0.00014022679)      (0.0024826815 558.86038 -0.007935967)         (8.7876072e-06 1.9814181 -2.8643293e-05)      (1.7552174e-08 0.00065438418 4.9733293e-07)   (8.8051594e-06 1.9820725 -2.814596e-05)      
liangan                   (0.060178805 651.41577 0.52093815)            (0.0037648859 0.13076291 -0.0056652847)       (0.063943691 651.54653 0.51527286)            (0.00021343212 2.3103325 0.0018475763)        (1.3352667e-05 0.000463768 -2.0092684e-05)    (0.00022678478 2.3107962 0.0018274836)       
waiyi                     (0.45681814 -46.46972 0.082796821)            (0.0010975569 0.42948917 -0.0029207664)       (0.4579157 -46.040231 0.079876055)            (0.0016201662 -0.16481103 0.00029364991)      (3.8926312e-06 0.0015232403 -1.0358885e-05)   (0.0016240588 -0.16328779 0.00028329103)     
weiyi                     (2.3801494 -783.31798 4.1740213)              (-0.0028144405 0.043817595 0.030755254)       (2.377335 -783.27416 4.2047766)               (0.0084415157 -2.7781411 0.01480372)          (-9.9817868e-06 0.00015540491 0.00010907759)  (0.0084315339 -2.7779857 0.014912798)        
xiaoyi                    (0.014692055 55.67501 0.014099329)            (0.00064535574 0.031366888 0.0013458578)      (0.015337411 55.706377 0.015445187)           (5.2107323e-05 0.19745881 5.0005141e-05)      (2.2888398e-06 0.00011124683 4.7732633e-06)   (5.4396163e-05 0.19757006 5.4778404e-05)     
youfuyi                   (32.423433 -4.5932604 -0.59635011)            (0.056909706 0.0090090175 -0.16390692)        (32.480343 -4.5842513 -0.76025703)            (0.11499401 -0.016290607 -0.0021150348)       (0.00020183782 3.1951676e-05 -0.00058131765)  (0.11519585 -0.016258656 -0.0026963525)      
youweiduo                 (2.6767846 -15.987789 8.8722165)              (0.014933349 -0.012614271 -0.054346746)       (2.691718 -16.000403 8.8178697)               (0.0094935719 -0.056702815 0.031466493)       (5.2963105e-05 -4.4738187e-05 -0.00019274795) (0.009546535 -0.056747553 0.031273745)       
zhongyangyi               (-0.34246525 -273.25211 -0.0076786399)        (-8.9826157e-05 0.26291803 0.0022247149)      (-0.34255508 -272.98919 -0.005453925)         (-0.0012145985 -0.96912487 -2.7233315e-05)    (-3.1858038e-07 0.00093247368 7.8902466e-06)  (-0.001214917 -0.96819239 -1.9343069e-05)    
zuofuyi                   (-32.202843 -4.5586195 0.60103971)            (-0.056032838 0.0091492064 0.16354431)        (-32.258876 -4.5494703 0.76458402)            (-0.11421166 -0.016167749 0.0021316671)       (-0.0001987279 3.2448875e-05 0.00058003161)   (-0.11441038 -0.0161353 0.0027116987)        
zuoweiduo                 (-0.786415 -6.5821765 -3.9996006)             (-0.015084984 -0.0086438107 0.069849092)      (-0.80149998 -6.5908203 -3.9297515)           (-0.0027891251 -0.023344562 -0.014185114)     (-5.3500896e-05 -3.0656422e-05 0.00024772907) (-0.002842626 -0.023375219 -0.013937385)     
------------------------- --------------------------------------------- --------------------------------------------- --------------------------------------------- --------------------------------------------- --------------------------------------------- ---------------------------------------------
Net                       (4.6677479 -119.60598 9.5285775)              (0.0033933887 1.0239393 0.040551975)          (4.6711413 -118.58204 9.5691295)              (0.016554787 -0.42419847 0.033794365)         (1.2035103e-05 0.0036315368 0.00014382296)    (0.016566822 -0.42056694 0.033938188)        

Moments - Moment Center (0 0 0.05) Moment Axis (0 1 0)
                          Moments [N m]                                   Coefficients                                   
Zone                      Pressure        Viscous         Total           Pressure        Viscous         Total          
jidi                      -22.905348      -0.0010235925   -22.906372      -0.081236857    -3.6303068e-06  -0.081240487   
jishen                    -227.70563      -0.054800377    -227.76043      -0.80758824     -0.00019435681  -0.80778259    
jitou                     558.67587       0.18450858      558.86038       1.9814181       0.00065438418   1.9820725      
liangan                   651.41577       0.13076291      651.54653       2.3103325       0.000463768     2.3107962      
waiyi                     -46.46972       0.42948917      -46.040231      -0.16481103     0.0015232403    -0.16328779    
weiyi                     -783.31798      0.043817595     -783.27416      -2.7781411      0.00015540491   -2.7779857     
xiaoyi                    55.67501        0.031366888     55.706377       0.19745881      0.00011124683   0.19757006     
youfuyi                   -4.5932604      0.0090090175    -4.5842513      -0.016290607    3.1951676e-05   -0.016258656   
youweiduo                 -15.987789      -0.012614271    -16.000403      -0.056702815    -4.4738187e-05  -0.056747553   
zhongyangyi               -273.25211      0.26291803      -272.98919      -0.96912487     0.00093247368   -0.96819239    
zuofuyi                   -4.5586195      0.0091492064    -4.5494703      -0.016167749    3.2448875e-05   -0.0161353     
zuoweiduo                 -6.5821765      -0.0086438107   -6.5908203      -0.023344562    -3.0656422e-05  -0.023375219   
------------------------- --------------- --------------- --------------- --------------- --------------- ---------------
Net                       -119.60598      1.0239393       -118.58204      -0.42419847     0.0036315368    -0.42056694    
