                                    "Force Report"

Forces
                          Forces [N]                                                                                                                                Coefficients                                                                                                                             
Zone                      Pressure                                      Viscous                                       Total                                         Pressure                                      Viscous                                       Total                                        
jidi                      (1143.936 5.5067568e-07 0.00043524616)        (2.2535642e-08 -0.0016066407 -4.5701292e-05)  (1143.936 -0.0016060901 0.00038954487)        (1.479632 7.1227526e-10 5.6297215e-07)        (2.9148881e-11 -2.0781206e-06 -5.9112652e-08) (1.479632 -2.0774083e-06 5.038595e-07)       
jishen                    (9078.797 1.6024739 -12501.416)               (1.2139233 -0.042557532 -0.05476119)          (9080.0109 1.5599164 -12501.47)               (11.743033 0.002072731 -16.170042)            (0.0015701575 -5.5046334e-05 -7.0831239e-05)  (11.744603 0.0020176846 -16.170113)          
jitou                     (-11242.984 -6.7712431 -3.9882291)            (1.1738318 -0.084172997 -0.02015793)          (-11241.811 -6.8554161 -4.008387)             (-14.542316 -0.0087583112 -0.0051586025)      (0.0015183009 -0.00010887414 -2.6073414e-05)  (-14.540798 -0.0088671853 -0.0051846759)     
liangan                   (-81.106514 -1.1814847 -3078.8713)            (1.1208216 -0.064103016 -0.02612401)          (-79.985693 -1.2455877 -3078.8974)            (-0.10490778 -0.0015281995 -3.9823873)        (0.0014497344 -8.2914489e-05 -3.3790281e-05)  (-0.10345805 -0.001611114 -3.9824211)        
waiyi                     (-128.98938 1.0667914 1536.5244)              (3.9221518 -0.24925876 0.06046934)            (-125.06723 0.81753262 1536.5849)             (-0.16684221 0.0013798487 1.9874281)          (0.0050731343 -0.00032240547 7.8214486e-05)   (-0.16176907 0.0010574432 1.9875063)         
weiyi                     (44.94717 -11.601683 502.48707)               (1.5548552 -0.11899014 -0.087951857)          (46.502025 -11.720673 502.39911)              (0.058137227 -0.015006277 0.64994537)         (0.0020111382 -0.00015390862 -0.00011376194)  (0.060148365 -0.015160185 0.6498316)         
xiaoyi                    (151.24709 -0.36854998 -371.81951)            (0.30918715 -0.01987431 -0.012759836)         (151.55628 -0.38842429 -371.83227)            (0.1956316 -0.00047670352 -0.48093252)        (0.00039992026 -2.5706564e-05 -1.6504298e-05) (0.19603152 -0.00050241008 -0.48094902)      
youfuyi                   (-1.6786843 0.20734232 -7.675107)             (0.1384609 -0.022016195 -0.038372335)         (-1.5402234 0.18532612 -7.7134793)            (-0.0021713058 0.00026818835 -0.0099274202)   (0.00017909321 -2.8476999e-05 -4.9632962e-05) (-0.0019922126 0.00023971135 -0.0099770531)  
youweiduo                 (-0.99340445 -0.47033852 -0.76764875)         (0.15463936 -0.019223804 -0.00027501993)      (-0.83876509 -0.48956233 -0.76792377)         (-0.0012849259 -0.00060836261 -0.00099292058) (0.00020001935 -2.4865163e-05 -3.5572643e-07) (-0.0010849065 -0.00063322777 -0.0009932763) 
zhongyangyi               (1057.3392 -0.018029378 14131.523)            (2.4142421 -0.13117396 -0.0040971441)         (1059.7534 -0.14920333 14131.519)             (1.3676227 -2.3320224e-05 18.278516)          (0.0031227181 -0.00016966786 -5.2994793e-06)  (1.3707454 -0.00019298808 18.278511)         
zuofuyi                   (-1.0021528 0.43252367 12.268753)             (0.19733 -0.027719143 0.0059137274)           (-0.80482279 0.40480453 12.274666)            (-0.0012962414 0.00055945073 0.015869103)     (0.00025523785 -3.5853516e-05 7.6491516e-06)  (-0.0010410036 0.00052359721 0.015876752)    
zuoweiduo                 (-0.97997874 0.077259565 -0.058612085)        (0.15552277 -0.014497658 -0.014442098)        (-0.82445598 0.062761907 -0.073054183)        (-0.0012675603 9.9931918e-05 -7.5812206e-05)  (0.000201162 -1.8752096e-05 -1.8680232e-05)   (-0.0010663983 8.1179822e-05 -9.4492438e-05) 
------------------------- --------------------------------------------- --------------------------------------------- --------------------------------------------- --------------------------------------------- --------------------------------------------- ---------------------------------------------
Net                       (18.531989 -17.024937 218.20752)              (12.354966 -0.79519415 -0.19260405)           (30.886955 -17.820131 218.01492)              (0.023970329 -0.022021022 0.28224203)         (0.015980616 -0.0010285494 -0.00024912504)    (0.039950945 -0.023049572 0.2819929)         

Forces - Direction Vector (0.99695636 -0.069756474 -0.034814483)
                          Forces [N]                                      Coefficients                                   
Zone                      Pressure        Viscous         Total           Pressure        Viscous         Total          
jidi                      1140.4543       0.00011368713   1140.4544       1.4751285       1.470494e-07    1.4751286      
jishen                    9486.283        1.2151037       9487.4981       12.270098       0.0015716843    12.27167       
jitou                     -11208.154      1.1768325       -11206.977      -14.497264      0.0015221822    -14.495742     
liangan                   26.412073       1.1227913       27.534864       0.034162878     0.0014522822    0.03561516     
waiyi                     -182.1645       3.9254963       -178.23901      -0.23562194     0.0050774604    -0.23054448    
weiyi                     28.125832       1.5614851       29.687317       0.036379552     0.0020197137    0.038399265    
xiaoyi                    163.75717       0.31007669      164.06724       0.21181284      0.00040107083   0.21221391     
youfuyi                   -1.4208336      0.14091116      -1.2799224      -0.001837787    0.00018226251   -0.0016555245  
youweiduo                 -0.93084644     0.15551926      -0.77532718     -0.0012040098   0.00020115746   -0.0010028523  
zhongyangyi               562.14065       2.4161869       564.55683       0.7271047       0.0031252336    0.73022993     
zuofuyi                   -1.4564042      0.1984571       -1.2579471      -0.0018837961   0.00025669571   -0.0016271004  
zuoweiduo                 -0.98034485     0.15656351      -0.82378133     -0.0012680338   0.00020250816   -0.0010655257  
------------------------- --------------- --------------- --------------- --------------- --------------- ---------------
Net                       12.066402       12.379537       24.445939       0.015607371     0.016012398     0.031619769    
