                                    "Force Report"

Forces
                          Forces [N]                                                                                                                                Coefficients                                                                                                                             
Zone                      Pressure                                      Viscous                                       Total                                         Pressure                                      Viscous                                       Total                                        
jidi                      (1144.1419 1.9911573e-07 0.00043515305)       (6.2664239e-09 -0.00097156977 -0.00069135766) (1144.1419 -0.00097137066 -0.00025620461)     (1.4798983 2.5754762e-10 5.6285171e-07)       (8.1053492e-12 -1.2566836e-06 -8.9424134e-07) (1.4798983 -1.2564261e-06 -3.3138963e-07)    
jishen                    (9079.883 0.83380495 -12499.52)               (1.1614236 0.0031445893 -0.035005764)         (9081.0445 0.83694954 -12499.555)             (11.744437 0.0010784908 -16.167591)           (0.0015022514 4.0673908e-06 -4.5278447e-05)   (11.74594 0.0010825582 -16.167636)           
jitou                     (-11245.213 0.26119724 1.4633968)             (1.1668913 0.00078864336 0.033963671)         (-11244.046 0.26198588 1.4973604)             (-14.545199 0.00033784737 0.0018928407)       (0.0015093236 1.0200762e-06 4.3930545e-05)    (-14.54369 0.00033886745 0.0019367712)       
liangan                   (-81.083077 -0.53677551 -3077.615)            (1.023604 -0.011225261 -0.015859785)          (-80.059473 -0.54800077 -3077.6309)           (-0.10487747 -0.00069429599 -3.9807624)       (0.0013239877 -1.4519391e-05 -2.0513949e-05)  (-0.10355348 -0.00070881538 -3.9807829)      
waiyi                     (-133.08804 0.99678821 1623.2894)             (4.2840017 0.0036980937 0.21540922)           (-128.80404 1.0004863 1623.5048)              (-0.17214365 0.0012893026 2.0996549)          (0.0055411716 4.7833248e-06 0.00027862255)    (-0.16660248 0.0012940859 2.0999335)         
weiyi                     (46.416004 -2.4108545 514.03794)              (1.5925673 -0.016474409 -0.063046484)         (48.008572 -2.4273289 513.97489)              (0.060037101 -0.0031183364 0.66488592)        (0.0020599172 -2.1308938e-05 -8.1547911e-05)  (0.062097018 -0.0031396453 0.66480437)       
xiaoyi                    (151.68444 -0.1039614 -370.81829)             (0.31556374 -0.00071145153 0.0015672001)      (152 -0.10467285 -370.81672)                  (0.19619729 -0.00013446959 -0.47963748)       (0.0004081681 -9.2023189e-07 2.0271057e-06)   (0.19660545 -0.00013538982 -0.47963545)      
youfuyi                   (-1.6185265 0.15891807 -5.5735961)            (0.13537797 -0.0021834347 -0.030319693)       (-1.4831485 0.15673463 -5.6039158)            (-0.0020934943 0.00020555367 -0.0072092064)   (0.00017510557 -2.8241788e-06 -3.9217216e-05) (-0.0019183887 0.00020272949 -0.0072484236)  
youweiduo                 (-0.96862355 -0.16455741 -0.238637)           (0.15479285 -0.0056389924 -0.0041797255)      (-0.8138307 -0.1701964 -0.24281672)           (-0.0012528728 -0.00021284792 -0.00030866667) (0.00020021788 -7.2937937e-06 -5.4062948e-06) (-0.0010526549 -0.00022014171 -0.00031407297)
zhongyangyi               (1056.1384 0.0024347688 14184.993)            (2.544374 -0.0041717495 0.076303029)          (1058.6828 -0.0017369807 14185.069)           (1.3660695 3.1492685e-06 18.347677)           (0.0032910381 -5.3959783e-06 9.869468e-05)    (1.3693605 -2.2467097e-06 18.347776)         
zuofuyi                   (-0.79421544 0.45198041 13.341343)            (0.18104108 -0.00096275564 0.014367067)       (-0.61317436 0.45101765 13.35571)             (-0.0010272835 0.00058461718 0.017256452)     (0.00023416883 -1.2452829e-06 1.8583183e-05)  (-0.00079311462 0.0005833719 0.017275036)    
zuoweiduo                 (-0.96985822 0.065822562 -0.059087217)        (0.15589549 0.0013531795 -0.0053471063)       (-0.81396273 0.067175742 -0.064434323)        (-0.0012544698 8.5138648e-05 -7.6426769e-05)  (0.0002016441 1.7502793e-06 -6.9162516e-06)   (-0.0010528257 8.6888927e-05 -8.3343021e-05) 
------------------------- --------------------------------------------- --------------------------------------------- --------------------------------------------- --------------------------------------------- --------------------------------------------- ---------------------------------------------
Net                       (14.528121 -0.44520238 383.30056)             (12.715533 -0.033355117 0.18716027)           (27.243654 -0.47855749 383.48772)             (0.018791498 -0.00057585009 0.49578276)       (0.016446994 -4.3143407e-05 0.00024208375)    (0.035238492 -0.00061899349 0.49602484)      

Forces - Direction Vector (1 0 0)
                          Forces [N]                                      Coefficients                                   
Zone                      Pressure        Viscous         Total           Pressure        Viscous         Total          
jidi                      1144.1419       6.2664239e-09   1144.1419       1.4798983       8.1053492e-12   1.4798983      
jishen                    9079.883        1.1614236       9081.0445       11.744437       0.0015022514    11.74594       
jitou                     -11245.213      1.1668913       -11244.046      -14.545199      0.0015093236    -14.54369      
liangan                   -81.083077      1.023604        -80.059473      -0.10487747     0.0013239877    -0.10355348    
waiyi                     -133.08804      4.2840017       -128.80404      -0.17214365     0.0055411716    -0.16660248    
weiyi                     46.416004       1.5925673       48.008572       0.060037101     0.0020599172    0.062097018    
xiaoyi                    151.68444       0.31556374      152             0.19619729      0.0004081681    0.19660545     
youfuyi                   -1.6185265      0.13537797      -1.4831485      -0.0020934943   0.00017510557   -0.0019183887  
youweiduo                 -0.96862355     0.15479285      -0.8138307      -0.0012528728   0.00020021788   -0.0010526549  
zhongyangyi               1056.1384       2.544374        1058.6828       1.3660695       0.0032910381    1.3693605      
zuofuyi                   -0.79421544     0.18104108      -0.61317436     -0.0010272835   0.00023416883   -0.00079311462 
zuoweiduo                 -0.96985822     0.15589549      -0.81396273     -0.0012544698   0.0002016441    -0.0010528257  
------------------------- --------------- --------------- --------------- --------------- --------------- ---------------
Net                       14.528121       12.715533       27.243654       0.018791498     0.016446994     0.035238492    
