                                    "Force Report"

Forces
                          Forces [N]                                                                                                                                Coefficients                                                                                                                             
Zone                      Pressure                                      Viscous                                       Total                                         Pressure                                      Viscous                                       Total                                        
jidi                      (1144.8601 6.1605487e-07 0.00043550849)       (1.9196386e-08 -0.0027809807 0.0011171846)    (1144.8601 -0.0027803646 0.0015526931)        (1.4808272 7.9684042e-10 5.6331146e-07)       (2.4829698e-11 -3.5970787e-06 1.4450301e-06)  (1.4808272 -3.5962819e-06 2.0083416e-06)     
jishen                    (9083.4221 1.5713248 -12504.098)              (1.2161588 -0.097147313 -0.042390285)         (9084.6383 1.4741775 -12504.14)               (11.749015 0.002032441 -16.173511)            (0.001573049 -0.00012565586 -5.4830007e-05)   (11.750588 0.0019067851 -16.173566)          
jitou                     (-11250.165 -13.454937 6.5101637)             (1.1527122 -0.16867662 0.086764785)           (-11249.012 -13.623614 6.5969284)             (-14.551603 -0.017403382 0.0084206162)        (0.0014909835 -0.00021817594 0.00011222651)   (-14.550112 -0.017621557 0.0085328427)       
liangan                   (-81.078042 -1.5775356 -3074.939)             (1.1668638 -0.10133843 0.048576372)           (-79.911179 -1.678874 -3074.8904)             (-0.10487095 -0.0020404743 -3.9773011)        (0.001509288 -0.0001310769 6.2831444e-05)     (-0.10336167 -0.0021715512 -3.9772383)       
waiyi                     (-141.30715 0.61245286 1697.2838)             (4.3330715 -0.5240193 0.36705866)             (-136.97408 0.08843356 1697.6508)             (-0.18277471 0.00079218139 2.1953634)         (0.0056046412 -0.00067779639 0.00047477456)   (-0.17717007 0.000114385 2.1958382)          
weiyi                     (44.869069 -20.134121 530.88371)              (1.4889674 -0.20496815 -0.02066148)           (46.358036 -20.339089 530.86305)              (0.058036207 -0.026042618 0.6866752)          (0.0019259152 -0.00026511747 -2.6724734e-05)  (0.059962122 -0.026307736 0.68664848)        
xiaoyi                    (151.95576 -0.95535414 -370.66621)            (0.32334109 -0.041251548 0.0095062874)        (152.2791 -0.99660569 -370.6567)              (0.19654823 -0.0012357094 -0.47944077)        (0.00041822777 -5.33571e-05 1.2295973e-05)    (0.19696646 -0.0012890665 -0.47942847)       
youfuyi                   (-1.7713537 0.061457473 -3.6615137)           (0.14375311 -0.037734066 -0.01762443)         (-1.6276006 0.023723407 -3.6791381)           (-0.0022911697 7.9492593e-05 -0.0047360102)   (0.00018593845 -4.8807388e-05 -2.2796441e-05) (-0.0021052313 3.0685204e-05 -0.0047588066)  
youweiduo                 (-0.93279722 -0.23489101 -0.36566434)         (0.15237114 -0.031368763 0.0087510456)        (-0.78042608 -0.26625978 -0.35691329)         (-0.001206533 -0.0003038214 -0.00047297106)   (0.0001970855 -4.0574143e-05 1.13191e-05)     (-0.0010094475 -0.00034439555 -0.00046165196)
zhongyangyi               (1051.7094 -0.007052984 14229.79)             (2.5418897 -0.21972329 0.15035956)            (1054.2512 -0.22677628 14229.941)             (1.3603407 -9.1227308e-06 18.405621)          (0.0032878248 -0.00028420261 0.00019448362)   (1.3636286 -0.00029332534 18.405815)         
zuofuyi                   (-0.98206309 0.54954268 15.024384)            (0.19108443 -0.045251117 0.018125203)         (-0.79097866 0.50429156 15.04251)             (-0.0012702563 0.00071080977 0.019433394)     (0.00024715948 -5.853037e-05 2.3444169e-05)   (-0.0010230968 0.0006522794 0.019456838)     
zuoweiduo                 (-0.94381286 -0.43768356 0.8166283)           (0.15364278 -0.022398792 -0.012613503)        (-0.79017009 -0.46008235 0.8040148)           (-0.0012207813 -0.00056612482 0.0010562735)   (0.00019873031 -2.8971873e-05 -1.6315023e-05) (-0.001022051 -0.00059509669 0.0010399585)   
------------------------- --------------------------------------------- --------------------------------------------- --------------------------------------------- --------------------------------------------- --------------------------------------------- ---------------------------------------------
Net                       (-0.36348408 -34.006797 526.57947)            (12.863856 -1.4966584 0.5969694)              (12.500372 -35.503456 527.17644)              (-0.000470151 -0.043986327 0.68110785)        (0.016638843 -0.0019358631 0.0007721542)      (0.016168692 -0.04592219 0.68188001)         

Forces - Direction Vector (0.98966482 -0.1391731 0.034559857)
                          Forces [N]                                      Coefficients                                   
Zone                      Pressure        Viscous         Total           Pressure        Viscous         Total          
jidi                      1133.0278       0.00042566645   1133.0282       1.4655226       5.505812e-07    1.4655232      
jishen                    8557.1848       1.2156449       8558.4005       11.06835        0.0015723842    11.069922      
jitou                     -11131.795      1.1672725       -11130.627      -14.398497      0.0015098167    -14.396987     
liangan                   -186.28999      1.1705864       -185.1194       -0.24095807     0.0015141031    -0.23944397    
waiyi                     -81.274069      4.3739033       -76.900165      -0.10512451     0.0056574555    -0.09946705    
weiyi                     65.554732       1.5013907       67.056123       0.084792222     0.0019419841    0.086734206    
xiaoyi                    137.70806       0.32606895      138.03413       0.17811944      0.00042175613   0.1785412      
youfuyi                   -1.8881411      0.14690987      -1.7412312      -0.0024422291   0.00019002158   -0.0022522076  
youweiduo                 -0.90310339     0.15546448      -0.74763891     -0.0011681253   0.00020108661   -0.00096703872 
zhongyangyi               1532.6203       2.5513948       1535.1716       1.9823783       0.0033001193    1.9856784      
zuofuyi                   -0.52915427     0.19603368      -0.33312059     -0.00068443825  0.00025356112   -0.00043087713 
zuoweiduo                 -0.84492205     0.15473624      -0.69018581     -0.0010928703   0.00020014466   -0.00089272561 
------------------------- --------------- --------------- --------------- --------------- --------------- ---------------
Net                       22.571615       12.959831       35.531447       0.029195412     0.016762984     0.045958395    
