                                    "Force Report"

Moments - Moment Center (0 0 0.05)
                          Moments [N m]                                                                                                                             Coefficients                                                                                                                             
Zone                      Pressure                                      Viscous                                       Total                                         Pressure                                      Viscous                                       Total                                        
jidi                      (1.4171106e-08 -22.88995 0.0049109103)        (-3.077344e-05 -8.058823e-05 -0.002460009)    (-3.0759269e-05 -22.890031 0.0024509013)      (5.0259709e-11 -0.081182245 1.7417195e-05)    (-1.0914209e-07 -2.8581685e-07 -8.7247484e-06) (-1.0909183e-07 -0.081182531 8.6924467e-06)  
jishen                    (0.42196001 -231.47423 3.1539272)             (-0.03520002 -0.087425286 0.010361035)        (0.38675999 -231.56165 3.1642883)             (0.0014965372 -0.82095407 0.011185821)        (-0.00012484154 -0.00031006538 3.6746787e-05) (0.0013716956 -0.82126414 0.011222568)       
jitou                     (-1.2972426 534.88902 12.700784)              (-0.014423217 -0.07640793 0.16152726)         (-1.3116658 534.81261 12.862311)              (-0.004600843 1.8970549 0.045045016)          (-5.1153854e-05 -0.00027099086 0.00057287785) (-0.0046519969 1.8967839 0.045617894)        
liangan                   (1.2761551 645.71195 -0.6575524)              (0.035373228 0.10911822 0.018663469)          (1.3115283 645.82107 -0.63888893)             (0.0045260534 2.2901031 -0.0023320969)        (0.00012545585 0.00038700223 6.6192469e-05)   (0.0046515093 2.2904901 -0.0022659044)       
waiyi                     (-50.513853 -49.516859 3.3399171)             (0.032610856 0.54462756 0.015689374)          (-50.481242 -48.972231 3.3556064)             (-0.17915408 -0.17561811 0.011845459)         (0.00011565873 0.0019315939 5.5644447e-05)    (-0.17903842 -0.17368652 0.011901104)        
weiyi                     (-9.9622621 -642.03976 -32.851417)            (0.10899177 0.49504311 -0.33685996)           (-9.8532703 -641.54471 -33.188277)            (-0.035332484 -2.2770792 -0.11651191)         (0.00038655377 0.0017557361 -0.0011947185)    (-0.034945931 -2.2753235 -0.11770663)        
xiaoyi                    (2.6642546 56.009071 -0.94911126)             (0.04311423 0.042272259 -0.037628063)         (2.7073688 56.051343 -0.98673933)             (0.0094491324 0.1986436 -0.003366149)         (0.00015291034 0.00014992418 -0.00013345292)  (0.0096020428 0.19879353 -0.003499602)       
youfuyi                   (-8.5417692 0.75106738 2.1467237)             (-0.036774643 0.02262393 -0.18620861)         (-8.5785438 0.77369131 1.9605151)             (-0.030294518 0.0026637601 0.0076136405)      (-0.00013042615 8.023877e-05 -0.00066041354)  (-0.030424944 0.0027439989 0.0069532269)     
youweiduo                 (-0.25218033 1.2988156 -0.58173511)           (0.016034512 0.028021953 -0.11519602)         (-0.23614582 1.3268375 -0.69693114)           (-0.000894391 0.0046064217 -0.0020632008)     (5.6868525e-05 9.9383574e-05 -0.00040855799)  (-0.00083752248 0.0047058053 -0.0024717588)  
zhongyangyi               (6.0477832 -286.71154 -0.33334914)            (0.053491869 0.31130789 -0.041232424)         (6.101275 -286.40024 -0.37458157)             (0.021449266 -1.0168605 -0.001182267)         (0.00018971601 0.0011040947 -0.00014623626)   (0.021638982 -1.0157564 -0.0013285032)       
zuofuyi                   (-14.361112 -2.2160275 -2.0315048)            (0.010626586 0.025116415 0.24435478)          (-14.350486 -2.1909111 -1.78715)              (-0.05093359 -0.0078594356 -0.0072050014)     (3.7688596e-05 8.90787e-05 0.00086663664)     (-0.050895902 -0.0077703569 -0.0063383648)   
zuoweiduo                 (-0.16443699 -0.92959208 -0.64914256)         (0.020334574 0.079089158 0.0019962131)        (-0.14410241 -0.85050293 -0.64714634)         (-0.00058319759 -0.0032969217 -0.0023022702)  (7.2119266e-05 0.00028050019 7.0798346e-06)   (-0.00051107832 -0.0030164215 -0.0022951904) 
------------------------- --------------------------------------------- --------------------------------------------- --------------------------------------------- --------------------------------------------- --------------------------------------------- ---------------------------------------------
Net                       (-74.682703 2.8819671 -16.707549)             (0.23414897 1.4933067 -0.26699296)            (-74.448555 4.3752737 -16.974542)             (-0.26487212 0.010221279 -0.05925554)         (0.00083044039 0.0052962103 -0.00094692597)   (-0.26404168 0.015517489 -0.060202466)       

Moments - Moment Center (0 0 0.05) Moment Axis (0 1 0)
                          Moments [N m]                                   Coefficients                                   
Zone                      Pressure        Viscous         Total           Pressure        Viscous         Total          
jidi                      -22.88995       -8.058823e-05   -22.890031      -0.081182245    -2.8581685e-07  -0.081182531   
jishen                    -231.47423      -0.087425286    -231.56165      -0.82095407     -0.00031006538  -0.82126414    
jitou                     534.88902       -0.07640793     534.81261       1.8970549       -0.00027099086  1.8967839      
liangan                   645.71195       0.10911822      645.82107       2.2901031       0.00038700223   2.2904901      
waiyi                     -49.516859      0.54462756      -48.972231      -0.17561811     0.0019315939    -0.17368652    
weiyi                     -642.03976      0.49504311      -641.54471      -2.2770792      0.0017557361    -2.2753235     
xiaoyi                    56.009071       0.042272259     56.051343       0.1986436       0.00014992418   0.19879353     
youfuyi                   0.75106738      0.02262393      0.77369131      0.0026637601    8.023877e-05    0.0027439989   
youweiduo                 1.2988156       0.028021953     1.3268375       0.0046064217    9.9383574e-05   0.0047058053   
zhongyangyi               -286.71154      0.31130789      -286.40024      -1.0168605      0.0011040947    -1.0157564     
zuofuyi                   -2.2160275      0.025116415     -2.1909111      -0.0078594356   8.90787e-05     -0.0077703569  
zuoweiduo                 -0.92959208     0.079089158     -0.85050293     -0.0032969217   0.00028050019   -0.0030164215  
------------------------- --------------- --------------- --------------- --------------- --------------- ---------------
Net                       2.8819671       1.4933067       4.3752737       0.010221279     0.0052962103    0.015517489    
