                                    "Force Report"

Moments - Moment Center (0 0 0.05)
                          Moments [N m]                                                                                                                             Coefficients                                                                                                                             
Zone                      Pressure                                      Viscous                                       Total                                         Pressure                                      Viscous                                       Total                                        
jidi                      (1.2530761e-08 -22.884588 0.0071852523)       (3.027889e-05 9.2610194e-05 -0.0013962816)    (3.0291421e-05 -22.884495 0.0057889707)       (4.4442005e-11 -0.081163227 2.5483451e-05)    (1.073881e-07 3.2845434e-07 -4.9520979e-06)   (1.0743254e-07 -0.081162898 2.0531353e-05)   
jishen                    (0.33171316 -231.97055 2.1442733)             (-0.024232843 -0.088701005 0.0027648495)      (0.30748032 -232.05925 2.1470381)             (0.0011764647 -0.82271433 0.0076049497)       (-8.5944994e-05 -0.00031458988 9.8059056e-06) (0.0010905197 -0.82302892 0.0076147556)      
jitou                     (-0.87244977 534.75107 8.5488138)             (-0.0095547578 -0.077611313 0.1072188)        (-0.88200453 534.67345 8.6560326)             (-0.0030942589 1.8965656 0.030319503)         (-3.3887216e-05 -0.00027525882 0.0003802657)  (-0.0031281461 1.8962904 0.030699768)        
liangan                   (0.8442351 645.20875 -0.44536215)             (0.022864464 0.10081835 0.010598237)          (0.86709957 645.30957 -0.43476392)            (0.0029941918 2.2883185 -0.001579536)         (8.1091855e-05 0.00035756564 3.7588056e-05)   (0.0030752837 2.288676 -0.0015419479)        
waiyi                     (-55.443758 -49.721201 2.7777381)             (-0.006560154 0.5561206 0.040494742)          (-55.450319 -49.165081 2.8182328)             (-0.19663865 -0.17634284 0.0098516167)        (-2.3266457e-05 0.0019723555 0.00014361998)   (-0.19666191 -0.17437048 0.0099952367)       
weiyi                     (-7.4736156 -638.10436 -23.574076)            (0.075143167 0.54131808 -0.23474494)          (-7.3984724 -637.56304 -23.808821)            (-0.026506169 -2.2631218 -0.083608588)        (0.00026650521 0.0019198564 -0.00083255407)   (-0.026239664 -2.2612019 -0.084441142)       
xiaoyi                    (1.818132 55.934124 -0.55474077)              (0.029061951 0.041101133 -0.024779085)        (1.847194 55.975225 -0.57951985)              (0.0064482464 0.19837779 -0.0019674617)       (0.00010307207 0.00014577062 -8.7882314e-05)  (0.0065513185 0.19852356 -0.0020553441)      
youfuyi                   (-9.0232919 0.83125551 2.0912678)             (-0.040208592 0.022341912 -0.17716717)        (-9.0635005 0.85359742 1.9141006)             (-0.032002302 0.002948158 0.0074169587)       (-0.00014260511 7.9238555e-05 -0.00062834688) (-0.032144907 0.0030273965 0.0067886118)     
youweiduo                 (-0.18677469 1.0759705 -0.46258173)           (0.011331615 0.035587366 -0.10152232)         (-0.17544307 1.1115578 -0.56410405)           (-0.00066242122 0.003816072 -0.0016406075)    (4.0189077e-05 0.00012621532 -0.00036006237)  (-0.00062223214 0.0039422874 -0.0020006699)  
zhongyangyi               (2.7842072 -286.69636 -0.19779504)            (0.035288767 0.31668403 -0.025803098)         (2.819496 -286.37967 -0.22359814)             (0.0098745604 -1.0168067 -0.00070150637)      (0.00012515629 0.0011231619 -9.151411e-05)    (0.0099997167 -1.0156835 -0.00079302048)     
zuofuyi                   (-14.678532 -2.1657878 -1.2205378)            (-0.00033656868 0.022266885 0.22998796)       (-14.678869 -2.1435209 -0.99054982)           (-0.052059361 -0.0076812539 -0.0043287992)    (-1.1936855e-06 7.8972461e-05 0.00081568281)  (-0.052060555 -0.0076022814 -0.0035131164)   
zuoweiduo                 (-0.10453266 -0.55204696 -0.44016319)         (0.014882296 0.072024331 0.019869918)         (-0.08965036 -0.48002263 -0.42029327)         (-0.00037073893 -0.0019579078 -0.0015610971)  (5.2782037e-05 0.00025544385 7.0471302e-05)   (-0.0003179569 -0.0017024639 -0.0014906258)  
------------------------- --------------------------------------------- --------------------------------------------- --------------------------------------------- --------------------------------------------- --------------------------------------------- ---------------------------------------------
Net                       (-82.004667 5.7062853 -11.325978)             (0.10770962 1.542043 -0.15447839)             (-81.896958 7.2483283 -11.480457)             (-0.29084043 0.020238098 -0.040169085)        (0.00038200647 0.00546906 -0.0005478781)      (-0.29045843 0.025707158 -0.040716963)       

Moments - Moment Center (0 0 0.05) Moment Axis (0 1 0)
                          Moments [N m]                                   Coefficients                                   
Zone                      Pressure        Viscous         Total           Pressure        Viscous         Total          
jidi                      -22.884588      9.2610194e-05   -22.884495      -0.081163227    3.2845434e-07   -0.081162898   
jishen                    -231.97055      -0.088701005    -232.05925      -0.82271433     -0.00031458988  -0.82302892    
jitou                     534.75107       -0.077611313    534.67345       1.8965656       -0.00027525882  1.8962904      
liangan                   645.20875       0.10081835      645.30957       2.2883185       0.00035756564   2.288676       
waiyi                     -49.721201      0.5561206       -49.165081      -0.17634284     0.0019723555    -0.17437048    
weiyi                     -638.10436      0.54131808      -637.56304      -2.2631218      0.0019198564    -2.2612019     
xiaoyi                    55.934124       0.041101133     55.975225       0.19837779      0.00014577062   0.19852356     
youfuyi                   0.83125551      0.022341912     0.85359742      0.002948158     7.9238555e-05   0.0030273965   
youweiduo                 1.0759705       0.035587366     1.1115578       0.003816072     0.00012621532   0.0039422874   
zhongyangyi               -286.69636      0.31668403      -286.37967      -1.0168067      0.0011231619    -1.0156835     
zuofuyi                   -2.1657878      0.022266885     -2.1435209      -0.0076812539   7.8972461e-05   -0.0076022814  
zuoweiduo                 -0.55204696     0.072024331     -0.48002263     -0.0019579078   0.00025544385   -0.0017024639  
------------------------- --------------- --------------- --------------- --------------- --------------- ---------------
Net                       5.7062853       1.542043        7.2483283       0.020238098     0.00546906      0.025707158    
