                                    "Force Report"

Moments - Moment Center (0 0 0.05)
                          Moments [N m]                                                                                                                             Coefficients                                                                                                                             
Zone                      Pressure                                      Viscous                                       Total                                         Pressure                                      Viscous                                       Total                                        
jidi                      (1.2457576e-08 -22.916457 0.010947187)        (5.7865083e-05 -0.0025089664 0.001321852)     (5.787754e-05 -22.918966 0.012269039)         (4.4182446e-11 -0.081276255 3.882565e-05)     (2.0522619e-07 -8.8983821e-06 4.6881235e-06)  (2.0527038e-07 -0.081285153 4.3513774e-05)   
jishen                    (-0.024561014 -228.83309 1.3966444)           (-0.0068429475 -0.066094853 0.0093661055)     (-0.031403962 -228.89919 1.4060105)           (-8.7108897e-05 -0.81158693 0.0049533847)     (-2.4269421e-05 -0.00023441417 3.3218136e-05) (-0.00011137832 -0.81182134 0.0049866028)    
jitou                     (-0.45074323 557.89998 4.4548879)             (-0.0045788951 0.17973584 0.054651513)        (-0.45532213 558.07971 4.5095394)             (-0.0015986207 1.9786663 0.015799851)         (-1.6239659e-05 0.00063745701 0.00019382884)  (-0.0016148603 1.9793038 0.01599368)         
liangan                   (-0.060757627 650.19237 0.21607901)           (-0.0061182462 0.12474624 0.041350129)        (-0.066875873 650.31711 0.25742914)           (-0.00021548499 2.3059935 0.00076635289)      (-2.1699172e-05 0.00044242909 0.00014665372)  (-0.00023718416 2.3064359 0.00091300662)     
waiyi                     (-31.973784 -45.526805 -7.1330885)            (0.015541332 0.43190405 -0.097181338)         (-31.958243 -45.094901 -7.2302698)            (-0.11339927 -0.16146685 -0.025298445)        (5.5119397e-05 0.001531805 -0.00034466651)    (-0.11334415 -0.15993505 -0.025643111)       
weiyi                     (-5.4206269 -771.89936 -13.757532)            (0.024151238 0.1051023 -0.14759722)           (-5.3964757 -771.79426 -13.90513)             (-0.019224973 -2.7376435 -0.048792914)        (8.565557e-05 0.00037275925 -0.00052347312)   (-0.019139317 -2.7372708 -0.049316387)       
xiaoyi                    (7.6916179 55.688672 -0.53621921)             (0.053626657 0.031206781 -0.0093284448)       (7.7452446 55.719879 -0.54554766)             (0.027279344 0.19750727 -0.0019017726)        (0.00019019406 0.00011067899 -3.3084567e-05)  (0.027469538 0.19761795 -0.0019348572)       
youfuyi                   (19.555584 -3.2023073 2.6619122)              (0.050848746 0.0069245825 -0.14423681)        (19.606433 -3.1953827 2.5176754)              (0.069356475 -0.011357408 0.0094408247)       (0.00018034182 2.4558951e-05 -0.00051155498)  (0.069536817 -0.011332849 0.0089292697)      
youweiduo                 (0.33093502 -3.1566875 1.9923903)             (0.012688292 0.0038651273 -0.077751263)       (0.34362331 -3.1528223 1.9146391)             (0.001173705 -0.011195611 0.0070662767)       (4.500071e-05 1.3708187e-05 -0.00027575517)   (0.0012187057 -0.011181903 0.0067905215)     
zhongyangyi               (3.8130643 -274.12428 -1.4766833)             (-0.0011331059 0.25964476 -0.024073324)       (3.8119312 -273.86463 -1.5007567)             (0.013523539 -0.97221813 -0.0052372534)       (-4.0187105e-06 0.00092086461 -8.5379239e-05) (0.01351952 -0.97129726 -0.0053226327)       
zuofuyi                   (-31.556224 -4.4725146 0.58964314)            (-0.052561205 0.009089033 0.15916297)         (-31.608786 -4.4634256 0.74880611)            (-0.11191834 -0.015862366 0.0020912477)       (-0.00018641529 3.2235461e-05 0.00056449258)  (-0.11210475 -0.015830131 0.0026557402)      
zuoweiduo                 (-0.9403149 -5.7398303 -3.618782)             (-0.0053897621 0.011460614 0.041562792)       (-0.94570467 -5.7283697 -3.5772192)           (-0.0033349516 -0.02035707 -0.01283449)       (-1.9115507e-05 4.0646588e-05 0.00014740796)  (-0.0033540671 -0.020316423 -0.012687082)    
------------------------- --------------------------------------------- --------------------------------------------- --------------------------------------------- --------------------------------------------- --------------------------------------------- ---------------------------------------------
Net                       (-39.035811 -96.090317 -15.199801)            (0.080289968 1.0950755 -0.19275304)           (-38.955521 -94.995241 -15.392554)            (-0.13844568 -0.34079706 -0.053908112)        (0.00028475903 0.0038838306 -0.00068362423)   (-0.13816092 -0.33691323 -0.054591736)       

Moments - Moment Center (0 0 0.05) Moment Axis (0 1 0)
                          Moments [N m]                                   Coefficients                                   
Zone                      Pressure        Viscous         Total           Pressure        Viscous         Total          
jidi                      -22.916457      -0.0025089664   -22.918966      -0.081276255    -8.8983821e-06  -0.081285153   
jishen                    -228.83309      -0.066094853    -228.89919      -0.81158693     -0.00023441417  -0.81182134    
jitou                     557.89998       0.17973584      558.07971       1.9786663       0.00063745701   1.9793038      
liangan                   650.19237       0.12474624      650.31711       2.3059935       0.00044242909   2.3064359      
waiyi                     -45.526805      0.43190405      -45.094901      -0.16146685     0.001531805     -0.15993505    
weiyi                     -771.89936      0.1051023       -771.79426      -2.7376435      0.00037275925   -2.7372708     
xiaoyi                    55.688672       0.031206781     55.719879       0.19750727      0.00011067899   0.19761795     
youfuyi                   -3.2023073      0.0069245825    -3.1953827      -0.011357408    2.4558951e-05   -0.011332849   
youweiduo                 -3.1566875      0.0038651273    -3.1528223      -0.011195611    1.3708187e-05   -0.011181903   
zhongyangyi               -274.12428      0.25964476      -273.86463      -0.97221813     0.00092086461   -0.97129726    
zuofuyi                   -4.4725146      0.009089033     -4.4634256      -0.015862366    3.2235461e-05   -0.015830131   
zuoweiduo                 -5.7398303      0.011460614     -5.7283697      -0.02035707     4.0646588e-05   -0.020316423   
------------------------- --------------- --------------- --------------- --------------- --------------- ---------------
Net                       -96.090317      1.0950755       -94.995241      -0.34079706     0.0038838306    -0.33691323    
