                                    "Force Report"

Moments - Moment Center (0 0 0.05)
                          Moments [N m]                                                                                                                             Coefficients                                                                                                                             
Zone                      Pressure                                      Viscous                                       Total                                         Pressure                                      Viscous                                       Total                                        
jidi                      (6.3887156e-09 -22.926419 0.0099870874)       (4.577231e-06 -0.0035233826 0.0021540331)     (4.5836198e-06 -22.929942 0.01214112)         (2.2658428e-11 -0.081311587 3.5420531e-05)    (1.6233757e-08 -1.2496144e-05 7.6395643e-06)  (1.6256416e-08 -0.081324084 4.3060095e-05)   
jishen                    (-0.22762145 -232.20725 3.4379018)            (-0.025216228 -0.083938855 0.020030861)       (-0.25283768 -232.29119 3.4579327)            (-0.00080728968 -0.82355383 0.012192975)      (-8.9432699e-05 -0.00029770029 7.1042107e-05) (-0.00089672238 -0.82385153 0.012264017)     
jitou                     (-1.2949121 553.60147 12.802431)              (-0.014302939 0.14068814 0.16329592)          (-1.3092151 553.74216 12.965727)              (-0.0045925776 1.9634211 0.045405521)         (-5.0727271e-05 0.00049896916 0.00057915064)  (-0.0046433049 1.9639201 0.045984671)        
liangan                   (0.81834878 649.49 -2.2072554)                (0.017562573 0.12101369 -0.006838412)         (0.83591135 649.61102 -2.2140938)             (0.0029023825 2.3035025 -0.007828324)         (6.2287996e-05 0.00042919111 -2.4253335e-05)  (0.0029646705 2.3039317 -0.0078525773)       
waiyi                     (-23.504034 -45.081535 -8.2627826)            (0.071019142 0.4771384 -0.16485613)           (-23.433015 -44.604397 -8.4276388)            (-0.083360175 -0.15988765 -0.029305055)       (0.00025187881 0.0016922346 -0.00058468414)   (-0.083108296 -0.15819541 -0.029889739)      
weiyi                     (-7.7948078 -744.65182 -28.549318)            (0.096061422 0.19449439 -0.40103097)          (-7.6987464 -744.45732 -28.950349)            (-0.02764532 -2.6410065 -0.10125395)          (0.00034069458 0.00068980018 -0.0014223096)   (-0.027304626 -2.6403167 -0.10267626)        
xiaoyi                    (18.418791 55.782704 -1.5179181)              (0.13808222 0.034796091 -0.033417249)         (18.556873 55.8175 -1.5513353)                (0.065324686 0.19784076 -0.0053834978)        (0.00048972691 0.00012340895 -0.00011851871)  (0.065814413 0.19796417 -0.0055020165)       
youfuyi                   (16.771259 -2.7849126 2.6878139)              (0.05215974 0.0052765916 -0.13533835)         (16.823419 -2.779636 2.5524755)               (0.059481497 -0.0098770622 0.0095326885)      (0.00018499144 1.8714132e-05 -0.00047999543)  (0.059666488 -0.009858348 0.0090526931)      
youweiduo                 (0.1154347 -1.9955697 1.300894)               (0.022263282 0.0057739201 -0.11485507)        (0.13769798 -1.9897957 1.186039)              (0.00040940448 -0.0070775526 0.0046137933)    (7.8959685e-05 2.0477974e-05 -0.00040734873)  (0.00048836417 -0.0070570746 0.0042064446)   
zhongyangyi               (-1.889702 -276.57291 -2.2037392)             (0.0042196806 0.28873778 -0.019205841)        (-1.8854823 -276.28417 -2.2229451)            (-0.0067020787 -0.98090253 -0.0078158536)     (1.4965657e-05 0.0010240468 -6.8116064e-05)   (-0.0066871131 -0.97987848 -0.0078839697)    
zuofuyi                   (-27.809041 -3.9493329 0.3663958)             (-0.044410917 0.0092155833 0.14969855)        (-27.853452 -3.9401173 0.51609435)            (-0.098628453 -0.014006833 0.0012994713)      (-0.00015750921 3.2684289e-05 0.00053092579)  (-0.098785962 -0.013974149 0.0018303971)     
zuoweiduo                 (-0.41134705 -4.3990687 -2.7300871)           (0.010880823 0.037451889 0.0042776062)        (-0.40046623 -4.3616168 -2.7258095)           (-0.0014588969 -0.015601881 -0.0096826162)    (3.8590282e-05 0.00013282809 1.5171098e-05)   (-0.0014203066 -0.015469053 -0.0096674451)   
------------------------- --------------------------------------------- --------------------------------------------- --------------------------------------------- --------------------------------------------- --------------------------------------------- ---------------------------------------------
Net                       (-26.807631 -75.694638 -24.865677)            (0.32832337 1.2271242 -0.53608505)            (-26.479308 -74.467514 -25.401762)            (-0.095076821 -0.26846108 -0.088189424)       (0.0011644424 0.0043521589 -0.0019012968)     (-0.093912379 -0.26410892 -0.09009072)       

Moments - Moment Center (0 0 0.05) Moment Axis (0 1 0)
                          Moments [N m]                                   Coefficients                                   
Zone                      Pressure        Viscous         Total           Pressure        Viscous         Total          
jidi                      -22.926419      -0.0035233826   -22.929942      -0.081311587    -1.2496144e-05  -0.081324084   
jishen                    -232.20725      -0.083938855    -232.29119      -0.82355383     -0.00029770029  -0.82385153    
jitou                     553.60147       0.14068814      553.74216       1.9634211       0.00049896916   1.9639201      
liangan                   649.49          0.12101369      649.61102       2.3035025       0.00042919111   2.3039317      
waiyi                     -45.081535      0.4771384       -44.604397      -0.15988765     0.0016922346    -0.15819541    
weiyi                     -744.65182      0.19449439      -744.45732      -2.6410065      0.00068980018   -2.6403167     
xiaoyi                    55.782704       0.034796091     55.8175         0.19784076      0.00012340895   0.19796417     
youfuyi                   -2.7849126      0.0052765916    -2.779636       -0.0098770622   1.8714132e-05   -0.009858348   
youweiduo                 -1.9955697      0.0057739201    -1.9897957      -0.0070775526   2.0477974e-05   -0.0070570746  
zhongyangyi               -276.57291      0.28873778      -276.28417      -0.98090253     0.0010240468    -0.97987848    
zuofuyi                   -3.9493329      0.0092155833    -3.9401173      -0.014006833    3.2684289e-05   -0.013974149   
zuoweiduo                 -4.3990687      0.037451889     -4.3616168      -0.015601881    0.00013282809   -0.015469053   
------------------------- --------------- --------------- --------------- --------------- --------------- ---------------
Net                       -75.694638      1.2271242       -74.467514      -0.26846108     0.0043521589    -0.26410892    
