                                    "Force Report"

Forces
                          Forces [N]                                                                                                                                Coefficients                                                                                                                             
Zone                      Pressure                                      Viscous                                       Total                                         Pressure                                      Viscous                                       Total                                        
jidi                      (1145.2076 8.7708859e-08 0.00043531017)       (3.1009175e-08 -8.7254108e-06 0.001658913)    (1145.2076 -8.6377019e-06 0.0020942232)       (1.4812767 1.1344763e-10 5.6305495e-07)       (4.0109032e-11 -1.1285943e-08 2.1457325e-06)  (1.4812767 -1.1172495e-08 2.7087874e-06)     
jishen                    (9089.1591 -0.054122324 -12492.757)           (1.2156704 -0.00017300181 0.10453503)         (9090.3748 -0.054295326 -12492.652)           (11.756436 -7.0004894e-05 -16.158843)         (0.0015724173 -2.2377038e-07 0.00013521156)   (11.758008 -7.0228664e-05 -16.158707)        
jitou                     (-11262.678 -0.0063090409 33.981714)          (1.1135081 -0.00069227668 0.38411988)         (-11261.565 -0.0070013176 34.365834)          (-14.567789 -8.1604725e-06 0.043953883)       (0.0014402747 -8.9543006e-07 0.00049684252)   (-14.566349 -9.0559026e-06 0.044450725)      
liangan                   (-81.501699 -0.45397644 -3062.5337)           (1.2970475 -0.0040653541 0.21103234)          (-80.204651 -0.45804179 -3062.3227)           (-0.10541893 -0.00058719896 -3.9612554)       (0.001677675 -5.2583603e-06 0.00027296123)    (-0.10374126 -0.00059245732 -3.9609824)      
waiyi                     (-250.30329 0.0054927062 2021.0517)           (2.6345569 0.00055774726 0.96643032)          (-247.66873 0.0060504535 2022.0181)           (-0.32375652 7.1045788e-06 2.6141433)         (0.0034076859 7.2142204e-07 0.001250036)      (-0.32034883 7.8260009e-06 2.6153933)        
weiyi                     (37.423262 -9.1612029 596.15121)              (1.1779263 -0.017715232 0.2055365)            (38.601189 -9.1789181 596.35675)              (0.048405377 -0.011849621 0.77109591)         (0.0015235969 -2.2913889e-05 0.00026585261)   (0.049928974 -0.011872535 0.77136176)        
xiaoyi                    (154.36738 -0.021048562 -364.77517)           (0.36295501 -0.00021589577 0.10580843)        (154.73033 -0.021264457 -364.66936)           (0.19966755 -2.7225407e-05 -0.47182096)       (0.00046946666 -2.7925188e-07 0.00013685865)  (0.20013702 -2.7504659e-05 -0.4716841)       
youfuyi                   (0.40629603 -0.8700706 27.06348)              (0.14331082 0.025052589 0.049369636)          (0.54960685 -0.84501801 27.112849)            (0.00052552641 -0.0011253988 0.035005445)     (0.00018536637 3.2404444e-05 6.3857497e-05)   (0.00071089278 -0.0010929944 0.035069302)    
youweiduo                 (0.97836325 -4.0733294 -7.0751987)            (0.078283067 -0.043929477 0.004052056)        (1.0566463 -4.1172588 -7.0711467)             (0.0012654707 -0.005268676 -0.0091514647)     (0.00010125577 -5.6820886e-05 5.2411599e-06)  (0.0013667265 -0.0053254969 -0.0091462235)   
zhongyangyi               (1003.1403 0.0019132589 14387.503)            (1.6064664 -0.0016262103 0.43282971)          (1004.7468 0.00028704858 14387.936)           (1.2975188 2.4747179e-06 18.609616)           (0.0020778951 -2.103433e-06 0.00055984657)    (1.2995967 3.7128496e-07 18.610176)          
zuofuyi                   (0.39190337 0.87209753 27.28704)              (0.14142481 -0.02681932 0.050131998)          (0.53332818 0.84527821 27.337172)             (0.00050691012 0.0011280206 0.03529461)       (0.00018292689 -3.4689635e-05 6.4843579e-05)  (0.00068983701 0.0010933309 0.035359454)     
zuoweiduo                 (-0.74055688 -1.2744867 2.1777613)            (0.13094568 0.019266721 0.02250263)           (-0.60961121 -1.25522 2.2002639)              (-0.00095787842 -0.0016484937 0.0028168404)   (0.00016937259 2.4920673e-05 2.9106183e-05)   (-0.00078850582 -0.001623573 0.0028459466)   
------------------------- --------------------------------------------- --------------------------------------------- --------------------------------------------- --------------------------------------------- --------------------------------------------- ---------------------------------------------
Net                       (-164.14947 -15.035042 1168.0759)             (9.902095 -0.050368436 2.5380074)             (-154.24738 -15.085411 1170.6139)             (-0.21232027 -0.019447179 1.5108558)          (0.012807933 -6.5149401e-05 0.0032828033)     (-0.19951234 -0.019512329 1.5141386)         

Forces - Direction Vector (0.97029747 0 0.2419149)
                          Forces [N]                                      Coefficients                                   
Zone                      Pressure        Viscous         Total           Pressure        Viscous         Total          
jidi                      1111.1922       0.00040134587   1111.1926       1.4372792       5.1912359e-07   1.4372797      
jishen                    5797.0041       1.2048505       5798.2089       7.4981749       0.0015584222    7.4997334      
jitou                     -10919.928      1.1733584       -10918.754      -14.124456      0.0015176885    -14.122938     
liangan                   -819.95344      1.3095738       -818.64387      -1.0605744      0.0016938772    -1.0588806     
waiyi                     246.05387       2.7900978       248.84397       0.31826008      0.0036088713    0.32186895     
weiyi                     180.52956       1.1926613       181.72222       0.23350721      0.0015426559    0.23504986     
xiaoyi                    61.537729       0.37777096      61.9155         0.0795964       0.00048863046   0.080085031    
youfuyi                   6.9412871       0.15099737      7.0922845       0.0089782557    0.0001953086    0.0091735643   
youweiduo                 -0.76229263     0.076938114     -0.68535451     -0.00098599267  9.9516135e-05   -0.00088647653 
zhongyangyi               4453.896        1.6634583       4455.5595       5.7609226       0.0021516116    5.7630742      
zuofuyi                   6.9814045       0.14935181      7.1307563       0.0090301459    0.00019318013   0.009223326    
zuoweiduo                 -0.19172756     0.13249998      -0.059227576    -0.00024799133  0.00017138302   -7.6608317e-05 
------------------------- --------------- --------------- --------------- --------------- --------------- ---------------
Net                       123.30115       10.22196        133.52311       0.15948472      0.013221664     0.17270639     
