                                    "Force Report"

Forces
                          Forces [N]                                                                                                                                Coefficients                                                                                                                             
Zone                      Pressure                                      Viscous                                       Total                                         Pressure                                      Viscous                                       Total                                        
jidi                      (1143.675 2.0073758e-07 0.00043483761)        (1.7959503e-08 -0.00070869955 -0.0011346708)  (1143.675 -0.00070849881 -0.00069983317)      (1.4792943 2.5964541e-10 5.6244371e-07)       (2.3229843e-11 -9.1667233e-07 -1.4676478e-06) (1.4792943 -9.1641268e-07 -9.0520404e-07)    
jishen                    (9077.8704 1.1689614 -12501.4)                (1.228137 -0.047565131 -0.073983759)          (9079.0985 1.1213963 -12501.474)              (11.741834 0.0015120012 -16.170023)           (0.0015885423 -6.1523447e-05 -9.5694804e-05)  (11.743423 0.0014504778 -16.170118)          
jitou                     (-11241.287 -7.0809356 -8.687718)             (1.1764738 -0.085470714 -0.07029742)          (-11240.111 -7.1664063 -8.7580154)            (-14.540121 -0.009158885 -0.011237189)        (0.0015217181 -0.00011055269 -9.0926683e-05)  (-14.538599 -0.0092694377 -0.011328116)      
liangan                   (-81.072654 -0.27455152 -3081.2999)           (1.1590606 -0.050093352 -0.064873529)         (-79.913594 -0.32464487 -3081.3648)           (-0.10486398 -0.00035512056 -3.9855287)       (0.0014991949 -6.4793592e-05 -8.3911114e-05)  (-0.10336479 -0.00041991415 -3.9856126)      
waiyi                     (-126.92225 -0.18036312 1501.5989)            (3.8879522 -0.27463752 -0.028115533)          (-123.0343 -0.45500064 1501.5708)             (-0.16416847 -0.00023329192 1.9422535)        (0.0050288987 -0.0003552318 -3.636623e-05)    (-0.15913957 -0.00058852373 1.9422171)       
weiyi                     (42.251826 -18.755994 468.96393)              (1.499967 -0.10773226 -0.13647077)            (43.751793 -18.863726 468.82746)              (0.054650916 -0.02426007 0.60658464)          (0.0019401427 -0.00013934703 -0.00017651906)  (0.056591059 -0.024399417 0.60640812)        
xiaoyi                    (150.96983 -0.31479589 -372.47975)            (0.30663975 -0.020018131 -0.023390175)        (151.27647 -0.33481402 -372.50314)            (0.19527297 -0.00040717492 -0.4817865)        (0.0003966253 -2.5892589e-05 -3.0254183e-05)  (0.19566959 -0.00043306751 -0.48181675)      
youfuyi                   (-0.85467069 -0.36543848 10.553382)           (0.18533183 -0.024194958 0.0011869168)        (-0.66933886 -0.38963344 10.554569)           (-0.0011054797 -0.00047267893 0.013650345)    (0.00023971874 -3.1295136e-05 1.5352257e-06)  (-0.00086576097 -0.00050397406 0.01365188)   
youweiduo                 (2.0759526 -6.7228537 -11.78108)              (0.11380633 -0.0210385 -0.018194056)          (2.1897589 -6.7438922 -11.799274)             (0.0026851552 -0.0086957216 -0.015238319)     (0.00014720358 -2.7212393e-05 -2.3533228e-05) (0.0028323587 -0.008722934 -0.015261852)     
zhongyangyi               (1056.5543 -0.01738235 14092.479)             (2.3277747 -0.13674497 -0.062949136)          (1058.8821 -0.15412732 14092.416)             (1.3666075 -2.2483321e-05 18.228014)          (0.0030108763 -0.00017687373 -8.1421994e-05)  (1.3696183 -0.00019935705 18.227933)         
zuofuyi                   (-0.83563166 0.39160293 10.510433)            (0.1875337 -0.021861006 0.00086228478)        (-0.64809796 0.36974193 10.511295)            (-0.0010808535 0.00050652152 0.013594792)     (0.00024256676 -2.8276269e-05 1.1153282e-06)  (-0.00083828678 0.00047824525 0.013595907)   
zuoweiduo                 (-1.0441511 0.51371626 -0.74937594)           (0.15765883 -0.013505316 -0.017837351)        (-0.88649229 0.50021095 -0.76721329)          (-0.0013505645 0.00066446985 -0.00096928549)  (0.0002039249 -1.7468544e-05 -2.3071845e-05)  (-0.0011466396 0.00064700131 -0.00099235733) 
------------------------- --------------------------------------------- --------------------------------------------- --------------------------------------------- --------------------------------------------- --------------------------------------------- ---------------------------------------------
Net                       (21.380404 -31.638034 107.70783)              (12.230336 -0.80357056 -0.4951972)            (33.61074 -32.441604 107.21263)               (0.027654631 -0.040922433 0.13931543)         (0.015819412 -0.0010393839 -0.00064051623)    (0.043474044 -0.041961817 0.13867491)        

Forces - Direction Vector (0.99513403 -0.069756474 -0.06958655)
                          Forces [N]                                      Coefficients                                   
Zone                      Pressure        Viscous         Total           Pressure        Viscous         Total          
jidi                      1138.1098       0.00012841208   1138.11         1.472096        1.6609549e-07   1.4720962      
jishen                    9903.5456       1.2306272       9904.7762       12.809809       0.0015917633    12.811401      
jitou                     -11185.489      1.181603        -11184.308      -14.467948      0.0015283525    -14.46642      
liangan                   133.75802       1.1614293       134.91945       0.17301024      0.0015022588    0.1745125      
waiyi                     -230.78316      3.8901478       -226.89301      -0.29850807     0.0050317385    -0.29347633    
weiyi                     10.721          1.5096798       12.23068        0.013867151     0.0019527058    0.015819857    
xiaoyi                    176.17675       0.30817169      176.48492       0.22787704      0.0003986068    0.22827564     
youfuyi                   -1.5593936      0.18603518      -1.3733585      -0.0020170085   0.00024062848   -0.00177638    
youweiduo                 3.3546183       0.11598618      3.4706045       0.0043390542    0.00015002313   0.0044890774   
zhongyangyi               70.76737        2.3303671       73.097737       0.091534543     0.0030142294    0.094548773    
zuofuyi                   -1.5902671      0.18808611      -1.402181       -0.002056942    0.00024328128   -0.0018136607  
zuoweiduo                 -1.0227589      0.15907499      -0.86368387     -0.0013228945   0.00020575664   -0.0011171379  
------------------------- --------------- --------------- --------------- --------------- --------------- ---------------
Net                       15.988309       12.261337       28.249646       0.020680189     0.015859511     0.0365397      
