                                    "Force Report"

Forces
                          Forces [N]                                                                                                                                Coefficients                                                                                                                             
Zone                      Pressure                                      Viscous                                       Total                                         Pressure                                      Viscous                                       Total                                        
jidi                      (1143.9902 3.4331442e-08 0.00043537634)       (1.7019127e-08 -0.0001302897 -0.00085739726)  (1143.9902 -0.00013025537 -0.00042202092)     (1.4797021 4.4406241e-11 5.6314054e-07)       (2.2013508e-11 -1.6852411e-07 -1.1090064e-06) (1.4797021 -1.684797e-07 -5.4586587e-07)     
jishen                    (9078.9198 0.0059964536 -12499.925)           (1.1884326 -0.00071130508 -0.052728283)       (9080.1082 0.0052851486 -12499.978)           (11.743192 7.7561544e-06 -16.168114)          (0.0015371864 -9.2004247e-07 -6.8201761e-05)  (11.744729 6.8361119e-06 -16.168183)         
jitou                     (-11243.215 0.029394141 -3.3535387)           (1.1710315 -0.00051007368 -0.016249798)       (-11242.044 0.028884067 -3.3697885)           (-14.542614 3.8020054e-05 -0.0043376577)      (0.0015146788 -6.5975832e-07 -2.1018414e-05)  (-14.5411 3.7360296e-05 -0.0043586762)       
liangan                   (-81.071232 0.034508494 -3078.7879)           (1.0933602 -0.0011857326 -0.025819336)        (-79.977872 0.033322761 -3078.8137)           (-0.10486215 4.4635249e-05 -3.9822795)        (0.0014142144 -1.533694e-06 -3.3396199e-05)   (-0.10344793 4.3101555e-05 -3.9823129)       
waiyi                     (-126.90389 0.0040905219 1586.8593)           (4.0370053 -0.00025699404 0.11448226)         (-122.86689 0.0038335279 1586.9738)           (-0.16414472 5.2909138e-06 2.0525341)         (0.0052216924 -3.3241071e-07 0.00014807788)   (-0.15892303 4.9585031e-06 2.0526822)        
weiyi                     (44.674203 -9.3564838 482.39348)              (1.56439 -0.010888762 -0.11066509)            (46.238593 -9.3673726 482.28282)              (0.057784156 -0.012102209 0.62395518)         (0.002023471 -1.4084144e-05 -0.00014314052)   (0.059807627 -0.012116293 0.62381204)        
xiaoyi                    (151.30815 0.0029110432 -371.56322)           (0.30884384 -0.00021849386 -0.010014449)      (151.61699 0.0026925493 -371.57323)           (0.19571057 3.7653089e-06 -0.48060101)        (0.00039947619 -2.826124e-07 -1.2953259e-05)  (0.19611005 3.4826965e-06 -0.48061397)       
youfuyi                   (-0.83164994 -0.41881882 11.973355)           (0.18962333 0.00018720568 0.0076141924)       (-0.64202661 -0.41863161 11.980969)           (-0.0010757034 -0.00054172409 0.015487018)    (0.0002452696 2.4214248e-07 9.8486297e-06)    (-0.00083043376 -0.00054148195 0.015496867)  
youweiduo                 (2.1288168 -6.4789771 -11.341499)             (0.11252527 -0.01032006 -0.023459064)         (2.2413421 -6.4892971 -11.364958)             (0.0027535328 -0.0083802776 -0.014669741)     (0.00014554658 -1.3348552e-05 -3.0343288e-05) (0.0028990794 -0.0083936262 -0.014700084)    
zhongyangyi               (1057.7374 3.2472469e-05 14144.883)           (2.4654484 -0.001199653 0.0084159974)         (1060.2028 -0.0011671805 14144.891)           (1.3681377 4.2001739e-08 18.295797)           (0.0031889512 -1.5516995e-06 1.088573e-05)    (1.3713267 -1.5096977e-06 18.295807)         
zuofuyi                   (-0.83070303 0.41330081 11.98515)             (0.18972574 -0.00026190301 0.0075367282)      (-0.64097729 0.41303891 11.992687)            (-0.0010744786 0.00053458679 0.015502275)     (0.00024540207 -3.3876025e-07 9.7484332e-06)  (-0.0008290765 0.00053424803 0.015512024)    
zuoweiduo                 (-1.0309038 0.47465847 -0.70623005)           (0.15771979 0.0023334732 -0.0084897621)       (-0.87318399 0.47699194 -0.71471981)          (-0.0013334296 0.00061395028 -0.00091347814)  (0.00020400375 3.0182471e-06 -1.0981141e-05)  (-0.0011294259 0.00061696852 -0.00092445928) 
------------------------- --------------------------------------------- --------------------------------------------- --------------------------------------------- --------------------------------------------- --------------------------------------------- ---------------------------------------------
Net                       (24.874959 -15.289387 272.41728)              (12.478106 -0.023162588 -0.11023399)          (37.353065 -15.31255 272.30704)               (0.032174688 -0.019776164 0.35236001)         (0.016139892 -2.9959809e-05 -0.00014258292)   (0.04831458 -0.019806123 0.35221743)         

Forces - Direction Vector (0.99939086 0 -0.034899497)
                          Forces [N]                                      Coefficients                                   
Zone                      Pressure        Viscous         Total           Pressure        Viscous         Total          
jidi                      1143.2933       2.9939741e-05   1143.2933       1.4788006       3.8725765e-08   1.4788007      
jishen                    9509.6303       1.1895488       9510.8198       12.300297       0.0015386302    12.301836      
jitou                     -11236.249      1.1708853       -11235.078      -14.533604      0.0015144897    -14.53209      
liangan                   26.4263         1.0935953       27.519895       0.03418128      0.0014145184    0.035595799    
waiyi                     -182.20718      4.0305507       -178.17663      -0.23567713     0.0052133436    -0.23046379    
weiyi                     27.811699       1.5672991       29.378998       0.035973235     0.0020272339    0.038000468    
xiaoyi                    164.18335       0.3090052       164.49235       0.21236408      0.0003996849    0.21276377     
youfuyi                   -1.2490074      0.18924208      -1.0597653      -0.0016155372   0.00024477648   -0.0013707607  
youweiduo                 2.5233326       0.11327543      2.636608        0.003263822     0.00014651689   0.0034103389   
zhongyangyi               563.44377       2.4636528       565.90742       0.72879023      0.0031866287    0.73197686     
zuofuyi                   -1.2484727      0.18934714      -1.0591255      -0.0016148456   0.00024491236   -0.0013699333  
zuoweiduo                 -1.0056287      0.15792         -0.84770871     -0.0013007374   0.00020426271   -0.0010964747  
------------------------- --------------- --------------- --------------- --------------- --------------- ---------------
Net                       15.35258        12.474352       27.826932       0.019857901     0.016135036     0.035992937    
