                                    "Force Report"

Forces
                          Forces [N]                                                                                                                                Coefficients                                                                                                                             
Zone                      Pressure                                      Viscous                                       Total                                         Pressure                                      Viscous                                       Total                                        
jidi                      (1145.1517 8.9225178e-08 0.00043515305)       (3.4233604e-08 -0.0002119045 0.0042858109)    (1145.1517 -0.00021181527 0.004720964)        (1.4812044 1.1540892e-10 5.6285171e-07)       (4.4279691e-11 -2.7408934e-07 5.5435117e-06)  (1.4812044 -2.7397393e-07 6.1063634e-06)     
jishen                    (9086.7101 -0.0090865662 -12495.52)           (1.1763496 -0.0006818695 0.056262939)         (9087.8864 -0.0097684357 -12495.464)          (11.753268 -1.1753082e-05 -16.162417)         (0.0015215575 -8.8196881e-07 7.2773687e-05)   (11.754789 -1.2635051e-05 -16.162344)        
jitou                     (-11258.703 0.011244393 26.340853)            (1.1331901 -0.00049827731 0.29109212)         (-11257.57 0.010746116 26.631945)             (-14.562648 1.4544138e-05 0.034070758)        (0.0014657326 -6.4450023e-07 0.00037651511)   (-14.561182 1.3899637e-05 0.034447273)       
liangan                   (-81.263839 -0.35230353 -3068.1362)           (1.2450316 -0.0047519907 0.12670052)          (-80.018808 -0.35705552 -3068.0095)           (-0.10511127 -0.00045568943 -3.968502)        (0.0016103947 -6.1464952e-06 0.00016388166)   (-0.10350088 -0.00046183593 -3.9683381)      
waiyi                     (-209.97364 0.012340487 1963.4726)            (3.3927351 -0.00040139765 0.90029195)         (-206.58091 0.011939089 1964.3729)            (-0.27159186 1.5961888e-05 2.5396672)         (0.0043883567 -5.1919057e-07 0.0011644888)    (-0.2672035 1.5442698e-05 2.5408317)         
weiyi                     (43.524102 -10.005307 567.73756)              (1.358707 -0.013728893 0.11432622)            (44.882809 -10.019035 567.85188)              (0.05629655 -0.012941433 0.73434406)          (0.001757429 -1.7757731e-05 0.00014787603)    (0.058053979 -0.012959191 0.73449194)        
xiaoyi                    (153.80048 0.0021427343 -366.72942)           (0.36125235 -0.0002278439 0.075399025)        (154.16173 0.0019148904 -366.65402)           (0.19893429 2.7715344e-06 -0.4743487)         (0.00046726434 -2.9470626e-07 9.7525389e-05)  (0.19940155 2.4768282e-06 -0.47425117)       
youfuyi                   (0.17307955 -0.73106203 23.190813)            (0.14525299 0.019931295 0.043516352)          (0.31833254 -0.71113074 23.234329)            (0.00022387094 -0.00094559724 0.029996317)    (0.00018787848 2.5780271e-05 5.6286527e-05)   (0.00041174942 -0.00091981696 0.030052603)   
youweiduo                 (1.2593978 -4.7828139 -8.2946103)             (0.086720205 -0.035051912 -0.0063523141)      (1.346118 -4.8178658 -8.3009626)              (0.0016289768 -0.0061863637 -0.010728721)     (0.00011216885 -4.5338138e-05 -8.2164446e-06) (0.0017411456 -0.0062317018 -0.010736937)    
zhongyangyi               (1018.607 0.00098551974 14368.457)            (1.9767941 -0.00086904301 0.41808025)         (1020.5838 0.00011647673 14368.875)           (1.3175242 1.2747273e-06 18.584979)           (0.002556898 -1.1240697e-06 0.00054076879)    (1.3200811 1.5065763e-07 18.58552)           
zuofuyi                   (0.20357538 0.7180055 23.297467)              (0.14545899 -0.020584866 0.043437123)         (0.34903438 0.69742063 23.340904)             (0.00026331599 0.00092870917 0.030134269)     (0.00018814494 -2.6625637e-05 5.6184047e-05)  (0.00045146093 0.00090208353 0.030190453)    
zuoweiduo                 (-0.82527619 -0.86848776 1.5259391)           (0.13823866 0.015142208 0.014045827)          (-0.68703753 -0.85334556 1.539985)            (-0.0010674592 -0.0011233515 0.0019737365)    (0.00017880575 1.9585793e-05 1.8167672e-05)   (-0.00088865344 -0.0011037657 0.0019919042)  
------------------------- --------------------------------------------- --------------------------------------------- --------------------------------------------- --------------------------------------------- --------------------------------------------- ---------------------------------------------
Net                       (-101.3367 -16.004342 1035.3421)              (11.159731 -0.041934494 2.0810858)            (-90.176966 -16.046276 1037.4232)             (-0.13107465 -0.020700926 1.3391704)          (0.014434631 -5.4240461e-05 0.0026917948)     (-0.11664002 -0.020755167 1.3418621)         

Forces - Direction Vector (0.98480865 0 0.17364311)
                          Forces [N]                                      Coefficients                                   
Zone                      Pressure        Viscous         Total           Pressure        Viscous         Total          
jidi                      1127.7554       0.00074423524   1127.7561       1.458703        9.6263621e-07   1.458704       
jishen                    6778.9097       1.1682489       6780.078        8.7682276       0.0015110796    8.7697387      
jitou                     -11083.095      1.1665216       -11081.928      -14.335505      0.0015088454    -14.333996     
liangan                   -612.79004      1.2481185       -611.54192      -0.79261751     0.0016143875    -0.79100313    
waiyi                     134.15963       3.4975244       137.65715       0.1735297       0.004523897     0.1780536      
weiyi                     141.44663       1.3579184       142.80454       0.18295511      0.0017564089    0.18471152     
xiaoyi                    87.784004       0.36885696      88.152861       0.11354483      0.00047710058   0.11402193     
youfuyi                   4.197375        0.15060271      4.3479777       0.0054291237    0.00019479812   0.0056239218   
youweiduo                 -0.20003608     0.084299772     -0.11573631     -0.00025873805  0.00010903812   -0.00014969993 
zhongyangyi               3498.1164       2.0193607       3500.1358       4.5246629       0.002611956     4.5272748      
zuofuyi                   4.2459273       0.15079183      4.3967191       0.005491924     0.00019504274   0.0056869667   
zuoweiduo                 -0.54777032     0.13857759      -0.40919273     -0.0007085173   0.00017924414   -0.00052927316 
------------------------- --------------- --------------- --------------- --------------- --------------- ---------------
Net                       79.98276        11.351566       91.334325       0.10345425      0.014682761     0.11813701     
