                                    "Force Report"

Forces
                          Forces [N]                                                                                                                                Coefficients                                                                                                                             
Zone                      Pressure                                      Viscous                                       Total                                         Pressure                                      Viscous                                       Total                                        
jidi                      (1145.306 9.2431559e-08 0.00043527114)        (3.6003986e-08 -0.00031410563 0.0036354826)   (1145.306 -0.0003140132 0.0040707537)         (1.4814039 1.1955624e-10 5.6300446e-07)       (4.6569604e-11 -4.0628209e-07 4.70234e-06)    (1.4814039 -4.0616254e-07 5.2653445e-06)     
jishen                    (9087.8805 -0.045554583 -12494.23)            (1.1765762 -0.00083323205 0.083118986)        (9089.0571 -0.046387815 -12494.147)           (11.754782 -5.892289e-05 -16.160748)          (0.0015218506 -1.0777497e-06 0.00010751083)   (11.756304 -6.000064e-05 -16.16064)          
jitou                     (-11260.772 0.0048686457 30.309419)           (1.1244525 -0.00056758585 0.3394857)          (-11259.648 0.0043010598 30.648905)           (-14.565323 6.2973834e-06 0.039203927)        (0.0014544309 -7.3414784e-07 0.00043911012)   (-14.563869 5.5632356e-06 0.039643037)       
liangan                   (-81.364294 -0.39611308 -3065.5619)           (1.2588163 -0.0046842931 0.15585831)          (-80.105478 -0.40079737 -3065.406)            (-0.10524121 -0.0005123552 -3.9651722)        (0.0016282247 -6.0589313e-06 0.00020159601)   (-0.10361298 -0.00051841413 -3.9649706)      
waiyi                     (-230.8643 0.010824411 1996.4114)             (3.0101091 -0.00049567385 0.96774939)         (-227.85419 0.010328738 1997.3791)            (-0.29861302 1.400091e-05 2.5822721)          (0.0038934464 -6.4113276e-07 0.0012517421)    (-0.29471957 1.3359777e-05 2.5835238)        
weiyi                     (40.896581 -9.4498467 582.4457)               (1.2856345 -0.014854682 0.15888062)           (42.182216 -9.4647014 582.60458)              (0.052897965 -0.012222969 0.75336842)         (0.0016629128 -1.921389e-05 0.00020550523)    (0.054560878 -0.012242183 0.75357392)        
xiaoyi                    (154.22887 -0.0097514011 -365.6491)           (0.36797293 -0.00028697719 0.09374343)        (154.59684 -0.010038378 -365.55535)           (0.19948839 -1.2613017e-05 -0.47295135)       (0.00047595713 -3.7119263e-07 0.00012125309)  (0.19996435 -1.298421e-05 -0.4728301)        
youfuyi                   (0.35874288 -0.84593607 25.606425)            (0.13985714 0.023209027 0.048817096)          (0.49860002 -0.82272704 25.655242)            (0.00046401846 -0.0010941819 0.033120807)     (0.00018089918 3.0019876e-05 6.3142809e-05)   (0.00064491764 -0.001064162 0.03318395)      
youweiduo                 (1.2242406 -4.2973348 -7.4460885)             (0.084292328 -0.039269368 -0.00023911969)     (1.3085329 -4.3366042 -7.4463276)             (0.0015835024 -0.0055584174 -0.0096311946)    (0.00010902849 -5.0793235e-05 -3.0929101e-07) (0.0016925309 -0.0056092106 -0.0096315039)   
zhongyangyi               (1011.0516 0.0022523455 14384.705)            (1.7836301 -0.00056710751 0.44427621)         (1012.8353 0.001685238 14385.15)              (1.3077517 2.9133119e-06 18.605996)           (0.0023070487 -7.3352913e-07 0.00057465214)   (1.3100588 2.1797828e-06 18.606571)          
zuofuyi                   (0.34357682 0.82871306 25.697888)             (0.13942025 -0.024787771 0.048934586)         (0.48299707 0.80392529 25.746823)             (0.00044440181 0.0010719046 0.033239111)      (0.00018033409 -3.2061914e-05 6.3294778e-05)  (0.0006247359 0.0010398427 0.033302406)      
zuoweiduo                 (-0.8214217 -1.1064168 1.9273798)             (0.13642529 0.016873799 0.017969336)          (-0.68499641 -1.089543 1.9453491)             (-0.0010624736 -0.0014311024 0.0024929827)    (0.00017646023 2.1825532e-05 2.3242561e-05)   (-0.00088601334 -0.0014092769 0.0025162252)  
------------------------- --------------------------------------------- --------------------------------------------- --------------------------------------------- --------------------------------------------- --------------------------------------------- ---------------------------------------------
Net                       (-132.53189 -15.304295 1114.2171)             (10.507187 -0.04657797 2.36223)               (-122.0247 -15.350873 1116.5794)              (-0.17142429 -0.019795446 1.4411918)          (0.013590593 -6.0246597e-05 0.0030554427)     (-0.15783369 -0.019855692 1.4442473)         

Forces - Direction Vector (0.97814888 0 0.20790565)
                          Forces [N]                                      Coefficients                                   
Zone                      Pressure        Viscous         Total           Pressure        Viscous         Total          
jidi                      1120.2798       0.00075587258   1120.2806       1.4490337       9.7768861e-07   1.4490347      
jishen                    6291.6793       1.1681476       6292.8474       8.138016        0.0015109485    8.139527       
jitou                     -11008.41       1.170463        -11007.24       -14.238904      0.0015139434    -14.23739      
liangan                   -716.93403      1.2637136       -715.67031      -0.92732327     0.0016345591    -0.92568871    
waiyi                     189.24555       3.1455354       192.39109       0.24478097      0.0040686145    0.24884958     
weiyi                     161.0967        1.2905741       162.38727       0.20837164      0.001669302     0.21004094     
xiaoyi                    74.838282       0.3794221       75.217704       0.096800093     0.00049076613   0.097290859    
youfuyi                   5.6746243       0.14695046      5.8215747       0.007339882     0.00019007408   0.007529956    
youweiduo                 -0.3505943      0.082400732     -0.26819357     -0.00045347862  0.0001065818    -0.00034689683 
zhongyangyi               3979.6205       1.8370234       3981.4575       5.1474676       0.0023761106    5.1498437      
zuofuyi                   5.6788055       0.14654754      5.825353        0.0073452901    0.00018955293   0.0075348431   
zuoweiduo                 -0.40275958     0.13718017      -0.26557941     -0.00052095216  0.00017743664   -0.00034351552 
------------------------- --------------- --------------- --------------- --------------- --------------- ---------------
Net                       102.01612       10.768714       112.78483       0.13195345      0.013928867     0.14588232     
