                                    "Force Report"

Forces
                          Forces [N]                                                                                                                                Coefficients                                                                                                                             
Zone                      Pressure                                      Viscous                                       Total                                         Pressure                                      Viscous                                       Total                                        
jidi                      (1144.459 8.7893543e-07 0.00043565068)        (-3.1411736e-11 -0.0039340739 -0.0026988444)  (1144.459 -0.003933195 -0.0022631937)         (1.4803084 1.1368651e-09 5.6349539e-07)       (-4.0629727e-14 -5.0885551e-06 -3.4908389e-06) (1.4803084 -5.0874183e-06 -2.9273436e-06)    
jishen                    (9079.7792 1.4128089 -12513.27)               (1.3023483 -0.15484317 -0.13462261)           (9081.0816 1.2579657 -12513.404)              (11.744303 0.0018274074 -16.185375)           (0.0016845314 -0.00020028296 -0.00017412855)  (11.745988 0.0016271244 -16.185549)          
jitou                     (-11242.745 -20.058979 -14.089669)            (1.1468245 -0.25174928 -0.12274665)           (-11241.598 -20.310728 -14.212415)            (-14.542007 -0.025945425 -0.018224379)        (0.0014833681 -0.00032562684 -0.00015876751)  (-14.540523 -0.026271052 -0.018383147)       
liangan                   (-81.078687 -1.6934968 -3087.1484)            (1.2666243 -0.18208085 -0.1304802)            (-79.812062 -1.8755776 -3087.2788)            (-0.10487179 -0.0021904651 -3.9930934)        (0.001638324 -0.00023551373 -0.00016877052)   (-0.10323346 -0.0024259788 -3.9932621)       
waiyi                     (-132.45642 -0.69909548 1411.852)             (3.4790986 -0.82629696 -0.16358993)           (-128.97732 -1.5253924 1411.6884)             (-0.17132668 -0.00090424987 1.8261697)        (0.0045000642 -0.0010687795 -0.00021159652)   (-0.16682661 -0.0019730294 1.8259581)        
weiyi                     (36.561994 -37.178424 460.42498)              (1.3565399 -0.29060115 -0.14123254)           (37.918534 -37.469025 460.28375)              (0.047291363 -0.048088689 0.59553987)         (0.001754626 -0.00037588006 -0.00018267821)   (0.049045989 -0.048464569 0.59535719)        
xiaoyi                    (150.74132 -1.2515356 -373.91234)             (0.3150733 -0.063194795 -0.040916033)         (151.05639 -1.3147304 -373.95326)             (0.1949774 -0.0016188073 -0.4836395)          (0.00040753374 -8.1739745e-05 -5.2923126e-05) (0.19538493 -0.0017005471 -0.48369243)       
youfuyi                   (-0.85827432 -0.24179127 8.4223785)           (0.17340262 -0.068311345 -0.0071288125)       (-0.6848717 -0.31010262 8.4152497)            (-0.0011101409 -0.00031274659 0.010893984)    (0.00022428881 -8.8357782e-05 -9.2208118e-06) (-0.00088585204 -0.00040110437 0.010884763)  
youweiduo                 (1.8550175 -6.9598378 -12.251848)             (0.11199072 -0.044078923 -0.0047141267)       (1.9670083 -7.0039167 -12.256562)             (0.0023993852 -0.0090022503 -0.015847237)     (0.00014485517 -5.7014188e-05 -6.0975198e-06) (0.0025442404 -0.0090592645 -0.015853335)    
zhongyangyi               (1055.0935 -0.042831835 14036.379)            (2.040232 -0.37607488 -0.10790732)            (1057.1337 -0.41890671 14036.271)             (1.3647179 -5.5401132e-05 18.155452)          (0.0026389521 -0.00048643665 -0.00013957347)  (1.3673569 -0.00054183778 18.155312)         
zuofuyi                   (-0.79802949 0.306701 7.8630356)              (0.17104826 -0.069653248 -0.0051718583)       (-0.62698123 0.23704775 7.8578637)            (-0.0010322168 0.00039670453 0.010170498)     (0.00022124355 -9.0093475e-05 -6.6895759e-06) (-0.0008109732 0.00030661106 0.010163808)    
zuoweiduo                 (-0.98847842 0.31831044 -0.37235423)          (0.15424212 -0.041089146 -0.031090394)        (-0.83423631 0.2772213 -0.40344462)           (-0.0012785542 0.00041172084 -0.00048162415)  (0.00019950553 -5.3147039e-05 -4.0214085e-05) (-0.0010790487 0.0003585738 -0.00052183823)  
------------------------- --------------------------------------------- --------------------------------------------- --------------------------------------------- --------------------------------------------- --------------------------------------------- ---------------------------------------------
Net                       (9.5648971 -66.088171 -76.102111)             (11.517425 -2.3719078 -0.89229933)            (21.082322 -68.460079 -76.99441)              (0.012371782 -0.085482201 -0.098434801)       (0.014897293 -0.0030679605 -0.0011541507)     (0.027269075 -0.088550161 -0.099588952)      

Forces - Direction Vector (0.97278921 -0.20791169 -0.10224427)
                          Forces [N]                                      Coefficients                                   
Zone                      Pressure        Viscous         Total           Pressure        Viscous         Total          
jidi                      1113.3173       0.0010938813    1113.3184       1.440028        1.4148883e-06   1.4400294      
jishen                    10111.828       1.3128684       10113.14        13.079213       0.0016981387    13.080911      
jitou                     -10931.21       1.1805103       -10930.03       -14.139049      0.0015269391    -14.137522     
liangan                   237.12284       1.2833561       238.4062        0.30670818      0.0016599658    0.30836815     
waiyi                     -273.0606       3.5729525       -269.48765      -0.35319212     0.0046214601    -0.34857066    
weiyi                     -3.7788725      1.394487        -2.3843855      -0.0048878088   0.0018037088    -0.0030840999  
xiaoyi                    185.13013       0.32382228      185.45395       0.23945785      0.00041885016   0.2398767      
youfuyi                   -1.6457887      0.1836158       -1.4621729      -0.0021287567   0.00023749913   -0.0018912576  
youweiduo                 4.5042539       0.11858988      4.6228438       0.0058260583    0.0001533909    0.0059794492   
zhongyangyi               -408.74683      2.0739389       -406.67289      -0.52869641     0.0026825506    -0.52601386    
zuofuyi                   -1.6440315      0.18140442      -1.4626271      -0.0021264839   0.0002346388    -0.0018918451  
zuoweiduo                 -0.98969052     0.1617668       -0.82792372     -0.001280122    0.00020923838   -0.0010708837  
------------------------- --------------- --------------- --------------- --------------- --------------- ---------------
Net                       30.826136       11.788406       42.614543       0.039872279     0.015247796     0.055120075    
