                                    "Force Report"

Forces
                          Forces [N]                                                                                                                                Coefficients                                                                                                                             
Zone                      Pressure                                      Viscous                                       Total                                         Pressure                                      Viscous                                       Total                                        
jidi                      (1145.4156 9.0702827e-08 0.0004359385)        (9.624728e-10 -0.0030839356 6.315084e-05)     (1145.4156 -0.0030838449 0.00049908934)       (1.4815457 1.173202e-10 5.6386766e-07)        (1.2449171e-12 -3.9889378e-06 8.168289e-08)   (1.4815457 -3.9888205e-06 6.4555055e-07)     
jishen                    (9086.3078 1.2011129 -12509.916)              (1.2273397 -0.17250761 -0.063619393)          (9087.5351 1.0286053 -12509.98)               (11.752748 0.0015535878 -16.181038)           (0.001587511 -0.00022313116 -8.2288943e-05)   (11.754335 0.0013304566 -16.18112)           
jitou                     (-11253.741 -20.143003 6.910339)              (1.1339759 -0.25419609 0.090115217)           (-11252.607 -20.397199 7.0004542)             (-14.55623 -0.026054107 0.0089382257)         (0.0014667489 -0.00032879169 0.00011656015)   (-14.554763 -0.026382898 0.0090547858)       
liangan                   (-81.032262 -2.7551226 -3077.527)             (1.1971324 -0.19808772 0.0085880697)          (-79.835129 -2.9532104 -3077.5184)            (-0.10481174 -0.0035636324 -3.9806485)        (0.0015484392 -0.00025621793 1.1108298e-05)   (-0.1032633 -0.0038198503 -3.9806374)        
waiyi                     (-141.86332 -0.32328938 1739.1769)            (4.3169431 -0.78431142 0.41005489)            (-137.54638 -1.1076008 1739.5869)             (-0.18349409 -0.00041816088 2.2495503)        (0.0055837798 -0.001014473 0.00053038833)     (-0.17791031 -0.0014326339 2.2500807)        
weiyi                     (41.560817 -37.497538 508.90622)              (1.3749864 -0.29336586 -0.037243632)          (42.935803 -37.790904 508.86897)              (0.053757125 -0.04850145 0.65824826)          (0.0017784857 -0.0003794561 -4.8173033e-05)   (0.055535611 -0.048880906 0.65820009)        
xiaoyi                    (151.92173 -1.4361769 -371.06666)             (0.32298134 -0.062596755 0.0070052722)        (152.24472 -1.4987736 -371.05965)             (0.19650422 -0.0018576329 -0.47995873)        (0.00041776245 -8.0966205e-05 9.0610177e-06)  (0.19692198 -0.0019385991 -0.47994967)       
youfuyi                   (-0.75643015 -0.54025693 14.656679)           (0.16769847 -0.064924929 0.019620826)         (-0.58873169 -0.60518185 14.6763)             (-0.00097840981 -0.00069879905 0.018957783)   (0.00021691074 -8.3977597e-05 2.5378693e-05)  (-0.00076149907 -0.00078277665 0.018983162)  
youweiduo                 (1.9409972 -6.5095202 -11.279785)             (0.10735783 -0.061375786 0.00438354)          (2.0483551 -6.5708959 -11.275402)             (0.0025105963 -0.0084197838 -0.014589916)     (0.00013886273 -7.9386934e-05 5.6699201e-06)  (0.002649459 -0.0084991707 -0.014584246)     
zhongyangyi               (1050.693 -0.025882751 14243.703)             (2.4981164 -0.34657782 0.15660589)            (1053.1911 -0.37246057 14243.86)              (1.3590261 -3.3478223e-05 18.423616)          (0.003231206 -0.00044828347 0.00020256297)    (1.3622573 -0.0004817617 18.423819)          
zuofuyi                   (-0.74152788 0.53456073 14.399494)            (0.1803907 -0.057716409 0.018480632)          (-0.56113718 0.47684432 14.417975)            (-0.00095913436 0.00069143127 0.018625125)    (0.0002333276 -7.4653688e-05 2.3903901e-05)   (-0.00072580676 0.00061677758 0.018649029)   
zuoweiduo                 (-0.93580536 -0.42578494 0.84582796)          (0.15304389 -0.032011983 -0.01823423)         (-0.78276147 -0.45779692 0.82759373)          (-0.0012104239 -0.00055073447 0.001094042)    (0.00019795568 -4.1406121e-05 -2.358519e-05)  (-0.0010124682 -0.00059214059 0.0010704568)  
------------------------- --------------------------------------------- --------------------------------------------- --------------------------------------------- --------------------------------------------- --------------------------------------------- ---------------------------------------------
Net                       (-1.2308231 -67.920902 558.80921)             (12.679966 -2.3307563 0.59582024)             (11.449143 -70.251658 559.40503)              (-0.0015920167 -0.087852759 0.72279563)       (0.01640099 -0.0030147329 0.0007706678)       (0.014808973 -0.090867492 0.7235663)         

Forces - Direction Vector (0.97755174 -0.20791169 0.034136859)
                          Forces [N]                                      Coefficients                                   
Zone                      Pressure        Viscous         Total           Pressure        Viscous         Total          
jidi                      1119.703        0.00064334298   1119.7037       1.4482876       8.3213642e-07   1.4482884      
jishen                    8455.037        1.2334827       8456.2705       10.936226       0.0015954567    10.937822      
jitou                     -10996.691      1.1644467       -10995.526      -14.223745      0.0015061616    -14.222239     
liangan                   -183.69751      1.2117368       -182.48577      -0.23760481     0.0015673294    -0.23603748    
waiyi                     -79.241486      4.3971007       -74.844385      -0.10249545     0.0056874603    -0.096807987   
weiyi                     65.796485       1.4038432       67.200328       0.085104918     0.0018158106    0.086920729    
xiaoyi                    136.1429        0.32898471      136.47189       0.17609498      0.00042552754   0.17652051     
youfuyi                   -0.12679088     0.17810237      0.051311494     -0.00016399854  0.00023036775   6.6369206e-05  
youweiduo                 2.8657741       0.11785822      2.9836323       0.0037067553    0.00015244453   0.0038591999   
zhongyangyi               1513.3474       2.5194417       1515.8668       1.9574496       0.0032587892    1.9607084      
zuofuyi                   -0.34446979     0.18897203      -0.15549776     -0.00044555683  0.00024442718   -0.00020112965 
zuoweiduo                 -0.79739858     0.15564153      -0.64175705     -0.0010314007   0.00020131561   -0.00083008509 
------------------------- --------------- --------------- --------------- --------------- --------------- ---------------
Net                       31.994347       12.900254       44.894601       0.04138331      0.016685923     0.058069232    
