                                    "Force Report"

Moments - Moment Center (0 0 0.05)
                          Moments [N m]                                                                                                                             Coefficients                                                                                                                             
Zone                      Pressure                                      Viscous                                       Total                                         Pressure                                      Viscous                                       Total                                        
jidi                      (-2.8326714e-09 -22.924758 0.0079890483)      (7.7248847e-05 -0.0034803094 0.0029070886)    (7.7246015e-05 -22.928238 0.010896137)        (-1.0046445e-11 -0.081305696 2.833422e-05)    (2.7397329e-07 -1.2343379e-05 1.0310375e-05)  (2.7396324e-07 -0.08131804 3.8644595e-05)    
jishen                    (-0.11345299 -229.57328 2.7579537)            (-0.027392329 -0.069364717 0.010295418)       (-0.14084532 -229.64265 2.7682491)            (-0.00040237608 -0.81421212 0.0097814488)     (-9.715053e-05 -0.00024601117 3.6514066e-05)  (-0.00049952661 -0.81445813 0.0098179629)    
jitou                     (-1.2624679 552.96222 12.49399)               (-0.014025689 0.12002718 0.16221821)          (-1.2764936 553.08225 12.656208)              (-0.0044775101 1.9611539 0.044311593)         (-4.9743969e-05 0.00042569232 0.0005753284)   (-0.0045272541 1.9615796 0.044886921)        
liangan                   (0.18481059 651.04937 -2.4677441)             (0.0064237917 0.13591451 0.01008697)          (0.19123438 651.18529 -2.4576572)             (0.00065545527 2.309033 -0.008752182)         (2.278283e-05 0.00048203884 3.5774777e-05)    (0.0006782381 2.309515 -0.0087164072)        
waiyi                     (16.724822 -45.180168 -1.1857487)             (0.098673449 0.51933158 -0.097128237)         (16.823495 -44.660836 -1.2828769)             (0.0593168 -0.16023746 -0.0042054151)         (0.00034995848 0.0018418784 -0.00034447818)   (0.059666758 -0.15839558 -0.0045498933)      
weiyi                     (-13.333611 -709.78811 -45.995245)            (0.093935688 0.32174407 -0.39320034)          (-13.239676 -709.46637 -46.388445)            (-0.047289422 -2.5173577 -0.16312824)         (0.00033315538 0.0011411081 -0.0013945372)    (-0.046956267 -2.5162166 -0.16452278)        
xiaoyi                    (16.820214 55.8703 -1.37621)                  (0.1305293 0.036392959 -0.033593123)          (16.950744 55.906693 -1.4098032)              (0.059655122 0.19815143 -0.0048809115)        (0.00046293947 0.00012907246 -0.00011914247)  (0.060118062 0.19828051 -0.005000054)        
youfuyi                   (27.459877 -3.8927206 -0.32346496)            (0.060235296 0.0078134945 -0.16805372)        (27.520113 -3.8849071 -0.49151868)            (0.097390099 -0.01380605 -0.0011472114)       (0.00021363247 2.7711595e-05 -0.00059602482)  (0.097603732 -0.013778339 -0.0017432362)     
youweiduo                 (-1.9095554 12.630258 -7.6416238)             (0.023415258 0.011703722 -0.12573057)         (-1.8861402 12.641962 -7.7673544)             (-0.0067724917 0.044794886 -0.027102033)      (8.3045319e-05 4.1508804e-05 -0.00044592014)  (-0.0066894464 0.044836395 -0.027547953)     
zhongyangyi               (7.5178162 -274.99153 0.88998156)             (0.016488827 0.30784776 -0.014772578)         (7.534305 -274.68368 0.87520898)              (0.026662933 -0.97529395 0.0031564377)        (5.8479813e-05 0.0010918229 -5.2392908e-05)   (0.026721412 -0.97420213 0.0031040448)       
zuofuyi                   (-25.807765 -3.6782533 0.24084369)            (-0.04150549 0.010019475 0.15449146)          (-25.84927 -3.6682338 0.39533515)             (-0.091530663 -0.013045413 0.00085418411)     (-0.00014720473 3.5535396e-05 0.00054792445)  (-0.091677868 -0.013009878 0.0014021086)     
zuoweiduo                 (-0.45226499 -3.2876275 -2.0518174)           (0.011583652 0.049444832 0.0075551852)        (-0.44068134 -3.2381827 -2.0442622)           (-0.0016040178 -0.011660007 -0.0072770426)    (4.1082958e-05 0.00017536266 2.6795467e-05)   (-0.0015629348 -0.011484644 -0.0072502471)   
------------------------- --------------------------------------------- --------------------------------------------- --------------------------------------------- --------------------------------------------- --------------------------------------------- ---------------------------------------------
Net                       (25.828423 -20.804301 -44.651096)             (0.358439 1.4473946 -0.48492424)              (26.186862 -19.356907 -45.136021)             (0.091603928 -0.073785214 -0.15836104)        (0.0012712515 0.0051333769 -0.0017198482)     (0.092875179 -0.068651838 -0.16008089)       

Moments - Moment Center (0 0 0.05) Moment Axis (0 1 0)
                          Moments [N m]                                   Coefficients                                   
Zone                      Pressure        Viscous         Total           Pressure        Viscous         Total          
jidi                      -22.924758      -0.0034803094   -22.928238      -0.081305696    -1.2343379e-05  -0.08131804    
jishen                    -229.57328      -0.069364717    -229.64265      -0.81421212     -0.00024601117  -0.81445813    
jitou                     552.96222       0.12002718      553.08225       1.9611539       0.00042569232   1.9615796      
liangan                   651.04937       0.13591451      651.18529       2.309033        0.00048203884   2.309515       
waiyi                     -45.180168      0.51933158      -44.660836      -0.16023746     0.0018418784    -0.15839558    
weiyi                     -709.78811      0.32174407      -709.46637      -2.5173577      0.0011411081    -2.5162166     
xiaoyi                    55.8703         0.036392959     55.906693       0.19815143      0.00012907246   0.19828051     
youfuyi                   -3.8927206      0.0078134945    -3.8849071      -0.01380605     2.7711595e-05   -0.013778339   
youweiduo                 12.630258       0.011703722     12.641962       0.044794886     4.1508804e-05   0.044836395    
zhongyangyi               -274.99153      0.30784776      -274.68368      -0.97529395     0.0010918229    -0.97420213    
zuofuyi                   -3.6782533      0.010019475     -3.6682338      -0.013045413    3.5535396e-05   -0.013009878   
zuoweiduo                 -3.2876275      0.049444832     -3.2381827      -0.011660007    0.00017536266   -0.011484644   
------------------------- --------------- --------------- --------------- --------------- --------------- ---------------
Net                       -20.804301      1.4473946       -19.356907      -0.073785214    0.0051333769    -0.068651838   
