                                    "Force Report"

Moments - Moment Center (0 0 0.05)
                          Moments [N m]                                                                                                                             Coefficients                                                                                                                             
Zone                      Pressure                                      Viscous                                       Total                                         Pressure                                      Viscous                                       Total                                        
jidi                      (8.0257962e-10 -22.899535 0.0008858825)       (-1.3892641e-05 -0.0025713117 -0.00014478108) (-1.3891839e-05 -22.902106 0.00074110142)     (2.8464551e-12 -0.081216239 3.1418998e-06)    (-4.9272096e-08 -9.119498e-06 -5.1348531e-07) (-4.9269249e-08 -0.081225359 2.6284145e-06)  
jishen                    (-0.00011173587 -230.21718 0.012210213)       (3.9008653e-05 -0.069812306 -0.00059440885)   (-7.2727216e-05 -230.28699 0.011615804)       (-3.9628609e-07 -0.81649576 4.330514e-05)     (1.3834937e-07 -0.00024759861 -2.1081499e-06) (-2.5793672e-07 -0.81674336 4.119699e-05)    
jitou                     (0.0019238452 544.96222 -0.015583022)         (1.1656361e-06 0.028399928 6.1378859e-05)     (0.0019250108 544.99062 -0.015521643)         (6.8231721e-06 1.9327808 -5.5267255e-05)      (4.134083e-09 0.00010072411 2.1768827e-07)    (6.8273062e-06 1.9328815 -5.5049567e-05)     
liangan                   (-0.1257774 647.71791 -0.17516964)            (-0.0018787164 0.12487962 -0.0014526506)      (-0.12765611 647.84279 -0.1766223)            (-0.00044608622 2.2972175 -0.00062126239)     (-6.663117e-06 0.00044290216 -5.1520181e-06)  (-0.00045274934 2.2976604 -0.00062641441)    
waiyi                     (-0.67099019 -45.437216 -0.033121024)         (-0.0004200917 0.65455792 0.003850481)        (-0.67141028 -44.782658 -0.029270543)         (-0.0023797557 -0.16114912 -0.0001174681)     (-1.4899109e-06 0.0023214765 1.3656242e-05)   (-0.0023812457 -0.15882764 -0.00010381186)   
weiyi                     (-3.6941749 -661.35657 -12.120512)            (-0.0019534672 0.48578897 -0.0087779123)      (-3.6961284 -660.87078 -12.12929)             (-0.013101882 -2.3455888 -0.042987004)        (-6.9282306e-06 0.0017229151 -3.1132031e-05)  (-0.01310881 -2.3438659 -0.043018136)        
xiaoyi                    (0.010941729 55.914967 -0.00080639558)        (-8.5455078e-05 0.037784526 0.0019182134)     (0.010856274 55.952751 0.0011118178)          (3.8806296e-05 0.19830985 -2.8599889e-06)     (-3.0307777e-07 0.00013400784 6.8031984e-06)  (3.8503218e-05 0.19844386 3.9432094e-06)     
youfuyi                   (19.207287 -2.7675373 0.56613685)             (0.03114361 0.014294947 -0.19279167)          (19.238431 -2.7532424 0.37334519)             (0.068121193 -0.0098154384 0.0020078795)      (0.00011045495 5.0698925e-05 -0.00068376122)  (0.068231648 -0.0097647395 0.0013241182)     
youweiduo                 (-2.1508809 14.540106 -8.7619714)             (0.0002104162 0.052822933 -0.069735687)       (-2.1506705 14.592929 -8.8317071)             (-0.0076283844 0.051568414 -0.031075494)      (7.4626899e-07 0.00018734354 -0.00024732687)  (-0.0076276382 0.051755758 -0.031322821)     
zhongyangyi               (-0.095095919 -276.58776 -0.0027078747)       (6.1481402e-05 0.36552715 0.00031704523)      (-0.095034437 -276.22224 -0.0023908295)       (-0.00033727029 -0.98095521 -9.603837e-06)    (2.1805195e-07 0.0012963905 1.124443e-06)     (-0.00033705224 -0.97965882 -8.479394e-06)   
zuofuyi                   (-19.259408 -2.7751162 -0.56604131)           (-0.030954837 0.014403405 0.19340313)         (-19.290362 -2.7607127 -0.37263817)           (-0.068306044 -0.0098423177 -0.0020075406)    (-0.00010978544 5.1083585e-05 0.00068592988)  (-0.06841583 -0.0097912341 -0.0013216107)    
zuoweiduo                 (-0.13631711 -0.80935038 -0.59209537)         (-0.0023167419 0.044162044 0.066661355)       (-0.13863385 -0.76518834 -0.52543401)         (-0.00048346671 -0.0028704685 -0.0020999448)  (-8.2166326e-06 0.00015662655 0.00023642334)  (-0.00049168334 -0.002713842 -0.0018635215)  
------------------------- --------------------------------------------- --------------------------------------------- --------------------------------------------- --------------------------------------------- --------------------------------------------- ---------------------------------------------
Net                       (-6.9126027 20.284938 -21.688775)             (-0.0061675204 1.7502378 -0.0072854976)       (-6.9187703 22.035176 -21.69606)              (-0.024516463 0.071943224 -0.076922118)       (-2.1873929e-05 0.0062074507 -2.5838984e-05)  (-0.024538337 0.078150675 -0.076947957)      

Moments - Moment Center (0 0 0.05) Moment Axis (0 1 0)
                          Moments [N m]                                   Coefficients                                   
Zone                      Pressure        Viscous         Total           Pressure        Viscous         Total          
jidi                      -22.899535      -0.0025713117   -22.902106      -0.081216239    -9.119498e-06   -0.081225359   
jishen                    -230.21718      -0.069812306    -230.28699      -0.81649576     -0.00024759861  -0.81674336    
jitou                     544.96222       0.028399928     544.99062       1.9327808       0.00010072411   1.9328815      
liangan                   647.71791       0.12487962      647.84279       2.2972175       0.00044290216   2.2976604      
waiyi                     -45.437216      0.65455792      -44.782658      -0.16114912     0.0023214765    -0.15882764    
weiyi                     -661.35657      0.48578897      -660.87078      -2.3455888      0.0017229151    -2.3438659     
xiaoyi                    55.914967       0.037784526     55.952751       0.19830985      0.00013400784   0.19844386     
youfuyi                   -2.7675373      0.014294947     -2.7532424      -0.0098154384   5.0698925e-05   -0.0097647395  
youweiduo                 14.540106       0.052822933     14.592929       0.051568414     0.00018734354   0.051755758    
zhongyangyi               -276.58776      0.36552715      -276.22224      -0.98095521     0.0012963905    -0.97965882    
zuofuyi                   -2.7751162      0.014403405     -2.7607127      -0.0098423177   5.1083585e-05   -0.0097912341  
zuoweiduo                 -0.80935038     0.044162044     -0.76518834     -0.0028704685   0.00015662655   -0.002713842   
------------------------- --------------- --------------- --------------- --------------- --------------- ---------------
Net                       20.284938       1.7502378       22.035176       0.071943224     0.0062074507    0.078150675    
