                                    "Force Report"

Moments - Moment Center (0 0 0.05)
                          Moments [N m]                                                                                                                             Coefficients                                                                                                                             
Zone                      Pressure                                      Viscous                                       Total                                         Pressure                                      Viscous                                       Total                                        
jidi                      (5.3651891e-10 -22.896051 0.0007501721)       (-1.1397868e-05 -0.0021066922 -0.00012490872) (-1.1397331e-05 -22.898157 0.00062526338)     (1.9028355e-12 -0.081203882 2.6605849e-06)    (-4.0424051e-08 -7.4716633e-06 -4.4300536e-07) (-4.0422148e-08 -0.081211354 2.2175795e-06)  
jishen                    (-0.00037087867 -230.94127 0.012447284)       (-2.4186382e-06 -0.074295109 -0.00061422202)  (-0.00037329731 -231.01557 0.011833062)       (-1.3153704e-06 -0.81906386 4.4145944e-05)    (-8.5780213e-09 -0.00026349746 -2.1784199e-06) (-1.3239484e-06 -0.81932736 4.1967524e-05)   
jitou                     (0.001588583 541.70591 -0.01595244)           (-9.6472725e-08 -0.0057632693 6.6977792e-05)  (0.0015884865 541.70014 -0.015885463)         (5.6341203e-06 1.9212319 -5.6577447e-05)      (-3.4215332e-10 -2.0440199e-05 2.3754563e-07) (5.6337781e-06 1.9212114 -5.6339901e-05)     
liangan                   (-0.13923241 647.02211 -0.11596533)           (-0.0021227615 0.11598844 -0.0021275739)      (-0.14135518 647.1381 -0.1180929)             (-0.00049380623 2.2947498 -0.00041128642)     (-7.5286554e-06 0.00041136841 -7.5457232e-06) (-0.00050133489 2.2951612 -0.00041883214)    
waiyi                     (-0.48589822 -46.283211 -0.0072707714)        (-0.00044003646 0.65702365 0.0032177971)      (-0.48633826 -45.626187 -0.0040529743)        (-0.0017233025 -0.16414955 -2.5786756e-05)    (-1.5606477e-06 0.0023302216 1.1412344e-05)   (-0.0017248632 -0.16181933 -1.4374411e-05)   
weiyi                     (-3.6160505 -643.47872 -11.826823)            (-0.00182198 0.53103325 -0.0039611368)        (-3.6178725 -642.94769 -11.830784)            (-0.012824803 -2.2821827 -0.041945397)        (-6.4618938e-06 0.0018833799 -1.4048697e-05)  (-0.012831265 -2.2802993 -0.041959446)       
xiaoyi                    (0.0076764236 55.891168 0.0011010751)         (5.2499794e-05 0.038367331 0.001001913)       (0.0077289234 55.929535 0.0021029881)         (2.7225455e-05 0.19822544 3.9051089e-06)      (1.8619749e-07 0.00013607483 3.5534174e-06)   (2.7411652e-05 0.19836152 7.4585263e-06)     
youfuyi                   (17.612296 -2.5452342 0.7742687)              (0.024900536 0.016241724 -0.20393737)         (17.637197 -2.5289925 0.57033133)             (0.062464346 -0.0090270109 0.0027460467)      (8.8313053e-05 5.7603428e-05 -0.00072329094)  (0.062552659 -0.0089694074 0.0020227558)     
youweiduo                 (-2.2204956 15.075849 -9.0694219)             (-0.0017122139 0.056769245 -0.065592465)      (-2.2222078 15.132619 -9.1350143)             (-0.0078752823 0.0534685 -0.032165908)        (-6.0725937e-06 0.00020133966 -0.00023263238) (-0.0078813549 0.05366984 -0.03239854)       
zhongyangyi               (-0.058031533 -279.36091 0.0019038787)        (7.4813813e-05 0.36261027 0.00047369238)      (-0.057956719 -278.9983 0.0023775711)         (-0.00020581653 -0.99079054 6.7523584e-06)    (2.6533712e-07 0.0012860455 1.6800129e-06)    (-0.0002055512 -0.9895045 8.4323712e-06)     
zuofuyi                   (-17.648511 -2.5499946 -0.77388052)           (-0.02473604 0.016315282 0.20439634)          (-17.673247 -2.5336793 -0.56948418)           (-0.062592785 -0.0090438942 -0.00274467)      (-8.7729647e-05 5.7864314e-05 0.00072491875)  (-0.062680515 -0.0089860299 -0.0020197512)   
zuoweiduo                 (-0.081376746 -0.27580303 -0.27474941)        (-0.00093751335 0.048510549 0.065505678)      (-0.082314259 -0.22729248 -0.20924374)        (-0.00028861343 -0.00097817205 -0.00097443526) (-3.3250155e-06 0.0001720491 0.00023232458)   (-0.00029193844 -0.00080612295 -0.00074211068)
------------------------- --------------------------------------------- --------------------------------------------- --------------------------------------------- --------------------------------------------- --------------------------------------------- ---------------------------------------------
Net                       (-6.6284053 31.363842 -21.293592)             (-0.0067566087 1.7606947 -0.0016952763)       (-6.6351619 33.124537 -21.295287)             (-0.023508519 0.11123603 -0.07552055)         (-2.3963209e-05 0.0062445373 -6.0125225e-06)  (-0.023532482 0.11748057 -0.075526563)       

Moments - Moment Center (0 0 0.05) Moment Axis (0 1 0)
                          Moments [N m]                                   Coefficients                                   
Zone                      Pressure        Viscous         Total           Pressure        Viscous         Total          
jidi                      -22.896051      -0.0021066922   -22.898157      -0.081203882    -7.4716633e-06  -0.081211354   
jishen                    -230.94127      -0.074295109    -231.01557      -0.81906386     -0.00026349746  -0.81932736    
jitou                     541.70591       -0.0057632693   541.70014       1.9212319       -2.0440199e-05  1.9212114      
liangan                   647.02211       0.11598844      647.1381        2.2947498       0.00041136841   2.2951612      
waiyi                     -46.283211      0.65702365      -45.626187      -0.16414955     0.0023302216    -0.16181933    
weiyi                     -643.47872      0.53103325      -642.94769      -2.2821827      0.0018833799    -2.2802993     
xiaoyi                    55.891168       0.038367331     55.929535       0.19822544      0.00013607483   0.19836152     
youfuyi                   -2.5452342      0.016241724     -2.5289925      -0.0090270109   5.7603428e-05   -0.0089694074  
youweiduo                 15.075849       0.056769245     15.132619       0.0534685       0.00020133966   0.05366984     
zhongyangyi               -279.36091      0.36261027      -278.9983       -0.99079054     0.0012860455    -0.9895045     
zuofuyi                   -2.5499946      0.016315282     -2.5336793      -0.0090438942   5.7864314e-05   -0.0089860299  
zuoweiduo                 -0.27580303     0.048510549     -0.22729248     -0.00097817205  0.0001720491    -0.00080612295 
------------------------- --------------- --------------- --------------- --------------- --------------- ---------------
Net                       31.363842       1.7606947       33.124537       0.11123603      0.0062445373    0.11748057     
