                                    "Force Report"

Moments - Moment Center (0 0 0.05)
                          Moments [N m]                                                                                                                             Coefficients                                                                                                                             
Zone                      Pressure                                      Viscous                                       Total                                         Pressure                                      Viscous                                       Total                                        
jidi                      (1.2933129e-09 -22.903767 0.0008644834)       (-1.0865034e-05 -0.0024000548 -0.00011866648) (-1.0863741e-05 -22.906167 0.00074581692)     (4.5869057e-12 -0.081231248 3.0660051e-06)    (-3.8534285e-08 -8.512113e-06 -4.2086641e-07) (-3.8529698e-08 -0.08123976 2.6451387e-06)   
jishen                    (0.00032220989 -228.4881 0.021258167)         (6.0250085e-05 -0.057334711 -0.00041004866)   (0.00038245998 -228.54543 0.020848118)        (1.1427601e-06 -0.81036337 7.5394909e-05)     (2.1368492e-07 -0.00020334516 -1.454292e-06)  (1.3564451e-06 -0.81056671 7.3940617e-05)    
jitou                     (0.0016138259 553.71 -0.0040511295)           (-3.4098832e-06 0.12421649 0.00017906482)     (0.0016104161 553.83421 -0.0038720647)        (5.7236479e-06 1.963806 -1.4367869e-05)       (-1.2093603e-08 0.00044055025 6.3507714e-07)  (5.7115543e-06 1.9642465 -1.3732791e-05)     
liangan                   (-0.03766439 650.17468 -0.40457146)           (-0.0024893215 0.14627656 -0.0030309468)      (-0.040153711 650.32096 -0.4076024)           (-0.00013358176 2.3059308 -0.0014348664)      (-8.828709e-06 0.00051878922 -1.0749655e-05)  (-0.00014241047 2.3064496 -0.001445616)      
waiyi                     (-0.43686844 -44.853767 -0.019613158)         (1.5082062e-05 0.52740925 0.0041236669)       (-0.43685336 -44.326357 -0.015489492)         (-0.0015494119 -0.15907983 -6.9560669e-05)    (5.3490535e-08 0.0018705269 1.4625132e-05)    (-0.0015493584 -0.15720931 -5.4935537e-05)   
weiyi                     (-3.8109739 -716.11642 -12.992668)            (-0.0041798139 0.26185944 -0.01763999)        (-3.8151537 -715.85456 -13.010308)            (-0.013516125 -2.5398019 -0.046080222)        (-1.4824265e-05 0.00092871925 -6.2562564e-05) (-0.013530949 -2.5388732 -0.046142785)       
xiaoyi                    (0.0021390119 55.847663 0.014361475)          (9.1031112e-05 0.034879541 0.001631654)       (0.002230043 55.882543 0.015993129)           (7.5862896e-06 0.19807115 5.0934878e-05)      (3.2285392e-07 0.00012370492 5.7868774e-06)   (7.9091435e-06 0.19819485 5.6721755e-05)     
youfuyi                   (27.826694 -3.9364777 -0.2899199)             (0.050344807 0.0098270792 -0.16757926)        (27.877038 -3.9266507 -0.45749917)            (0.098691061 -0.013961241 -0.0010282394)      (0.00017855454 3.485304e-05 -0.00059434209)   (0.098869616 -0.013926388 -0.0016225815)     
youweiduo                 (-1.6760205 11.689195 -6.9518849)             (0.0077694241 0.03362067 -0.079957541)        (-1.668251 11.722816 -7.0318424)              (-0.005944229 0.041457281 -0.024655782)       (2.7555293e-05 0.00011924017 -0.00028358003)  (-0.0059166737 0.041576522 -0.024939362)     
zhongyangyi               (-0.041161028 -273.35955 -0.010659424)        (-9.962217e-05 0.30696423 3.2034645e-05)      (-0.04126065 -273.05258 -0.01062739)          (-0.00014598305 -0.9695059 -3.7805063e-05)    (-3.5332324e-07 0.0010886894 1.1361512e-07)   (-0.00014633637 -0.96841721 -3.7691448e-05)  
zuofuyi                   (-27.930585 -3.9503373 0.31190831)            (-0.050184461 0.0098646605 0.16741505)        (-27.98077 -3.9404726 0.47932335)             (-0.099059527 -0.014010395 0.0011062242)      (-0.00017798585 3.4986327e-05 0.00059375967)  (-0.099237513 -0.013975409 0.0016999839)     
zuoweiduo                 (-0.3235066 -2.3160825 -1.4763558)            (-0.0095756255 0.020136679 0.071763298)       (-0.33308222 -2.2959458 -1.4045925)           (-0.0011473591 -0.0082142938 -0.0052360917)   (-3.3961226e-05 7.1417406e-05 0.00025451806)  (-0.0011813203 -0.0081428764 -0.0049815736)  
------------------------- --------------------------------------------- --------------------------------------------- --------------------------------------------- --------------------------------------------- --------------------------------------------- ---------------------------------------------
Net                       (-6.4260115 -24.502956 -21.801332)            (-0.0082625246 1.4153198 -0.023591693)        (-6.434274 -23.087636 -21.824923)             (-0.022790702 -0.086902986 -0.077321315)      (-2.930414e-05 0.0050196196 -8.3671068e-05)   (-0.022820007 -0.081883366 -0.077404986)     

Moments - Moment Center (0 0 0.05) Moment Axis (0 1 0)
                          Moments [N m]                                   Coefficients                                   
Zone                      Pressure        Viscous         Total           Pressure        Viscous         Total          
jidi                      -22.903767      -0.0024000548   -22.906167      -0.081231248    -8.512113e-06   -0.08123976    
jishen                    -228.4881       -0.057334711    -228.54543      -0.81036337     -0.00020334516  -0.81056671    
jitou                     553.71          0.12421649      553.83421       1.963806        0.00044055025   1.9642465      
liangan                   650.17468       0.14627656      650.32096       2.3059308       0.00051878922   2.3064496      
waiyi                     -44.853767      0.52740925      -44.326357      -0.15907983     0.0018705269    -0.15720931    
weiyi                     -716.11642      0.26185944      -715.85456      -2.5398019      0.00092871925   -2.5388732     
xiaoyi                    55.847663       0.034879541     55.882543       0.19807115      0.00012370492   0.19819485     
youfuyi                   -3.9364777      0.0098270792    -3.9266507      -0.013961241    3.485304e-05    -0.013926388   
youweiduo                 11.689195       0.03362067      11.722816       0.041457281     0.00011924017   0.041576522    
zhongyangyi               -273.35955      0.30696423      -273.05258      -0.9695059      0.0010886894    -0.96841721    
zuofuyi                   -3.9503373      0.0098646605    -3.9404726      -0.014010395    3.4986327e-05   -0.013975409   
zuoweiduo                 -2.3160825      0.020136679     -2.2959458      -0.0082142938   7.1417406e-05   -0.0081428764  
------------------------- --------------- --------------- --------------- --------------- --------------- ---------------
Net                       -24.502956      1.4153198       -23.087636      -0.086902986    0.0050196196    -0.081883366   
