                                    "Force Report"

Moments - Moment Center (0 0 0.05)
                          Moments [N m]                                                                                                                             Coefficients                                                                                                                             
Zone                      Pressure                                      Viscous                                       Total                                         Pressure                                      Viscous                                       Total                                        
jidi                      (1.3427819e-09 -22.871814 0.00054990219)      (-1.730488e-06 0.00072777 -1.8418156e-05)     (-1.7291452e-06 -22.871087 0.00053148403)     (4.7623543e-12 -0.081117925 1.9503011e-06)    (-6.1374052e-09 2.5811329e-06 -6.5322434e-08) (-6.1326428e-09 -0.081115344 1.8849786e-06)  
jishen                    (-0.0017354321 -233.04555 0.0011114628)       (-0.00010114537 -0.10090955 -0.00039637383)   (-0.0018365775 -233.14646 0.00071508893)      (-6.1549404e-06 -0.82652697 3.9419502e-06)    (-3.5872548e-07 -0.0003578891 -1.4057924e-06) (-6.5136659e-06 -0.82688486 2.5361578e-06)   
jitou                     (-0.00019764065 528.44702 -0.0091184599)      (-1.4359999e-05 -0.1472549 0.00024829027)     (-0.00021200065 528.29976 -0.0088701696)      (-7.0095879e-07 1.8742075 -3.2339828e-05)     (-5.0929642e-08 -0.00052225903 8.805944e-07)  (-7.5188843e-07 1.8736852 -3.1459234e-05)    
liangan                   (-0.21693162 645.07451 0.2105927)             (-0.0036790716 0.12869854 -0.003021216)       (-0.22061069 645.20321 0.20757148)            (-0.00076937677 2.2878423 0.00074689495)      (-1.3048316e-05 0.00045644644 -1.0715143e-05) (-0.00078242509 2.2882988 0.00073617981)     
waiyi                     (-0.35592918 -55.239378 0.040838963)          (-0.00039175466 0.5053413 0.0037857295)       (-0.35632094 -54.734036 0.044624693)          (-0.0012623501 -0.19591378 0.0001448408)      (-1.3894099e-06 0.00179226 1.3426592e-05)     (-0.0012637395 -0.19412152 0.00015826739)    
weiyi                     (-3.5127954 -578.30057 -11.254802)            (-0.0011749626 0.6464298 0.0058813949)        (-3.5139704 -577.65414 -11.248921)            (-0.012458595 -2.0510197 -0.03991665)         (-4.1671608e-06 0.0022926491 2.0859147e-05)   (-0.012462762 -2.0487271 -0.039895791)       
xiaoyi                    (-0.0065703357 55.864003 0.0040225494)        (3.787894e-05 0.042308733 0.00076083954)      (-0.0065324567 55.906312 0.004783389)         (-2.3302567e-05 0.1981291 1.4266505e-05)      (1.3434269e-07 0.00015005354 2.6984184e-06)   (-2.3168225e-05 0.19827915 1.6964924e-05)    
youfuyi                   (10.571985 -1.5457262 0.95088776)             (-0.0057951739 0.020468493 -0.20069917)       (10.56619 -1.5252577 0.75018859)              (0.037494949 -0.0054821232 0.0033724496)      (-2.0553353e-05 7.2594226e-05 -0.00071180624) (0.037474396 -0.0054095289 0.0026606434)     
youweiduo                 (-2.4327778 17.128162 -10.157774)             (-0.0094818873 0.071686772 -0.047090911)      (-2.4422597 17.199849 -10.204865)             (-0.0086281695 0.060747299 -0.036025894)      (-3.3628772e-05 0.00025424665 -0.00016701416) (-0.0086617982 0.061001545 -0.036192908)     
zhongyangyi               (-0.038591298 -293.88395 0.0042798403)        (8.2716102e-05 0.2756984 0.00040235703)       (-0.038508582 -293.60825 0.0046821973)        (-0.00013686916 -1.0422984 1.5179022e-05)     (2.9336363e-07 0.00097780096 1.4270126e-06)   (-0.0001365758 -1.0413206 1.6606034e-05)     
zuofuyi                   (-10.60298 -1.5539127 -0.95163789)            (0.0061215327 0.02081495 0.20308455)          (-10.596858 -1.5330978 -0.74855334)           (-0.037604876 -0.0055111576 -0.00337511)      (2.1710828e-05 7.3822982e-05 0.00072026629)   (-0.037583165 -0.0054373346 -0.0026548438)   
zuoweiduo                 (0.080631512 1.5020311 0.78070915)            (0.0046646597 0.063966956 0.057128213)        (0.085296172 1.565998 0.83783737)             (0.00028597036 0.0053271526 0.0027688886)     (1.6543835e-05 0.0002268673 0.00020261279)    (0.00030251419 0.0055540199 0.0029715014)    
------------------------- --------------------------------------------- --------------------------------------------- --------------------------------------------- --------------------------------------------- --------------------------------------------- ---------------------------------------------
Net                       (-6.5158919 61.574822 -20.38034)              (-0.0097332985 1.5279773 0.020065281)         (-6.5256252 63.102799 -20.360275)             (-0.023109475 0.21838328 -0.072281582)        (-3.4520435e-05 0.0054191742 7.1164181e-05)   (-0.023143996 0.22380245 -0.072210418)       

Moments - Moment Center (0 0 0.05) Moment Axis (0 1 0)
                          Moments [N m]                                   Coefficients                                   
Zone                      Pressure        Viscous         Total           Pressure        Viscous         Total          
jidi                      -22.871814      0.00072777      -22.871087      -0.081117925    2.5811329e-06   -0.081115344   
jishen                    -233.04555      -0.10090955     -233.14646      -0.82652697     -0.0003578891   -0.82688486    
jitou                     528.44702       -0.1472549      528.29976       1.8742075       -0.00052225903  1.8736852      
liangan                   645.07451       0.12869854      645.20321       2.2878423       0.00045644644   2.2882988      
waiyi                     -55.239378      0.5053413       -54.734036      -0.19591378     0.00179226      -0.19412152    
weiyi                     -578.30057      0.6464298       -577.65414      -2.0510197      0.0022926491    -2.0487271     
xiaoyi                    55.864003       0.042308733     55.906312       0.1981291       0.00015005354   0.19827915     
youfuyi                   -1.5457262      0.020468493     -1.5252577      -0.0054821232   7.2594226e-05   -0.0054095289  
youweiduo                 17.128162       0.071686772     17.199849       0.060747299     0.00025424665   0.061001545    
zhongyangyi               -293.88395      0.2756984       -293.60825      -1.0422984      0.00097780096   -1.0413206     
zuofuyi                   -1.5539127      0.02081495      -1.5330978      -0.0055111576   7.3822982e-05   -0.0054373346  
zuoweiduo                 1.5020311       0.063966956     1.565998        0.0053271526    0.0002268673    0.0055540199   
------------------------- --------------- --------------- --------------- --------------- --------------- ---------------
Net                       61.574822       1.5279773       63.102799       0.21838328      0.0054191742    0.22380245     
