                                    "Force Report"

Forces
                          Forces [N]                                                                                                                                Coefficients                                                                                                                             
Zone                      Pressure                                      Viscous                                       Total                                         Pressure                                      Viscous                                       Total                                        
jidi                      (1145.6372 1.2624846e-07 0.00043615432)       (1.887185e-08 0.0014039757 0.0017469461)      (1145.6372 0.0014041019 0.0021831005)         (1.4818323 1.6329694e-10 5.6414681e-07)       (2.4409925e-11 1.8159821e-06 2.2595996e-06)   (1.4818323 1.8161453e-06 2.8237464e-06)      
jishen                    (9088.5829 0.73603145 -12500.247)             (1.1850543 -0.10719252 0.012169249)           (9089.768 0.62883894 -12500.235)              (11.75569 0.00095202497 -16.168531)           (0.0015328167 -0.0001386489 1.5740399e-05)    (11.757223 0.00081337607 -16.168515)         
jitou                     (-11259.221 -13.255292 21.702771)             (1.1291891 -0.1687576 0.24333788)             (-11258.091 -13.42405 21.946109)              (-14.563317 -0.017145149 0.028071599)         (0.0014605575 -0.00021828069 0.00031474706)   (-14.561856 -0.01736343 0.028386346)         
liangan                   (-81.090869 -1.0487843 -3068.4771)            (1.1919389 -0.11444795 0.14358047)            (-79.898931 -1.1632323 -3068.3335)            (-0.10488755 -0.0013565573 -3.9689429)        (0.0015417216 -0.00014803349 0.00018571515)   (-0.10334582 -0.0015045908 -3.9687572)       
waiyi                     (-192.69587 -0.16059085 1935.8279)            (3.7777281 -0.5196276 0.81617571)             (-188.91814 -0.68021845 1936.6441)            (-0.2492438 -0.00020771735 2.50391)           (0.0048863285 -0.00067211591 0.0010556881)    (-0.24435747 -0.00087983326 2.5049656)       
weiyi                     (43.467578 -15.634644 564.13182)              (1.401249 -0.1789955 0.061009264)             (44.868827 -15.81364 564.19283)               (0.056223439 -0.020222739 0.7296802)          (0.0018124552 -0.00023152297 7.8912854e-05)   (0.058035894 -0.020454262 0.72975911)        
xiaoyi                    (153.22816 -1.086426 -367.95418)              (0.35018505 -0.047125966 0.0535868)           (153.57835 -1.133552 -367.90059)              (0.19819403 -0.0014052452 -0.47593288)        (0.00045294927 -6.0955406e-05 6.9312217e-05)  (0.19864698 -0.0014662007 -0.47586356)       
youfuyi                   (-0.32082084 -0.91160765 20.717976)           (0.13826828 -0.045920146 0.039819)            (-0.18255256 -0.9575278 20.757795)            (-0.00041496794 -0.0011791252 0.02679781)     (0.00017884406 -5.939573e-05 5.1504161e-05)   (-0.00023612387 -0.0012385209 0.026849314)   
youweiduo                 (-0.87484521 0.28468137 0.53496287)           (0.1482297 -0.032165228 0.015852296)          (-0.72661552 0.25251614 0.55081517)           (-0.0011315746 0.00036822309 0.00069195142)   (0.00019172872 -4.1604337e-05 2.0504262e-05)  (-0.00093984586 0.00032661875 0.00071245568) 
zhongyangyi               (1029.3749 0.018800962 14356.945)             (2.176086 -0.1773264 0.36629035)              (1031.5509 -0.15852544 14357.311)             (1.331452 2.4318234e-05 18.570089)            (0.0028146734 -0.00022936406 0.00047378078)   (1.3342667 -0.00020504583 18.570563)         
zuofuyi                   (-0.091386187 0.78261865 19.297447)           (0.15159276 -0.053086854 0.03537605)          (0.060206575 0.7295318 19.332823)             (-0.00011820409 0.0010122835 0.024960416)     (0.00019607871 -6.8665558e-05 4.5757396e-05)  (7.7874611e-05 0.00094361794 0.025006174)    
zuoweiduo                 (-0.80189818 1.127718 -1.9161318)             (0.12961347 -0.011994288 -0.010789155)        (-0.67228471 1.1157237 -1.926921)             (-0.0010372207 0.0014586546 -0.0024784339)    (0.00016764944 -1.5514094e-05 -1.3955307e-05) (-0.0008695713 0.0014431405 -0.0024923893)   
------------------------- --------------------------------------------- --------------------------------------------- --------------------------------------------- --------------------------------------------- --------------------------------------------- ---------------------------------------------
Net                       (-74.805585 -29.147495 980.56379)             (11.779135 -1.4552361 1.7781549)              (-63.026451 -30.602731 982.34194)             (-0.096757801 -0.037701029 1.268317)          (0.015235803 -0.0018822852 0.0022999667)      (-0.081521998 -0.039583314 1.270617)         

Forces - Direction Vector (0.98063085 -0.1391731 0.13781868)
                          Forces [N]                                      Coefficients                                   
Zone                      Pressure        Viscous         Total           Pressure        Viscous         Total          
jidi                      1123.4472       4.5384663e-05   1123.4473       1.4531306       5.8703106e-08   1.4531306      
jishen                    7189.6749       1.1786963       7190.8536       9.2995346       0.0015245928    9.3010592      
jitou                     -11036.303      1.1643407       -11035.139      -14.274983      0.0015060245    -14.273477     
liangan                   -502.2677       1.2045682       -501.06314      -0.64966163     0.0015580571    -0.64810357    
waiyi                     77.852076       3.8893592       81.741435       0.10069831      0.0050307185    0.10572902     
weiyi                     122.54947       1.4074276       123.9569        0.15851246      0.0018204469    0.16033291     
xiaoyi                    99.700507       0.35734619      100.05785       0.12895831      0.00046221189   0.12942052     
youfuyi                   2.6675886       0.14746879      2.8150574       0.0034504108    0.00019074453   0.0036411554   
youweiduo                 -0.82379232     0.15201989      -0.67177243     -0.0010655399   0.00019663118   -0.00086890869 
zhongyangyi               2988.0893       2.2090977       2990.2984       3.8649647       0.0028573727    3.8678221      
zuofuyi                   2.4610131       0.16092028      2.6219334       0.0031832144    0.00020814345   0.0033913578   
zuoweiduo                 -1.2073929      0.1272853       -1.0801076      -0.0015617106   0.00016463806   -0.0013970726  
------------------------- --------------- --------------- --------------- --------------- --------------- ---------------
Net                       65.839888       11.998576       77.838463       0.085161057     0.01551964      0.1006807      
