                                    "Force Report"

Forces
                          Forces [N]                                                                                                                                Coefficients                                                                                                                             
Zone                      Pressure                                      Viscous                                       Total                                         Pressure                                      Viscous                                       Total                                        
jidi                      (1144.8597 6.3787586e-07 0.00043554436)       (1.4768878e-08 -0.0039895174 0.0003750561)    (1144.8597 -0.0039888795 0.00081060046)       (1.4808267 8.2506494e-10 5.6335786e-07)       (1.9102907e-11 -5.1602688e-06 4.851189e-07)   (1.4808267 -5.1594437e-06 1.0484768e-06)     
jishen                    (9084.902 0.36582033 -12511.102)              (1.2701308 -0.14907609 -0.0791298)            (9086.1721 0.21674424 -12511.182)             (11.750929 0.00047317283 -16.182572)          (0.0016428594 -0.0001928235 -0.00010235099)   (11.752572 0.00028034933 -16.182674)         
jitou                     (-11250.993 -20.368894 1.8294344)             (1.1401915 -0.25467645 0.03919932)            (-11249.853 -20.62357 1.8686337)              (-14.552675 -0.026346286 0.0023662946)        (0.0014747886 -0.00032941301 5.0702631e-05)   (-14.5512 -0.026675699 0.0024169972)         
liangan                   (-81.107255 -2.7626358 -3078.6724)            (1.2127501 -0.18324003 -0.013107947)          (-79.894505 -2.9458758 -3078.6855)            (-0.10490874 -0.0035733503 -3.9821301)        (0.00156864 -0.00023701309 -1.6954565e-05)    (-0.1033401 -0.0038103634 -3.9821471)        
waiyi                     (-132.07172 -0.37376776 1664.8752)            (4.2688592 -0.75886176 0.26449231)            (-127.80286 -1.1326295 1665.1397)             (-0.17082908 -0.00048345249 2.1534443)        (0.0055215854 -0.00098155499 0.0003421094)    (-0.1653075 -0.0014650075 2.1537864)         
weiyi                     (42.896325 -23.998692 509.22978)              (1.4178644 -0.27866893 -0.059525886)          (44.31419 -24.27736 509.17025)                (0.055484548 -0.031041273 0.65866677)         (0.0018339465 -0.00036044626 -7.6994168e-05)  (0.057318495 -0.03140172 0.65858978)         
xiaoyi                    (151.57731 -1.3714213 -371.8033)              (0.31752648 -0.060735658 -0.0058501442)       (151.89484 -1.4321569 -371.80915)             (0.19605872 -0.0017738743 -0.48091155)        (0.00041070682 -7.8558956e-05 -7.5669095e-06) (0.19646943 -0.0018524333 -0.48091912)       
youfuyi                   (-0.82616195 -0.48170316 13.799785)           (0.18432226 -0.0578593 0.011815925)           (-0.6418397 -0.53956246 13.811601)            (-0.0010686049 -0.00062306228 0.017849427)    (0.0002384129 -7.4838512e-05 1.528339e-05)    (-0.00083019199 -0.00069790079 0.017864711)  
youweiduo                 (-1.0529318 -0.66272897 -1.1049435)           (0.15944829 -0.03882886 0.0082816452)         (-0.8934835 -0.70155783 -1.0966619)           (-0.0013619219 -0.00085721136 -0.0014291968)  (0.00020623949 -5.0223457e-05 1.0711951e-05)  (-0.0011556824 -0.00090743482 -0.0014184849) 
zhongyangyi               (1054.8154 -0.032302291 14196.748)            (2.4768923 -0.33747303 0.081801219)           (1057.2922 -0.36977532 14196.829)             (1.3643582 -4.1781621e-05 18.362881)          (0.0032037534 -0.00043650682 0.00010580635)   (1.367562 -0.00047828844 18.362987)          
zuofuyi                   (-0.8942353 0.50860385 13.60457)              (0.20523916 -0.04751868 0.0095574503)         (-0.68899614 0.46108517 13.614128)            (-0.0011566548 0.00065785716 0.017596925)     (0.00026546801 -6.1463365e-05 1.236215e-05)   (-0.00089118681 0.0005963938 0.017609287)    
zuoweiduo                 (-0.91733695 2.0227103 -3.4020775)            (0.13054493 -0.028326118 -0.028626143)        (-0.78679201 1.9943842 -3.4307037)            (-0.0011865358 0.0026162886 -0.0044004407)    (0.00016885425 -3.6638613e-05 -3.7026682e-05) (-0.0010176816 0.00257965 -0.0044374674)     
------------------------- --------------------------------------------- --------------------------------------------- --------------------------------------------- --------------------------------------------- --------------------------------------------- ---------------------------------------------
Net                       (11.188118 -47.155009 434.00159)              (12.783769 -2.1992544 0.229283)               (23.971887 -49.354264 434.23087)              (0.014471348 -0.060992973 0.56136235)         (0.016535255 -0.0028446408 0.00029656768)     (0.031006603 -0.063837613 0.56165892)        

Forces - Direction Vector (0.9781476 -0.20791169 0)
                          Forces [N]                                      Coefficients                                   
Zone                      Pressure        Viscous         Total           Pressure        Viscous         Total          
jidi                      1119.8418       0.00082948175   1119.8426       1.448467        1.0728989e-06   1.4484681      
jishen                    8886.299        1.27337         8887.5724       11.494045       0.0016470493    11.495692      
jitou                     -11000.897      1.1682258       -10999.729      -14.229186      0.0015110497    -14.227675     
liangan                   -78.760482      1.2243463       -77.536136      -0.10187329     0.0015836392    -0.10028965    
waiyi                     -129.10793      4.3333506       -124.77458      -0.16699554     0.0056050023    -0.16139054    
weiyi                     46.948546       1.4448192       48.393365       0.060725921     0.0018688113    0.062594733    
xiaoyi                    148.55012       0.32321542      148.87333       0.19214317      0.00041806522   0.19256124     
youfuyi                   -0.70795661     0.192324        -0.51563262     -0.00091571137  0.0002487628    -0.00066694857 
youweiduo                 -0.8921336      0.16403693      -0.72809667     -0.0011539364   0.0002121747    -0.00094176167 
zhongyangyi               1031.7718       2.4929308       1034.2648       1.3345524       0.0032244986    1.3377769      
zuofuyi                   -0.9804388      0.21063388      -0.76980492     -0.0012681553   0.00027244585   -0.00099570948 
zuoweiduo                 -1.3178361      0.13358155      -1.1842545      -0.0017045641   0.00017278197   -0.0015317822  
------------------------- --------------- --------------- --------------- --------------- --------------- ---------------
Net                       20.747708       12.961664       33.709372       0.026836267     0.016765354     0.04360162     
