                                    "Force Report"

Forces
                          Forces [N]                                                                                                                                Coefficients                                                                                                                             
Zone                      Pressure                                      Viscous                                       Total                                         Pressure                                      Viscous                                       Total                                        
jidi                      (1145.0146 3.2982787e-07 0.00043530952)       (6.4406362e-09 -0.0010278329 0.00072353201)   (1145.0146 -0.001027503 0.0011588415)         (1.4810271 4.2661814e-10 5.6305411e-07)       (8.3306854e-12 -1.3294575e-06 9.3585748e-07)  (1.4810271 -1.3290309e-06 1.4989116e-06)     
jishen                    (9084.1951 1.3788078 -12504.213)              (1.1877417 -0.10966252 -0.039509435)          (9085.3828 1.2691452 -12504.253)              (11.750015 0.0017834284 -16.173661)           (0.0015362927 -0.00014184375 -5.1103751e-05)  (11.751551 0.0016415847 -16.173712)          
jitou                     (-11251.205 -13.591736 7.2081552)             (1.1511463 -0.16919008 0.091231718)           (-11250.054 -13.760927 7.2993869)             (-14.552949 -0.017580325 0.0093234382)        (0.0014889581 -0.00021884008 0.0001180043)    (-14.55146 -0.017799165 0.0094414424)        
liangan                   (-81.086489 -1.4682238 -3075.8789)            (1.1424056 -0.11456583 0.024472574)           (-79.944084 -1.5827896 -3075.8544)            (-0.10488188 -0.0018990842 -3.9785168)        (0.0014776524 -0.00014818597 3.1654219e-05)   (-0.10340423 -0.0020472702 -3.9784851)       
waiyi                     (-142.05291 -0.20843363 1746.7892)            (4.3929739 -0.52917618 0.42071541)            (-137.65993 -0.73760981 1747.2099)            (-0.18373931 -0.00026959992 2.2593965)        (0.0056821224 -0.00068446658 0.00054417725)   (-0.17805719 -0.0009540665 2.2599407)        
weiyi                     (45.456944 -14.986913 522.85464)              (1.5134988 -0.19108179 -0.031114257)          (46.970443 -15.177995 522.82353)              (0.058796598 -0.019384926 0.67628995)         (0.0019576455 -0.00024715606 -4.024495e-05)   (0.060754243 -0.019632082 0.67624971)        
xiaoyi                    (152.03836 -0.79166231 -370.49534)            (0.32574403 -0.041629784 0.011816125)         (152.3641 -0.8332921 -370.48352)              (0.19665506 -0.0010239811 -0.47921976)        (0.00042133587 -5.3846331e-05 1.5283648e-05)  (0.1970764 -0.0010778274 -0.47920447)        
youfuyi                   (-0.74499666 -0.54714138 14.842933)           (0.16883337 -0.041214219 0.020474543)         (-0.57616328 -0.5883556 14.863407)            (-0.00096362107 -0.0007077038 0.019198694)    (0.00021837869 -5.3308816e-05 2.6482939e-05)  (-0.00074524238 -0.00076101262 0.019225177)  
youweiduo                 (-0.97206549 -0.29250797 -0.45970733)         (0.15347468 -0.031252829 0.0089321487)        (-0.81859081 -0.3237608 -0.45077518)          (-0.0012573248 -0.00037834645 -0.00059461162) (0.00019851288 -4.0424187e-05 1.1553349e-05)  (-0.0010588119 -0.00041877064 -0.00058305827)
zhongyangyi               (1050.9081 -0.012937777 14245.166)            (2.5555678 -0.22909213 0.1640943)             (1053.4637 -0.2420299 14245.33)               (1.3593044 -1.6734458e-05 18.425509)          (0.0033055168 -0.00029632079 0.00021224891)   (1.3626099 -0.00031305525 18.425721)         
zuofuyi                   (-0.76614663 0.53904962 14.564318)            (0.17686789 -0.041425749 0.02011049)          (-0.58927874 0.49762387 14.584428)            (-0.00099097765 0.00069723745 0.018838318)    (0.000228771 -5.3582421e-05 2.6012052e-05)    (-0.00076220665 0.00064365503 0.01886433)    
zuoweiduo                 (-0.92737423 1.9330079 -3.2662099)            (0.13237344 -0.015731532 -0.021294898)        (-0.79500078 1.9172764 -3.2875048)            (-0.0011995186 0.0025002624 -0.0042247017)    (0.00017121934 -2.0348059e-05 -2.7544033e-05) (-0.0010282993 0.0024799144 -0.0042522457)   
------------------------- --------------------------------------------- --------------------------------------------- --------------------------------------------- --------------------------------------------- --------------------------------------------- ---------------------------------------------
Net                       (-0.14167263 -28.048691 597.11231)            (12.900627 -1.5150505 0.67065225)             (12.758955 -29.563741 597.78296)              (-0.00018324744 -0.036279773 0.77233904)      (0.016686406 -0.0019596525 0.00086745979)     (0.016503158 -0.038239425 0.7732065)         

Forces - Direction Vector (0.98966482 -0.1391731 0.034559857)
                          Forces [N]                                      Coefficients                                   
Zone                      Pressure        Viscous         Total           Pressure        Viscous         Total          
jidi                      1133.1807       0.00016805822   1133.1809       1.4657204       2.1737607e-07   1.4657206      
jishen                    8557.9726       1.1893628       8559.162        11.069369       0.0015383895    11.070907      
jitou                     -11132.781      1.1659486       -11131.615      -14.399772      0.0015081043    -14.398264     
liangan                   -186.34604      1.1473889       -185.19865      -0.24103058     0.0014840981    -0.23954648    
waiyi                     -80.186974      4.4357587       -75.751215      -0.10371839     0.0057374627    -0.097980932   
weiyi                     65.142695       1.5233747       66.66607        0.084259269     0.0019704195    0.086229688    
xiaoyi                    137.77293       0.32857952      138.10151       0.17820334      0.00042500345   0.17862835     
youfuyi                   -0.14817999     0.17353196      0.025351972     -0.00019166443  0.00022445611   3.2791683e-05  
youweiduo                 -0.9371972      0.15654674      -0.78065046     -0.0012122242   0.00020248646   -0.0010097377  
zhongyangyi               1532.3595       2.5667101       1534.9262       1.982041        0.0033199289    1.9853609      
zuofuyi                   -0.32990883     0.1815003       -0.14840853     -0.00042672285  0.00023476281   -0.00019196004 
zuoweiduo                 -1.2996921      0.1324588       -1.1672333      -0.0016810957   0.00017132975   -0.001509766   
------------------------- --------------- --------------- --------------- --------------- --------------- ---------------
Net                       24.399531       13.001329       37.40086        0.031559742     0.016816659     0.048376401    
