                                    "Force Report"

Moments - Moment Center (0 0 0.05)
                          Moments [N m]                                                                                                                             Coefficients                                                                                                                             
Zone                      Pressure                                      Viscous                                       Total                                         Pressure                                      Viscous                                       Total                                        
jidi                      (-1.164511e-08 -22.900837 0.0030692711)       (7.1046203e-05 -0.0026010961 0.00049517455)   (7.1034558e-05 -22.903438 0.0035644457)       (-4.1300926e-11 -0.081220856 1.0885577e-05)   (2.5197479e-07 -9.2251325e-06 1.7562023e-06)  (2.5193349e-07 -0.081230081 1.264178e-05)    
jishen                    (0.094523094 -230.27222 0.93098912)           (-0.012443903 -0.068332315 -0.003038741)      (0.08207919 -230.34055 0.92795038)            (0.0003352387 -0.81669098 0.0033018765)       (-4.4133955e-05 -0.00024234962 -1.0777298e-05) (0.00029110474 -0.81693333 0.0032910992)     
jitou                     (-0.42954818 545.00634 4.2351776)             (-0.0046215121 0.028720956 0.053472391)       (-0.43416969 545.03506 4.28865)               (-0.0015234496 1.9329373 0.015020619)         (-1.6390806e-05 0.00010186268 0.00018964693)  (-0.0015398404 1.9330392 0.015210266)        
liangan                   (0.32130986 647.56755 -0.23772535)            (0.0074414431 0.11912714 0.010152605)         (0.3287513 647.68667 -0.22757274)             (0.0011395681 2.2966842 -0.00084312449)       (2.6392065e-05 0.00042250021 3.6007562e-05)   (0.0011659601 2.2971067 -0.00080711693)      
waiyi                     (3.1580043 -45.403022 -0.17310489)            (0.032568261 0.65304378 -0.010721347)         (3.1905726 -44.749979 -0.18382624)            (0.011200281 -0.16102784 -0.00061393947)      (0.00011550766 0.0023161064 -3.8024679e-05)   (0.011315789 -0.15871174 -0.00065196415)     
weiyi                     (-2.4027096 -678.24464 -7.1438196)            (0.030684991 0.46067416 -0.12069453)          (-2.3720246 -677.78396 -7.2645142)            (-0.0085215285 -2.4054846 -0.025336504)       (0.00010882839 0.001633842 -0.00042805916)    (-0.0084127001 -2.4038508 -0.025764563)      
xiaoyi                    (3.7654255 55.926663 -0.097184133)            (0.038361502 0.038318821 -0.016911388)        (3.803787 55.964982 -0.11409552)              (0.013354581 0.19835133 -0.00034467643)       (0.00013605416 0.00013590278 -5.9978481e-05)  (0.013490635 0.19848723 -0.00040465491)      
youfuyi                   (19.467331 -2.8132589 0.58855242)             (0.033384978 0.01398123 -0.19464377)          (19.500716 -2.7992777 0.39390865)             (0.069043474 -0.009977596 0.0020873793)       (0.00011840426 4.9586287e-05 -0.00069032996)  (0.069161878 -0.0099280097 0.0013970493)     
youweiduo                 (0.048266042 -0.5946326 0.49326089)           (0.006084456 0.03804428 -0.07888431)          (0.054350498 -0.55658832 0.41437658)          (0.00017118192 -0.0021089434 0.0017494152)    (2.1579331e-05 0.00013492909 -0.00027977367)  (0.00019276125 -0.0019740143 0.0014696415)   
zhongyangyi               (2.7939444 -276.72369 0.48201828)             (0.014612934 0.36443757 -0.010369265)         (2.8085573 -276.35925 0.47164902)             (0.0099090944 -0.98143727 0.0017095418)       (5.1826711e-05 0.0012925262 -3.6775973e-05)   (0.0099609211 -0.98014474 0.0016727658)      
zuofuyi                   (-19.157335 -2.7692188 -0.60144501)           (-0.027986911 0.01493391 0.19187596)          (-19.185322 -2.7542849 -0.40956905)           (-0.067944032 -0.0098214021 -0.0021331045)    (-9.9259293e-05 5.2965092e-05 0.00068051357)  (-0.068043291 -0.009768437 -0.001452591)     
zuoweiduo                 (0.60147802 3.8989744 2.1271247)              (0.0045589709 0.054753163 0.047114383)        (0.60603699 3.9537275 2.1742391)              (0.0021332216 0.01382823 0.00754413)          (1.6168995e-05 0.00019418936 0.00016709741)   (0.0021493906 0.014022419 0.0077112274)      
------------------------- --------------------------------------------- --------------------------------------------- --------------------------------------------- --------------------------------------------- --------------------------------------------- ---------------------------------------------
Net                       (8.2606895 -7.3219812 0.60691328)             (0.12271626 1.7151016 -0.13215283)            (8.3834058 -5.6068796 0.47476045)             (0.029297632 -0.025968378 0.0021524985)       (0.00043522949 0.0060828354 -0.00046869756)   (0.029732861 -0.019885543 0.0016838009)      

Moments - Moment Center (0 0 0.05) Moment Axis (0 1 0)
                          Moments [N m]                                   Coefficients                                   
Zone                      Pressure        Viscous         Total           Pressure        Viscous         Total          
jidi                      -22.900837      -0.0026010961   -22.903438      -0.081220856    -9.2251325e-06  -0.081230081   
jishen                    -230.27222      -0.068332315    -230.34055      -0.81669098     -0.00024234962  -0.81693333    
jitou                     545.00634       0.028720956     545.03506       1.9329373       0.00010186268   1.9330392      
liangan                   647.56755       0.11912714      647.68667       2.2966842       0.00042250021   2.2971067      
waiyi                     -45.403022      0.65304378      -44.749979      -0.16102784     0.0023161064    -0.15871174    
weiyi                     -678.24464      0.46067416      -677.78396      -2.4054846      0.001633842     -2.4038508     
xiaoyi                    55.926663       0.038318821     55.964982       0.19835133      0.00013590278   0.19848723     
youfuyi                   -2.8132589      0.01398123      -2.7992777      -0.009977596    4.9586287e-05   -0.0099280097  
youweiduo                 -0.5946326      0.03804428      -0.55658832     -0.0021089434   0.00013492909   -0.0019740143  
zhongyangyi               -276.72369      0.36443757      -276.35925      -0.98143727     0.0012925262    -0.98014474    
zuofuyi                   -2.7692188      0.01493391      -2.7542849      -0.0098214021   5.2965092e-05   -0.009768437   
zuoweiduo                 3.8989744       0.054753163     3.9537275       0.01382823      0.00019418936   0.014022419    
------------------------- --------------- --------------- --------------- --------------- --------------- ---------------
Net                       -7.3219812      1.7151016       -5.6068796      -0.025968378    0.0060828354    -0.019885543   
