                                    "Force Report"

Moments - Moment Center (0 0 0.05)
                          Moments [N m]                                                                                                                             Coefficients                                                                                                                             
Zone                      Pressure                                      Viscous                                       Total                                         Pressure                                      Viscous                                       Total                                        
jidi                      (-1.2273082e-08 -22.920557 0.0059680637)      (1.763983e-05 -0.00097829012 0.00078622596)   (1.7627556e-05 -22.921535 0.0067542897)       (-4.3528113e-11 -0.081290797 2.116653e-05)    (6.2561996e-08 -3.4696357e-06 2.7884547e-06)  (6.2518468e-08 -0.081294267 2.3954985e-05)   
jishen                    (0.071887124 -229.35904 1.6248356)            (-0.020132327 -0.061308312 0.0038160386)      (0.051754796 -229.42035 1.6286517)            (0.00025495722 -0.81345229 0.0057626951)      (-7.140197e-05 -0.00021743806 1.3534087e-05)  (0.00018355525 -0.81366973 0.0057762292)     
jitou                     (-0.84578246 550.92366 8.3499746)             (-0.0091919087 0.093727944 0.10720015)        (-0.85497437 551.01739 8.4571747)             (-0.0029996797 1.9539239 0.029614293)         (-3.2600324e-05 0.00033241859 0.00038019955)  (-0.00303228 1.9542563 0.029994492)          
liangan                   (0.46900663 649.24378 -1.1779435)             (0.0063478243 0.12327206 0.0064412553)        (0.47535445 649.36705 -1.1715023)             (0.0016633942 2.3026292 -0.004177733)         (2.2513401e-05 0.00043720072 2.2844767e-05)   (0.0016859076 2.3030664 -0.0041548882)       
waiyi                     (8.591326 -45.198626 -1.2598524)              (0.066904088 0.58140092 -0.05628972)          (8.6582301 -44.617225 -1.3161422)             (0.030470278 -0.16030293 -0.0044682338)       (0.00023728422 0.0020620155 -0.00019963896)   (0.030707562 -0.15824091 -0.0046678728)      
weiyi                     (-6.1903546 -711.94942 -20.264237)            (0.0592978 0.34380882 -0.25316135)            (-6.1310568 -711.60561 -20.517398)            (-0.021954914 -2.5250231 -0.071869805)        (0.00021030752 0.0012193636 -0.00089787031)   (-0.021744606 -2.5238037 -0.072767676)       
xiaoyi                    (10.506881 55.904355 -0.51869824)             (0.089562057 0.037448531 -0.020623647)        (10.596443 55.941804 -0.53932189)             (0.037264046 0.19827221 -0.0018396321)        (0.00031764372 0.00013281619 -7.3144501e-05)  (0.03758169 0.19840503 -0.0019127766)        
youfuyi                   (24.552548 -3.55019 0.19170146)               (0.050736135 0.0097570969 -0.17658467)        (24.603284 -3.5404329 0.015116784)            (0.087078868 -0.01259122 0.00067989465)       (0.00017994243 3.4604839e-05 -0.00062628097)  (0.087258811 -0.012556615 5.3613682e-05)     
youweiduo                 (0.048704596 -0.98366668 0.70372271)          (0.014770023 0.021066077 -0.097967017)        (0.063474619 -0.9626006 0.60575569)           (0.00017273731 -0.0034887044 0.002495846)     (5.2383847e-05 7.4713636e-05 -0.00034745303)  (0.00022512116 -0.0034139908 0.0021483929)   
zhongyangyi               (7.0567691 -274.96445 1.0449465)              (0.016501615 0.33115576 -0.020249744)         (7.0732707 -274.6333 1.0246968)               (0.025027768 -0.97519792 0.0037060415)        (5.8525168e-05 0.0011744878 -7.1818404e-05)   (0.025086293 -0.97402343 0.0036342231)       
zuofuyi                   (-22.835371 -3.2881861 -0.022324213)          (-0.036343718 0.011809974 0.16976536)         (-22.871715 -3.2763761 0.14744115)            (-0.080988673 -0.011661988 -7.9175782e-05)    (-0.00012889782 4.1885638e-05 0.00060209537)  (-0.081117571 -0.011620103 0.00052291959)    
zuoweiduo                 (0.39506284 2.3613399 1.2397302)              (0.0074303061 0.052454962 0.030487921)        (0.40249315 2.4137948 1.2702181)              (0.0014011428 0.0083748052 0.0043968676)      (2.6352567e-05 0.00018603848 0.00010812946)   (0.0014274954 0.0085608437 0.004504997)      
------------------------- --------------------------------------------- --------------------------------------------- --------------------------------------------- --------------------------------------------- --------------------------------------------- ---------------------------------------------
Net                       (21.820677 -33.781014 -10.082176)             (0.24589953 1.5436155 -0.3063792)             (22.066576 -32.237398 -10.388555)             (0.077389925 -0.11980885 -0.035757776)        (0.00087211533 0.0054746374 -0.0010866145)    (0.07826204 -0.11433421 -0.03684439)         

Moments - Moment Center (0 0 0.05) Moment Axis (0 1 0)
                          Moments [N m]                                   Coefficients                                   
Zone                      Pressure        Viscous         Total           Pressure        Viscous         Total          
jidi                      -22.920557      -0.00097829012  -22.921535      -0.081290797    -3.4696357e-06  -0.081294267   
jishen                    -229.35904      -0.061308312    -229.42035      -0.81345229     -0.00021743806  -0.81366973    
jitou                     550.92366       0.093727944     551.01739       1.9539239       0.00033241859   1.9542563      
liangan                   649.24378       0.12327206      649.36705       2.3026292       0.00043720072   2.3030664      
waiyi                     -45.198626      0.58140092      -44.617225      -0.16030293     0.0020620155    -0.15824091    
weiyi                     -711.94942      0.34380882      -711.60561      -2.5250231      0.0012193636    -2.5238037     
xiaoyi                    55.904355       0.037448531     55.941804       0.19827221      0.00013281619   0.19840503     
youfuyi                   -3.55019        0.0097570969    -3.5404329      -0.01259122     3.4604839e-05   -0.012556615   
youweiduo                 -0.98366668     0.021066077     -0.9626006      -0.0034887044   7.4713636e-05   -0.0034139908  
zhongyangyi               -274.96445      0.33115576      -274.6333       -0.97519792     0.0011744878    -0.97402343    
zuofuyi                   -3.2881861      0.011809974     -3.2763761      -0.011661988    4.1885638e-05   -0.011620103   
zuoweiduo                 2.3613399       0.052454962     2.4137948       0.0083748052    0.00018603848   0.0085608437   
------------------------- --------------- --------------- --------------- --------------- --------------- ---------------
Net                       -33.781014      1.5436155       -32.237398      -0.11980885     0.0054746374    -0.11433421    
