                                    "Force Report"

Moments - Moment Center (0 0 0.05)
                          Moments [N m]                                                                                                                             Coefficients                                                                                                                             
Zone                      Pressure                                      Viscous                                       Total                                         Pressure                                      Viscous                                       Total                                        
jidi                      (-7.0709315e-09 -22.92488 0.0076418301)       (8.9436748e-05 -0.0029213482 0.0023732882)    (8.9429677e-05 -22.927801 0.010015118)        (-2.5077997e-11 -0.081306128 2.7102764e-05)   (3.1719929e-07 -1.0360949e-05 8.4171815e-06)  (3.1717422e-07 -0.081316489 3.5519946e-05)   
jishen                    (-0.055059547 -229.74618 2.3157232)           (-0.016277261 -0.069939693 0.010974735)       (-0.071336808 -229.81612 2.326698)            (-0.00019527599 -0.81482533 0.0082130197)     (-5.7729465e-05 -0.0002480504 3.8923353e-05)  (-0.00025300545 -0.81507338 0.0082519431)    
jitou                     (-0.87157044 555.41937 8.6001952)             (-0.009256632 0.15108501 0.10865996)          (-0.88082707 555.57046 8.7088551)             (-0.0030911402 1.9698685 0.030501733)         (-3.2829874e-05 0.00053584304 0.00038537697)  (-0.0031239701 1.9704043 0.03088711)         
liangan                   (0.1668981 650.41543 -1.073139)               (-0.0013458077 0.13458192 0.022631967)        (0.16555229 650.55001 -1.0505071)             (0.00059192626 2.3067846 -0.00380603)         (-4.7730856e-06 0.00047731263 8.0267273e-05)  (0.00058715318 2.307262 -0.0037257627)       
waiyi                     (14.569277 -45.801647 -0.57411522)            (0.081346163 0.47672188 -0.072217764)         (14.650623 -45.324925 -0.64633299)            (0.051671874 -0.16244162 -0.0020361758)       (0.00028850496 0.0016907574 -0.00025612988)   (0.051960379 -0.16075086 -0.0022923057)      
weiyi                     (-6.7225982 -744.81507 -20.314383)            (0.05672296 0.2350198 -0.26610956)            (-6.6658753 -744.58005 -20.580493)            (-0.023842587 -2.6415855 -0.072047656)        (0.00020117551 0.00083352892 -0.00094379285)  (-0.023641411 -2.640752 -0.072991449)        
xiaoyi                    (13.660891 55.752243 -0.89807172)             (0.10484661 0.034040898 -0.027144548)         (13.765737 55.786284 -0.92521627)             (0.048450162 0.19773273 -0.0031851305)        (0.00037185241 0.00012073056 -9.6271741e-05)  (0.048822014 0.19785346 -0.0032814023)       
youfuyi                   (30.471304 -4.3057961 -0.5063646)             (0.061295394 0.0077146766 -0.16493682)        (30.532599 -4.2980814 -0.67130143)            (0.10807052 -0.015271077 -0.0017958893)       (0.00021739225 2.7361124e-05 -0.00058497033)  (0.10828792 -0.015243716 -0.0023808596)      
youweiduo                 (0.16375976 -2.0489966 1.3221573)             (0.014515135 0.014460458 -0.092487176)        (0.1782749 -2.0345362 1.2296701)              (0.00058079572 -0.0072670384 0.0046892063)    (5.1479854e-05 5.1285934e-05 -0.00032801804)  (0.00063227558 -0.0072157525 0.0043611883)   
zhongyangyi               (5.8445916 -274.4928 -0.38790408)             (0.0069602555 0.28445578 -0.025310101)        (5.8515518 -274.20834 -0.41321419)            (0.02072862 -0.97352514 -0.0013757533)        (2.468547e-05 0.0010088602 -8.9765633e-05)    (0.020753305 -0.97251628 -0.0014655189)      
zuofuyi                   (-29.322195 -4.156321 0.46655282)             (-0.049877976 0.0084590487 0.15019727)        (-29.372073 -4.147862 0.61675008)             (-0.10399506 -0.014740944 0.0016546915)       (-0.00017689886 3.0001139e-05 0.00053269454)  (-0.10417195 -0.014710943 0.002187386)       
zuoweiduo                 (0.34045927 1.1925514 0.5382657)              (0.0058133001 0.040499413 0.025682825)        (0.34627257 1.2330509 0.56394853)             (0.001207484 0.004229542 0.0019090307)        (2.061764e-05 0.00014363654 9.1087546e-05)    (0.0012281016 0.0043731785 0.0020001183)     
------------------------- --------------------------------------------- --------------------------------------------- --------------------------------------------- --------------------------------------------- --------------------------------------------- ---------------------------------------------
Net                       (28.245757 -65.512099 -10.503442)             (0.25483158 1.3141778 -0.32768593)            (28.500589 -64.197921 -10.831128)             (0.10017733 -0.23234735 -0.03725185)          (0.00090379401 0.0046609061 -0.0011621816)    (0.10108112 -0.22768644 -0.038414032)        

Moments - Moment Center (0 0 0.05) Moment Axis (0 1 0)
                          Moments [N m]                                   Coefficients                                   
Zone                      Pressure        Viscous         Total           Pressure        Viscous         Total          
jidi                      -22.92488       -0.0029213482   -22.927801      -0.081306128    -1.0360949e-05  -0.081316489   
jishen                    -229.74618      -0.069939693    -229.81612      -0.81482533     -0.0002480504   -0.81507338    
jitou                     555.41937       0.15108501      555.57046       1.9698685       0.00053584304   1.9704043      
liangan                   650.41543       0.13458192      650.55001       2.3067846       0.00047731263   2.307262       
waiyi                     -45.801647      0.47672188      -45.324925      -0.16244162     0.0016907574    -0.16075086    
weiyi                     -744.81507      0.2350198       -744.58005      -2.6415855      0.00083352892   -2.640752      
xiaoyi                    55.752243       0.034040898     55.786284       0.19773273      0.00012073056   0.19785346     
youfuyi                   -4.3057961      0.0077146766    -4.2980814      -0.015271077    2.7361124e-05   -0.015243716   
youweiduo                 -2.0489966      0.014460458     -2.0345362      -0.0072670384   5.1285934e-05   -0.0072157525  
zhongyangyi               -274.4928       0.28445578      -274.20834      -0.97352514     0.0010088602    -0.97251628    
zuofuyi                   -4.156321       0.0084590487    -4.147862       -0.014740944    3.0001139e-05   -0.014710943   
zuoweiduo                 1.1925514       0.040499413     1.2330509       0.004229542     0.00014363654   0.0043731785   
------------------------- --------------- --------------- --------------- --------------- --------------- ---------------
Net                       -65.512099      1.3141778       -64.197921      -0.23234735     0.0046609061    -0.22768644    
