                                    "Force Report"

Moments - Moment Center (0 0 0.05)
                          Moments [N m]                                                                                                                             Coefficients                                                                                                                             
Zone                      Pressure                                      Viscous                                       Total                                         Pressure                                      Viscous                                       Total                                        
jidi                      (1.5691509e-08 -22.885603 0.0077195913)       (3.9683365e-05 1.132492e-05 -0.001587609)     (3.9699057e-05 -22.885592 0.0061319823)       (5.5652019e-11 -0.081166829 2.7378555e-05)    (1.4074232e-07 4.0165331e-08 -5.630666e-06)   (1.4079797e-07 -0.081166789 2.1747889e-05)   
jishen                    (0.45879755 -231.67112 3.2956258)             (-0.035341894 -0.095104962 0.014544273)       (0.42345566 -231.76623 3.3101701)             (0.0016271864 -0.82165237 0.011688374)        (-0.00012534472 -0.00033730237 5.1583194e-05) (0.0015018417 -0.82198968 0.011739958)       
jitou                     (-1.3160016 532.13719 12.870001)              (-0.01455001 -0.10756818 0.16245197)          (-1.3305516 532.02962 13.032453)              (-0.0046673742 1.8872952 0.045645165)         (-5.1603541e-05 -0.00038150483 0.00057615746) (-0.0047189777 1.8869137 0.046221323)        
liangan                   (0.50984389 646.15696 -0.11369503)            (0.014470957 0.13312203 0.0067632317)         (0.52431485 646.29009 -0.1069318)             (0.001808229 2.2916814 -0.0004032345)         (5.132317e-05 0.00047213493 2.3986699e-05)    (0.0018595522 2.2921535 -0.0003792478)       
waiyi                     (12.029254 -51.778317 -1.2336725)             (0.098884703 0.53731905 -0.033724085)         (12.128139 -51.240998 -1.2673966)             (0.042663347 -0.18363867 -0.0043753832)       (0.00035070772 0.0019056733 -0.00011960694)   (0.043014054 -0.181733 -0.0044949902)        
weiyi                     (-8.865239 -613.42052 -26.551343)             (0.10250331 0.55228716 -0.28856565)           (-8.7627357 -612.86823 -26.839909)            (-0.031441746 -2.1755773 -0.094167863)        (0.00036354157 0.0019587597 -0.0010234364)    (-0.031078205 -2.1736185 -0.095191299)       
xiaoyi                    (0.92189202 55.99039 -0.97245058)             (0.032409291 0.04339245 -0.031194548)         (0.95430131 56.033783 -1.0036451)             (0.0032696124 0.19857735 -0.003448925)        (0.00011494385 0.00015389708 -0.0001106356)   (0.0033845562 0.19873125 -0.0035595606)      
youfuyi                   (13.2658 -1.9254022 0.98544834)               (0.0028474021 0.02316734 -0.24340125)         (13.268648 -1.9022349 0.7420471)              (0.047048921 -0.0068286945 0.0034950233)      (1.0098689e-05 8.2166046e-05 -0.00086325482)  (0.04705902 -0.0067465284 0.0026317685)      
youweiduo                 (-0.31181687 1.9057213 -0.93380928)           (0.0088943281 0.042824798 -0.098403392)       (-0.30292255 1.9485461 -1.0322127)            (-0.0011058999 0.0067588935 -0.0033118785)    (3.1544915e-05 0.00015188383 -0.00034900069)  (-0.001074355 0.0069107773 -0.0036608792)    
zhongyangyi               (10.238074 -289.55574 -0.84997914)            (0.059669331 0.2920866 -0.047983389)          (10.297744 -289.26365 -0.89796253)            (0.03631069 -1.0269479 -0.0030145638)         (0.0002116252 0.0010359239 -0.00017017946)    (0.036522315 -1.0259119 -0.0031847433)       
zuofuyi                   (-12.797234 -1.8767731 -0.96701006)           (0.0090241703 0.023179343 0.22139562)         (-12.78821 -1.8535938 -0.74561444)            (-0.045387088 -0.0066562249 -0.0034296295)    (3.2005417e-05 8.2208616e-05 0.00078520893)   (-0.045355083 -0.0065740163 -0.0026444206)   
zuoweiduo                 (0.68907743 5.1193431 2.8543362)              (0.021625768 0.08513487 0.0038157706)         (0.7107032 5.2044779 2.858152)                (0.0024439045 0.01815643 0.010123282)         (7.6698654e-05 0.00030194211 1.3533137e-05)   (0.0025206032 0.018458372 0.010136815)       
------------------------- --------------------------------------------- --------------------------------------------- --------------------------------------------- --------------------------------------------- --------------------------------------------- ---------------------------------------------
Net                       (14.822449 28.196138 -11.608829)              (0.30047703 1.5298518 -0.33588906)            (15.122926 29.72599 -11.944718)               (0.052569781 0.10000135 -0.041172254)         (0.0010656817 0.0054258225 -0.0011912751)     (0.053635463 0.10542717 -0.042363529)        

Moments - Moment Center (0 0 0.05) Moment Axis (0 1 0)
                          Moments [N m]                                   Coefficients                                   
Zone                      Pressure        Viscous         Total           Pressure        Viscous         Total          
jidi                      -22.885603      1.132492e-05    -22.885592      -0.081166829    4.0165331e-08   -0.081166789   
jishen                    -231.67112      -0.095104962    -231.76623      -0.82165237     -0.00033730237  -0.82198968    
jitou                     532.13719       -0.10756818     532.02962       1.8872952       -0.00038150483  1.8869137      
liangan                   646.15696       0.13312203      646.29009       2.2916814       0.00047213493   2.2921535      
waiyi                     -51.778317      0.53731905      -51.240998      -0.18363867     0.0019056733    -0.181733      
weiyi                     -613.42052      0.55228716      -612.86823      -2.1755773      0.0019587597    -2.1736185     
xiaoyi                    55.99039        0.04339245      56.033783       0.19857735      0.00015389708   0.19873125     
youfuyi                   -1.9254022      0.02316734      -1.9022349      -0.0068286945   8.2166046e-05   -0.0067465284  
youweiduo                 1.9057213       0.042824798     1.9485461       0.0067588935    0.00015188383   0.0069107773   
zhongyangyi               -289.55574      0.2920866       -289.26365      -1.0269479      0.0010359239    -1.0259119     
zuofuyi                   -1.8767731      0.023179343     -1.8535938      -0.0066562249   8.2208616e-05   -0.0065740163  
zuoweiduo                 5.1193431       0.08513487      5.2044779       0.01815643      0.00030194211   0.018458372    
------------------------- --------------- --------------- --------------- --------------- --------------- ---------------
Net                       28.196138       1.5298518       29.72599        0.10000135      0.0054258225    0.10542717     
