                                    "Force Report"

Forces
                          Forces [N]                                                                                                                                Coefficients                                                                                                                             
Zone                      Pressure                                      Viscous                                       Total                                         Pressure                                      Viscous                                       Total                                        
jidi                      (1145.5524 -6.5638015e-08 0.00043574209)      (2.9931032e-08 0.0014212113 0.003281319)      (1145.5524 0.0014211456 0.0037170611)         (1.4817227 -8.4899944e-11 5.6361362e-07)      (3.87145e-11 1.8382755e-06 4.2442447e-06)     (1.4817227 1.8381906e-06 4.8078583e-06)      
jishen                    (9089.1319 0.60598501 -12494.794)             (1.1875232 -0.046856996 0.075405159)          (9090.3194 0.55912802 -12494.719)             (11.7564 0.0007838155 -16.161478)             (0.0015360101 -6.0607505e-05 9.7533323e-05)   (11.757936 0.00072320799 -16.16138)          
jitou                     (-11261.56 -6.637851 30.071355)               (1.1229335 -0.08463221 0.33856285)            (-11260.437 -6.7224832 30.409918)             (-14.566343 -0.0085857743 0.038896002)        (0.0014524661 -0.00010946812 0.00043791646)   (-14.56489 -0.0086952424 0.039333919)        
liangan                   (-81.319732 0.88110085 -3064.4032)            (1.2731828 -0.015848096 0.18319326)           (-80.04655 0.86525275 -3064.22)               (-0.10518357 0.001139666 -3.9636734)          (0.001646807 -2.0498829e-05 0.00023695259)    (-0.10353676 0.0011191672 -3.9634365)        
waiyi                     (-231.48217 -0.047255773 1998.5187)           (3.0135748 -0.24499881 0.96414547)            (-228.4686 -0.29225458 1999.4829)             (-0.29941222 -6.1123306e-05 2.5849979)        (0.0038979291 -0.0003168954 0.0012470806)     (-0.29551429 -0.0003780187 2.586245)         
weiyi                     (40.842022 0.85258927 577.55586)              (1.3259259 -0.05961898 0.13000935)            (42.167948 0.79297029 577.68587)              (0.052827396 0.0011027875 0.74704362)         (0.001715028 -7.7114582e-05 0.0001681615)     (0.054542424 0.0010256729 0.74721178)        
xiaoyi                    (154.07126 -0.58202053 -365.77334)            (0.36349929 -0.025939196 0.090462372)         (154.43476 -0.60795973 -365.68288)            (0.19928454 -0.00075281848 -0.47311205)       (0.00047017067 -3.3551232e-05 0.00011700918)  (0.19975471 -0.00078636971 -0.47299504)      
youfuyi                   (0.31706462 -0.86226052 25.630951)            (0.13880087 -0.0060198399 0.049141244)        (0.45586549 -0.86828036 25.680092)            (0.00041010942 -0.0011152968 0.033152531)     (0.00017953295 -7.7864035e-06 6.3562081e-05)  (0.00058964237 -0.0011230832 0.033216093)    
youweiduo                 (-0.80749362 0.83718947 1.4767586)            (0.1362907 -0.021701136 0.017434101)          (-0.67120292 0.81548834 1.4941927)            (-0.0010444582 0.0010828685 0.0019101236)     (0.00017628614 -2.8069484e-05 2.2550259e-05)  (-0.00086817205 0.001054799 0.0019326738)    
zhongyangyi               (1011.2265 0.031661364 14386.22)              (1.8127923 -0.080660029 0.43391341)           (1013.0393 -0.048998665 14386.654)            (1.3079779 4.0952611e-05 18.607956)           (0.0023447688 -0.00010433027 0.0005612483)    (1.3103227 -6.3377661e-05 18.608517)         
zuofuyi                   (0.36915138 0.75378217 24.666196)             (0.13789263 -0.050031208 0.047949985)         (0.50704401 0.70375096 24.714146)             (0.00047748141 0.00097498476 0.031904662)     (0.00017835818 -6.4713212e-05 6.202124e-05)   (0.00065583958 0.00091027154 0.031966683)    
zuoweiduo                 (3.4806379 5.6709214 -9.9035578)              (0.084699394 0.022724404 -0.0066920387)       (3.5653373 5.6936458 -9.9102498)              (0.0045020551 0.0073350925 -0.012809825)      (0.00010955502 2.9393037e-05 -8.6558637e-06)  (0.0046116101 0.0073644855 -0.012818481)     
------------------------- --------------------------------------------- --------------------------------------------- --------------------------------------------- --------------------------------------------- --------------------------------------------- ---------------------------------------------
Net                       (-130.1786 1.5038416 1109.266)                (10.597115 -0.61216088 2.3268065)             (-119.58148 0.89168073 1111.5928)             (-0.1683804 0.0019451543 1.4347877)           (0.013706912 -0.00079180372 0.0030096239)     (-0.15467349 0.0011533506 1.4377973)         

Forces - Direction Vector (0.97576488 -0.069756474 0.20740523)
                          Forces [N]                                      Coefficients                                   
Zone                      Pressure        Viscous         Total           Pressure        Viscous         Total          
jidi                      1117.7899       0.00058145323   1117.7905       1.4458131       7.520847e-07    1.4458138      
jishen                    6277.3278       1.1776514       6278.5054       8.119453        0.0015232414    8.1209762      
jitou                     -10981.935      1.1718424       -10980.763      -14.20466       0.0015157277    -14.203144     
liangan                   -714.98364      1.2814278       -713.70221      -0.92480052     0.0016574716    -0.92314305    
waiyi                     188.63436       3.1575995       191.79196       0.24399041      0.0040842189    0.24807463     
weiyi                     159.58084       1.3249154       160.90576       0.20641094      0.0017137209    0.20812466     
xiaoyi                    74.514625       0.37526164      74.889887       0.096381457     0.00048538476   0.096866842    
youfuyi                   5.685522        0.14604909      5.8315711       0.0073539778    0.0001889082    0.007542886    
youweiduo                 -0.54003585     0.13811739      -0.40191846     -0.0006985131   0.0001786489    -0.0005198642  
zhongyangyi               3970.4944       1.8644816       3972.3588       5.1356634       0.0024116266    5.138075       
zuofuyi                   5.4235218       0.14798587      5.5715077       0.0070150918    0.00019141334   0.0072065051   
zuoweiduo                 0.94665107      0.079673556     1.0263246       0.0012244524    0.00010305431   0.0013275067   
------------------------- --------------- --------------- --------------- --------------- --------------- ---------------
Net                       102.93895       10.865587       113.80454       0.1331471       0.014054169     0.14720127     
