                                    "Force Report"

Forces
                          Forces [N]                                                                                                                                Coefficients                                                                                                                             
Zone                      Pressure                                      Viscous                                       Total                                         Pressure                                      Viscous                                       Total                                        
jidi                      (1145.1449 -9.1363202e-08 0.00043548536)      (2.63515e-08 0.0013622798 0.0046251836)       (1145.1449 0.0013621884 0.0050606689)         (1.4811956 -1.1817436e-10 5.6328155e-07)      (3.408453e-11 1.7620502e-06 5.9824756e-06)    (1.4811956 1.761932e-06 6.5457572e-06)       
jishen                    (9085.3883 0.73556903 -12499.28)              (1.1445971 -0.057014668 0.014591188)          (9086.5329 0.67855437 -12499.265)             (11.751558 0.00095142685 -16.167279)          (0.0014804871 -7.3746016e-05 1.8873073e-05)   (11.753039 0.00087768083 -16.167261)         
jitou                     (-11255.061 -6.6509605 17.484709)             (1.1469246 -0.084281045 0.19445195)           (-11253.914 -6.7352415 17.679161)             (-14.557936 -0.0086027307 0.022615718)        (0.0014834976 -0.0001090139 0.00025151522)    (-14.556453 -0.0087117446 0.022867233)       
liangan                   (-81.108741 0.12466504 -3071.3691)            (1.1366956 -0.036687003 0.090515817)          (-79.972045 0.087978039 -3071.2786)           (-0.10491066 0.00016124886 -3.9726836)        (0.0014702668 -4.7453058e-05 0.00011707831)   (-0.10344039 0.0001137958 -3.9725665)        
waiyi                     (-174.24158 -0.067736423 1889.7313)           (4.1468324 -0.26371928 0.71126113)            (-170.09475 -0.3314557 1890.4425)             (-0.22537397 -8.7614144e-05 2.444286)         (0.0053637489 -0.00034110952 0.00091998562)   (-0.22001022 -0.00042872366 2.445206)        
weiyi                     (46.093536 1.8146066 532.94812)               (1.4885163 -0.077731444 0.01126448)           (47.582052 1.7368751 532.95939)               (0.059620002 0.0023471154 0.68934543)         (0.0019253316 -0.00010054227 1.457012e-05)    (0.061545334 0.0022465731 0.68936)           
xiaoyi                    (153.05331 -0.44237974 -368.53531)            (0.34551059 -0.023069445 0.043032125)         (153.39882 -0.46544918 -368.49227)            (0.19796786 -0.00057219912 -0.47668454)       (0.00044690306 -2.9839333e-05 5.5660199e-05)  (0.19841476 -0.00060203846 -0.47662888)      
youfuyi                   (-0.40398928 -0.67009415 18.152606)           (0.1519882 -0.021379264 0.032323482)          (-0.25200108 -0.69147341 18.184929)           (-0.00052254272 -0.0008667379 0.023479613)    (0.00019659018 -2.7653156e-05 4.1809031e-05)  (-0.00032595254 -0.00089439106 0.023521422)  
youweiduo                 (-0.93393529 0.14549826 0.31811419)           (0.15483975 -0.021242809 0.0083532744)        (-0.77909553 0.12425545 0.32646746)           (-0.001208005 0.00018819573 0.00041146699)    (0.00020027855 -2.7476658e-05 1.0804601e-05)  (-0.0010077265 0.00016071907 0.00042227159)  
zhongyangyi               (1035.557 0.018995444 14326.502)              (2.3841162 -0.093936453 0.32329836)           (1037.9412 -0.07494101 14326.825)             (1.3394484 2.4569788e-05 18.530712)           (0.0030837516 -0.00012150275 0.0004181725)    (1.3425322 -9.6932967e-05 18.531131)         
zuofuyi                   (-0.27893921 0.62691339 17.580044)            (0.15774709 -0.028902787 0.030432962)         (-0.12119212 0.5980106 17.610476)             (-0.00036079585 0.00081088546 0.022739029)    (0.00020403906 -3.7384509e-05 3.9363725e-05)  (-0.00015675679 0.00077350095 0.022778392)   
zuoweiduo                 (3.9296389 6.6980911 -11.631395)              (0.099619325 0.0098984838 -0.016543077)       (4.0292582 6.7079895 -11.647938)              (0.0050828185 0.0086636921 -0.015044708)      (0.0001288533 1.2803262e-05 -2.1397758e-05)   (0.0052116718 0.0086764954 -0.015066106)     
------------------------- --------------------------------------------- --------------------------------------------- --------------------------------------------- --------------------------------------------- --------------------------------------------- ---------------------------------------------
Net                       (-42.861272 2.333168 851.90156)               (12.357387 -0.69670343 1.4476069)             (-30.503885 1.6364645 853.34917)              (-0.055439208 0.0030178522 1.101898)          (0.015983748 -0.00090115587 0.0018724171)     (-0.039455461 0.0021166964 1.1037704)        

Forces - Direction Vector (0.99209929 -0.069756474 0.10427384)
                          Forces [N]                                      Coefficients                                   
Zone                      Pressure        Viscous         Total           Pressure        Viscous         Total          
jidi                      1136.0975       0.00038728395   1136.0979       1.4694932       5.009351e-07    1.4694937      
jishen                    7710.2081       1.1410526       7711.3492       9.9728219       0.0014759024    9.9742978      
jitou                     -11163.851      1.1640185       -11162.687      -14.43996       0.0015056078    -14.438454     
liangan                   -400.74006      1.1397125       -399.60035      -0.51834        0.001474169     -0.51686583    
waiyi                     24.189311       4.2066315       28.395943       0.031287831     0.0054410966    0.036728928    
weiyi                     101.17533       1.4833528       102.65868       0.13086593      0.0019186529    0.13278458     
xiaoyi                    113.44635       0.34887718      113.79523       0.14673796      0.0004512576    0.14718922     
youfuyi                   1.5387878       0.15564922      1.694437        0.0019903557    0.00020132555   0.0021916812   
youweiduo                 -0.90353499     0.15596926      -0.74756573     -0.0011686836   0.00020173952   -0.00096694406 
zhongyangyi               2521.2534       2.4055442       2523.6589       3.2611326       0.0031114678    3.2642441      
zuofuyi                   1.5126719       0.16169029      1.6743622       0.001956576     0.00020913942   0.0021657154   
zuoweiduo                 2.2185065       0.096416768     2.3149233       0.0028695426    0.00012471093   0.0029942535   
------------------------- --------------- --------------- --------------- --------------- --------------- ---------------
Net                       46.145653       12.459302       58.604955       0.059687414     0.01611557      0.075802984    
