                                    "Force Report"

Moments - Moment Center (0 0 0.05)
                          Moments [N m]                                                                                                                             Coefficients                                                                                                                             
Zone                      Pressure                                      Viscous                                       Total                                         Pressure                                      Viscous                                       Total                                        
jidi                      (-4.3092251e-09 -22.872463 0.0017606224)      (-5.6149363e-05 0.00057465985 -3.0881938e-05) (-5.6153672e-05 -22.871888 0.0017297405)      (-1.5283239e-11 -0.081120224 6.2442811e-06)   (-1.9914117e-07 2.0381074e-06 -1.0952689e-07) (-1.9915645e-07 -0.081118186 6.1347542e-06)  
jishen                    (0.25270798 -233.18995 1.5201743)             (-0.013134006 -0.098492979 -0.0062283541)     (0.23957397 -233.28844 1.5139459)             (0.00089626239 -0.82703911 0.0053914998)      (-4.6581496e-05 -0.00034931842 -2.2089684e-05) (0.00084968089 -0.82738843 0.0053694101)     
jitou                     (-0.44584956 528.46364 4.369786)              (-0.0048535552 -0.14718494 0.053871343)       (-0.45070312 528.31646 4.4236574)             (-0.0015812646 1.8742664 0.015498026)         (-1.7213778e-05 -0.00052201093 0.00019106187) (-0.0015984784 1.8737444 0.015689088)        
liangan                   (0.36177036 644.96357 -0.25246141)            (0.0063768374 0.13028894 0.0084586072)        (0.36814719 645.09386 -0.24400281)            (0.0012830666 2.2874489 -0.0008953879)        (2.26163e-05 0.00046208702 2.9999573e-05)     (0.0013056829 2.287911 -0.00086538833)       
waiyi                     (4.2625296 -55.24069 -0.72203505)             (0.0327966 0.50364878 -0.053496682)           (4.2953262 -54.737042 -0.77553173)            (0.015117627 -0.19591844 -0.0025607931)       (0.00011631749 0.0017862572 -0.00018973308)   (0.015233944 -0.19413218 -0.0027505262)      
weiyi                     (0.63554592 -570.99514 3.0225268)             (0.037013488 0.63581019 -0.096633993)         (0.67255941 -570.35933 2.9258928)             (0.002254048 -2.02511 0.010719792)            (0.00013127325 0.0022549852 -0.00034272528)   (0.0023853212 -2.022855 0.010377067)         
xiaoyi                    (-0.38742762 55.87967 -0.27443565)            (0.0062649591 0.042760329 -0.010308508)       (-0.38116266 55.92243 -0.28474416)            (-0.0013740635 0.19818466 -0.00097332245)     (2.2219509e-05 0.00015165518 -3.6560491e-05)  (-0.001351844 0.19833632 -0.0010098829)      
youfuyi                   (10.415221 -1.5327332 1.0146425)              (-0.0045949379 0.021274516 -0.21311088)       (10.410626 -1.5114587 0.80153162)             (0.036938964 -0.0054360417 0.0035985643)      (-1.6296557e-05 7.5452894e-05 -0.00075582602) (0.036922668 -0.0053605888 0.0028427382)     
youweiduo                 (-0.17930993 2.2264895 -1.1904977)            (0.0017671523 0.055483556 -0.077365643)       (-0.17754278 2.2819731 -1.2678633)            (-0.00063594646 0.0078965405 -0.0042222579)   (6.26744e-06 0.00019677979 -0.00027438752)    (-0.00062967902 0.0080933203 -0.0044966454)  
zhongyangyi               (3.8229252 -293.85002 -0.49775387)            (0.020823042 0.27626759 -0.031426858)         (3.8437482 -293.57375 -0.52918073)            (0.013558512 -1.0421781 -0.0017653502)        (7.3851683e-05 0.00097981967 -0.00011145952)  (0.013632363 -1.0411983 -0.0018768097)       
zuofuyi                   (-10.149763 -1.5056463 -0.97522707)           (0.0091574172 0.021011875 0.20102722)         (-10.140606 -1.4846344 -0.77419984)           (-0.035997483 -0.0053399742 -0.0034587722)    (3.2477995e-05 7.4521402e-05 0.00071296972)   (-0.035965005 -0.0052654528 -0.0027458025)   
zuoweiduo                 (2.7190274 20.261687 12.323793)               (0.015547201 0.073209576 0.018915179)         (2.7345746 20.334897 12.342708)               (0.0096433914 0.071860763 0.043707968)        (5.5140211e-05 0.00025964748 6.7085194e-05)   (0.0096985316 0.07212041 0.043775053)        
------------------------- --------------------------------------------- --------------------------------------------- --------------------------------------------- --------------------------------------------- --------------------------------------------- ---------------------------------------------
Net                       (11.307377 72.608416 18.340273)               (0.10710805 1.5146521 -0.20632945)            (11.414485 74.123068 18.133943)               (0.040103114 0.25751538 0.065046211)          (0.00037987291 0.0053719147 -0.00073177477)   (0.040482987 0.2628873 0.064314436)          

Moments - Moment Center (0 0 0.05) Moment Axis (0 1 0)
                          Moments [N m]                                   Coefficients                                   
Zone                      Pressure        Viscous         Total           Pressure        Viscous         Total          
jidi                      -22.872463      0.00057465985   -22.871888      -0.081120224    2.0381074e-06   -0.081118186   
jishen                    -233.18995      -0.098492979    -233.28844      -0.82703911     -0.00034931842  -0.82738843    
jitou                     528.46364       -0.14718494     528.31646       1.8742664       -0.00052201093  1.8737444      
liangan                   644.96357       0.13028894      645.09386       2.2874489       0.00046208702   2.287911       
waiyi                     -55.24069       0.50364878      -54.737042      -0.19591844     0.0017862572    -0.19413218    
weiyi                     -570.99514      0.63581019      -570.35933      -2.02511        0.0022549852    -2.022855      
xiaoyi                    55.87967        0.042760329     55.92243        0.19818466      0.00015165518   0.19833632     
youfuyi                   -1.5327332      0.021274516     -1.5114587      -0.0054360417   7.5452894e-05   -0.0053605888  
youweiduo                 2.2264895       0.055483556     2.2819731       0.0078965405    0.00019677979   0.0080933203   
zhongyangyi               -293.85002      0.27626759      -293.57375      -1.0421781      0.00097981967   -1.0411983     
zuofuyi                   -1.5056463      0.021011875     -1.4846344      -0.0053399742   7.4521402e-05   -0.0052654528  
zuoweiduo                 20.261687       0.073209576     20.334897       0.071860763     0.00025964748   0.07212041     
------------------------- --------------- --------------- --------------- --------------- --------------- ---------------
Net                       72.608416       1.5146521       74.123068       0.25751538      0.0053719147    0.2628873      
