                                    "Force Report"

Moments - Moment Center (0 0 0.05)
                          Moments [N m]                                                                                                                             Coefficients                                                                                                                             
Zone                      Pressure                                      Viscous                                       Total                                         Pressure                                      Viscous                                       Total                                        
jidi                      (1.7143906e-08 -22.929566 0.011945615)        (-2.0469058e-05 -0.0027267236 0.0013082791)   (-2.0451914e-05 -22.932293 0.013253895)       (6.0803137e-11 -0.081322749 4.236671e-05)     (-7.2596229e-08 -9.670687e-06 4.6399854e-06)  (-7.2535426e-08 -0.08133242 4.7006696e-05)   
jishen                    (-0.1786006 -232.51552 2.7387518)             (-0.015133288 -0.093231035 0.021859877)       (-0.19373389 -232.60875 2.7606117)            (-0.00063343072 -0.82464715 0.0097133468)     (-5.3672215e-05 -0.00033065624 7.7528954e-05) (-0.00068710294 -0.8249778 0.0097908758)     
jitou                     (-0.91102743 555.84173 8.9815118)             (-0.0096701952 0.16826627 0.110905)           (-0.92069762 556.01 9.0924168)                (-0.0032310797 1.9713665 0.031854123)         (-3.4296631e-05 0.00059677867 0.0003933393)   (-0.0032653763 1.9719632 0.032247463)        
liangan                   (-0.50133217 650.4058 -0.82541336)            (-0.0083387702 0.1348902 0.022699577)         (-0.50967094 650.54069 -0.80271378)           (-0.0017780411 2.3067505 -0.002927438)        (-2.9574555e-05 0.00047840599 8.0507062e-05)  (-0.0018076156 2.3072289 -0.0028469309)      
waiyi                     (17.813338 -46.493941 -0.26342171)            (0.092083768 0.43576165 -0.080350072)         (17.905422 -46.058179 -0.34377178)            (0.063177366 -0.16489693 -0.00093426004)      (0.0003265873 0.0015454865 -0.00028497219)    (0.063503954 -0.16335145 -0.0012192322)      
weiyi                     (-3.6884909 -732.90219 -5.1689621)            (0.062370484 0.10660684 -0.25739495)          (-3.6261204 -732.79558 -5.426357)             (-0.013081722 -2.5993349 -0.01833241)         (0.0002212052 0.0003780953 -0.00091288535)    (-0.012860517 -2.5989568 -0.019245295)       
xiaoyi                    (15.092027 55.624171 -1.0318023)              (0.10142658 0.031868505 -0.005577493)         (15.193454 55.65604 -1.0373798)               (0.053525878 0.1972785 -0.0036594237)         (0.00035972282 0.00011302588 -1.9781319e-05)  (0.053885601 0.19739153 -0.003679205)        
youfuyi                   (31.288163 -4.4017393 -0.62600942)            (0.061391628 0.0090212891 -0.17396533)        (31.349554 -4.392718 -0.79997474)             (0.11096762 -0.015611352 -0.0022202255)       (0.00021773355 3.1995199e-05 -0.00061699112)  (0.11118535 -0.015579357 -0.0028372166)      
youweiduo                 (0.16453294 -2.9543377 1.8513616)             (0.016490805 0.0055877557 -0.094829436)       (0.18102375 -2.9487499 1.7565321)             (0.00058353792 -0.010477951 0.0065660995)     (5.8486827e-05 1.9817717e-05 -0.00033632518)  (0.00064202475 -0.010458133 0.0062297743)    
zhongyangyi               (-6.1746173 -276.42535 -3.7888753)            (-0.01005876 0.26030698 -0.0045273333)        (-6.1846761 -276.16504 -3.7934026)            (-0.0218991 -0.98037918 -0.013437749)         (-3.5674729e-05 0.00092321325 -1.6056788e-05) (-0.021934774 -0.97945597 -0.013453806)      
zuofuyi                   (-30.707545 -4.3672016 0.6122168)             (-0.05057271 0.0089372341 0.15276053)         (-30.758118 -4.3582644 0.76497733)            (-0.10890838 -0.01548886 0.0021713081)        (-0.00017936283 3.1697087e-05 0.00054178551)  (-0.10908775 -0.015457163 0.0027130936)      
zuoweiduo                 (1.9775218 9.9409982 6.2168444)               (0.0064229219 0.035634988 0.023065087)        (1.9839447 9.9766332 6.2399095)               (0.0070135436 0.035257069 0.022048864)        (2.2779745e-05 0.00012638421 8.1803392e-05)   (0.0070363233 0.035383453 0.022130667)       
------------------------- --------------------------------------------- --------------------------------------------- --------------------------------------------- --------------------------------------------- --------------------------------------------- ---------------------------------------------
Net                       (24.173969 -51.177144 8.7081479)              (0.24639199 1.100924 -0.28404625)             (24.420361 -50.07622 8.4241016)               (0.085736189 -0.18150653 0.030884602)         (0.0008738619 0.0039045729 -0.0010074077)     (0.086610051 -0.17760196 0.029877194)        

Moments - Moment Center (0 0 0.05) Moment Axis (0 1 0)
                          Moments [N m]                                   Coefficients                                   
Zone                      Pressure        Viscous         Total           Pressure        Viscous         Total          
jidi                      -22.929566      -0.0027267236   -22.932293      -0.081322749    -9.670687e-06   -0.08133242    
jishen                    -232.51552      -0.093231035    -232.60875      -0.82464715     -0.00033065624  -0.8249778     
jitou                     555.84173       0.16826627      556.01          1.9713665       0.00059677867   1.9719632      
liangan                   650.4058        0.1348902       650.54069       2.3067505       0.00047840599   2.3072289      
waiyi                     -46.493941      0.43576165      -46.058179      -0.16489693     0.0015454865    -0.16335145    
weiyi                     -732.90219      0.10660684      -732.79558      -2.5993349      0.0003780953    -2.5989568     
xiaoyi                    55.624171       0.031868505     55.65604        0.1972785       0.00011302588   0.19739153     
youfuyi                   -4.4017393      0.0090212891    -4.392718       -0.015611352    3.1995199e-05   -0.015579357   
youweiduo                 -2.9543377      0.0055877557    -2.9487499      -0.010477951    1.9817717e-05   -0.010458133   
zhongyangyi               -276.42535      0.26030698      -276.16504      -0.98037918     0.00092321325   -0.97945597    
zuofuyi                   -4.3672016      0.0089372341    -4.3582644      -0.01548886     3.1697087e-05   -0.015457163   
zuoweiduo                 9.9409982       0.035634988     9.9766332       0.035257069     0.00012638421   0.035383453    
------------------------- --------------- --------------- --------------- --------------- --------------- ---------------
Net                       -51.177144      1.100924        -50.07622       -0.18150653     0.0039045729    -0.17760196    
