                                    "Force Report"

Moments - Moment Center (0 0 0.05)
                          Moments [N m]                                                                                                                             Coefficients                                                                                                                             
Zone                      Pressure                                      Viscous                                       Total                                         Pressure                                      Viscous                                       Total                                        
jidi                      (7.0948061e-09 -22.890916 0.003866637)        (-5.4164251e-05 -0.00062939962 -0.0022471339) (-5.4157156e-05 -22.891546 0.001619503)       (2.5162671e-11 -0.081185673 1.3713541e-05)    (-1.921007e-07 -2.2322493e-06 -7.9697587e-06) (-1.9207554e-07 -0.081187905 5.7437824e-06)  
jishen                    (0.44639559 -231.6076 3.675866)               (-0.038938325 -0.086318892 -0.0015594991)     (0.40745726 -231.69392 3.6743065)             (0.0015832012 -0.82142708 0.013036947)        (-0.00013809994 -0.00030614141 -5.5309705e-06) (0.0014451013 -0.82173322 0.013031416)       
jitou                     (-1.3028027 535.28028 12.757471)              (-0.014374957 -0.073282692 0.16151835)        (-1.3171776 535.20699 12.918989)              (-0.0046205626 1.8984425 0.045246062)         (-5.0982691e-05 -0.00025990679 0.00057284627) (-0.0046715453 1.8981826 0.045818909)        
liangan                   (0.52123365 647.08415 -0.08112189)            (0.01640135 0.14085064 -0.0094784064)         (0.537635 647.225 -0.090600297)               (0.0018486243 2.2949698 -0.00028770955)       (5.8169563e-05 0.00049954549 -3.3616426e-05)  (0.0019067939 2.2954694 -0.00032132597)      
waiyi                     (12.011682 -49.377861 -0.63160088)            (0.095874501 0.56221163 -0.15681994)          (12.107557 -48.815649 -0.78842082)            (0.042601026 -0.17512513 -0.0022400563)       (0.00034003164 0.0019939581 -0.00055618272)   (0.042941057 -0.17313118 -0.0027962391)      
weiyi                     (-6.4800778 -604.14859 -18.463616)            (0.105374 0.53887787 -0.30828416)             (-6.3747038 -603.60972 -18.7719)              (-0.022982456 -2.1426932 -0.065483663)        (0.00037372286 0.0019112019 -0.0010933707)    (-0.022608733 -2.140782 -0.066577034)        
xiaoyi                    (3.2376224 55.993793 -0.97329591)             (0.047182789 0.041751416 -0.042537955)        (3.2848051 56.035544 -1.0158339)              (0.011482657 0.19858942 -0.0034519231)        (0.00016734002 0.00014807694 -0.0001508665)   (0.011649997 0.19873749 -0.0036027896)       
youfuyi                   (14.543214 -2.1210548 1.0658686)              (0.013581566 0.021230206 -0.23992614)         (14.556795 -2.0998246 0.82594243)             (0.051579437 -0.0075226024 0.0037802443)      (4.8168825e-05 7.5295742e-05 -0.00085092989)  (0.051627605 -0.0074473066 0.0029293144)     
youweiduo                 (-0.28494063 2.1040385 -1.0499413)            (0.017459382 0.028851178 -0.1217435)          (-0.26748125 2.1328897 -1.1716848)            (-0.0010105798 0.0074622519 -0.0037237563)    (6.1922014e-05 0.00010232453 -0.00043177946)  (-0.00094865774 0.0075645764 -0.0041555357)  
zhongyangyi               (10.095322 -286.0992 -0.3082866)              (0.056327988 0.31636615 -0.046541792)         (10.15165 -285.78283 -0.35482839)             (0.035804397 -1.0146888 -0.0010933793)        (0.00019977468 0.0011220345 -0.00016506664)   (0.036004172 -1.0135667 -0.001258446)        
zuofuyi                   (-14.079215 -2.067823 -0.93199676)            (0.0014031079 0.022574884 0.22663927)         (-14.077812 -2.0452481 -0.70535749)           (-0.049933804 -0.0073338088 -0.0033054502)    (4.9763082e-06 8.0064823e-05 0.00080380624)   (-0.049928828 -0.0072537439 -0.002501644)    
zuoweiduo                 (2.4129001 18.884415 11.483494)               (0.026238693 0.091394366 -0.010122227)        (2.4391388 18.97581 11.473372)                (0.0085576704 0.066976084 0.040727737)        (9.3059007e-05 0.00032414225 -3.5899821e-05)  (0.0086507294 0.067300226 0.040691837)       
------------------------- --------------------------------------------- --------------------------------------------- --------------------------------------------- --------------------------------------------- --------------------------------------------- ---------------------------------------------
Net                       (21.121333 61.033631 6.5467071)               (0.32647593 1.6038774 -0.55110312)            (21.447809 62.637508 5.995604)                (0.07490961 0.21646387 0.023218766)           (0.0011578902 0.0056883639 -0.0019545604)     (0.076067501 0.22215224 0.021264205)         

Moments - Moment Center (0 0 0.05) Moment Axis (0 1 0)
                          Moments [N m]                                   Coefficients                                   
Zone                      Pressure        Viscous         Total           Pressure        Viscous         Total          
jidi                      -22.890916      -0.00062939962  -22.891546      -0.081185673    -2.2322493e-06  -0.081187905   
jishen                    -231.6076       -0.086318892    -231.69392      -0.82142708     -0.00030614141  -0.82173322    
jitou                     535.28028       -0.073282692    535.20699       1.8984425       -0.00025990679  1.8981826      
liangan                   647.08415       0.14085064      647.225         2.2949698       0.00049954549   2.2954694      
waiyi                     -49.377861      0.56221163      -48.815649      -0.17512513     0.0019939581    -0.17313118    
weiyi                     -604.14859      0.53887787      -603.60972      -2.1426932      0.0019112019    -2.140782      
xiaoyi                    55.993793       0.041751416     56.035544       0.19858942      0.00014807694   0.19873749     
youfuyi                   -2.1210548      0.021230206     -2.0998246      -0.0075226024   7.5295742e-05   -0.0074473066  
youweiduo                 2.1040385       0.028851178     2.1328897       0.0074622519    0.00010232453   0.0075645764   
zhongyangyi               -286.0992       0.31636615      -285.78283      -1.0146888      0.0011220345    -1.0135667     
zuofuyi                   -2.067823       0.022574884     -2.0452481      -0.0073338088   8.0064823e-05   -0.0072537439  
zuoweiduo                 18.884415       0.091394366     18.97581        0.066976084     0.00032414225   0.067300226    
------------------------- --------------- --------------- --------------- --------------- --------------- ---------------
Net                       61.033631       1.6038774       62.637508       0.21646387      0.0056883639    0.22215224     
