                                    "Force Report"

Moments - Moment Center (0 0 0.05)
                          Moments [N m]                                                                                                                             Coefficients                                                                                                                             
Zone                      Pressure                                      Viscous                                       Total                                         Pressure                                      Viscous                                       Total                                        
jidi                      (-1.4869622e-08 -22.90304 0.001738255)        (6.4565511e-05 -0.0023001042 0.00095841927)   (6.4550641e-05 -22.905341 0.0026966743)       (-5.2737086e-11 -0.081228672 6.1649519e-06)   (2.2899015e-07 -8.1576246e-06 3.3991611e-06)  (2.2893741e-07 -0.08123683 9.5641131e-06)    
jishen                    (0.088622394 -230.23145 0.91051748)           (-0.012079712 -0.069783615 -0.0031868528)     (0.076542682 -230.30123 0.90733063)           (0.00031431108 -0.81654639 0.0032292711)      (-4.2842302e-05 -0.00024749685 -1.1302596e-05) (0.00027146878 -0.81679388 0.0032179685)     
jitou                     (-0.42813797 545.00805 4.2210048)             (-0.0046061756 0.028629209 0.053327405)       (-0.43274414 545.03668 4.2743322)             (-0.0015184481 1.9329434 0.014970353)         (-1.6336413e-05 0.00010153729 0.00018913272)  (-0.0015347845 1.9330449 0.015159486)        
liangan                   (0.40617011 647.71161 -0.094960806)           (0.010064142 0.12103083 0.010014098)          (0.41623425 647.83264 -0.084946709)           (0.0014405362 2.2971952 -0.0003367911)        (3.5693815e-05 0.00042925188 3.5516326e-05)   (0.00147623 2.2976244 -0.00030127478)        
waiyi                     (4.6425195 -45.446849 -0.14303147)            (0.03432227 0.65330571 -0.015891721)          (4.6768418 -44.793543 -0.15892319)            (0.016465312 -0.16118328 -0.00050728007)      (0.00012172848 0.0023170354 -5.6362096e-05)   (0.01658704 -0.15886625 -0.00056364217)      
weiyi                     (0.59726255 -652.68258 2.7588791)             (0.035600603 0.48949653 -0.11552679)          (0.63286316 -652.19308 2.6433523)             (0.0021182709 -2.3148254 0.009784731)         (0.00012626226 0.0017360644 -0.00040973111)   (0.0022445332 -2.3130893 0.0093749999)       
xiaoyi                    (3.7926782 55.924484 -0.12426846)             (0.03865695 0.038288784 -0.01708735)          (3.8313352 55.962773 -0.14135581)             (0.013451237 0.19834361 -0.00044073458)       (0.000137102 0.00013579625 -6.0602556e-05)    (0.013588339 0.1984794 -0.00050133714)       
youfuyi                   (19.649056 -2.8388077 0.64489978)             (0.034786627 0.013883912 -0.19539377)         (19.683843 -2.8249238 0.449506)               (0.069687984 -0.010068208 0.0022872226)       (0.00012337539 4.9241137e-05 -0.00069298994)  (0.069811359 -0.010018967 0.0015942327)      
youweiduo                 (0.047130284 -0.15014387 0.20697549)          (0.0084726879 0.036402513 -0.086427021)       (0.055602972 -0.11374136 0.12054847)          (0.00016715381 -0.00053250515 0.00073406605)  (3.0049512e-05 0.00012910634 -0.0003065249)   (0.00019720332 -0.00040339881 0.00042754116) 
zhongyangyi               (2.9493928 -276.79568 0.53288549)             (0.014531487 0.36569913 -0.012694411)         (2.9639242 -276.42998 0.52019108)             (0.010460413 -0.98169262 0.0018899491)        (5.1537846e-05 0.0012970005 -4.5022412e-05)   (0.010511951 -0.98039562 0.0018449267)       
zuofuyi                   (-19.178703 -2.7716666 -0.5871664)            (-0.028571162 0.014695837 0.19045896)         (-19.207275 -2.7569708 -0.39670744)           (-0.068019817 -0.0098300834 -0.0020824636)    (-0.00010133142 5.2120734e-05 0.00067548797)  (-0.068121148 -0.0097779627 -0.0014069756)   
zuoweiduo                 (2.4754533 18.242313 11.268947)               (0.0054081399 0.057300084 0.046990466)        (2.4808614 18.299613 11.315937)               (0.0087795236 0.064698785 0.039966815)        (1.9180686e-05 0.00020322235 0.00016665792)   (0.0087987043 0.064902007 0.040133473)       
------------------------- --------------------------------------------- --------------------------------------------- --------------------------------------------- --------------------------------------------- --------------------------------------------- ---------------------------------------------
Net                       (15.041444 33.066237 19.59642)                (0.13665042 1.7466488 -0.14445858)            (15.178094 34.812886 19.451961)               (0.053346476 0.1172738 0.069501304)           (0.00048464885 0.0061947218 -0.00051234151)   (0.053831125 0.12346852 0.068988963)         

Moments - Moment Center (0 0 0.05) Moment Axis (0 1 0)
                          Moments [N m]                                   Coefficients                                   
Zone                      Pressure        Viscous         Total           Pressure        Viscous         Total          
jidi                      -22.90304       -0.0023001042   -22.905341      -0.081228672    -8.1576246e-06  -0.08123683    
jishen                    -230.23145      -0.069783615    -230.30123      -0.81654639     -0.00024749685  -0.81679388    
jitou                     545.00805       0.028629209     545.03668       1.9329434       0.00010153729   1.9330449      
liangan                   647.71161       0.12103083      647.83264       2.2971952       0.00042925188   2.2976244      
waiyi                     -45.446849      0.65330571      -44.793543      -0.16118328     0.0023170354    -0.15886625    
weiyi                     -652.68258      0.48949653      -652.19308      -2.3148254      0.0017360644    -2.3130893     
xiaoyi                    55.924484       0.038288784     55.962773       0.19834361      0.00013579625   0.1984794      
youfuyi                   -2.8388077      0.013883912     -2.8249238      -0.010068208    4.9241137e-05   -0.010018967   
youweiduo                 -0.15014387     0.036402513     -0.11374136     -0.00053250515  0.00012910634   -0.00040339881 
zhongyangyi               -276.79568      0.36569913      -276.42998      -0.98169262     0.0012970005    -0.98039562    
zuofuyi                   -2.7716666      0.014695837     -2.7569708      -0.0098300834   5.2120734e-05   -0.0097779627  
zuoweiduo                 18.242313       0.057300084     18.299613       0.064698785     0.00020322235   0.064902007    
------------------------- --------------- --------------- --------------- --------------- --------------- ---------------
Net                       33.066237       1.7466488       34.812886       0.1172738       0.0061947218    0.12346852     
