                                    "Force Report"

Moments - Moment Center (0 0 0.05)
                          Moments [N m]                                                                                                                             Coefficients                                                                                                                             
Zone                      Pressure                                      Viscous                                       Total                                         Pressure                                      Viscous                                       Total                                        
jidi                      (-1.63712e-08 -22.925105 0.0056797437)        (7.8784455e-05 -0.0014962724 0.0015341765)    (7.8768083e-05 -22.926602 0.0072139202)       (-5.8062633e-11 -0.081306928 2.0143965e-05)   (2.7941952e-07 -5.3067287e-06 5.4411607e-06)  (2.7936146e-07 -0.081312235 2.5585125e-05)   
jishen                    (0.029643685 -229.36694 1.6790139)            (-0.018187243 -0.0636899 0.0075045239)        (0.011456442 -229.43063 1.6865184)            (0.00010513526 -0.81348031 0.0059548455)      (-6.450347e-05 -0.00022588468 2.661579e-05)   (4.0631793e-05 -0.81370619 0.0059814613)     
jitou                     (-0.84462929 553.40047 8.3384334)             (-0.0091510722 0.12314899 0.10734595)         (-0.85378036 553.52362 8.4457793)             (-0.0029955898 1.9627082 0.02957336)          (-3.2455492e-05 0.00043676422 0.00038071665)  (-0.0030280453 1.963145 0.029954077)         
liangan                   (0.41483315 649.76661 -0.71537643)            (0.0033748732 0.13020212 0.01984949)          (0.41820802 649.89681 -0.69552694)            (0.0014712608 2.3044835 -0.0025371774)        (1.1969436e-05 0.00046177911 7.0398849e-05)   (0.0014832302 2.3049453 -0.0024667786)       
waiyi                     (12.35297 -45.15974 -1.0516494)               (0.072057721 0.5267438 -0.064893231)          (12.425028 -44.632997 -1.1165426)             (0.043811449 -0.16016501 -0.0037298141)       (0.00025556227 0.0018681668 -0.00023015245)   (0.044067011 -0.15829685 -0.0039599666)      
weiyi                     (-3.9020154 -704.9707 -11.285907)             (0.058494847 0.33902316 -0.24388945)          (-3.8435205 -704.63168 -11.529797)            (-0.013839015 -2.5002721 -0.040026968)        (0.00020745974 0.0012023906 -0.00086498629)   (-0.013631556 -2.4990698 -0.040891954)       
xiaoyi                    (12.06582 55.84341 -0.67560256)               (0.097324983 0.036226183 -0.021120621)        (12.163145 55.879636 -0.69672318)             (0.042793033 0.19805606 -0.0023961141)        (0.00034517597 0.00012848097 -7.4907084e-05)  (0.043138209 0.19818455 -0.0024710212)       
youfuyi                   (28.802021 -4.1177422 -0.31273919)            (0.060918272 0.0074118568 -0.1638016)         (28.86294 -4.1103303 -0.47654079)             (0.10215019 -0.014604119 -0.001109171)        (0.00021605473 2.6287134e-05 -0.00058094411)  (0.10236625 -0.014577832 -0.0016901151)      
youweiduo                 (0.085266563 -1.0288679 0.73473001)           (0.014954134 0.019767989 -0.097536169)        (0.1002207 -1.0090999 0.63719384)             (0.00030240918 -0.0036490164 0.0026058175)    (5.3036821e-05 7.0109796e-05 -0.00034592497)  (0.000355446 -0.0035789066 0.0022598925)     
zhongyangyi               (7.9297471 -274.22014 0.87211278)             (0.012372171 0.31459089 -0.028039598)         (7.9421193 -273.90555 0.84407318)             (0.0281239 -0.97255813 0.0030930637)          (4.3879547e-05 0.0011157383 -9.9446157e-05)   (0.02816778 -0.97144239 0.0029936175)        
zuofuyi                   (-26.260579 -3.714501 0.26596402)             (-0.044561981 0.0097296151 0.15648486)        (-26.305141 -3.7047713 0.42244888)            (-0.093136627 -0.013173971 0.0009432767)      (-0.00015804498 3.4507371e-05 0.00055499432)  (-0.093294672 -0.013139463 0.001498271)      
zuoweiduo                 (1.9623632 15.131846 9.3850791)               (0.007712984 0.054859992 0.03188325)          (1.9700762 15.186706 9.4169623)               (0.0069597815 0.053667098 0.033285428)        (2.7355121e-05 0.00019456824 0.00011307818)   (0.0069871367 0.053861667 0.033398506)       
------------------------- --------------------------------------------- --------------------------------------------- --------------------------------------------- --------------------------------------------- --------------------------------------------- ---------------------------------------------
Net                       (32.635443 -11.361414 7.239738)               (0.25538847 1.4965184 -0.29467842)            (32.890831 -9.8648954 6.9450596)              (0.11574593 -0.040294762 0.025676691)         (0.00090576911 0.0053076012 -0.0010451161)    (0.1166517 -0.034987161 0.024631575)         

Moments - Moment Center (0 0 0.05) Moment Axis (0 1 0)
                          Moments [N m]                                   Coefficients                                   
Zone                      Pressure        Viscous         Total           Pressure        Viscous         Total          
jidi                      -22.925105      -0.0014962724   -22.926602      -0.081306928    -5.3067287e-06  -0.081312235   
jishen                    -229.36694      -0.0636899      -229.43063      -0.81348031     -0.00022588468  -0.81370619    
jitou                     553.40047       0.12314899      553.52362       1.9627082       0.00043676422   1.963145       
liangan                   649.76661       0.13020212      649.89681       2.3044835       0.00046177911   2.3049453      
waiyi                     -45.15974       0.5267438       -44.632997      -0.16016501     0.0018681668    -0.15829685    
weiyi                     -704.9707       0.33902316      -704.63168      -2.5002721      0.0012023906    -2.4990698     
xiaoyi                    55.84341        0.036226183     55.879636       0.19805606      0.00012848097   0.19818455     
youfuyi                   -4.1177422      0.0074118568    -4.1103303      -0.014604119    2.6287134e-05   -0.014577832   
youweiduo                 -1.0288679      0.019767989     -1.0090999      -0.0036490164   7.0109796e-05   -0.0035789066  
zhongyangyi               -274.22014      0.31459089      -273.90555      -0.97255813     0.0011157383    -0.97144239    
zuofuyi                   -3.714501       0.0097296151    -3.7047713      -0.013173971    3.4507371e-05   -0.013139463   
zuoweiduo                 15.131846       0.054859992     15.186706       0.053667098     0.00019456824   0.053861667    
------------------------- --------------- --------------- --------------- --------------- --------------- ---------------
Net                       -11.361414      1.4965184       -9.8648954      -0.040294762    0.0053076012    -0.034987161   
