                                    "Force Report"

Forces
                          Forces [N]                                                                                                                                Coefficients                                                                                                                             
Zone                      Pressure                                      Viscous                                       Total                                         Pressure                                      Viscous                                       Total                                        
jidi                      (1145.4905 -2.5933504e-07 0.00043562788)      (2.6343791e-08 0.001696679 0.0032083076)      (1145.4905 0.0016964197 0.0036439354)         (1.4816426 -3.354387e-10 5.6346589e-07)       (3.4074558e-11 2.1945812e-06 4.1498076e-06)   (1.4816426 2.1942458e-06 4.7132735e-06)      
jishen                    (9089.017 -0.99012235 -12496.497)             (1.1899871 -0.058760784 0.07190732)           (9090.207 -1.0488831 -12496.425)              (11.756252 -0.0012806806 -16.163681)          (0.001539197 -7.6004542e-05 9.3009019e-05)    (11.757791 -0.0013566851 -16.163588)         
jitou                     (-11261.407 -6.8880972 29.27292)              (1.1243562 -0.08640485 0.33296081)            (-11260.282 -6.974502 29.60588)               (-14.566144 -0.0089094569 0.03786326)         (0.0014543063 -0.00011176095 0.00043067046)   (-14.56469 -0.0090212178 0.03829393)         
liangan                   (-81.379522 -1.4701726 -3067.6529)            (1.2535193 -0.071891016 0.13164464)           (-80.126003 -1.5420636 -3067.5213)            (-0.10526091 -0.0019016049 -3.9678769)        (0.0016213732 -9.2987932e-05 0.00017027667)   (-0.10363953 -0.0019945929 -3.9677066)       
waiyi                     (-219.10034 -0.14223621 1922.7893)            (3.0619683 -0.22780572 0.89674457)            (-216.03838 -0.37004193 1923.6861)            (-0.28339685 -0.00018397641 2.4870452)        (0.003960524 -0.00029465688 0.0011599005)     (-0.27943633 -0.00047863329 2.4882051)       
weiyi                     (39.714304 -8.7066221 599.21589)              (1.3141966 -0.07337556 0.15008671)            (41.0285 -8.7799976 599.36598)                (0.05136874 -0.01126164 0.77505994)           (0.0016998566 -9.4908125e-05 0.0001941307)    (0.053068597 -0.011356549 0.77525407)        
xiaoyi                    (153.9586 -0.10717806 -365.99052)             (0.36139023 -0.023259272 0.087022045)         (154.31999 -0.13043733 -365.9035)             (0.19913882 -0.0001386302 -0.47339297)        (0.00046744269 -3.0084865e-05 0.00011255927)  (0.19960626 -0.00016871507 -0.47328041)      
youfuyi                   (0.35501763 -0.84982782 25.706888)            (0.1410606 -0.0054077278 0.048102146)         (0.49607822 -0.85523554 25.75499)             (0.0004592 -0.0010992157 0.033250751)         (0.0001824558 -6.9946629e-06 6.2218053e-05)   (0.00064165581 -0.0011062103 0.03331297)     
youweiduo                 (-0.81798441 0.99759221 1.7657268)            (0.13548916 -0.018072611 0.017010644)         (-0.68249525 0.9795196 1.7827375)             (-0.0010580276 0.0012903425 0.0022838916)     (0.00017524939 -2.3376144e-05 2.2002535e-05)  (-0.00088277819 0.0012669664 0.0023058941)   
zhongyangyi               (1013.4985 -0.024229526 14375.191)            (1.8661379 -0.058027275 0.4212524)            (1015.3646 -0.082256801 14375.613)            (1.3109166 -3.1339847e-05 18.593691)          (0.002413769 -7.5055779e-05 0.00054487182)    (1.3133304 -0.00010639563 18.594235)         
zuofuyi                   (-0.040932236 -0.11427573 -4.6652395)         (-0.040429893 -0.042613733 -0.017924885)      (-0.081362129 -0.15688946 -4.6831644)         (-5.2944084e-05 -0.00014781073 -0.0060342862) (-5.2294324e-05 -5.5119028e-05 -2.3185066e-05) (-0.00010523841 -0.00020292976 -0.0060574713)
zuoweiduo                 (-0.84250024 -1.3914737 2.4099626)            (0.13315896 -0.0032344344 0.010084964)        (-0.70934128 -1.3947081 2.4200476)            (-0.0010897378 -0.0017998113 0.0031171828)    (0.00017223538 -4.1836016e-06 1.3044466e-05)  (-0.00091750238 -0.0018039949 0.0031302272)  
------------------------- --------------------------------------------- --------------------------------------------- --------------------------------------------- --------------------------------------------- --------------------------------------------- ---------------------------------------------
Net                       (-121.55409 -19.686643 1021.5467)             (10.540834 -0.6671563 2.1520997)              (-111.01326 -20.3538 1023.6988)               (-0.15722498 -0.025463825 1.3213266)          (0.013634115 -0.00086293792 0.0027836482)     (-0.14359087 -0.026326763 1.3241102)         

Forces - Direction Vector (0.97576488 -0.069756474 0.20740523)
                          Forces [N]                                      Coefficients                                   
Zone                      Pressure        Viscous         Total           Pressure        Viscous         Total          
jidi                      1117.7295       0.00054709112   1117.73         1.4457349       7.0763879e-07   1.4457357      
jishen                    6276.9738       1.1801605       6278.154        8.1189951       0.0015264867    8.1205216      
jitou                     -10981.933      1.1721924       -10980.761      -14.204657      0.0015161803    -14.203141     
liangan                   -715.55198      1.2554588       -714.29652      -0.92553565     0.0016238818    -0.92391177    
waiyi                     185.01606       3.1896415       188.20571       0.23931031      0.0041256639    0.24343597     
weiyi                     163.63967       1.318594        164.95827       0.21166087      0.0017055446    0.21336641     
xiaoyi                    74.326524       0.37230321      74.698827       0.096138156     0.00048155815   0.096619714    
youfuyi                   5.7374376       0.14799584      5.8854335       0.0074211283    0.00019142624   0.0076125546   
youweiduo                 -0.501528       0.13699434      -0.36453366     -0.00064870485  0.00017719628   -0.00047150857 
zhongyangyi               3970.4277       1.9123296       3972.3401       5.1355772       0.0024735159    5.1380507      
zuofuyi                   -0.99956383     -0.040195201    -1.039759       -0.0012928927   -5.199076e-05   -0.0013448835  
zuoweiduo                 -0.22517901     0.13224914      -0.092929875    -0.00029125935  0.00017105856   -0.00012020079 
------------------------- --------------- --------------- --------------- --------------- --------------- ---------------
Net                       94.639175       10.778271       105.41745       0.12241169      0.013941229     0.13635292     
