                                    "Force Report"

Moments - Moment Center (0 0 0.05)
                          Moments [N m]                                                                                                                             Coefficients                                                                                                                             
Zone                      Pressure                                      Viscous                                       Total                                         Pressure                                      Viscous                                       Total                                        
jidi                      (-1.2058403e-08 -22.925647 0.0059401894)      (0.00010458072 -0.0025792007 0.0025390687)    (0.00010456866 -22.928226 0.0084792582)       (-4.2766728e-11 -0.08130885 2.106767e-05)     (3.7090938e-07 -9.1474777e-06 9.0051442e-06)  (3.7086662e-07 -0.081317997 3.0072814e-05)   
jishen                    (-0.082509818 -229.60411 2.1148138)           (-0.018729591 -0.06845069 0.0088486511)       (-0.10123941 -229.67257 2.1236624)            (-0.00029263202 -0.81432146 0.0075004676)     (-6.6426979e-05 -0.00024276945 3.1382915e-05) (-0.000359059 -0.81456423 0.0075318505)      
jitou                     (-0.87837487 555.11008 8.6572355)             (-0.0093471019 0.14776855 0.10953609)         (-0.88772198 555.25784 8.7667716)             (-0.003115273 1.9687715 0.030704034)          (-3.3150737e-05 0.00052408076 0.00038848428)  (-0.0031484238 1.9692956 0.031092519)        
liangan                   (3.8493782 652.02888 -1.9256988)              (0.056340768 0.16564456 -0.035368283)         (3.905719 652.19452 -1.961067)                (0.013652331 2.3125069 -0.0068297462)         (0.00019982001 0.00058748041 -0.00012543831)  (0.013852151 2.3130944 -0.0069551845)        
waiyi                     (108.38056 -44.299709 15.207045)              (0.15740931 0.47480864 0.024281296)           (108.53797 -43.824901 15.231326)              (0.38438605 -0.1571148 0.053933803)           (0.00055827302 0.0016839718 8.6116838e-05)    (0.38494432 -0.15543083 0.05401992)          
weiyi                     (-7.6237291 -752.62576 -23.913119)            (0.050139946 0.2321885 -0.25479068)           (-7.5735892 -752.39357 -24.16791)             (-0.027038567 -2.6692871 -0.08481105)         (0.00017782797 0.00082348731 -0.00090364895)  (-0.026860739 -2.6684636 -0.085714699)       
xiaoyi                    (13.806953 55.746041 -1.0708206)              (0.11083335 0.03404516 -0.032626557)          (13.917787 55.780086 -1.1034471)              (0.048968193 0.19771073 -0.0037978072)        (0.0003930852 0.00012074568 -0.00011571441)   (0.049361278 0.19783148 -0.0039135216)       
youfuyi                   (30.338425 -4.2837082 -0.5070641)             (0.061483764 0.0077665472 -0.16529433)        (30.399909 -4.2759417 -0.67235843)            (0.10759925 -0.01519274 -0.0017983701)        (0.00021806033 2.754509e-05 -0.00058623827)   (0.10781731 -0.015165195 -0.0023846084)      
youweiduo                 (0.17304716 -2.1052641 1.3471572)             (0.014122572 0.014989681 -0.091258477)        (0.18716973 -2.0902744 1.2558987)             (0.00061373471 -0.0074665984 0.0047778718)    (5.0087576e-05 5.3162894e-05 -0.0003236603)   (0.00066382229 -0.0074134355 0.0044542115)   
zhongyangyi               (9.9278721 -273.90791 0.74917773)             (0.012888999 0.29127393 0.012665965)          (9.9407611 -273.61664 0.76184369)             (0.035210516 -0.97145075 0.0026570582)        (4.5712544e-05 0.0010330417 4.4921526e-05)    (0.035256228 -0.97041771 0.0027019797)       
zuofuyi                   (6.6053332 0.90819709 0.22688426)             (0.032444702 -0.00096453341 -0.054929055)     (6.6377779 0.90723256 0.1719552)              (0.023426691 0.0032210415 0.00080467513)      (0.00011506944 -3.4208457e-06 -0.00019481318) (0.02354176 0.0032176206 0.00060986195)      
zuoweiduo                 (-0.49930887 -3.6205163 -2.253345)            (0.0043851254 0.034646141 0.024459769)        (-0.49492374 -3.5858701 -2.2288853)           (-0.0017708652 -0.012840641 -0.0079917872)    (1.5552429e-05 0.00012287714 8.6749818e-05)   (-0.0017553127 -0.012717764 -0.0079050374)   
------------------------- --------------------------------------------- --------------------------------------------- --------------------------------------------- --------------------------------------------- --------------------------------------------- ---------------------------------------------
Net                       (163.99765 -69.579436 -1.3617939)             (0.47207643 1.3311373 -0.45193654)            (164.46973 -68.248299 -1.8137304)             (0.58163943 -0.2467727 -0.0048297827)         (0.0016742817 0.004721055 -0.0016028529)      (0.58331371 -0.24205165 -0.0064326356)       

Moments - Moment Center (0 0 0.05) Moment Axis (0 1 0)
                          Moments [N m]                                   Coefficients                                   
Zone                      Pressure        Viscous         Total           Pressure        Viscous         Total          
jidi                      -22.925647      -0.0025792007   -22.928226      -0.08130885     -9.1474777e-06  -0.081317997   
jishen                    -229.60411      -0.06845069     -229.67257      -0.81432146     -0.00024276945  -0.81456423    
jitou                     555.11008       0.14776855      555.25784       1.9687715       0.00052408076   1.9692956      
liangan                   652.02888       0.16564456      652.19452       2.3125069       0.00058748041   2.3130944      
waiyi                     -44.299709      0.47480864      -43.824901      -0.1571148      0.0016839718    -0.15543083    
weiyi                     -752.62576      0.2321885       -752.39357      -2.6692871      0.00082348731   -2.6684636     
xiaoyi                    55.746041       0.03404516      55.780086       0.19771073      0.00012074568   0.19783148     
youfuyi                   -4.2837082      0.0077665472    -4.2759417      -0.01519274     2.754509e-05    -0.015165195   
youweiduo                 -2.1052641      0.014989681     -2.0902744      -0.0074665984   5.3162894e-05   -0.0074134355  
zhongyangyi               -273.90791      0.29127393      -273.61664      -0.97145075     0.0010330417    -0.97041771    
zuofuyi                   0.90819709      -0.00096453341  0.90723256      0.0032210415    -3.4208457e-06  0.0032176206   
zuoweiduo                 -3.6205163      0.034646141     -3.5858701      -0.012840641    0.00012287714   -0.012717764   
------------------------- --------------- --------------- --------------- --------------- --------------- ---------------
Net                       -69.579436      1.3311373       -68.248299      -0.2467727      0.004721055     -0.24205165    
