                                    "Force Report"

Forces
                          Forces [N]                                                                                                                                Coefficients                                                                                                                             
Zone                      Pressure                                      Viscous                                       Total                                         Pressure                                      Viscous                                       Total                                        
jidi                      (1145.6906 -1.286422e-07 0.0004360992)        (2.3441214e-09 -0.00088952876 0.00050201017)  (1145.6906 -0.0008896574 0.00093810937)       (1.4819015 -1.6639314e-10 5.6407552e-07)      (3.0320201e-12 -1.1505671e-06 6.4932853e-07)  (1.4819015 -1.1507335e-06 1.213404e-06)      
jishen                    (9087.5672 1.2972557 -12507.64)               (1.20186 -0.17249039 -0.048172654)            (9088.769 1.1247653 -12507.688)               (11.754377 0.0016779443 -16.178093)           (0.0015545541 -0.00022310889 -6.2309252e-05)  (11.755931 0.0014548354 -16.178155)          
jitou                     (-11256.731 -19.714943 12.496259)             (1.1252395 -0.25267418 0.14490405)            (-11255.606 -19.967618 12.641163)             (-14.560097 -0.02550043 0.016163372)          (0.0014554488 -0.00032682317 0.00018742715)   (-14.558641 -0.025827253 0.016350799)        
liangan                   (-81.044626 -3.6605254 -3073.7013)            (1.1504757 -0.21042582 0.061457119)           (-79.894151 -3.8709512 -3073.6398)            (-0.10482773 -0.0047347318 -3.9757002)        (0.0014880907 -0.00027217673 7.9492135e-05)   (-0.10333964 -0.0050069086 -3.9756207)       
waiyi                     (-158.56442 0.028852468 1844.9366)            (4.2339243 -0.79109991 0.59920784)            (-154.33049 -0.76224745 1845.5358)            (-0.20509624 3.7319424e-05 2.386346)          (0.0054763987 -0.0010232536 0.00077504952)    (-0.19961984 -0.00098593422 2.3871211)       
weiyi                     (42.306159 -29.330005 547.33474)              (1.3635303 -0.2853085 0.010916641)            (43.669689 -29.615313 547.34565)              (0.054721193 -0.037937097 0.70795389)         (0.0017636677 -0.00036903425 1.4120204e-05)   (0.056484861 -0.038306131 0.70796801)        
xiaoyi                    (152.3379 -1.7598534 -370.33554)              (0.33346522 -0.065824215 0.019938445)         (152.67137 -1.8256776 -370.3156)              (0.19704251 -0.0022762945 -0.47901306)        (0.0004313229 -8.5140785e-05 2.578952e-05)    (0.19747383 -0.0023614353 -0.47898727)       
youfuyi                   (-0.64723379 -0.63546503 16.345896)           (0.16128501 -0.062591729 0.02456602)          (-0.48594877 -0.69805676 16.370462)           (-0.00083716901 -0.00082194663 0.021142713)   (0.00020861521 -8.0959705e-05 3.1775088e-05)  (-0.0006285538 -0.00090290634 0.021174488)   
youweiduo                 (-0.92641209 -0.23320199 -0.35795789)         (0.15112747 -0.045039523 0.017230161)         (-0.77528462 -0.27824151 -0.34072773)         (-0.0011982741 -0.00030163672 -0.0004630031)  (0.00019547687 -5.8256682e-05 2.228647e-05)   (-0.0010027973 -0.0003598934 -0.00044071663) 
zhongyangyi               (1043.4295 -0.010006557 14297.217)            (2.4639198 -0.31463708 0.24045281)            (1045.8934 -0.32464364 14297.458)             (1.3496311 -1.294305e-05 18.492835)           (0.0031869741 -0.0004069695 0.00031101535)    (1.3528181 -0.00041991255 18.493146)         
zuofuyi                   (5.9089158 1.1309617 28.116485)               (0.14014452 -0.072118226 0.038582209)         (6.0490603 1.0588435 28.155067)               (0.0076429279 0.0014628502 0.036367461)       (0.0001812709 -9.3281818e-05 4.9904425e-05)   (0.0078241988 0.0013695684 0.036417366)      
zuoweiduo                 (-0.90121795 -0.84457038 1.5194742)           (0.14356756 -0.03491186 -0.014390593)         (-0.7576504 -0.87948224 1.5050836)            (-0.0011656866 -0.0010924154 0.0019653744)    (0.00018569845 -4.5156987e-05 -1.8613612e-05) (-0.00097998814 -0.0011375724 0.0019467608)  
------------------------- --------------------------------------------- --------------------------------------------- --------------------------------------------- --------------------------------------------- --------------------------------------------- ---------------------------------------------
Net                       (-21.574873 -53.731501 795.9331)              (12.46854 -2.308011 1.0951941)                (-9.1063334 -56.039512 797.0283)              (-0.027906168 -0.069499381 1.0295052)         (0.016127519 -0.0029853127 0.0014165863)      (-0.01177865 -0.072484694 1.0309218)         

Forces - Direction Vector (0.97576488 -0.20791169 0.068232127)
                          Forces [N]                                      Coefficients                                   
Zone                      Pressure        Viscous         Total           Pressure        Viscous         Total          
jidi                      1117.9247       0.00021919894   1117.9249       1.4459875       2.8352438e-07   1.4459877      
jishen                    8013.6363       1.2053086       8014.8417       10.365293       0.0015590148    10.366852      
jitou                     -10978.971      1.1603903       -10977.811      -14.200826      0.0015009148    -14.199326     
liangan                   -288.04461      1.1705371       -286.87407      -0.37257329     0.0015140393    -0.37105925    
waiyi                     -28.84364       4.3366788       -24.506961      -0.037308005    0.0056093072    -0.031698698   
weiyi                     84.724728       1.3905488       86.115277       0.10958778      0.001798615     0.1113864      
xiaoyi                    123.74309       0.34042972      124.08352       0.16005635      0.00044033118   0.16049668     
youfuyi                   0.61588789      0.172066        0.78795388      0.00079662444   0.00022255995   0.0010191844   
youweiduo                 -0.8798992      0.15800477      -0.72189443     -0.0011381117   0.00020437236   -0.00093373933 
zhongyangyi               1993.6735       2.4860298       1996.1595       2.5787307       0.0032155724    2.5819463      
zuofuyi                   7.4490199       0.15437487      7.6033948       0.0096349862    0.00019967725   0.0098346635   
zuoweiduo                 -0.60010382     0.14636486      -0.45373896     -0.00077620843  0.00018931664   -0.00058689179 
------------------------- --------------- --------------- --------------- --------------- --------------- ---------------
Net                       44.427613       12.720953       57.148565       0.057465202     0.016454004     0.073919207    
