                                    "Force Report"

Forces
                          Forces [N]                                                                                                                                Coefficients                                                                                                                             
Zone                      Pressure                                      Viscous                                       Total                                         Pressure                                      Viscous                                       Total                                        
jidi                      (1143.5821 2.4895517e-07 0.00043469868)       (2.5259385e-09 -0.00098782768 0.00013747934)  (1143.5821 -0.00098757873 0.00057217802)      (1.4791742 3.2201278e-10 5.6226401e-07)       (3.2671927e-12 -1.2777125e-06 1.778236e-07)   (1.4791742 -1.2773905e-06 7.4008761e-07)     
jishen                    (9077.5671 3.2616025 -12504.599)              (1.2619246 -0.093490208 -0.10603154)          (9078.8291 3.1681123 -12504.706)              (11.741442 0.0042187423 -16.174161)           (0.001632245 -0.00012092556 -0.00013714723)   (11.743074 0.0040978167 -16.174298)          
jitou                     (-11240.753 -13.714059 -13.216727)            (1.1664025 -0.16794051 -0.11874747)           (-11239.587 -13.881999 -13.335475)            (-14.53943 -0.017738544 -0.017095267)         (0.0015086913 -0.00021722382 -0.00015359473)  (-14.537921 -0.017955768 -0.017248862)       
liangan                   (-81.161382 -2.2077307 -3083.0877)            (1.2357976 -0.13962363 -0.096276672)          (-79.925584 -2.3473543 -3083.184)             (-0.10497875 -0.0028556045 -3.9878411)        (0.001598451 -0.00018059715 -0.00012452973)   (-0.1033803 -0.0030362016 -3.9879657)        
waiyi                     (-127.42789 0.90845199 1461.6977)             (3.6801023 -0.54565874 -0.11125108)           (-123.74779 0.36279325 1461.5864)             (-0.16482248 0.0011750435 1.8906429)          (0.0047600537 -0.00070578606 -0.00014389848)  (-0.16006243 0.00046925744 1.890499)         
weiyi                     (41.368024 -20.247391 482.2512)               (1.4377057 -0.20238017 -0.13464579)           (42.805729 -20.449771 482.11655)              (0.053507756 -0.026189128 0.62377114)         (0.0018596104 -0.00026177003 -0.00017415853)  (0.055367366 -0.026450898 0.62359698)        
xiaoyi                    (150.75508 -0.73926208 -373.47824)            (0.31051674 -0.041071792 -0.036457925)        (151.06559 -0.78033387 -373.5147)             (0.1949952 -0.00095620364 -0.48307801)        (0.00040164002 -5.3124593e-05 -4.7156754e-05) (0.19539684 -0.0010093282 -0.48312516)       
youfuyi                   (-0.86400977 -0.28494241 8.8957711)           (0.17367697 -0.044543505 -0.0056067291)       (-0.6903328 -0.32948592 8.8901644)            (-0.0011175594 -0.00036856073 0.011506297)    (0.00022464368 -5.7615104e-05 -7.2520625e-06) (-0.00089291573 -0.00042617584 0.011499045)  
youweiduo                 (-1.097354 -1.0351833 -1.7524428)             (0.15201629 -0.027999806 -0.00018132214)      (-0.9453377 -1.0631831 -1.7526241)            (-0.0014193801 -0.0013389649 -0.0022667092)   (0.00019662652 -3.6216542e-05 -2.3453238e-07) (-0.0012227536 -0.0013751815 -0.0022669437)  
zhongyangyi               (1054.7373 -0.028305633 14054.738)            (2.1766521 -0.27199487 -0.11511323)           (1056.914 -0.30030051 14054.623)              (1.3642573 -3.6612116e-05 18.179198)          (0.0028154057 -0.00035181365 -0.00014889401)  (1.3670727 -0.00038842576 18.179049)         
zuofuyi                   (5.5669959 1.0749637 24.970284)               (0.10903377 -0.04799512 0.042540732)          (5.6760297 1.0269686 25.012825)               (0.0072006693 0.0013904193 0.032297986)       (0.00014103048 -6.2079619e-05 5.5024603e-05)  (0.0073416998 0.0013283397 0.032353011)      
zuoweiduo                 (-0.99652826 0.22224363 -0.27943328)          (0.15432559 -0.033302855 -0.026399957)        (-0.84220266 0.18894078 -0.30583324)          (-0.0012889664 0.00028746256 -0.00036143491)  (0.00019961351 -4.3075807e-05 -3.4147206e-05) (-0.0010893529 0.00024438675 -0.00039558212) 
------------------------- --------------------------------------------- --------------------------------------------- --------------------------------------------- --------------------------------------------- --------------------------------------------- ---------------------------------------------
Net                       (21.276528 -32.789612 56.139018)              (11.858154 -1.616989 -0.7080335)              (33.134682 -34.406601 55.430985)              (0.027520272 -0.04241195 0.072613401)         (0.015338011 -0.0020915056 -0.00091581082)    (0.042858284 -0.044503455 0.07169759)        

Forces - Direction Vector (0.98484328 -0.1391731 -0.1035112)
                          Forces [N]                                      Coefficients                                   
Zone                      Pressure        Viscous         Total           Pressure        Viscous         Total          
jidi                      1126.2491       0.00012325088   1126.2492       1.4567547       1.594197e-07    1.4567549      
jishen                    10233.893       1.2667847       10235.16        13.2371         0.0016385314    13.238738      
jitou                     -11067.103      1.1843881       -11065.919      -14.314821      0.001531955     -14.313289     
liangan                   239.51012       1.2464646       240.75659       0.30979602      0.0016122482    0.31140827     
waiyi                     -276.92501      3.7117807       -273.21323      -0.35819057     0.0048010284    -0.35338954    
weiyi                     -6.3594875      1.458018        -4.9014694      -0.008225723    0.0018858835    -0.0063398395  
xiaoyi                    187.23219       0.31530022      187.54749       0.24217677      0.00040782724   0.2425846      
youfuyi                   -1.7320698      0.17782421      -1.5542456      -0.0022403577   0.00023000796   -0.0020103497  
youweiduo                 -0.75525459     0.15362781      -0.60162678     -0.00097688926  0.00019871095   -0.00077817831 
zhongyangyi               -416.06785      2.193431        -413.87442      -0.53816583     0.0028371085    -0.53532872    
zuofuyi                   2.7483084       0.10965736      2.8579658       0.0035548185    0.00014183707   0.0036966556   
zuoweiduo                 -0.98343002     0.15935408      -0.82407594     -0.0012720243   0.00020611763   -0.0010659067  
------------------------- --------------- --------------- --------------- --------------- --------------- ---------------
Net                       19.706461       11.976754       31.683215       0.025489458     0.015491415     0.040980873    
