                                    "Force Report"

Forces
                          Forces [N]                                                                                                                                Coefficients                                                                                                                             
Zone                      Pressure                                      Viscous                                       Total                                         Pressure                                      Viscous                                       Total                                        
jidi                      (1146.1278 4.4612765e-07 0.00043615681)       (2.8237036e-08 0.0049551253 0.0062010744)     (1146.1278 0.0049555714 0.0066372312)         (1.482467 5.7704689e-10 5.6415004e-07)        (3.6523389e-11 6.409241e-06 8.0208225e-06)    (1.482467 6.4098181e-06 8.5849725e-06)       
jishen                    (9092.2478 -1.5563525 -12502.189)             (1.1959297 -0.16305554 0.0074444568)          (9093.4438 -1.719408 -12502.181)              (11.760431 -0.0020130749 -16.171042)          (0.0015468835 -0.00021090531 9.6290841e-06)   (11.761978 -0.0022239802 -16.171033)         
jitou                     (-11263.355 -19.695394 24.85421)              (1.0967911 -0.25331196 0.28547227)            (-11262.258 -19.948706 25.139682)             (-14.568664 -0.025475143 0.03214785)          (0.0014186521 -0.00032764811 0.00036924608)   (-14.567245 -0.025802791 0.032517096)        
liangan                   (-81.177998 -3.7769054 -3065.3752)            (1.2771348 -0.19962402 0.1958224)             (-79.900863 -3.9765294 -3065.1793)            (-0.10500024 -0.0048852644 -3.9649307)        (0.0016519188 -0.00025820507 0.00025328783)   (-0.10334832 -0.0051434695 -3.9646774)       
waiyi                     (-213.22507 -0.43519375 1982.2363)            (3.2921436 -0.7608217 0.90856238)             (-209.93292 -1.1960155 1983.1449)             (-0.27579743 -0.00056290437 2.5639372)        (0.0042582459 -0.00098409008 0.0011751863)    (-0.27153919 -0.0015469944 2.5651124)        
weiyi                     (38.951342 -26.57906 584.51793)               (1.344988 -0.28237701 0.10567511)             (40.296329 -26.861437 584.62361)              (0.050381882 -0.034378869 0.75604876)         (0.001739684 -0.0003652425 0.0001366862)      (0.052121566 -0.034744111 0.75618545)        
xiaoyi                    (153.22765 -2.1353022 -367.56834)             (0.34677498 -0.071817471 0.062049834)         (153.57443 -2.2071197 -367.50629)             (0.19819337 -0.0027619214 -0.47543381)        (0.00044853849 -9.2892804e-05 8.0258787e-05)  (0.1986419 -0.0028548142 -0.47535356)        
youfuyi                   (0.22640514 -0.81703325 23.043626)            (0.1292053 -0.067400386 0.044939178)          (0.35561044 -0.88443364 23.088565)            (0.00029284529 -0.0010567973 0.029805937)     (0.00016712149 -8.7179495e-05 5.8126891e-05)  (0.00045996678 -0.0011439768 0.029864064)    
youweiduo                 (-0.83794133 0.38861557 0.72953405)           (0.14516958 -0.043311561 0.023225701)         (-0.69277175 0.34530401 0.75275975)           (-0.001083841 0.00050265749 0.00094362086)    (0.0001877706 -5.6021638e-05 3.0041443e-05)   (-0.00089607041 0.00044663585 0.0009736623)  
zhongyangyi               (1027.1417 0.033963604 14378.649)             (1.9641384 -0.22796968 0.36639014)            (1029.1058 -0.19400607 14379.015)             (1.3285635 4.3930458e-05 18.598163)           (0.0025405283 -0.00029486895 0.00047390986)   (1.331104 -0.00025093849 18.598637)          
zuofuyi                   (5.3997501 1.3400102 30.182093)               (0.125107 -0.082486827 0.043655063)           (5.5248571 1.2575234 30.225748)               (0.0069843441 0.0017332455 0.039039237)       (0.00016182051 -0.00010669316 5.6465943e-05)  (0.0071461646 0.0016265523 0.039095703)      
zuoweiduo                 (-0.85772948 -1.4006456 2.42805)              (0.13496482 -0.035708685 -0.0063677603)       (-0.72276466 -1.4363543 2.4216823)            (-0.0011094361 -0.0018116748 0.0031405781)    (0.00017457118 -4.6187646e-05 -8.2364236e-06) (-0.00093486494 -0.0018578624 0.0031323417)  
------------------------- --------------------------------------------- --------------------------------------------- --------------------------------------------- --------------------------------------------- --------------------------------------------- ---------------------------------------------
Net                       (-96.130747 -54.633297 1091.5088)             (11.052347 -2.1829297 2.0430698)              (-85.078399 -56.816227 1093.5518)             (-0.12434098 -0.070665815 1.4118196)          (0.014295735 -0.0028235255 0.0026426228)      (-0.11004524 -0.073489341 1.4144622)         

Forces - Direction Vector (0.96328734 -0.20791169 0.16985355)
                          Forces [N]                                      Coefficients                                   
Zone                      Pressure        Viscous         Total           Pressure        Viscous         Total          
jidi                      1104.0505       2.3073205e-05   1104.0505       1.4280418       2.9844196e-08   1.4280418      
jishen                    6635.2297       1.1871895       6636.4169       8.5823837       0.0015355785    8.5839193      
jitou                     -10841.53       1.15768         -10840.373      -14.023052      0.0014974092    -14.021555     
liangan                   -598.07732      1.3050131       -596.77231      -0.77358724     0.0016879782    -0.77189927    
waiyi                     131.38334       3.4837866       134.86713       0.16993869      0.0045061278    0.17444482     
weiyi                     142.32988       1.3722687       143.70215       0.18409756      0.0017749704    0.18587253     
xiaoyi                    85.613425       0.35951503      85.97294        0.11073728      0.00046501719   0.11120229     
youfuyi                   4.3020055       0.14610824      4.4481138       0.0055644588    0.00018898471   0.0057534435   
youweiduo                 -0.76406205     0.15278997      -0.61127208     -0.00098828133  0.00019762724   -0.0007906541  
zhongyangyi               3431.69         2.0016598       3433.6917       4.4387432       0.0025890608    4.4413322      
zuofuyi                   10.049443       0.14507893      10.194522       0.012998521     0.00018765335   0.013186175    
zuoweiduo                 -0.12261644     0.13635257      0.013736134     -0.00015859908  0.00017636618   1.7767098e-05  
------------------------- --------------- --------------- --------------- --------------- --------------- ---------------
Net                       104.15401       11.447466       115.60147       0.13471872      0.014806803     0.14952552     
