                                    "Force Report"

Moments - Moment Center (0 0 0.05)
                          Moments [N m]                                                                                                                             Coefficients                                                                                                                             
Zone                      Pressure                                      Viscous                                       Total                                         Pressure                                      Viscous                                       Total                                        
jidi                      (-1.745918e-09 -22.925111 0.008662687)        (6.7134399e-05 -0.0034726018 0.0027748693)    (6.7132653e-05 -22.928584 0.011437556)        (-6.19213e-12 -0.081306949 3.0723369e-05)     (2.3810105e-07 -1.2316043e-05 9.8414422e-06)  (2.3809486e-07 -0.081319265 4.0564811e-05)   
jishen                    (-0.12032866 -229.69701 2.6026467)            (-0.026425048 -0.070484734 0.010475961)       (-0.14675371 -229.7675 2.6131227)             (-0.00042676156 -0.81465093 0.0092306319)     (-9.3719938e-05 -0.00024998346 3.7154387e-05) (-0.0005204815 -0.81490092 0.0092677863)     
jitou                     (-1.2503316 553.15779 12.377208)              (-0.013918005 0.12175261 0.16124612)          (-1.2642496 553.27954 12.538455)              (-0.0044344669 1.9618475 0.043897412)         (-4.9362053e-05 0.0004318118 0.00057188075)   (-0.004483829 1.9622793 0.044469293)         
liangan                   (0.37132128 650.60735 -2.3026574)             (0.0052921656 0.13103604 0.0093755863)        (0.37661345 650.73839 -2.2932818)             (0.0013169402 2.3074653 -0.00816668)          (1.8769368e-05 0.00046473671 3.3251761e-05)   (0.0013357096 2.30793 -0.0081334282)         
waiyi                     (-21.805122 -45.958909 -6.7481891)            (0.068031086 0.51846977 -0.15161331)          (-21.737091 -45.440439 -6.8998025)            (-0.077334759 -0.16299937 -0.023933348)       (0.00024128127 0.0018388218 -0.00053771673)   (-0.077093478 -0.16116055 -0.024471065)      
weiyi                     (-10.055404 -738.82766 -35.274723)            (0.093613312 0.27672456 -0.39128972)          (-9.9617909 -738.55094 -35.666013)            (-0.035662826 -2.6203503 -0.12510649)         (0.00033201203 0.00098144036 -0.0013877609)   (-0.035330813 -2.6193689 -0.12649425)        
xiaoyi                    (16.885307 55.880897 -1.3054143)              (0.12922776 0.036541662 -0.030990895)         (17.014535 55.917439 -1.3364052)              (0.059885982 0.19818902 -0.0046298252)        (0.00045832341 0.00012959985 -0.00010991332)  (0.060344306 0.19831862 -0.0047397385)       
youfuyi                   (27.626724 -3.9127364 -0.36394011)            (0.060177052 0.0078467828 -0.16802924)        (27.686902 -3.9048896 -0.53196935)            (0.097981844 -0.013877039 -0.0012907619)      (0.0002134259 2.7829656e-05 -0.00059593798)   (0.09819527 -0.013849209 -0.0018866999)      
youweiduo                 (0.036986676 -1.2396234 0.83256973)           (0.020535569 0.010251959 -0.11182515)         (0.057522246 -1.2293714 0.72074458)           (0.00013117816 -0.0043964887 0.002952819)     (7.2832122e-05 3.6359932e-05 -0.00039660274)  (0.00020401028 -0.0043601288 0.0025562163)   
zhongyangyi               (5.0522223 -275.58214 1.2219181)              (0.018865392 0.30541859 -0.024121736)         (5.0710877 -275.27672 1.1977963)              (0.017918377 -0.97738863 0.0043336946)        (6.6908617e-05 0.0010832075 -8.5550936e-05)   (0.017985285 -0.97630542 0.0042481437)       
zuofuyi                   (-35.467625 -4.5156429 6.4282041)             (-0.043707314 0.008049528 0.13335127)         (-35.511332 -4.5075934 6.5615554)             (-0.12579064 -0.016015327 0.022798479)        (-0.00015501379 2.8548719e-05 0.00047294799)  (-0.12594565 -0.015986778 0.023271427)       
zuoweiduo                 (-0.43623032 -3.5538049 -2.2146921)           (0.01288877 0.047320721 0.00045856292)        (-0.42334155 -3.5064842 -2.2142336)           (-0.0015471487 -0.012604041 -0.0078546995)    (4.5711732e-05 0.00016782922 1.6263542e-06)   (-0.001501437 -0.012436211 -0.0078530732)    
------------------------- --------------------------------------------- --------------------------------------------- --------------------------------------------- --------------------------------------------- --------------------------------------------- ---------------------------------------------
Net                       (-19.16248 -66.566606 -24.738407)             (0.32464788 1.3894549 -0.56018767)            (-18.837832 -65.177151 -25.298594)            (-0.067962279 -0.2360873 -0.087738041)        (0.0011514068 0.0049278861 -0.0019867799)     (-0.066810872 -0.23115942 -0.089724821)      

Moments - Moment Center (0 0 0.05) Moment Axis (0 1 0)
                          Moments [N m]                                   Coefficients                                   
Zone                      Pressure        Viscous         Total           Pressure        Viscous         Total          
jidi                      -22.925111      -0.0034726018   -22.928584      -0.081306949    -1.2316043e-05  -0.081319265   
jishen                    -229.69701      -0.070484734    -229.7675       -0.81465093     -0.00024998346  -0.81490092    
jitou                     553.15779       0.12175261      553.27954       1.9618475       0.0004318118    1.9622793      
liangan                   650.60735       0.13103604      650.73839       2.3074653       0.00046473671   2.30793        
waiyi                     -45.958909      0.51846977      -45.440439      -0.16299937     0.0018388218    -0.16116055    
weiyi                     -738.82766      0.27672456      -738.55094      -2.6203503      0.00098144036   -2.6193689     
xiaoyi                    55.880897       0.036541662     55.917439       0.19818902      0.00012959985   0.19831862     
youfuyi                   -3.9127364      0.0078467828    -3.9048896      -0.013877039    2.7829656e-05   -0.013849209   
youweiduo                 -1.2396234      0.010251959     -1.2293714      -0.0043964887   3.6359932e-05   -0.0043601288  
zhongyangyi               -275.58214      0.30541859      -275.27672      -0.97738863     0.0010832075    -0.97630542    
zuofuyi                   -4.5156429      0.008049528     -4.5075934      -0.016015327    2.8548719e-05   -0.015986778   
zuoweiduo                 -3.5538049      0.047320721     -3.5064842      -0.012604041    0.00016782922   -0.012436211   
------------------------- --------------- --------------- --------------- --------------- --------------- ---------------
Net                       -66.566606      1.3894549       -65.177151      -0.2360873      0.0049278861    -0.23115942    
