                                    "Force Report"

Moments - Moment Center (0 0 0.05)
                          Moments [N m]                                                                                                                             Coefficients                                                                                                                             
Zone                      Pressure                                      Viscous                                       Total                                         Pressure                                      Viscous                                       Total                                        
jidi                      (-1.0182109e-08 -22.903534 0.0026331669)      (5.2699637e-05 -0.0028692909 0.00042055889)   (5.2689455e-05 -22.906403 0.0030537258)       (-3.61122e-11 -0.081230423 9.3388757e-06)     (1.8690626e-07 -1.0176321e-05 1.4915679e-06)  (1.8687014e-07 -0.081240599 1.0830444e-05)   
jishen                    (0.088260578 -229.48755 0.7831004)            (-0.010684246 -0.063102502 -0.0014707954)     (0.077576333 -229.55066 0.78162961)           (0.00031302785 -0.81390806 0.0027773695)      (-3.7893096e-05 -0.0002238014 -5.2163711e-06) (0.00027513476 -0.81413186 0.0027721531)     
jitou                     (-0.41777975 548.36091 4.1275877)             (-0.004527074 0.06388451 0.052839642)         (-0.42230683 548.42479 4.1804273)             (-0.0014817113 1.9448347 0.014639037)         (-1.6055869e-05 0.00022657489 0.0001874028)   (-0.0014977672 1.9450613 0.01482644)         
liangan                   (-0.15681206 648.08603 -0.82833445)           (0.0010827006 0.11997076 0.0018412489)        (-0.15572936 648.20601 -0.8264932)            (-0.00055615479 2.2985231 -0.0029377981)      (3.8399413e-06 0.00042549222 6.5302337e-06)   (-0.00055231485 2.2989486 -0.0029312678)     
waiyi                     (-36.544037 -45.518314 -3.9014162)            (-0.007509589 0.62706912 -0.069490361)        (-36.551547 -44.891245 -3.9709066)            (-0.12960828 -0.16143674 -0.01383689)         (-2.6633754e-05 0.0022239838 -0.00024645679)  (-0.12963491 -0.15921276 -0.014083347)       
weiyi                     (-4.8821238 -714.42986 -14.390055)            (0.026007836 0.36787329 -0.14480634)          (-4.8561159 -714.06198 -14.534861)            (-0.0173151 -2.5338203 -0.051036239)          (9.224024e-05 0.0013047114 -0.00051357492)    (-0.01722286 -2.5325156 -0.051549814)        
xiaoyi                    (4.5047484 55.933564 0.045785746)             (0.040952169 0.037780001 -0.0085414319)       (4.5457006 55.971344 0.037244314)             (0.015976688 0.19837581 0.00016238522)        (0.0001452423 0.00013399179 -3.0293322e-05)   (0.01612193 0.1985098 0.0001320919)          
youfuyi                   (21.241945 -3.0558898 0.36386538)             (0.035537693 0.013949979 -0.19375768)         (21.277483 -3.0419398 0.1701077)              (0.075337376 -0.010838119 0.0012904969)       (0.00012603914 4.9475451e-05 -0.00068718733)  (0.075463415 -0.010788643 0.00060330955)     
youweiduo                 (0.11189747 -1.3818334 0.94594488)            (0.0081938698 0.031156854 -0.08161065)        (0.12009134 -1.3506765 0.86433423)            (0.00039685924 -0.0049008555 0.003354919)     (2.9060646e-05 0.00011050192 -0.000289443)    (0.00042591988 -0.0047903536 0.003065476)    
zhongyangyi               (0.23399382 -274.74676 0.35978383)            (0.008614453 0.35018133 -0.0099064902)        (0.24260827 -274.39658 0.34987734)            (0.00082989014 -0.97442585 0.0012760211)      (3.0552301e-05 0.0012419646 -3.5134682e-05)   (0.00086044244 -0.97318389 0.0012408864)     
zuofuyi                   (-34.825344 -4.3169507 6.9737172)             (-0.042386044 0.011193281 0.16730582)         (-34.867731 -4.3057574 7.141023)              (-0.12351271 -0.015310638 0.024733213)        (-0.00015032773 3.9698456e-05 0.00059337229)  (-0.12366303 -0.01527094 0.025326586)        
zuoweiduo                 (-0.25345054 -2.277324 -1.4583568)            (0.0021228323 0.042366526 0.042679004)        (-0.25132771 -2.2349575 -1.4156778)           (-0.00089889598 -0.0080768319 -0.005172256)   (7.5289065e-06 0.00015025851 0.00015136675)   (-0.00089136707 -0.0079265734 -0.0050208892) 
------------------------- --------------------------------------------- --------------------------------------------- --------------------------------------------- --------------------------------------------- --------------------------------------------- ---------------------------------------------
Net                       (-50.898703 -45.737515 -6.9757439)            (0.0574573 1.5994539 -0.24449748)             (-50.841245 -44.138062 -7.2202414)            (-0.180519 -0.16221417 -0.024740402)          (0.00020377994 0.0056726754 -0.00086714276)   (-0.18031522 -0.15654149 -0.025607544)       

Moments - Moment Center (0 0 0.05) Moment Axis (0 1 0)
                          Moments [N m]                                   Coefficients                                   
Zone                      Pressure        Viscous         Total           Pressure        Viscous         Total          
jidi                      -22.903534      -0.0028692909   -22.906403      -0.081230423    -1.0176321e-05  -0.081240599   
jishen                    -229.48755      -0.063102502    -229.55066      -0.81390806     -0.0002238014   -0.81413186    
jitou                     548.36091       0.06388451      548.42479       1.9448347       0.00022657489   1.9450613      
liangan                   648.08603       0.11997076      648.20601       2.2985231       0.00042549222   2.2989486      
waiyi                     -45.518314      0.62706912      -44.891245      -0.16143674     0.0022239838    -0.15921276    
weiyi                     -714.42986      0.36787329      -714.06198      -2.5338203      0.0013047114    -2.5325156     
xiaoyi                    55.933564       0.037780001     55.971344       0.19837581      0.00013399179   0.1985098      
youfuyi                   -3.0558898      0.013949979     -3.0419398      -0.010838119    4.9475451e-05   -0.010788643   
youweiduo                 -1.3818334      0.031156854     -1.3506765      -0.0049008555   0.00011050192   -0.0047903536  
zhongyangyi               -274.74676      0.35018133      -274.39658      -0.97442585     0.0012419646    -0.97318389    
zuofuyi                   -4.3169507      0.011193281     -4.3057574      -0.015310638    3.9698456e-05   -0.01527094    
zuoweiduo                 -2.277324       0.042366526     -2.2349575      -0.0080768319   0.00015025851   -0.0079265734  
------------------------- --------------- --------------- --------------- --------------- --------------- ---------------
Net                       -45.737515      1.5994539       -44.138062      -0.16221417     0.0056726754    -0.15654149    
