                                    "Force Report"

Moments - Moment Center (0 0 0.05)
                          Moments [N m]                                                                                                                             Coefficients                                                                                                                             
Zone                      Pressure                                      Viscous                                       Total                                         Pressure                                      Viscous                                       Total                                        
jidi                      (-8.9368845e-09 -22.925667 0.0067217869)      (0.00012401811 -0.0034691826 0.0034507394)    (0.00012400917 -22.929136 0.010172526)        (-3.1695847e-11 -0.08130892 2.3839709e-05)    (4.3984667e-07 -1.2303916e-05 1.2238505e-05)  (4.3981497e-07 -0.081321224 3.6078214e-05)   
jishen                    (0.05368016 -229.82837 2.6163156)             (-0.028218077 -0.065321826 0.0051295906)      (0.025462083 -229.89369 2.6214452)            (0.00019038381 -0.8151168 0.0092791106)       (-0.00010007915 -0.00023167252 1.8192774e-05) (9.0304657e-05 -0.81534847 0.0092973033)     
jitou                     (-1.2429538 550.77075 12.295527)              (-0.01389172 0.093346814 0.16055139)          (-1.2568455 550.8641 12.456079)               (-0.0044083005 1.9533816 0.043607719)         (-4.9268829e-05 0.00033106686 0.00056941682)  (-0.0044575694 1.9537126 0.044177136)        
liangan                   (0.65140429 650.66304 -2.0471293)             (0.014381222 0.13456775 -0.016861734)         (0.66578551 650.7976 -2.063991)               (0.0023102917 2.3076628 -0.0072604156)        (5.1004913e-05 0.00047726238 -5.9802376e-05)  (0.0023612967 2.3081401 -0.007320218)        
waiyi                     (-26.354616 -45.808424 -5.8946096)            (0.065174924 0.5697077 -0.16238855)           (-26.289441 -45.238717 -6.0569982)            (-0.093470143 -0.16246566 -0.020906015)       (0.00023115151 0.0020205439 -0.00057593255)   (-0.093238992 -0.16044511 -0.021481948)      
weiyi                     (-10.617264 -723.93343 -37.084209)            (0.095933001 0.32425206 -0.38909288)          (-10.521331 -723.60917 -37.473302)            (-0.037655536 -2.567526 -0.13152407)          (0.00034023912 0.0011500029 -0.0013799695)    (-0.037315297 -2.566376 -0.13290404)         
xiaoyi                    (14.781049 55.951095 -1.1075924)              (0.11887698 0.038168276 -0.027499302)         (14.899926 55.989263 -1.1350917)              (0.052422952 0.19843798 -0.0039282234)        (0.00042161297 0.00013536886 -9.7529924e-05)  (0.052844565 0.19857335 -0.0040257533)       
youfuyi                   (23.923492 -3.4301504 0.065305474)            (0.051533383 0.0098232887 -0.17882101)        (23.975026 -3.4203271 -0.11351553)            (0.08484784 -0.012165484 0.00023161453)       (0.00018276998 3.4839597e-05 -0.00063421243)  (0.08503061 -0.012130644 -0.0004025979)      
youweiduo                 (-0.011304694 -0.67542907 0.50972926)         (0.021623044 0.010426603 -0.11584014)         (0.01031835 -0.66500247 0.39388912)           (-4.0093597e-05 -0.0023954988 0.0018078225)   (7.6688994e-05 3.6979331e-05 -0.00041084242)  (3.6595396e-05 -0.0023585195 0.00139698)     
zhongyangyi               (4.5510025 -275.97103 1.6278021)              (0.02665463 0.32758392 -0.017161267)          (4.5776571 -275.64345 1.6106409)              (0.016140734 -0.97876789 0.0057732163)        (9.4534181e-05 0.0011618199 -6.0864712e-05)   (0.016235268 -0.97760607 0.0057123516)       
zuofuyi                   (-34.282469 -4.3659005 6.5033282)             (-0.04200219 0.0088682021 0.14293519)         (-34.324471 -4.3570323 6.6462634)             (-0.12158732 -0.015484246 0.023064917)        (-0.00014896634 3.1452255e-05 0.00050693862)  (-0.12173629 -0.015452793 0.023571855)       
zuoweiduo                 (-0.43349324 -3.2916341 -2.0482341)           (0.013175423 0.051772515 0.0027001246)        (-0.42031782 -3.2398615 -2.045534)            (-0.0015374413 -0.011674217 -0.0072643341)    (4.6728387e-05 0.0001836181 9.5763502e-06)    (-0.0014907129 -0.011490599 -0.0072547578)   
------------------------- --------------------------------------------- --------------------------------------------- --------------------------------------------- --------------------------------------------- --------------------------------------------- ---------------------------------------------
Net                       (-28.981472 -52.845149 -24.557044)            (0.32336463 1.4997261 -0.59289784)            (-28.658108 -51.345423 -25.149942)            (-0.10278664 -0.18742233 -0.087094816)        (0.0011468556 0.0053189777 -0.0021027909)     (-0.10163978 -0.18210336 -0.089197607)       

Moments - Moment Center (0 0 0.05) Moment Axis (0 1 0)
                          Moments [N m]                                   Coefficients                                   
Zone                      Pressure        Viscous         Total           Pressure        Viscous         Total          
jidi                      -22.925667      -0.0034691826   -22.929136      -0.08130892     -1.2303916e-05  -0.081321224   
jishen                    -229.82837      -0.065321826    -229.89369      -0.8151168      -0.00023167252  -0.81534847    
jitou                     550.77075       0.093346814     550.8641        1.9533816       0.00033106686   1.9537126      
liangan                   650.66304       0.13456775      650.7976        2.3076628       0.00047726238   2.3081401      
waiyi                     -45.808424      0.5697077       -45.238717      -0.16246566     0.0020205439    -0.16044511    
weiyi                     -723.93343      0.32425206      -723.60917      -2.567526       0.0011500029    -2.566376      
xiaoyi                    55.951095       0.038168276     55.989263       0.19843798      0.00013536886   0.19857335     
youfuyi                   -3.4301504      0.0098232887    -3.4203271      -0.012165484    3.4839597e-05   -0.012130644   
youweiduo                 -0.67542907     0.010426603     -0.66500247     -0.0023954988   3.6979331e-05   -0.0023585195  
zhongyangyi               -275.97103      0.32758392      -275.64345      -0.97876789     0.0011618199    -0.97760607    
zuofuyi                   -4.3659005      0.0088682021    -4.3570323      -0.015484246    3.1452255e-05   -0.015452793   
zuoweiduo                 -3.2916341      0.051772515     -3.2398615      -0.011674217    0.0001836181    -0.011490599   
------------------------- --------------- --------------- --------------- --------------- --------------- ---------------
Net                       -52.845149      1.4997261       -51.345423      -0.18742233     0.0053189777    -0.18210336    
