                                    "Force Report"

Forces
                          Forces [N]                                                                                                                                Coefficients                                                                                                                             
Zone                      Pressure                                      Viscous                                       Total                                         Pressure                                      Viscous                                       Total                                        
jidi                      (1145.4289 -2.4279171e-07 0.00043610636)      (-6.5891725e-10 -0.00048869185 -0.00033583624) (1145.4289 -0.00048893464 0.00010027012)      (1.4815629 -3.1404061e-10 5.6408478e-07)      (-8.5228106e-13 -6.3210185e-07 -4.3438971e-07) (1.4815629 -6.3241589e-07 1.2969508e-07)     
jishen                    (9085.4667 1.126704 -12505.808)               (1.200433 -0.17606164 -0.049490819)           (9086.6671 0.9506424 -12505.858)              (11.75166 0.0014573431 -16.175724)            (0.0015527084 -0.00022772815 -6.4014241e-05)  (11.753212 0.001229615 -16.175788)           
jitou                     (-11253.987 -19.8294 11.718749)               (1.1274397 -0.25322597 0.13955913)            (-11252.859 -20.082626 11.858308)             (-14.556547 -0.025648474 0.015157696)         (0.0014582946 -0.00032753688 0.00018051372)   (-14.555089 -0.025976011 0.01533821)         
liangan                   (-81.066409 -3.1190166 -3073.8874)            (1.1707507 -0.19500442 0.063724103)           (-79.895658 -3.3140211 -3073.8236)            (-0.10485591 -0.0040343136 -3.9759409)        (0.0015143156 -0.00025222982 8.2424381e-05)   (-0.10334159 -0.0042865434 -3.9758584)       
waiyi                     (-155.2429 -0.01859195 1788.4365)             (4.2367182 -0.78739675 0.53571365)            (-151.00618 -0.8059887 1788.9722)             (-0.2008 -2.4047886e-05 2.3132655)            (0.0054800124 -0.0010184638 0.00069292252)    (-0.19531999 -0.0010425117 2.3139584)        
weiyi                     (42.722216 -28.13218 544.60456)               (1.3676448 -0.28580888 0.0088889036)          (44.089861 -28.417989 544.61345)              (0.055259345 -0.036387763 0.70442253)         (0.0017689896 -0.00036968147 1.1497414e-05)   (0.057028335 -0.036757444 0.70443402)        
xiaoyi                    (152.22242 -1.6401113 -370.31416)             (0.33073703 -0.064948226 0.018582735)         (152.55316 -1.7050595 -370.29558)             (0.19689314 -0.0021214133 -0.47898541)        (0.0004277941 -8.4007732e-05 2.4035967e-05)   (0.19732094 -0.002205421 -0.47896137)        
youfuyi                   (-1.7023167 -0.37740461 8.1670214)            (0.16895807 -0.068307362 0.011380556)         (-1.5333586 -0.44571197 8.178402)             (-0.0022018733 -0.0004881566 0.01056369)      (0.00021853998 -8.8352629e-05 1.4720259e-05)  (-0.0019833333 -0.00057650923 0.01057841)    
youweiduo                 (-0.91450739 -0.25994498 -0.40589534)         (0.14989186 -0.046568933 0.017883809)         (-0.76461553 -0.30651391 -0.38801153)         (-0.0011828759 -0.00033622763 -0.00052500813) (0.00019387866 -6.0234907e-05 2.3131936e-05)  (-0.00098899724 -0.00039646253 -0.00050187619)
zhongyangyi               (1044.558 -0.015880511 14278.905)             (2.4612428 -0.32381874 0.22453112)            (1047.0193 -0.33969925 14279.129)             (1.3510908 -2.0540757e-05 18.469148)          (0.0031835116 -0.00041884559 0.00029042133)   (1.3542743 -0.00043938635 18.469439)         
zuofuyi                   (-0.62312467 0.57981312 15.502769)            (0.16820382 -0.066164587 0.02533707)          (-0.45492085 0.51364853 15.528106)            (-0.00080598491 0.00074996328 0.020052164)    (0.0002175644 -8.5581042e-05 3.2772409e-05)   (-0.00058842051 0.00066438224 0.020084936)   
zuoweiduo                 (-0.90269078 -0.80043106 1.4400358)           (0.1454284 -0.035628428 -0.015672126)         (-0.75726238 -0.83605949 1.4243637)           (-0.0011675916 -0.0010353231 0.0018626243)    (0.00018810537 -4.6083837e-05 -2.027122e-05)  (-0.00097948625 -0.0010814069 0.0018423531)  
------------------------- --------------------------------------------- --------------------------------------------- --------------------------------------------- --------------------------------------------- --------------------------------------------- ---------------------------------------------
Net                       (-24.040401 -52.486444 698.35948)             (12.527448 -2.3034226 0.98010229)             (-11.512953 -54.789866 699.33958)             (-0.031095223 -0.067888953 0.90329789)        (0.016203715 -0.0029793779 0.0012677201)      (-0.014891508 -0.070868331 0.90456561)       

Forces - Direction Vector (0.97576488 -0.20791169 0.068232127)
                          Forces [N]                                      Coefficients                                   
Zone                      Pressure        Viscous         Total           Pressure        Viscous         Total          
jidi                      1117.6693       7.8689285e-05   1117.6694       1.4456571       1.017812e-07    1.4456572      
jishen                    8011.7472       1.2045688       8012.9518       10.36285        0.0015580578    10.364408      
jitou                     -10976.323      1.1622871       -10975.16       -14.1974        0.0015033682    -14.195897     
liangan                   -288.19115      1.1872692       -287.00388      -0.37276283     0.0015356815    -0.37122715    
waiyi                     -29.447879      4.3343027       -25.113576      -0.038089562    0.0056062338    -0.032483328   
weiyi                     84.695375       1.3945293       86.089904       0.10954982      0.0018037636    0.11135358     
xiaoyi                    123.60697       0.33749302      123.94446       0.15988029      0.00043653267   0.16031682     
youfuyi                   -1.0253408      0.17984177      -0.84549899     -0.0013262341   0.00023261758   -0.0010936165  
youweiduo                 -0.86599369     0.15716169      -0.70883201     -0.0011201255   0.00020328187   -0.00091684366 
zhongyangyi               1993.5264       2.4842403       1996.0107       2.5785405       0.0032132577    2.5817538      
zuofuyi                   0.3292138       0.17961258      0.50882638      0.00042582386   0.00023232113   0.00065814499  
zuoweiduo                 -0.61613828     0.14824215      -0.46789613     -0.00079694831  0.00019174483   -0.00060520348 
------------------------- --------------- --------------- --------------- --------------- --------------- ---------------
Net                       35.105319       12.769627       47.874946       0.045407217     0.016516963     0.06192418     
