                                    "Force Report"

Forces
                          Forces [N]                                                                                                                                Coefficients                                                                                                                             
Zone                      Pressure                                      Viscous                                       Total                                         Pressure                                      Viscous                                       Total                                        
jidi                      (1144.8776 1.6267182e-07 0.00043534835)       (2.8455531e-08 -0.00055601887 0.0045282871)   (1144.8776 -0.00055585619 0.0049636355)       (1.4808498 2.1040898e-10 5.6310432e-07)       (3.6806003e-11 -7.1918644e-07 5.8571443e-06)  (1.4808498 -7.1897603e-07 6.4202486e-06)     
jishen                    (9083.4006 0.31490213 -12499.439)             (1.1315548 0.0015458695 0.0029939762)         (9084.5322 0.316448 -12499.436)               (11.748987 0.00040731233 -16.167485)          (0.0014636173 1.9995156e-06 3.8725792e-06)    (11.750451 0.00040931185 -16.167482)         
jitou                     (-11251.644 0.13978111 12.323672)             (1.1542736 0.00033929905 0.14164031)          (-11250.49 0.14012041 12.465312)              (-14.553517 0.00018080084 0.015940138)        (0.0014930031 4.388687e-07 0.00018320564)     (-14.552024 0.00018123971 0.016123344)       
liangan                   (-81.086654 -0.091339582 -3074.2715)          (1.1377935 -0.0021599418 0.04932959)          (-79.94886 -0.093499524 -3074.2222)           (-0.10488209 -0.00011814381 -3.9764377)       (0.0014716869 -2.7937916e-06 6.3805699e-05)   (-0.10341041 -0.00012093761 -3.9763739)      
waiyi                     (-156.11432 0.31907484 1802.4244)             (4.3603473 0.00028628284 0.55480931)          (-151.75397 0.31936112 1802.9792)             (-0.20192714 0.00041270956 2.3313583)         (0.0056399214 3.7029452e-07 0.00071762194)    (-0.19628722 0.00041307985 2.332076)         
weiyi                     (46.910758 -1.1828784 545.78083)              (1.5635913 -0.0051412567 0.0042144077)        (48.474349 -1.1880197 545.78504)              (0.060677044 -0.0015300022 0.70594398)        (0.002022438 -6.649994e-06 5.4511548e-06)     (0.062699482 -0.0015366522 0.70594943)       
xiaoyi                    (152.65271 -0.067949906 -369.26171)           (0.3356744 -0.0005963345 0.030256853)         (152.98839 -0.068546241 -369.23145)           (0.1974497 -8.7890275e-05 -0.47762411)        (0.00043418037 -7.7133298e-07 3.9135936e-05)  (0.19788388 -8.8661608e-05 -0.47758497)      
youfuyi                   (-1.6564354 -0.29953944 8.0323729)            (0.17126294 0.0010019376 0.013182874)         (-1.4851724 -0.2985375 8.0455557)             (-0.0021425277 -0.00038744135 0.010389528)    (0.00022152123 1.2959631e-06 1.705148e-05)    (-0.0019210065 -0.00038614539 0.01040658)    
youweiduo                 (-0.94547891 0.33839171 0.62068999)           (0.15554479 -0.0051977036 0.00067587425)      (-0.78993412 0.33319401 0.62136586)           (-0.0012229362 0.0004376951 0.00080283575)    (0.00020119048 -6.7230056e-06 8.7421421e-07)  (-0.0010217457 0.00043097209 0.00080370997)  
zhongyangyi               (1044.3568 0.0069863015 14283.786)            (2.5419916 -0.0021889196 0.24328163)          (1046.8988 0.0047973819 14284.029)            (1.3508305 9.0364799e-06 18.475462)           (0.0032879566 -2.8312732e-06 0.0003146743)    (1.3541185 6.2052067e-06 18.475777)          
zuofuyi                   (-0.49444288 0.56746058 16.095936)            (0.16219582 -0.0030606024 0.026535957)        (-0.33224706 0.56439998 16.122472)            (-0.00063954056 0.00073398581 0.0208194)      (0.0002097933 -3.9587574e-06 3.4323117e-05)   (-0.00042974725 0.00073002705 0.020853723)   
zuoweiduo                 (-0.94039034 -0.38109694 0.69988638)          (0.15417168 0.0043336309 0.00087975504)       (-0.78621866 -0.3767633 0.70076614)           (-0.0012163544 -0.00049293246 0.00090527287)  (0.00019941443 5.6053649e-06 1.1379252e-06)   (-0.00101694 -0.0004873271 0.0009064108)     
------------------------- --------------------------------------------- --------------------------------------------- --------------------------------------------- --------------------------------------------- --------------------------------------------- ---------------------------------------------
Net                       (-20.683479 -0.33620742 726.79236)            (12.868402 -0.011393758 1.0723288)            (-7.8150768 -0.34760118 727.86469)            (-0.026753188 -0.00043486981 0.9400746)       (0.016644723 -1.4737334e-05 0.0013870111)     (-0.010108465 -0.00044960714 0.94146161)     

Forces - Direction Vector (0.99756419 0 0.069756474)
                          Forces [N]                                      Coefficients                                   
Zone                      Pressure        Viscous         Total           Pressure        Viscous         Total          
jidi                      1142.0888       0.00031590568   1142.0891       1.4772426       4.0861039e-07   1.477243       
jishen                    8189.3573       1.1290072       8190.4863       10.592581       0.0014603222    10.594041      
jitou                     -11223.376      1.1613421       -11222.215      -14.516953      0.001502146     -14.515451     
liangan                   -295.33944      1.138463        -294.20098      -0.38200884     0.0014725528    -0.38053628    
waiyi                     -30.003274      4.3884273       -25.614847      -0.038807942    0.0056762416    -0.033131701   
weiyi                     84.868226       1.5600765       86.428303       0.10977339      0.0020178917    0.11179129     
xiaoyi                    126.52247       0.33696733      126.85943       0.16365136      0.00043585272   0.16408721     
youfuyi                   -1.0920904      0.17176534      -0.92032509     -0.0014125719   0.00022217107   -0.0011904008  
youweiduo                 -0.89987863     0.15521304      -0.74466559     -0.0011639542   0.00020076138   -0.00096319286 
zhongyangyi               2038.1992       2.5527699       2040.752        2.6363229       0.0033018978    2.6396247      
zuofuyi                   0.62955716      0.16365177      0.79320894      0.00081430506   0.00021167652   0.0010259816   
zuoweiduo                 -0.889278       0.1538575       -0.7354205      -0.0011502428   0.00019900804   -0.00095123472 
------------------------- --------------- --------------- --------------- --------------- --------------- ---------------
Net                       30.065371       12.911857       42.977227       0.038888261     0.01670093      0.055589192    
