                                    "Force Report"

Forces
                          Forces [N]                                                                                                                                Coefficients                                                                                                                             
Zone                      Pressure                                      Viscous                                       Total                                         Pressure                                      Viscous                                       Total                                        
jidi                      (1145.2053 9.1427216e-08 0.00043532417)       (3.2876249e-08 -0.00014134161 0.0015958495)   (1145.2053 -0.00014125019 0.0020311737)       (1.4812738 1.1825716e-10 5.6307305e-07)       (4.2524011e-11 -1.8281929e-07 2.0641625e-06)  (1.4812738 -1.8270103e-07 2.6272356e-06)     
jishen                    (9089.0943 0.081312608 -12492.906)            (1.2126268 0.0011355618 0.10419652)           (9090.307 0.082448169 -12492.802)             (11.756352 0.00010517435 -16.159035)          (0.0015684805 1.4688003e-06 0.00013477371)    (11.75792 0.00010664315 -16.1589)            
jitou                     (-11262.655 0.084896906 33.854584)            (1.1134461 -6.9222566e-06 0.38340423)         (-11261.541 0.084889984 34.237989)            (-14.567759 0.00010981049 0.043789446)        (0.0014401946 -8.9536406e-09 0.00049591685)   (-14.566318 0.00010980154 0.044285363)       
liangan                   (-81.440572 0.42020236 -3062.8596)            (1.3106324 0.019186169 0.20557751)            (-80.12994 0.43938853 -3062.654)              (-0.10533987 0.00054351365 -3.9616769)        (0.0016952466 2.4816483e-05 0.00026590565)    (-0.10364462 0.00056833013 -3.961411)        
waiyi                     (-247.91892 -0.01612321 2005.4125)            (2.6516823 -0.0048647734 0.9553404)           (-245.26724 -0.020987983 2006.3679)           (-0.32067244 -2.0854677e-05 2.5939147)        (0.0034298367 -6.2923747e-06 0.0012356916)    (-0.3172426 -2.7147052e-05 2.5951504)        
weiyi                     (35.61272 -0.52622703 613.70307)              (1.1445041 -0.0013174308 0.22710497)          (36.757224 -0.52754446 613.93018)             (0.046063519 -0.00068065199 0.79379848)       (0.0014803668 -1.70404e-06 0.0002937505)      (0.047543885 -0.00068235603 0.79409223)      
xiaoyi                    (154.34062 -0.11964147 -364.84071)            (0.3621843 -0.00072480634 0.10527981)         (154.70281 -0.12036627 -364.73543)            (0.19963295 -0.00015475108 -0.47190574)       (0.00046846978 -9.3750577e-07 0.00013617489)  (0.20010142 -0.00015568859 -0.47176956)      
youfuyi                   (-1.3030612 -0.60501672 22.252466)            (0.14584131 0.0282801 0.050078057)            (-1.1572199 -0.57673662 22.302544)            (-0.0016854535 -0.00078256306 0.028782606)    (0.00018863945 3.657909e-05 6.4773809e-05)    (-0.0014968141 -0.00074598397 0.02884738)    
youweiduo                 (-0.70571171 1.4829642 2.5625007)             (0.13335327 -0.017470222 0.022655955)         (-0.57235844 1.465494 2.5851567)              (-0.00091280769 0.0019181503 0.0033144843)    (0.00017248671 -2.2596979e-05 2.9304501e-05)  (-0.00074032098 0.0018955533 0.0033437888)   
zhongyangyi               (1003.5014 0.015813617 14386.193)             (1.6210887 -0.0041806886 0.43061542)          (1005.1225 0.011632928 14386.623)             (1.2979859 2.0454232e-05 18.60792)            (0.0020968084 -5.4075405e-06 0.00055698249)   (1.3000827 1.5046692e-05 18.608477)          
zuofuyi                   (0.40440735 0.87122187 26.953639)             (0.14272464 -0.025150399 0.049519229)         (0.54713199 0.84607147 27.003158)             (0.00052308348 0.0011268879 0.03486337)       (0.00018460817 -3.2530958e-05 6.4050988e-05)  (0.00070769166 0.001094357 0.034927421)      
zuoweiduo                 (-0.70483951 -1.5584056 2.6741883)            (0.13098797 0.016496119 0.02312881)           (-0.57385154 -1.5419095 2.6973171)            (-0.00091167953 -0.0020157305 0.0034589473)   (0.00016942729 2.1337019e-05 2.9916119e-05)   (-0.00074225224 -0.0019943935 0.0034888634)  
------------------------- --------------------------------------------- --------------------------------------------- --------------------------------------------- --------------------------------------------- --------------------------------------------- ---------------------------------------------
Net                       (-166.56894 0.13099764 1173.0002)             (9.969072 0.011241365 2.5584968)              (-156.59987 0.142239 1175.5586)               (-0.21544975 0.0001694398 1.5172251)          (0.012894565 1.4540222e-05 0.0033093053)      (-0.20255519 0.00018398002 1.5205345)        

Forces - Direction Vector (0.97029747 0 0.2419149)
                          Forces [N]                                      Coefficients                                   
Zone                      Pressure        Viscous         Total           Pressure        Viscous         Total          
jidi                      1111.19         0.00038609167   1111.1903       1.4372763       4.9939294e-07   1.4372768      
jishen                    5796.9052       1.2018154       5798.107        7.498047        0.0015544964    7.4996015      
jitou                     -10919.935      1.1731252       -10918.762      -14.124466      0.0015173868    -14.122949     
liangan                   -819.97297      1.3214356       -818.65153      -1.0605997      0.00170922      -1.0588905     
waiyi                     244.58408       2.8040317       247.38811       0.31635897      0.0036268941    0.31998586     
weiyi                     183.01885       1.1654495       184.1843        0.236727        0.0015074588    0.23823446     
xiaoyi                    61.495913       0.37689526      61.872808       0.079542313     0.00048749778   0.080029811    
youfuyi                   4.1188462       0.15362409      4.2724703       0.00532755      0.00019870613   0.0055262562   
youweiduo                 -0.064843172    0.13487316      0.070029984     -8.3871849e-05  0.00017445261   9.0580766e-05  
zhongyangyi               4453.9293       1.6771106       4455.6064       5.7609657       0.0021692703    5.7631349      
zuofuyi                   6.9128823       0.1504648       7.0633471       0.0089415154    0.00019461973   0.0091361351   
zuoweiduo                 -0.036978001    0.1326925       0.095714497     -4.7829451e-05  0.00017163203   0.00012380258  
------------------------- --------------- --------------- --------------- --------------- --------------- ---------------
Net                       122.14479       10.291904       132.4367        0.15798903      0.013312134     0.17130116     
