                                    "Force Report"

Forces
                          Forces [N]                                                                                                                                Coefficients                                                                                                                             
Zone                      Pressure                                      Viscous                                       Total                                         Pressure                                      Viscous                                       Total                                        
jidi                      (1143.5326 -1.362409e-07 0.00043478781)       (4.9459367e-10 -0.0013907632 -0.0013001879)   (1143.5326 -0.0013908994 -0.0008654001)       (1.4791101 -1.7622174e-10 5.623793e-07)       (6.397356e-13 -1.7988923e-06 -1.681737e-06)   (1.4791101 -1.7990685e-06 -1.1193577e-06)    
jishen                    (9077.2509 2.050749 -12500.585)               (1.2122872 -0.053664753 -0.079655442)         (9078.4632 1.9970842 -12500.664)              (11.741033 0.0026525554 -16.168968)           (0.0015680412 -6.9413045e-05 -0.00010303088)  (11.742601 0.0025831424 -16.169071)          
jitou                     (-11240.824 -6.9377948 -8.9664093)            (1.1771172 -0.084605662 -0.072330387)         (-11239.647 -7.0224005 -9.0387397)            (-14.539521 -0.0089737386 -0.011597664)       (0.0015225504 -0.00010943378 -9.3556238e-05)  (-14.537999 -0.0090831724 -0.01169122)       
liangan                   (-81.136606 -0.89773178 -3080.9017)           (1.1268782 -0.06165108 -0.061408769)          (-80.009728 -0.95938286 -3080.9631)           (-0.1049467 -0.0011611774 -3.9850135)         (0.0014575684 -7.9743015e-05 -7.9429596e-05)  (-0.10348914 -0.0012409204 -3.985093)        
waiyi                     (-129.20001 0.49707066 1475.5475)             (3.8490909 -0.27012534 -0.053962934)          (-125.35092 0.22694532 1475.4935)             (-0.16711465 0.00064293948 1.9085571)         (0.0049786333 -0.00034939548 -6.979873e-05)   (-0.16213601 0.000293544 1.9084873)          
weiyi                     (43.939358 -10.296644 490.77808)              (1.5369434 -0.10763195 -0.11645722)           (45.476301 -10.404276 490.66162)              (0.056833665 -0.013318265 0.63480029)         (0.0019879701 -0.00013921729 -0.0001506324)   (0.058821636 -0.013457482 0.63464966)        
xiaoyi                    (150.94717 -0.32666891 -372.53101)            (0.30655888 -0.020199646 -0.024333777)        (151.25373 -0.34686856 -372.55535)            (0.19524366 -0.00042253216 -0.48185281)       (0.00039652071 -2.6127372e-05 -3.1474692e-05) (0.19564018 -0.00044865953 -0.48188428)      
youfuyi                   (-1.6692902 0.0040557618 1.0060366)           (0.19274712 -0.023418863 -0.021785231)        (-1.4765431 -0.019363101 0.98425132)          (-0.002159155 5.2459531e-06 0.0013012649)     (0.0002493101 -3.029129e-05 -2.8178257e-05)   (-0.0019098449 -2.5045337e-05 0.0012730867)  
youweiduo                 (-1.0411362 -0.6921619 -1.1398815)            (0.15511411 -0.016440762 -0.0030246598)       (-0.88602212 -0.70860266 -1.1429062)          (-0.0013466649 -0.00089528159 -0.0014743876)  (0.00020063342 -2.1265417e-05 -3.9122672e-06) (-0.0011460314 -0.000916547 -0.0014782999)   
zhongyangyi               (1056.1291 -0.013516257 14085.37)             (2.3196021 -0.13758388 -0.068867111)          (1058.4487 -0.15110014 14085.301)             (1.3660575 -1.7482695e-05 18.218819)          (0.0030003053 -0.00017795882 -8.907664e-05)   (1.3690578 -0.00019544152 18.21873)          
zuofuyi                   (-0.83279759 0.35872379 10.15183)             (0.18744645 -0.025594483 0.00059314796)       (-0.64535114 0.3331293 10.152423)             (-0.0010771878 0.00046399376 0.013130955)     (0.0002424539 -3.310536e-05 7.6721132e-07)    (-0.00083473389 0.0004308884 0.013131722)    
zuoweiduo                 (-0.99992593 0.27960757 -0.39488466)          (0.15537405 -0.015708111 -0.01704442)         (-0.84455188 0.26389945 -0.41192908)          (-0.0012933611 0.00036166034 -0.00051076629)  (0.00020096964 -2.0317765e-05 -2.2046223e-05) (-0.0010923915 0.00034134257 -0.00053281251) 
------------------------- --------------------------------------------- --------------------------------------------- --------------------------------------------- --------------------------------------------- --------------------------------------------- ---------------------------------------------
Net                       (16.095591 -15.974311 98.335457)              (12.21916 -0.81801529 -0.51957699)            (28.31475 -16.792326 97.81588)                (0.020818953 -0.020662083 0.12719268)         (0.015804956 -0.0010580675 -0.00067205045)    (0.03662391 -0.02172015 0.12652063)          

Forces - Direction Vector (0.99513403 -0.069756474 -0.06958655)
                          Forces [N]                                      Coefficients                                   
Zone                      Pressure        Viscous         Total           Pressure        Viscous         Total          
jidi                      1137.9681       0.00018749082   1137.9683       1.4719127       2.425113e-07    1.471913       
jishen                    9902.8108       1.2156746       9904.0265       12.808859       0.0015724227    12.810431      
jitou                     -11185.018      1.1823244       -11183.836      -14.467339      0.0015292856    -14.46581      
liangan                   133.71014       1.1299686       134.84011       0.17294831      0.0014615657    0.17440987     
waiyi                     -231.28426      3.8529595       -227.4313       -0.29915623     0.0049836371    -0.29417259    
weiyi                     10.292255       1.5450766       11.837331       0.013312588     0.00199849      0.015311078    
xiaoyi                    176.1586        0.30816954      176.46677       0.22785356      0.00039860402   0.22825217     
youfuyi                   -1.731457       0.1949588       -1.5364982      -0.0022395651   0.00025217081   -0.0019873942  
youweiduo                 -0.90846691     0.15571665      -0.75275025     -0.0011750628   0.00020141278   -0.00097365001 
zhongyangyi               70.838667       2.3227046       73.161372       0.091626764     0.0030043182    0.094631082    
zuofuyi                   -1.5601994      0.18827845      -1.3719209      -0.0020180506   0.00024353006   -0.0017745206  
zuoweiduo                 -0.9870861      0.15689981      -0.83018629     -0.0012767533   0.00020294314   -0.0010738102  
------------------------- --------------- --------------- --------------- --------------- --------------- ---------------
Net                       10.288757       12.252919       22.541676       0.013308063     0.015848623     0.029156686    
