                                    "Force Report"

Forces
                          Forces [N]                                                                                                                                Coefficients                                                                                                                             
Zone                      Pressure                                      Viscous                                       Total                                         Pressure                                      Viscous                                       Total                                        
jidi                      (1145.5492 8.7791464e-09 0.00043624638)       (2.077393e-08 0.0019883257 0.002076742)       (1145.5492 0.0019883345 0.0025129883)         (1.4817186 1.1355447e-11 5.6426589e-07)       (2.6870183e-11 2.5718136e-06 2.6861762e-06)   (1.4817186 2.5718249e-06 3.2504421e-06)      
jishen                    (9087.3261 0.90910192 -12498.916)             (1.1812332 -0.10709964 0.011631926)           (9088.5074 0.80200228 -12498.904)             (11.754065 0.0011758842 -16.166809)           (0.0015278743 -0.00013852877 1.5045394e-05)   (11.755593 0.0010373554 -16.166794)          
jitou                     (-11257.714 -13.193455 21.505313)             (1.1294031 -0.16841984 0.24181524)            (-11256.585 -13.361874 21.747128)             (-14.561368 -0.017065165 0.027816196)         (0.0014608342 -0.00021784381 0.00031277759)   (-14.559907 -0.017283009 0.028128973)        
liangan                   (-81.054769 -1.3190628 -3068.343)             (1.2069928 -0.107717 0.1465418)               (-79.847777 -1.4267798 -3068.1965)            (-0.10484085 -0.0017061509 -3.9687695)        (0.0015611932 -0.0001393273 0.0001895455)     (-0.10327966 -0.0018454782 -3.9685799)       
waiyi                     (-191.04132 -0.085905414 1915.7645)           (3.7882242 -0.52177064 0.79861851)            (-187.2531 -0.60767606 1916.5631)             (-0.24710372 -0.00011111495 2.4779588)        (0.0048999048 -0.00067488784 0.0010329786)    (-0.24220381 -0.00078600279 2.4789918)       
weiyi                     (43.029523 -19.565812 572.67623)              (1.3896464 -0.18379709 0.066310388)           (44.41917 -19.74961 572.74254)                (0.055656834 -0.025307535 0.74073202)         (0.0017974477 -0.00023773362 8.576963e-05)    (0.057454282 -0.025545269 0.74081779)        
xiaoyi                    (153.18654 -1.1524432 -367.99311)             (0.34933501 -0.04727062 0.052699851)          (153.53587 -1.1997138 -367.94041)             (0.19814018 -0.0014906356 -0.47598323)        (0.00045184978 -6.114251e-05 6.8164986e-05)   (0.19859203 -0.0015517781 -0.47591506)       
youfuyi                   (-1.8017815 -0.5312293 13.875024)             (0.13373329 -0.047916816 0.034149659)         (-1.6680482 -0.57914612 13.909174)            (-0.0023305267 -0.00068712221 0.017946746)    (0.00017297825 -6.1978337e-05 4.4171112e-05)  (-0.0021575484 -0.00074910055 0.017990917)   
youweiduo                 (-0.87787935 0.34776382 0.64828939)           (0.14867589 -0.032782217 0.016810234)         (-0.72920347 0.31498161 0.66509962)           (-0.0011354991 0.00044981752 0.00083853439)   (0.00019230585 -4.2402386e-05 2.1743314e-05)  (-0.00094319326 0.00040741514 0.0008602777)  
zhongyangyi               (1029.6157 0.042667222 14351.103)             (2.1733591 -0.18190624 0.36491025)            (1031.7891 -0.13923902 14351.468)             (1.3317636 5.5188214e-05 18.562533)           (0.0028111463 -0.00023528788 0.00047199568)   (1.3345747 -0.00018009967 18.563005)         
zuofuyi                   (-0.078359103 0.7754005 19.299376)            (0.15206887 -0.053122879 0.035399462)         (0.073709771 0.72227762 19.334776)            (-0.00010135412 0.0010029471 0.024962912)     (0.00019669454 -6.8712155e-05 4.5787679e-05)  (9.5340412e-05 0.00093423497 0.025008699)    
zuoweiduo                 (-0.91413799 -1.1112347 1.946101)             (0.14185582 -0.020300844 -0.003828128)        (-0.77228217 -1.1315355 1.9422728)            (-0.0011823981 -0.0014373342 0.0025171977)    (0.00018348439 -2.6258267e-05 -4.9515186e-06) (-0.00099891371 -0.0014635925 0.0025122462)  
------------------------- --------------------------------------------- --------------------------------------------- --------------------------------------------- --------------------------------------------- --------------------------------------------- ---------------------------------------------
Net                       (-74.775197 -34.884209 961.56648)             (11.794528 -1.4701155 1.7671359)              (-62.980669 -36.354325 963.33362)             (-0.096718495 -0.045121221 1.2437448)         (0.015255713 -0.0019015311 0.0022857142)      (-0.081462781 -0.047022752 1.2460305)        

Forces - Direction Vector (0.98063085 -0.1391731 0.13781868)
                          Forces [N]                                      Coefficients                                   
Zone                      Pressure        Viscous         Total           Pressure        Viscous         Total          
jidi                      1123.361        9.5127506e-06   1123.361        1.453019        1.2304333e-08   1.453019       
jishen                    7188.6018       1.1748622       7189.7767       9.2981466       0.0015196337    9.2996663      
jitou                     -11034.862      1.1642937       -11033.697      -14.273118      0.0015059637    -14.271612     
liangan                   -502.17621      1.2188019       -500.9574       -0.64954328     0.0015764677    -0.64796681    
waiyi                     76.699069       3.8975305       80.596599       0.09920694      0.0050412878    0.10424823     
weiyi                     123.84459       1.3974486       125.24204       0.16018764      0.0018075395    0.16199518     
xiaoyi                    99.663509       0.35641051      100.01992       0.12891045      0.00046100163   0.12937146     
youfuyi                   0.21928782      0.14251818      0.361806        0.00028363935   0.00018434113   0.00046798048  
youweiduo                 -0.81992856     0.15267533      -0.66725323     -0.0010605423   0.00019747896   -0.0008630633  
zhongyangyi               2987.517        2.2068709       2989.7239       3.8642245       0.0028544924    3.867079       
zuofuyi                   2.4750583       0.16139541      2.6364537       0.0032013813    0.00020875801   0.0034101393   
zuoweiduo                 -0.47356887     0.14140593      -0.33216293     -0.00061254092  0.00018290248   -0.00042963844 
------------------------- --------------- --------------- --------------- --------------- --------------- ---------------
Net                       64.0499         12.014223       76.064123       0.082845786     0.015539879     0.098385665    
