                                    "Force Report"

Moments - Moment Center (0 0 0.05)
                          Moments [N m]                                                                                                                             Coefficients                                                                                                                             
Zone                      Pressure                                      Viscous                                       Total                                         Pressure                                      Viscous                                       Total                                        
jidi                      (-4.0171821e-09 -22.891634 0.0019937072)      (5.5958473e-05 -0.00019878557 0.00036201331)  (5.5954456e-05 -22.891833 0.0023557205)       (-1.4247469e-11 -0.081188218 7.0709473e-06)   (1.9846415e-07 -7.050194e-07 1.2839283e-06)   (1.984499e-07 -0.081188923 8.3548755e-06)    
jishen                    (0.15847783 -231.68589 1.1177911)             (-0.012506462 -0.080092435 -0.0064248889)     (0.14597136 -231.76598 1.1113662)             (0.00056206264 -0.82170474 0.0039643946)      (-4.4355828e-05 -0.00028405845 -2.2786721e-05) (0.00051770682 -0.8219888 0.0039416079)      
jitou                     (-0.4334785 538.24108 4.2548756)              (-0.0046950562 -0.041234779 0.053317881)      (-0.43817355 538.19985 4.3081934)             (-0.001537389 1.9089434 0.015090481)          (-1.665164e-05 -0.00014624462 0.00018909894)  (-0.0015540406 1.9087972 0.01527958)         
liangan                   (0.27258003 646.05327 -0.18652647)            (0.0084081899 0.1047146 0.0017524947)         (0.28098822 646.15798 -0.18477398)            (0.00096674126 2.2913136 -0.00066154089)      (2.9820761e-05 0.00037138421 6.215455e-06)    (0.00099656202 2.291685 -0.00065532543)      
waiyi                     (-26.85838 -47.684941 0.99310353)             (-0.00052970009 0.6271643 0.034804163)        (-26.858909 -47.057777 1.0279077)             (-0.095256807 -0.16912097 0.0035221734)       (-1.8786517e-06 0.0022243214 0.00012343758)   (-0.095258686 -0.16689665 0.003645611)       
weiyi                     (-4.0658574 -653.82046 -12.635746)            (0.036995561 0.53619233 -0.12692451)          (-4.0288618 -653.28427 -12.76267)             (-0.014420103 -2.318861 -0.044814349)         (0.00013120967 0.0019016773 -0.00045015463)   (-0.014288893 -2.3169593 -0.045264504)       
xiaoyi                    (1.8984296 55.88687 -0.18108577)              (0.022318235 0.03924723 -0.014190299)         (1.9207478 55.926117 -0.19527607)             (0.0067330324 0.1982102 -0.00064224471)       (7.9154581e-05 0.00013919551 -5.0327779e-05)  (0.0068121869 0.1983494 -0.00069257249)      
youfuyi                   (5.5111698 -1.0454364 1.8854428)              (-0.002943738 0.022897795 -0.23587854)        (5.5082261 -1.0225386 1.6495642)              (0.019546095 -0.0037077788 0.0066869729)      (-1.0440357e-05 8.1210069e-05 -0.00083657454) (0.019535655 -0.0036265687 0.0058503984)     
youweiduo                 (-0.067878876 0.32137711 -0.029624316)        (0.0064030841 0.040555658 -0.08362757)        (-0.061475792 0.36193277 -0.11325189)         (-0.00024074144 0.0011398066 -0.00010506657)  (2.2709387e-05 0.00014383602 -0.00029659627)  (-0.00021803205 0.0012836426 -0.00040166284) 
zhongyangyi               (1.3349758 -282.79381 0.07374472)             (0.016797021 0.3449971 -0.0093883478)         (1.3517728 -282.44882 0.064356373)            (0.0047346689 -1.0029658 0.00026154544)       (5.9572864e-05 0.001223578 -3.3297021e-05)    (0.0047942417 -1.0017422 0.00022824842)      
zuofuyi                   (-15.85335 -2.2998493 -0.91912647)            (-0.013982086 0.018914083 0.21414374)         (-15.867332 -2.2809353 -0.70498273)           (-0.056226009 -0.0081567209 -0.003259804)     (-4.9589322e-05 6.7081306e-05 0.00075948918)  (-0.056275598 -0.0080896396 -0.0025003148)   
zuoweiduo                 (-0.090836085 -0.66645617 -0.52114183)        (0.0075608497 0.059668991 0.040407317)        (-0.083275236 -0.60678718 -0.48073451)        (-0.00032216223 -0.0023636752 -0.0018482986)  (2.6815557e-05 0.00021162399 0.00014330991)   (-0.00029534667 -0.0021520512 -0.0017049887) 
------------------------- --------------------------------------------- --------------------------------------------- --------------------------------------------- --------------------------------------------- --------------------------------------------- ---------------------------------------------
Net                       (-38.194147 -2.385879 -6.1462992)             (0.063881857 1.6728261 -0.13164655)           (-38.130265 -0.71305294 -6.2779457)           (-0.13546061 -0.0084618366 -0.021798666)      (0.00022656548 0.0059328997 -0.00046690196)   (-0.13523405 -0.0025289369 -0.022265568)     

Moments - Moment Center (0 0 0.05) Moment Axis (0 1 0)
                          Moments [N m]                                   Coefficients                                   
Zone                      Pressure        Viscous         Total           Pressure        Viscous         Total          
jidi                      -22.891634      -0.00019878557  -22.891833      -0.081188218    -7.050194e-07   -0.081188923   
jishen                    -231.68589      -0.080092435    -231.76598      -0.82170474     -0.00028405845  -0.8219888     
jitou                     538.24108       -0.041234779    538.19985       1.9089434       -0.00014624462  1.9087972      
liangan                   646.05327       0.1047146       646.15798       2.2913136       0.00037138421   2.291685       
waiyi                     -47.684941      0.6271643       -47.057777      -0.16912097     0.0022243214    -0.16689665    
weiyi                     -653.82046      0.53619233      -653.28427      -2.318861       0.0019016773    -2.3169593     
xiaoyi                    55.88687        0.03924723      55.926117       0.1982102       0.00013919551   0.1983494      
youfuyi                   -1.0454364      0.022897795     -1.0225386      -0.0037077788   8.1210069e-05   -0.0036265687  
youweiduo                 0.32137711      0.040555658     0.36193277      0.0011398066    0.00014383602   0.0012836426   
zhongyangyi               -282.79381      0.3449971       -282.44882      -1.0029658      0.001223578     -1.0017422     
zuofuyi                   -2.2998493      0.018914083     -2.2809353      -0.0081567209   6.7081306e-05   -0.0080896396  
zuoweiduo                 -0.66645617     0.059668991     -0.60678718     -0.0023636752   0.00021162399   -0.0021520512  
------------------------- --------------- --------------- --------------- --------------- --------------- ---------------
Net                       -2.385879       1.6728261       -0.71305294     -0.0084618366   0.0059328997    -0.0025289369  
