                                    "Force Report"

Moments - Moment Center (0 0 0.05)
                          Moments [N m]                                                                                                                             Coefficients                                                                                                                             
Zone                      Pressure                                      Viscous                                       Total                                         Pressure                                      Viscous                                       Total                                        
jidi                      (1.2334255e-08 -22.916131 0.011105025)        (5.0327631e-05 -0.0026461331 0.0011617434)    (5.0339965e-05 -22.918777 0.012266769)        (4.3745071e-11 -0.0812751 3.9385446e-05)      (1.7849362e-07 -9.384862e-06 4.1202771e-06)   (1.7853737e-07 -0.081284485 4.3505723e-05)   
jishen                    (0.065603881 -229.40517 1.8490405)            (-0.0063764758 -0.06691938 0.0089283528)      (0.059227405 -229.47209 1.8579688)            (0.00023267287 -0.81361587 0.0065578675)      (-2.2615018e-05 -0.00023733846 3.1665588e-05) (0.00021005785 -0.81385321 0.006589533)      
jitou                     (-0.45392377 557.69345 4.4868166)             (-0.0046119021 0.18001809 0.055028051)        (-0.45853567 557.87347 4.5418446)             (-0.0016099009 1.9779338 0.01591309)          (-1.6356723e-05 0.00063845803 0.00019516428)  (-0.0016262576 1.9785723 0.016108255)        
liangan                   (-0.28903061 650.65774 -0.41285677)           (-0.0095172634 0.13034099 0.036217792)        (-0.29854788 650.78808 -0.37663898)           (-0.0010250854 2.307644 -0.0014642513)        (-3.3754237e-05 0.00046227163 0.0001284512)   (-0.0010588397 2.3081063 -0.0013358001)      
waiyi                     (-10.798494 -45.959834 -3.5095309)            (0.033834296 0.43134749 -0.071922039)         (-10.76466 -45.528486 -3.5814529)             (-0.038298291 -0.16300265 -0.012447017)       (0.00011999782 0.0015298311 -0.00025508105)   (-0.038178293 -0.16147282 -0.012702098)      
weiyi                     (-5.3059573 -773.29076 -13.017723)            (0.032044409 0.086504046 -0.15314297)         (-5.2739129 -773.20426 -13.170866)            (-0.018818282 -2.7425783 -0.046169081)        (0.00011364975 0.00030679808 -0.00054314185)  (-0.018704632 -2.7422715 -0.046712223)       
xiaoyi                    (7.8918019 55.67468 -0.58389644)              (0.055299211 0.031222557 -0.0096901492)       (7.9471011 55.705903 -0.59358659)             (0.027989323 0.19745764 -0.0020708662)        (0.00019612599 0.00011073494 -3.43674e-05)    (0.028185449 0.19756838 -0.0021052336)       
youfuyi                   (26.571609 -3.9937583 1.3571633)              (0.059964121 0.0091287454 -0.17001587)        (26.631573 -3.9846295 1.1871475)              (0.094239736 -0.014164394 0.0048133599)       (0.00021267071 3.2376307e-05 -0.00060298386)  (0.094452407 -0.014132017 0.004210376)       
youweiduo                 (0.36308933 -3.3005602 2.0696188)             (0.015619805 -0.0021664556 -0.083847569)      (0.37870913 -3.3027267 1.9857712)             (0.0012877445 -0.011705875 0.0073401777)      (5.5397712e-05 -7.6836221e-06 -0.00029737653) (0.0013431422 -0.011713558 0.0070428012)     
zhongyangyi               (1.0936123 -274.29414 -1.877799)              (-0.0028618104 0.25594206 -0.0049718371)      (1.0907505 -274.0382 -1.8827708)              (0.0038786411 -0.97282056 -0.0066598632)      (-1.014979e-05 0.00090773247 -1.763328e-05)   (0.0038684913 -0.97191283 -0.0066774965)     
zuofuyi                   (-31.538327 -4.4717861 0.59293054)            (-0.052987437 0.009036953 0.15940944)         (-31.591314 -4.4627491 0.75233998)            (-0.11185486 -0.015859783 0.0021029068)       (-0.00018792698 3.2050753e-05 0.00056536673)  (-0.11204279 -0.015827732 0.0026682736)      
zuoweiduo                 (-0.91277281 -5.6078568 -3.5447109)           (-0.0056751166 0.011281994 0.043072027)       (-0.91844792 -5.5965748 -3.5016389)           (-0.0032372699 -0.019889008 -0.012571788)     (-2.0127554e-05 4.0013087e-05 0.00015276066)  (-0.0032573974 -0.019848995 -0.012419027)    
------------------------- --------------------------------------------- --------------------------------------------- --------------------------------------------- --------------------------------------------- --------------------------------------------- ---------------------------------------------
Net                       (-13.312789 -99.214132 -12.579842)            (0.11478216 1.073091 -0.18977303)             (-13.198007 -98.141041 -12.769615)            (-0.047215572 -0.35187608 -0.044616079)       (0.00040709017 0.0038058595 -0.00067305523)   (-0.046808482 -0.34807022 -0.045289134)      

Moments - Moment Center (0 0 0.05) Moment Axis (0 1 0)
                          Moments [N m]                                   Coefficients                                   
Zone                      Pressure        Viscous         Total           Pressure        Viscous         Total          
jidi                      -22.916131      -0.0026461331   -22.918777      -0.0812751      -9.384862e-06   -0.081284485   
jishen                    -229.40517      -0.06691938     -229.47209      -0.81361587     -0.00023733846  -0.81385321    
jitou                     557.69345       0.18001809      557.87347       1.9779338       0.00063845803   1.9785723      
liangan                   650.65774       0.13034099      650.78808       2.307644        0.00046227163   2.3081063      
waiyi                     -45.959834      0.43134749      -45.528486      -0.16300265     0.0015298311    -0.16147282    
weiyi                     -773.29076      0.086504046     -773.20426      -2.7425783      0.00030679808   -2.7422715     
xiaoyi                    55.67468        0.031222557     55.705903       0.19745764      0.00011073494   0.19756838     
youfuyi                   -3.9937583      0.0091287454    -3.9846295      -0.014164394    3.2376307e-05   -0.014132017   
youweiduo                 -3.3005602      -0.0021664556   -3.3027267      -0.011705875    -7.6836221e-06  -0.011713558   
zhongyangyi               -274.29414      0.25594206      -274.0382       -0.97282056     0.00090773247   -0.97191283    
zuofuyi                   -4.4717861      0.009036953     -4.4627491      -0.015859783    3.2050753e-05   -0.015827732   
zuoweiduo                 -5.6078568      0.011281994     -5.5965748      -0.019889008    4.0013087e-05   -0.019848995   
------------------------- --------------- --------------- --------------- --------------- --------------- ---------------
Net                       -99.214132      1.073091        -98.141041      -0.35187608     0.0038058595    -0.34807022    
