                                    "Force Report"

Moments - Moment Center (0 0 0.05)
                          Moments [N m]                                                                                                                             Coefficients                                                                                                                             
Zone                      Pressure                                      Viscous                                       Total                                         Pressure                                      Viscous                                       Total                                        
jidi                      (-1.1129556e-08 -22.906162 0.0033458444)      (4.6779946e-05 -0.0027024001 0.00046935872)   (4.6768816e-05 -22.908865 0.0038152031)       (-3.9472449e-11 -0.081239745 1.1866481e-05)   (1.6591129e-07 -9.5844205e-06 1.664643e-06)   (1.6587181e-07 -0.081249329 1.3531124e-05)   
jishen                    (0.075413937 -228.9943 0.78368457)            (-0.010548796 -0.061428547 0.00023747048)     (0.064865142 -229.05573 0.78392204)           (0.00026746554 -0.81215869 0.0027794413)      (-3.7412704e-05 -0.00021786449 8.4222058e-07) (0.00023005283 -0.81237655 0.0027802835)     
jitou                     (-0.42026693 550.82957 4.1535037)             (-0.0045276672 0.092399386 0.053146003)       (-0.4247946 550.92197 4.2066497)              (-0.0014905324 1.9535902 0.014730952)         (-1.6057973e-05 0.00032770668 0.00018848935)  (-0.0015065904 1.9539179 0.014919441)        
liangan                   (0.14722892 648.70756 -0.39703555)            (0.0035657135 0.12084231 0.0047995675)        (0.15079463 648.82841 -0.39223598)            (0.00052216691 2.3007275 -0.0014081393)       (1.2646276e-05 0.00042858328 1.7022303e-05)   (0.00053481318 2.301156 -0.001391117)        
waiyi                     (-21.23992 -44.649806 -3.0449834)             (0.013454905 0.58195236 -0.040190116)         (-21.226465 -44.067854 -3.0851735)            (-0.075330195 -0.15835646 -0.010799438)       (4.7719606e-05 0.0020639713 -0.00014253958)   (-0.075282475 -0.15629249 -0.010941977)      
weiyi                     (-4.5645865 -726.85725 -13.670243)            (0.021755473 0.31272392 -0.15014968)          (-4.542831 -726.54452 -13.820393)             (-0.016188912 -2.5778957 -0.048483332)        (7.7158671e-05 0.0011091169 -0.00053252578)   (-0.016111753 -2.5767866 -0.049015857)       
xiaoyi                    (5.2676734 55.90594 -0.053210853)             (0.046009111 0.036689118 -0.010282661)        (5.3136825 55.94263 -0.063493514)             (0.018682503 0.19827784 -0.00018871935)       (0.00016317742 0.00013012283 -3.6468823e-05)  (0.01884568 0.19840796 -0.00022518817)       
youfuyi                   (16.326481 -2.566719 1.868322)                (0.042419357 0.0095739862 -0.16066376)        (16.368901 -2.557145 1.7076582)               (0.057904033 -0.0091032096 0.0066262519)      (0.00015044588 3.3955412e-05 -0.00056981535)  (0.058054479 -0.0090692542 0.0060564365)     
youweiduo                 (0.14872371 -1.7489921 1.1578636)             (0.009688753 0.02617344 -0.083146709)         (0.15841246 -1.7228186 1.0747169)             (0.00052746837 -0.0062030325 0.0041065168)    (3.4362448e-05 9.2827579e-05 -0.00029489084)  (0.00056183082 -0.0061102049 0.003811626)    
zhongyangyi               (1.8603098 -273.97619 0.45359944)             (0.0059097181 0.33074575 -0.013149285)        (1.8662195 -273.64545 0.44045015)             (0.0065978356 -0.97169293 0.0016087506)       (2.0959599e-05 0.0011730337 -4.6635683e-05)   (0.0066187952 -0.97051989 0.0015621149)      
zuofuyi                   (-23.166606 -3.3043797 0.073117453)           (-0.037913706 0.012327004 0.17776364)         (-23.20452 -3.2920527 0.25088109)             (-0.082163443 -0.011719421 0.00025932075)     (-0.00013446599 4.3719355e-05 0.00063046233)  (-0.082297909 -0.011675702 0.00088978308)    
zuoweiduo                 (-0.2949011 -2.5896488 -1.6429252)            (-0.0010215241 0.033970374 0.047330856)       (-0.29592263 -2.5556784 -1.5955943)           (-0.0010459059 -0.0091845331 -0.0058268522)   (-3.6229708e-06 0.00012048044 0.00016786516)  (-0.0010495289 -0.0090640527 -0.0056589871)  
------------------------- --------------------------------------------- --------------------------------------------- --------------------------------------------- --------------------------------------------- --------------------------------------------- ---------------------------------------------
Net                       (-25.860449 -52.150382 -10.314962)            (0.088838117 1.4932667 -0.17383532)           (-25.771611 -50.657115 -10.488797)            (-0.091717516 -0.18495825 -0.03658338)        (0.00031507617 0.0052960685 -0.00061653005)   (-0.091402439 -0.17966218 -0.03719991)       

Moments - Moment Center (0 0 0.05) Moment Axis (0 1 0)
                          Moments [N m]                                   Coefficients                                   
Zone                      Pressure        Viscous         Total           Pressure        Viscous         Total          
jidi                      -22.906162      -0.0027024001   -22.908865      -0.081239745    -9.5844205e-06  -0.081249329   
jishen                    -228.9943       -0.061428547    -229.05573      -0.81215869     -0.00021786449  -0.81237655    
jitou                     550.82957       0.092399386     550.92197       1.9535902       0.00032770668   1.9539179      
liangan                   648.70756       0.12084231      648.82841       2.3007275       0.00042858328   2.301156       
waiyi                     -44.649806      0.58195236      -44.067854      -0.15835646     0.0020639713    -0.15629249    
weiyi                     -726.85725      0.31272392      -726.54452      -2.5778957      0.0011091169    -2.5767866     
xiaoyi                    55.90594        0.036689118     55.94263        0.19827784      0.00013012283   0.19840796     
youfuyi                   -2.566719       0.0095739862    -2.557145       -0.0091032096   3.3955412e-05   -0.0090692542  
youweiduo                 -1.7489921      0.02617344      -1.7228186      -0.0062030325   9.2827579e-05   -0.0061102049  
zhongyangyi               -273.97619      0.33074575      -273.64545      -0.97169293     0.0011730337    -0.97051989    
zuofuyi                   -3.3043797      0.012327004     -3.2920527      -0.011719421    4.3719355e-05   -0.011675702   
zuoweiduo                 -2.5896488      0.033970374     -2.5556784      -0.0091845331   0.00012048044   -0.0090640527  
------------------------- --------------- --------------- --------------- --------------- --------------- ---------------
Net                       -52.150382      1.4932667       -50.657115      -0.18495825     0.0052960685    -0.17966218    
