                                    "Force Report"

Moments - Moment Center (0 0 0.05)
                          Moments [N m]                                                                                                                             Coefficients                                                                                                                             
Zone                      Pressure                                      Viscous                                       Total                                         Pressure                                      Viscous                                       Total                                        
jidi                      (-9.2172669e-10 -22.869241 -0.00023845089)    (-7.34721e-06 0.00072913276 -0.00021916191)   (-7.3481317e-06 -22.868511 -0.0004576128)     (-3.269026e-12 -0.081108796 -8.4569773e-07)   (-2.6057855e-08 2.5859661e-06 -7.7728681e-07) (-2.6061124e-08 -0.08110621 -1.6229845e-06)  
jishen                    (0.0019649405 -233.3356 -0.075051632)         (0.00053715431 -0.097274826 -0.00054031394)   (0.0025020948 -233.43288 -0.075591946)        (6.9689223e-06 -0.82755568 -0.00026618057)    (1.9050891e-06 -0.00034499808 -1.9162951e-06) (8.8740113e-06 -0.82790068 -0.00026809687)   
jitou                     (0.006946369 528.29271 -0.081992688)          (2.1446032e-05 -0.14856172 -0.00024507841)    (0.006967815 528.14415 -0.082237767)          (2.4636219e-05 1.8736602 -0.00029079795)      (7.6061199e-08 -0.00052689385 -8.6920311e-07) (2.471228e-05 1.8731333 -0.00029166715)      
liangan                   (-0.20797241 644.67176 -0.11373228)           (-0.0026406347 0.12119602 -0.00068768972)     (-0.21061304 644.79296 -0.11441997)           (-0.00073760175 2.2864139 -0.00040336662)     (-9.3653613e-06 0.00042983778 -2.4389829e-06) (-0.00074696711 2.2868438 -0.0004058056)     
waiyi                     (-29.332663 -55.548125 3.0156331)             (-0.028537077 0.49419257 0.095679449)         (-29.3612 -55.053932 3.1113126)               (-0.10403218 -0.19700879 0.010695343)         (-0.00010121053 0.0017527195 0.00033933986)   (-0.10413339 -0.19525608 0.011034683)        
weiyi                     (-0.24906484 -604.65735 -0.68482153)          (0.0031140935 0.63647111 -0.008916866)        (-0.24595075 -604.02088 -0.6937384)           (-0.00088334151 -2.1444975 -0.0024288104)     (1.1044546e-05 0.0022573292 -3.1624849e-05)   (-0.00087229696 -2.1422402 -0.0024604353)    
xiaoyi                    (-0.13064161 55.867019 0.029686124)           (-0.001601868 0.042554187 -0.00059868425)     (-0.13224347 55.909573 0.02908744)            (-0.00046333779 0.19813979 0.00010528578)     (-5.6812374e-06 0.00015092407 -2.1233131e-06) (-0.00046901903 0.19829072 0.00010316247)    
youfuyi                   (-0.80816911 -0.16322479 1.9883168)           (-0.036096657 0.025837856 -0.21397939)        (-0.84426577 -0.13738694 1.7743374)           (-0.002866279 -0.00057889839 0.0070518295)    (-0.00012802158 9.1637384e-05 -0.00075890631) (-0.0029943006 -0.00048726101 0.0062929232)  
youweiduo                 (-0.11061027 1.2386936 -0.58307967)           (-0.0043336761 0.061614747 -0.057000309)      (-0.11494394 1.3003084 -0.64007998)           (-0.00039229399 0.0043931914 -0.0020679694)   (-1.5369958e-05 0.00021852487 -0.00020215916) (-0.00040766395 0.0046117163 -0.0022701286)  
zhongyangyi               (-1.7882973 -294.21256 0.15128343)            (-0.0012226588 0.27403477 0.0051804034)       (-1.78952 -293.93853 0.15646383)              (-0.0063424338 -1.0434639 0.00053654674)      (-4.3363216e-06 0.00097190069 1.8372988e-05)  (-0.0063467702 -1.042492 0.00055491973)      
zuofuyi                   (-10.202505 -1.5049921 -1.0095734)            (0.0071710423 0.021079723 0.20652641)         (-10.195334 -1.4839124 -0.80304698)           (-0.036184537 -0.0053376541 -0.003580586)     (2.5433053e-05 7.4762035e-05 0.00073247333)   (-0.036159103 -0.0052628921 -0.0028481127)   
zuoweiduo                 (0.1055309 1.1917816 0.55979421)              (0.0056735426 0.063422763 0.052766896)        (0.11120444 1.2552044 0.61256111)             (0.00037427933 0.0042268117 0.0019853845)     (2.0121972e-05 0.00022493725 0.0001871448)    (0.0003944013 0.004451749 0.0021725293)      
------------------------- --------------------------------------------- --------------------------------------------- --------------------------------------------- --------------------------------------------- --------------------------------------------- ---------------------------------------------
Net                       (-42.715481 18.970868 3.1962241)              (-0.05792264 1.4952963 0.077965667)           (-42.773404 20.466165 3.2741897)              (-0.15149612 0.067282702 0.011335833)         (-0.00020543033 0.0053032669 0.00027651558)   (-0.15170155 0.072585969 0.011612348)        

Moments - Moment Center (0 0 0.05) Moment Axis (0 1 0)
                          Moments [N m]                                   Coefficients                                   
Zone                      Pressure        Viscous         Total           Pressure        Viscous         Total          
jidi                      -22.869241      0.00072913276   -22.868511      -0.081108796    2.5859661e-06   -0.08110621    
jishen                    -233.3356       -0.097274826    -233.43288      -0.82755568     -0.00034499808  -0.82790068    
jitou                     528.29271       -0.14856172     528.14415       1.8736602       -0.00052689385  1.8731333      
liangan                   644.67176       0.12119602      644.79296       2.2864139       0.00042983778   2.2868438      
waiyi                     -55.548125      0.49419257      -55.053932      -0.19700879     0.0017527195    -0.19525608    
weiyi                     -604.65735      0.63647111      -604.02088      -2.1444975      0.0022573292    -2.1422402     
xiaoyi                    55.867019       0.042554187     55.909573       0.19813979      0.00015092407   0.19829072     
youfuyi                   -0.16322479     0.025837856     -0.13738694     -0.00057889839  9.1637384e-05   -0.00048726101 
youweiduo                 1.2386936       0.061614747     1.3003084       0.0043931914    0.00021852487   0.0046117163   
zhongyangyi               -294.21256      0.27403477      -293.93853      -1.0434639      0.00097190069   -1.042492      
zuofuyi                   -1.5049921      0.021079723     -1.4839124      -0.0053376541   7.4762035e-05   -0.0052628921  
zuoweiduo                 1.1917816       0.063422763     1.2552044       0.0042268117    0.00022493725   0.004451749    
------------------------- --------------- --------------- --------------- --------------- --------------- ---------------
Net                       18.970868       1.4952963       20.466165       0.067282702     0.0053032669    0.072585969    
