                                    "Force Report"

Forces
                          Forces [N]                                                                                                                                Coefficients                                                                                                                             
Zone                      Pressure                                      Viscous                                       Total                                         Pressure                                      Viscous                                       Total                                        
jidi                      (1145.6254 1.2632436e-07 0.00043614155)       (1.8770774e-08 0.0014165291 0.0016967199)     (1145.6254 0.0014166554 0.0021328615)         (1.481817 1.6339512e-10 5.641303e-07)         (2.4279187e-11 1.8322193e-06 2.1946341e-06)   (1.481817 1.8323827e-06 2.7587644e-06)       
jishen                    (9088.7102 0.66276387 -12500.13)              (1.1849145 -0.1073452 0.012969568)            (9089.8951 0.55541867 -12500.117)             (11.755855 0.00085725651 -16.168379)          (0.0015326359 -0.00013884639 1.6775578e-05)   (11.757388 0.00071841012 -16.168363)         
jitou                     (-11259.433 -13.317702 21.897543)             (1.128454 -0.16918763 0.24478723)             (-11258.305 -13.48689 22.14233)               (-14.563591 -0.017225874 0.028323528)         (0.0014596066 -0.00021883691 0.00031662174)   (-14.562132 -0.017444711 0.02864015)         
liangan                   (-81.065369 -1.424133 -3068.7152)             (1.1779423 -0.12310693 0.13905306)            (-79.887427 -1.5472399 -3068.5762)            (-0.10485456 -0.0018420547 -3.9692509)        (0.0015236176 -0.00015923351 0.00017985914)   (-0.10333094 -0.0020012882 -3.9690711)       
waiyi                     (-195.07006 -0.3019556 1952.8964)             (3.7624546 -0.52081143 0.83147416)            (-191.30761 -0.82276703 1953.7279)            (-0.25231472 -0.00039056656 2.5259874)        (0.0048665729 -0.00067364714 0.001075476)     (-0.24744815 -0.0010642137 2.5270628)        
weiyi                     (42.80508 -19.338842 574.71318)               (1.3892081 -0.174895 0.068177913)             (44.194288 -19.513737 574.78136)              (0.055366526 -0.025013959 0.74336673)         (0.0017968809 -0.00022621914 8.8185192e-05)   (0.057163407 -0.025240178 0.74345492)        
xiaoyi                    (153.2509 -1.0290041 -367.87956)              (0.35052915 -0.046942722 0.054338924)         (153.60143 -1.0759468 -367.82522)             (0.19822344 -0.0013309724 -0.47583636)        (0.00045339435 -6.0718388e-05 7.0285056e-05)  (0.19867683 -0.0013916908 -0.47576608)       
youfuyi                   (2.2073524 -1.0393362 25.35826)               (0.14416842 -0.041042314 0.031374344)         (2.3515208 -1.0803785 25.389634)              (0.0028551152 -0.0013443366 0.032799816)      (0.00018647564 -5.3086464e-05 4.0581362e-05)  (0.0030415908 -0.0013974231 0.032840398)     
youweiduo                 (-0.88859495 0.35938712 0.67422726)           (0.15007123 -0.03100176 0.016048015)          (-0.73852372 0.32838536 0.69027528)           (-0.0011493593 0.00046485175 0.00087208391)   (0.00019411067 -4.0099441e-05 2.0757415e-05)  (-0.00095524861 0.00042475231 0.00089284133) 
zhongyangyi               (1028.7548 0.020206607 14359.983)             (2.1671088 -0.17365697 0.36977373)            (1030.9219 -0.15345036 14360.352)             (1.33065 2.6136376e-05 18.574019)             (0.0028030619 -0.00022461781 0.00047828639)   (1.333453 -0.00019848143 18.574497)          
zuofuyi                   (-0.060897433 0.76843575 19.373843)           (0.15197328 -0.053775385 0.035599802)         (0.091075849 0.71466036 19.409443)            (-7.8768205e-05 0.00099393853 0.025059231)    (0.00019657089 -6.9556143e-05 4.604681e-05)   (0.00011780269 0.00092438238 0.025105278)    
zuoweiduo                 (-0.9172064 -1.1362955 1.9890654)             (0.14160071 -0.019768169 -0.0031737152)       (-0.77560568 -1.1560637 1.9858917)            (-0.001186367 -0.0014697493 0.0025727704)     (0.00018315442 -2.5569275e-05 -4.1050639e-06) (-0.0010032125 -0.0014953186 0.0025686654)   
------------------------- --------------------------------------------- --------------------------------------------- --------------------------------------------- --------------------------------------------- --------------------------------------------- ---------------------------------------------
Net                       (-76.081436 -35.776475 1020.1608)             (11.748425 -1.460117 1.8021198)               (-64.333011 -37.236592 1021.963)              (-0.098408059 -0.046275329 1.3195341)         (0.015196082 -0.0018885984 0.0023309642)      (-0.083211978 -0.048163927 1.3218651)        

Forces - Direction Vector (0.98063085 -0.1391731 0.13781868)
                          Forces [N]                                      Coefficients                                   
Zone                      Pressure        Viscous         Total           Pressure        Viscous         Total          
jidi                      1123.4356       3.6715362e-05   1123.4357       1.4531156       4.7489739e-08   1.4531156      
jishen                    7189.826        1.1786907       7191.0046       9.29973         0.0015245857    9.3012546      
jitou                     -11036.476      1.1638794       -11035.312      -14.275206      0.0015054279    -14.273701     
liangan                   -502.22328      1.1914238       -501.03185      -0.64960417     0.0015410554    -0.64806311    
waiyi                     77.895905       3.8766547       81.77256        0.100755        0.0050142857    0.10576928     
weiyi                     123.87364       1.3960372       125.26968       0.16022521      0.001805714     0.16203093     
xiaoyi                    99.725097       0.35776178      100.08286       0.12899012      0.00046274945   0.12945286     
youfuyi                   5.8040873       0.15141196      5.9554993       0.0075073369    0.00019584484   0.0077031817   
youweiduo                 -0.82847953     0.15369081      -0.67478873     -0.0010716026   0.00019879244   -0.00087281014 
zhongyangyi               2987.8997       2.2002639       2990.0999       3.8647195       0.0028459465    3.8675654      
zuofuyi                   2.5034139       0.16142009      2.664834        0.003238058     0.00020878993   0.003446848    
zuoweiduo                 -0.46716874     0.14117183      -0.32599692     -0.00060426264  0.00018259968   -0.00042166296 
------------------------- --------------- --------------- --------------- --------------- --------------- ---------------
Net                       70.968538       11.972443       82.940981       0.091794746     0.015485839     0.10728059     
