                                    "Force Report"

Forces
                          Forces [N]                                                                                                                                Coefficients                                                                                                                             
Zone                      Pressure                                      Viscous                                       Total                                         Pressure                                      Viscous                                       Total                                        
jidi                      (1144.9292 6.4163981e-07 0.00043562029)       (1.6790733e-08 -0.0036593329 0.00050126354)   (1144.9292 -0.0036586912 0.00093688383)       (1.4809166 8.2993344e-10 5.6345608e-07)       (2.1718089e-11 -4.7331894e-06 6.4836279e-07)  (1.4809166 -4.7323594e-06 1.2118189e-06)     
jishen                    (9085.2902 -0.10746862 -12511.307)            (1.270511 -0.14979673 -0.079201775)           (9086.5607 -0.25726535 -12511.387)            (11.751431 -0.00013900603 -16.182837)         (0.0016433513 -0.00019375561 -0.00010244408)  (11.753075 -0.00033276165 -16.182939)        
jitou                     (-11251.543 -20.457773 2.2022756)             (1.1389626 -0.25545575 0.04178365)            (-11250.404 -20.713228 2.2440592)             (-14.553386 -0.026461247 0.0028485486)        (0.001473199 -0.000330421 5.4045351e-05)      (-14.551913 -0.026791668 0.0029025939)       
liangan                   (-81.096567 -2.5045765 -3079.1716)            (1.2224652 -0.17948174 -0.022709444)          (-79.874102 -2.6840583 -3079.1943)            (-0.10489492 -0.0032395618 -3.9827757)        (0.001581206 -0.00023215189 -2.9373687e-05)   (-0.10331371 -0.0034717137 -3.9828051)       
waiyi                     (-131.7457 -0.81870462 1688.763)              (4.3035999 -0.76080073 0.290761)              (-127.4421 -1.5795053 1689.0537)              (-0.17040739 -0.0010589591 2.1843421)         (0.005566521 -0.00098406296 0.00037608683)    (-0.16484086 -0.0020430221 2.1847182)        
weiyi                     (42.651554 -28.126309 519.43905)              (1.4067415 -0.27659462 -0.04924156)           (44.058295 -28.402903 519.38981)              (0.055167947 -0.036380168 0.67187203)         (0.0018195595 -0.00035776323 -6.3691836e-05)  (0.056987506 -0.036737931 0.67180834)        
xiaoyi                    (151.60258 -1.3590435 -371.72612)             (0.3174033 -0.060509482 -0.005064386)         (151.91998 -1.419553 -371.73119)              (0.1960914 -0.0017578642 -0.48081172)         (0.00041054749 -7.8266408e-05 -6.5505651e-06) (0.19650195 -0.0018361306 -0.48081827)       
youfuyi                   (1.5696442 -0.80640572 22.262095)             (0.15619785 -0.057331985 0.027391726)         (1.7258421 -0.86373771 22.289486)             (0.0020302672 -0.0010430511 0.02879506)       (0.00020203518 -7.4156451e-05 3.5430017e-05)  (0.0022323023 -0.0011172075 0.02883049)      
youweiduo                 (-0.9829874 -0.56866637 -0.95264131)          (0.15340209 -0.039611546 0.0097125654)        (-0.82958531 -0.60827791 -0.94292874)         (-0.0012714518 -0.00073554544 -0.0012322005)  (0.00019841899 -5.1235827e-05 1.2562785e-05)  (-0.0010730329 -0.00078678127 -0.0012196377) 
zhongyangyi               (1054.5005 -0.026842971 14203.903)            (2.4813132 -0.33277836 0.090720333)           (1056.9819 -0.35962133 14203.994)             (1.363951 -3.4720226e-05 18.372136)           (0.0032094717 -0.00043043447 0.00011734284)   (1.3671605 -0.00046515469 18.372254)         
zuofuyi                   (-0.81360156 0.49846851 13.61265)             (0.20820271 -0.045580422 0.0090610646)        (-0.60539886 0.45288809 13.621711)            (-0.0010523586 0.00064474754 0.017607376)     (0.00026930123 -5.8956312e-05 1.1720097e-05)  (-0.00078305733 0.00058579123 0.017619096)   
zuoweiduo                 (-0.93102173 -0.41273477 0.79093693)          (0.15198844 -0.036546963 -0.020491523)        (-0.7790333 -0.44928173 0.77044541)           (-0.0012042365 -0.00053385464 0.0010230428)   (0.00019659049 -4.7271922e-05 -2.6504902e-05) (-0.001007646 -0.00058112656 0.00099653793)  
------------------------- --------------------------------------------- --------------------------------------------- --------------------------------------------- --------------------------------------------- --------------------------------------------- ---------------------------------------------
Net                       (13.430677 -54.690055 487.81563)              (12.810788 -2.1981477 0.29322292)             (26.241465 -56.888203 488.10885)              (0.017372002 -0.07073923 0.63096849)          (0.016570202 -0.0028432093 0.00037927121)     (0.033942204 -0.073582439 0.63134776)        

Forces - Direction Vector (0.9781476 -0.20791169 0)
                          Forces [N]                                      Coefficients                                   
Zone                      Pressure        Viscous         Total           Pressure        Viscous         Total          
jidi                      1119.9098       0.00076083451   1119.9105       1.448555        9.8410665e-07   1.448556       
jishen                    8886.7771       1.2738918       8888.051        11.494663       0.0016477242    11.496311      
jitou                     -11001.417      1.1671857       -11000.249      -14.229858      0.0015097045    -14.228348     
liangan                   -78.803682      1.2330677       -77.570614      -0.10192917     0.00159492      -0.10033425    
waiyi                     -128.69652      4.3677353       -124.32879      -0.16646341     0.0056494774    -0.16081393    
weiyi                     47.567304       1.4335081       49.000812       0.061526257     0.0018541809    0.063380438    
xiaoyi                    148.57226       0.3230479       148.89531       0.19217182      0.00041784854   0.19258966     
youfuyi                   1.7030049       0.16470454      1.8677094       0.0022027635    0.00021303822   0.0024158017   
youweiduo                 -0.84327438     0.15828559      -0.68498879     -0.0010907391   0.00020473559   -0.00088600349 
zhongyangyi               1031.4628       2.496279        1033.959        1.3341526       0.0032288294    1.3373815      
zuofuyi                   -0.89945985     0.21312968      -0.68633017     -0.0011634126   0.00027567406   -0.00088773849 
zuoweiduo                 -0.82486429     0.15626567      -0.66859862     -0.0010669264   0.00020212291   -0.00086480351 
------------------------- --------------- --------------- --------------- --------------- --------------- ---------------
Net                       24.507886       12.987862       37.495748       0.031699895     0.01679924      0.048499135    
