                                    "Force Report"

Forces
                          Forces [N]                                                                                                                                Coefficients                                                                                                                             
Zone                      Pressure                                      Viscous                                       Total                                         Pressure                                      Viscous                                       Total                                        
jidi                      (1144.7276 8.3904076e-07 0.00043654331)       (8.7925838e-09 -0.0018190685 -0.0044885164)   (1144.7276 -0.0018182294 -0.0040519731)       (1.4806558 1.0852631e-09 5.6464996e-07)       (1.1372828e-11 -2.3528867e-06 -5.8057026e-06) (1.4806558 -2.3518014e-06 -5.2410526e-06)    
jishen                    (9080.2153 -0.07598016 -12514.445)            (1.286306 -0.15911045 -0.13557513)            (9081.5016 -0.23509061 -12514.581)            (11.744867 -9.8277063e-05 -16.186895)         (0.0016637814 -0.00020580251 -0.00017536059)  (11.746531 -0.00030407958 -16.187071)        
jitou                     (-11243.277 -19.966612 -13.763284)            (1.1441564 -0.25146795 -0.11998855)           (-11242.133 -20.21808 -13.883272)             (-14.542694 -0.025825952 -0.017802215)        (0.001479917 -0.00032526296 -0.00015520002)   (-14.541214 -0.026151215 -0.017957415)       
liangan                   (-81.165319 -1.9082687 -3086.5585)            (1.2801477 -0.17865618 -0.13212742)           (-79.885171 -2.0869249 -3086.6907)            (-0.10498384 -0.0024682633 -3.9923305)        (0.0016558159 -0.00023108407 -0.00017090113)  (-0.10332803 -0.0026993474 -3.9925014)       
waiyi                     (-130.43613 -1.3641423 1433.828)              (3.5243279 -0.83296027 -0.13936192)           (-126.9118 -2.1971026 1433.6887)              (-0.16871352 -0.0017644593 1.8545948)         (0.0045585663 -0.0010773982 -0.00018025863)   (-0.16415495 -0.0028418575 1.8544145)        
weiyi                     (38.970022 -29.304622 481.36005)              (1.3791607 -0.27366144 -0.12510987)           (40.349183 -29.578284 481.23494)              (0.050406044 -0.037904266 0.62261848)         (0.001783885 -0.00035396928 -0.00016182422)   (0.052189929 -0.038258235 0.62245665)        
xiaoyi                    (150.7637 -1.2380432 -373.8354)               (0.3150664 -0.063192456 -0.040164878)         (151.07876 -1.3012356 -373.87556)             (0.19500634 -0.0016013555 -0.48353998)        (0.00040752481 -8.1736719e-05 -5.1951539e-05) (0.19541387 -0.0016830922 -0.48359193)       
youfuyi                   (1.4531568 -0.5601502 16.594989)              (0.12821731 -0.074717487 0.019803643)         (1.5813741 -0.63486769 16.614793)             (0.0018795957 -0.00072453015 0.021464904)     (0.00016584356 -9.664385e-05 2.5615159e-05)   (0.0020454392 -0.000821174 0.021490519)      
youweiduo                 (-1.1208046 -1.2657791 -2.1815793)            (0.14509597 -0.036938403 0.0016529293)        (-0.97570859 -1.3027175 -2.1799263)           (-0.0014497124 -0.0016372307 -0.0028217788)   (0.00018767538 -4.7778233e-05 2.1379928e-06)  (-0.001262037 -0.001685009 -0.0028196408)    
zhongyangyi               (1055.8254 -0.038701139 14041.773)            (2.0333425 -0.3744992 -0.097943839)           (1057.8587 -0.41320034 14041.675)             (1.3656646 -5.0058256e-05 18.162429)          (0.0026300408 -0.00048439858 -0.00012668613)  (1.3682947 -0.00053445683 18.162302)         
zuofuyi                   (-0.81879756 0.2886928 7.7810817)             (0.1748818 -0.071377635 -0.0055182707)        (-0.64391576 0.21731517 7.7755634)            (-0.0010590794 0.0003734117 0.010064494)      (0.00022620207 -9.2323895e-05 -7.1376453e-06) (-0.00083287729 0.0002810878 0.010057356)    
zuoweiduo                 (-0.96069479 0.06117437 0.0097986538)         (0.15259479 -0.042868153 -0.030117436)        (-0.80810001 0.018306217 -0.020318782)        (-0.0012426173 7.9126412e-05 1.2674136e-05)   (0.00019737478 -5.5448108e-05 -3.8955605e-05) (-0.0010452425 2.3678303e-05 -2.6281469e-05) 
------------------------- --------------------------------------------- --------------------------------------------- --------------------------------------------- --------------------------------------------- --------------------------------------------- ---------------------------------------------
Net                       (14.176535 -55.372431 -9.4359955)             (11.563297 -2.3612687 -0.80893926)            (25.739832 -57.7337 -10.244935)               (0.018336736 -0.071621853 -0.012205053)       (0.014956627 -0.0030541993 -0.0010463281)     (0.033293363 -0.074676053 -0.013251382)      

Forces - Direction Vector (0.97278921 -0.20791169 -0.10224427)
                          Forces [N]                                      Coefficients                                   
Zone                      Pressure        Viscous         Total           Pressure        Viscous         Total          
jidi                      1113.5786       0.00083713922   1113.5795       1.440366        1.0828035e-06   1.440367       
jishen                    10112.681       1.2982473       10113.98        13.080318       0.0016792269    13.081997      
jitou                     -10931.78       1.1775743       -10930.602      -14.139786      0.0015231416    -14.138263     
liangan                   237.02292       1.2959678       238.31889       0.30657893      0.0016762785    0.30825521     
waiyi                     -273.20394      3.6158593       -269.58808      -0.35337752     0.0046769582    -0.34870056    
weiyi                     -5.2139143      1.4113219       -3.8025925      -0.0067439735   0.001825484     -0.0049184895  
xiaoyi                    185.14123       0.32373827      185.46496       0.2394722       0.0004187415    0.23989094     
youfuyi                   -0.16666551     0.13823824      -0.028427266    -0.00021557466  0.00017880521   -3.6769444e-05 
youweiduo                 -0.60408233     0.14865872      -0.45542361     -0.00078135446  0.00019228364   -0.00058907081 
zhongyangyi               -408.58724      2.0658906       -406.52135      -0.52848999     0.0026721404    -0.52581785    
zuofuyi                   -1.652111       0.18552758      -1.4665834      -0.0021369344   0.00023997193   -0.0018969625  
zuoweiduo                 -0.94827425     0.16043469      -0.78783956     -0.0012265519   0.00020751535   -0.0010190365  
------------------------- --------------- --------------- --------------- --------------- --------------- ---------------
Net                       26.268132       11.822296       38.090428       0.033976697     0.01529163      0.049268327    
