                                    "Force Report"

Forces
                          Forces [N]                                                                                                                                Coefficients                                                                                                                             
Zone                      Pressure                                      Viscous                                       Total                                         Pressure                                      Viscous                                       Total                                        
jidi                      (1146.0702 2.7026013e-07 0.00043630021)       (3.4838066e-08 0.00429708 0.0051842424)       (1146.0702 0.0042973503 0.0056205426)         (1.4823924 3.4956983e-10 5.6433552e-07)       (4.5061537e-11 5.5580879e-06 6.7055941e-06)   (1.4823924 5.5584374e-06 7.2699296e-06)      
jishen                    (9091.898 0.058589893 -12496.675)             (1.1907569 -0.10687901 0.05701975)            (9093.0888 -0.048289115 -12496.618)           (11.759978 7.5783502e-05 -16.163911)          (0.0015401928 -0.00013824339 7.3752589e-05)   (11.761519 -6.2459889e-05 -16.163837)        
jitou                     (-11262.051 -13.80088 28.501225)              (1.1048639 -0.17099487 0.33279513)            (-11260.946 -13.971875 28.83402)              (-14.566977 -0.017850844 0.036865107)         (0.0014290938 -0.0002211745 0.00043045615)    (-14.565548 -0.018072018 0.037295563)        
liangan                   (-81.219082 -0.21299787 -3062.6638)           (1.3167325 -0.079203055 0.21145679)           (-79.902349 -0.29220092 -3062.4524)           (-0.10505338 -0.00027550357 -3.9614237)       (0.0017031368 -0.00010244574 0.00027351025)   (-0.10335025 -0.0003779493 -3.9611502)       
waiyi                     (-233.19829 -0.18420831 2007.7384)            (2.9593445 -0.49055767 0.96600711)            (-230.23894 -0.67476598 2008.7044)            (-0.30163193 -0.00023826551 2.5969231)        (0.0038277846 -0.0006345152 0.0012494886)     (-0.29780415 -0.00087278071 2.5981726)       
weiyi                     (38.086354 -17.74569 598.17708)               (1.3238827 -0.17949141 0.14645553)            (39.410236 -17.925182 598.32354)              (0.049263057 -0.022953286 0.77371628)         (0.0017123853 -0.0002321644 0.00018943391)    (0.050975442 -0.02318545 0.77390571)         
xiaoyi                    (153.77546 -1.0905303 -365.92411)             (0.35356671 -0.049824698 0.084360245)         (154.12903 -1.140355 -365.83975)              (0.19890193 -0.0014105539 -0.47330707)        (0.0004573233 -6.44461e-05 0.00010911634)     (0.19935925 -0.001475 -0.47319795)           
youfuyi                   (2.6747455 -1.0889269 28.999474)              (0.13473848 -0.036359415 0.034885977)         (2.809484 -1.1252863 29.03436)                (0.0034596681 -0.00140848 0.037509571)        (0.00017427842 -4.7029336e-05 4.5123508e-05)  (0.0036339465 -0.0014555093 0.037554694)     
youweiduo                 (-0.82637238 0.8355989 1.4828109)             (0.14193007 -0.027684741 0.019634088)         (-0.68444231 0.80791416 1.502445)             (-0.0010688771 0.0010808112 0.001917952)      (0.00018358043 -3.580902e-05 2.5395847e-05)   (-0.00088529663 0.0010450021 0.0019433479)   
zhongyangyi               (1018.3978 0.023736344 14380.189)             (1.7779406 -0.14826676 0.39846988)            (1020.1758 -0.12453042 14380.587)             (1.3172537 3.0701938e-05 18.600154)           (0.0022996895 -0.00019177667 0.00051540362)   (1.3195534 -0.00016107473 18.60067)          
zuofuyi                   (0.32891061 0.84980771 24.52714)              (0.13934389 -0.071367239 0.048015326)         (0.46825451 0.77844047 24.575155)             (0.0004254317 0.0010991897 0.031724799)       (0.00018023532 -9.2310448e-05 6.2105755e-05)  (0.00060566702 0.0010068792 0.031786904)     
zuoweiduo                 (-0.81367633 -1.4741238 2.5135429)            (0.13440381 -0.021697708 0.0017367958)        (-0.67927252 -1.4958215 2.5152797)            (-0.0010524553 -0.0019067156 0.0032511594)    (0.00017384553 -2.806505e-05 2.2464705e-06)   (-0.00087860973 -0.0019347806 0.0032534059)  
------------------------- --------------------------------------------- --------------------------------------------- --------------------------------------------- --------------------------------------------- --------------------------------------------- ---------------------------------------------
Net                       (-126.87673 -33.829624 1146.8656)             (10.577504 -1.3780295 2.3060209)              (-116.29922 -35.207654 1149.1716)             (-0.16410958 -0.043757161 1.4834212)          (0.013681546 -0.0017824218 0.0029827386)      (-0.15042803 -0.045539583 1.486404)          

Forces - Direction Vector (0.96862834 -0.1391731 0.20588831)
                          Forces [N]                                      Coefficients                                   
Zone                      Pressure        Viscous         Total           Pressure        Viscous         Total          
jidi                      1110.1161       0.00046937069   1110.1166       1.4358874       6.0711076e-07   1.435888       
jishen                    6233.7426       1.1800153       6234.9226       8.0630774       0.0015262989    8.0646037      
jitou                     -10900.953      1.162519        -10899.79       -14.099913      0.0015036682    -14.098409     
liangan                   -709.20813      1.3299839       -707.87815      -0.91733016     0.0017202768    -0.91560988    
waiyi                     187.51303       3.1336669       190.6467        0.24254002      0.0040532631    0.24659329     
weiyi                     162.51891       1.3374842       163.8564        0.21021121      0.0017299782    0.21194119     
xiaoyi                    73.763544       0.36677778      74.130322       0.095409965     0.00047441125   0.095884377    
youfuyi                   8.7130364       0.14275438      8.8557908       0.011269937     0.00018464664   0.011454584    
youweiduo                 -0.61144716     0.14537289      -0.46607427     -0.00079088055  0.00018803357   -0.00060284698 
zhongyangyi               3947.1584       1.8248386       3948.9833       5.1054793       0.0023603501    5.1078397      
zuofuyi                   5.2501731       0.15479064      5.4049638       0.0067908727    0.00020021502   0.0069910877   
zuoweiduo                 -0.065482471    0.13356466      0.06808219      -8.4698754e-05  0.00017276013   8.8061379e-05  
------------------------- --------------- --------------- --------------- --------------- --------------- ---------------
Net                       117.938         10.912238       128.85024       0.15254772      0.014114509     0.16666223     
