                                    "Force Report"

Forces
                          Forces [N]                                                                                                                                Coefficients                                                                                                                             
Zone                      Pressure                                      Viscous                                       Total                                         Pressure                                      Viscous                                       Total                                        
jidi                      (1144.1985 7.9852754e-07 0.00043491844)       (2.1946753e-08 -0.0028179716 -4.0246278e-05)  (1144.1985 -0.0028171731 0.00039467216)       (1.4799714 1.032861e-09 5.6254826e-07)        (2.8387179e-11 -3.6449249e-06 -5.2056826e-08) (1.4799714 -3.643892e-06 5.1049143e-07)      
jishen                    (9082.0807 -0.16022223 -12512.778)            (1.3340636 -0.12396747 -0.096591804)          (9083.4148 -0.2841897 -12512.875)             (11.74728 -0.00020724055 -16.184739)          (0.0017255538 -0.00016034658 -0.00012493734)  (11.749006 -0.00036758713 -16.184864)        
jitou                     (-11246.317 -20.852697 -8.1075067)            (1.1485249 -0.25572505 -0.063624863)          (-11245.169 -21.108422 -8.1711315)            (-14.546627 -0.026972065 -0.01048671)         (0.0014855675 -0.00033076933 -8.2296019e-05)  (-14.545141 -0.027302835 -0.010569007)       
liangan                   (-81.132029 -2.0562014 -3083.7001)            (1.2550878 -0.17896876 -0.087206791)          (-79.876942 -2.2351702 -3083.7873)            (-0.10494078 -0.0026596079 -3.9886332)        (0.001623402 -0.00023148838 -0.00011279823)   (-0.10331738 -0.0028910963 -3.988746)        
waiyi                     (-124.93186 -1.2203004 1527.888)              (3.8137307 -0.78852841 0.0034751495)          (-121.11813 -2.0088288 1527.8915)             (-0.16159398 -0.0015784059 1.9762573)         (0.0049328963 -0.0010199275 4.4949561e-06)    (-0.15666108 -0.0025983335 1.9762618)        
weiyi                     (40.813312 -27.684626 493.57192)              (1.3844959 -0.27249489 -0.10064083)           (42.197807 -27.957121 493.47128)              (0.05279026 -0.035808871 0.63841401)          (0.0017907858 -0.0003524604 -0.00013017457)   (0.054581046 -0.036161332 0.63828384)        
xiaoyi                    (151.02468 -1.2762717 -373.11943)             (0.3142913 -0.060636331 -0.028844537)         (151.33898 -1.336908 -373.14827)              (0.19534392 -0.0016508024 -0.4826139)         (0.00040652225 -7.8430481e-05 -3.7309165e-05) (0.19575044 -0.0017292329 -0.48265121)       
youfuyi                   (1.0006402 -0.68026302 19.682015)             (0.16244045 -0.054365495 0.020623172)         (1.1630807 -0.73462851 19.702639)             (0.001294285 -0.0008798909 0.025457839)       (0.00021010972 -7.0319425e-05 2.6675184e-05)  (0.0015043947 -0.00095021032 0.025484514)    
youweiduo                 (-1.0159395 -0.8525253 -1.4608018)            (0.14673036 -0.037979835 0.0044289068)        (-0.86920914 -0.89050514 -1.4563729)          (-0.001314074 -0.0011027047 -0.0018894841)    (0.0001897894 -4.912528e-05 5.7286001e-06)    (-0.0011242846 -0.00115183 -0.0018837555)    
zhongyangyi               (1056.2081 -0.038951872 14104.86)             (2.2492753 -0.37488941 -0.053588654)          (1058.4574 -0.41384128 14104.807)             (1.3661597 -5.0382567e-05 18.244029)          (0.0029093407 -0.00048490329 -6.9314615e-05)  (1.369069 -0.00053528586 18.24396)           
zuofuyi                   (-0.81446923 0.39614353 10.619724)            (0.19804768 -0.049787036 -0.0028996625)       (-0.61642155 0.3463565 10.616824)             (-0.0010534809 0.00051239459 0.013736155)     (0.00025616614 -6.4397385e-05 -3.7505884e-06) (-0.00079731472 0.0004479972 0.013732404)    
zuoweiduo                 (-0.96276591 -0.03966836 0.16982676)          (0.15511133 -0.039240237 -0.026564637)        (-0.80765458 -0.078908598 0.14326213)         (-0.0012452962 -5.1309314e-05 0.0002196636)   (0.00020062983 -5.0755556e-05 -3.4360213e-05) (-0.0010446664 -0.00010206487 0.00018530339) 
------------------------- --------------------------------------------- --------------------------------------------- --------------------------------------------- --------------------------------------------- --------------------------------------------- ---------------------------------------------
Net                       (20.151668 -54.465583 177.62636)              (12.161799 -2.2394009 -0.43147479)            (32.313467 -56.704984 177.19489)              (0.026065314 -0.070448885 0.22975204)         (0.015730763 -0.0028965686 -0.00055809405)    (0.041796077 -0.073345454 0.22919395)        

Forces - Direction Vector (0.97576488 -0.20791169 -0.068232127)
                          Forces [N]                                      Coefficients                                   
Zone                      Pressure        Viscous         Total           Pressure        Viscous         Total          
jidi                      1116.4686       0.00058865675   1116.4692       1.4441041       7.6140214e-07   1.4441048      
jishen                    9715.7822       1.3340974       9717.1163       12.566946       0.0017255975    12.568671      
jitou                     -10968.873      1.1781997       -10967.694      -14.187764      0.0015239506    -14.18624      
liangan                   131.66914       1.2678306       132.93697       0.17030836      0.0016398843    0.17194825     
waiyi                     -225.90146      3.8850117       -222.01645      -0.2921938      0.0050250952    -0.28716871    
weiyi                     11.902692       1.4144643       13.317156       0.015395619     0.0018295486    0.017225167    
xiaoyi                    173.08867       0.32124954      173.40992       0.22388273      0.00041552244   0.22429825     
youfuyi                   -0.22512156     0.16839974      -0.056721823    -0.00029118504  0.00021781781   -7.3367233e-05 
youweiduo                 -0.7143945      0.15076859      -0.56362591     -0.00092403851  0.00019501268   -0.00072902583 
zhongyangyi               68.214236       2.2763642       70.4906         0.088232174     0.002944379     0.091176553    
zuofuyi                   -1.6016997      0.20379713      -1.3979026      -0.0020717295   0.0002636028    -0.0018081267  
zuoweiduo                 -0.94277329     0.16132326      -0.78145003     -0.0012194366   0.00020866468   -0.0010107719  
------------------------- --------------- --------------- --------------- --------------- --------------- ---------------
Net                       18.867497       12.362095       31.229592       0.024404294     0.015989837     0.040394131    
