                                    "Force Report"

Moments - Moment Center (0 0 0.05)
                          Moments [N m]                                                                                                                             Coefficients                                                                                                                             
Zone                      Pressure                                      Viscous                                       Total                                         Pressure                                      Viscous                                       Total                                        
jidi                      (-2.3161659e-09 -22.899236 0.00065930106)     (-6.3639302e-06 -0.0032463247 -1.7512813e-05) (-6.3662464e-06 -22.902482 0.00064178825)     (-8.2145898e-12 -0.081215178 2.3382987e-06)   (-2.2570523e-08 -1.1513521e-05 -6.2111513e-08) (-2.2578738e-08 -0.081226691 2.2761872e-06)  
jishen                    (-0.0069603804 -230.2146 0.038280373)         (-0.00042124548 -0.067397896 -0.00056717529)  (-0.0073816259 -230.282 0.037713198)          (-2.4685913e-05 -0.81648664 0.00013576642)    (-1.494003e-06 -0.00023903558 -2.0115624e-06) (-2.6179916e-05 -0.81672568 0.00013375486)   
jitou                     (-0.0011392346 545.12038 0.013885427)         (-1.3520156e-05 0.029893775 0.00025763138)    (-0.0011527548 545.15027 0.014143058)         (-4.0404468e-06 1.9333418 4.924651e-05)       (-4.7951028e-08 0.00010602224 9.1372388e-07)  (-4.0883979e-06 1.9334478 5.0160234e-05)     
liangan                   (0.05887306 647.62368 0.095411564)            (-0.0039509642 0.12354404 0.0021443793)       (0.054922095 647.74723 0.097555943)           (0.00020880112 2.2968833 0.00033838977)       (-1.4012619e-05 0.00043816533 7.6053259e-06)  (0.0001947885 2.2973215 0.0003459951)        
waiyi                     (21.021401 -45.537655 1.4923451)              (0.024190963 0.65557391 0.011426385)          (21.045592 -44.882082 1.5037715)              (0.074555187 -0.16150534 0.0052928001)        (8.5796459e-05 0.0023250799 4.0525189e-05)    (0.074640984 -0.15918026 0.0053333253)       
weiyi                     (0.52289928 -695.44551 1.1486897)             (-0.00018981788 0.44238303 0.0088267535)      (0.52270946 -695.00313 1.1575165)             (0.0018545317 -2.4664898 0.0040739805)        (-6.7321431e-07 0.0015689701 3.1305253e-05)   (0.0018538585 -2.4649208 0.0041052857)       
xiaoyi                    (0.11707771 55.919613 -0.050616927)           (0.0015612511 0.037759263 -0.00081870364)     (0.11863896 55.957372 -0.05143563)            (0.00041523164 0.19832633 -0.00017951965)     (5.5371842e-06 0.00013391824 -2.9036411e-06)  (0.00042076882 0.19846025 -0.00018242329)    
youfuyi                   (27.614733 -3.6224267 -3.1307782)             (0.032611965 0.013102499 -0.18083381)         (27.647345 -3.6093242 -3.311612)              (0.097939314 -0.012847417 -0.01110372)        (0.00011566266 4.646975e-05 -0.00064135112)   (0.098054976 -0.012800947 -0.011745071)      
youweiduo                 (0.14386315 -1.3601495 0.93098991)            (0.0016415239 0.041594283 -0.060541637)       (0.14550467 -1.3185552 0.87044827)            (0.00051022974 -0.0048239506 0.0033018792)    (5.8218823e-06 0.00014751964 -0.00021471895)  (0.00051605162 -0.0046764309 0.0030871603)   
zhongyangyi               (1.3638611 -276.41816 0.10139179)             (0.0014616354 0.36365358 0.0019780007)        (1.3653227 -276.05451 0.10336979)             (0.0048371144 -0.9803537 0.00035959944)       (5.1838838e-06 0.0012897457 7.0152421e-06)    (0.0048422983 -0.97906395 0.00036661469)     
zuofuyi                   (-19.183202 -2.7682621 -0.52504592)           (-0.030654644 0.014560238 0.19457902)         (-19.213857 -2.7537019 -0.3304669)            (-0.068035773 -0.0098180089 -0.001862145)     (-0.00010872076 5.1639815e-05 0.00069010033)  (-0.068144493 -0.0097663691 -0.0011720447)   
zuoweiduo                 (-0.13442018 -1.299763 -0.90178631)           (-0.0019517801 0.041510473 0.063057091)       (-0.13637196 -1.2582525 -0.83872922)          (-0.00047673901 -0.004609782 -0.0031983048)   (-6.9222473e-06 0.0001472224 0.00022364034)   (-0.00048366126 -0.0044625596 -0.0029746645) 
------------------------- --------------------------------------------- --------------------------------------------- --------------------------------------------- --------------------------------------------- --------------------------------------------- ---------------------------------------------
Net                       (31.516986 -30.902097 -0.78657416)            (0.024279003 1.6929309 0.039490422)           (31.541265 -29.209166 -0.74708373)            (0.11177917 -0.10959839 -0.0027896896)        (8.6108706e-05 0.006004204 0.00014005802)     (0.11186528 -0.10359418 -0.0026496316)       

Moments - Moment Center (0 0 0.05) Moment Axis (0 1 0)
                          Moments [N m]                                   Coefficients                                   
Zone                      Pressure        Viscous         Total           Pressure        Viscous         Total          
jidi                      -22.899236      -0.0032463247   -22.902482      -0.081215178    -1.1513521e-05  -0.081226691   
jishen                    -230.2146       -0.067397896    -230.282        -0.81648664     -0.00023903558  -0.81672568    
jitou                     545.12038       0.029893775     545.15027       1.9333418       0.00010602224   1.9334478      
liangan                   647.62368       0.12354404      647.74723       2.2968833       0.00043816533   2.2973215      
waiyi                     -45.537655      0.65557391      -44.882082      -0.16150534     0.0023250799    -0.15918026    
weiyi                     -695.44551      0.44238303      -695.00313      -2.4664898      0.0015689701    -2.4649208     
xiaoyi                    55.919613       0.037759263     55.957372       0.19832633      0.00013391824   0.19846025     
youfuyi                   -3.6224267      0.013102499     -3.6093242      -0.012847417    4.646975e-05    -0.012800947   
youweiduo                 -1.3601495      0.041594283     -1.3185552      -0.0048239506   0.00014751964   -0.0046764309  
zhongyangyi               -276.41816      0.36365358      -276.05451      -0.9803537      0.0012897457    -0.97906395    
zuofuyi                   -2.7682621      0.014560238     -2.7537019      -0.0098180089   5.1639815e-05   -0.0097663691  
zuoweiduo                 -1.299763       0.041510473     -1.2582525      -0.004609782    0.0001472224    -0.0044625596  
------------------------- --------------- --------------- --------------- --------------- --------------- ---------------
Net                       -30.902097      1.6929309       -29.209166      -0.10959839     0.006004204     -0.10359418    
