                                    "Force Report"

Moments - Moment Center (0 0 0.05)
                          Moments [N m]                                                                                                                             Coefficients                                                                                                                             
Zone                      Pressure                                      Viscous                                       Total                                         Pressure                                      Viscous                                       Total                                        
jidi                      (2.5867799e-09 -22.886546 0.0040061098)       (5.386507e-05 0.00016306878 -0.00030979966)   (5.3867657e-05 -22.886383 0.0036963102)       (9.174358e-12 -0.081170171 1.42082e-05)       (1.9103962e-07 5.7834508e-07 -1.0987456e-06)  (1.9104879e-07 -0.081169593 1.3109454e-05)   
jishen                    (0.16989568 -232.13932 1.3139053)             (-0.014088324 -0.085138428 -0.0035053746)     (0.15580736 -232.22446 1.3104)                (0.00060255759 -0.82331291 0.0046599396)      (-4.9966112e-05 -0.00030195473 -1.2432276e-05) (0.00055259148 -0.82361486 0.0046475073)     
jitou                     (-0.44910523 535.34179 4.4042681)             (-0.0048025077 -0.072932604 0.054297069)      (-0.45390774 535.26886 4.4585651)             (-0.0015928113 1.8986607 0.015620321)         (-1.7032731e-05 -0.00025866516 0.00019257176) (-0.001609844 1.898402 0.015812893)          
liangan                   (0.085891586 646.03295 0.12345946)            (-0.0024171966 0.11643951 0.0016791223)       (0.083474389 646.14939 0.12513858)            (0.00030462591 2.2912416 0.00043786536)       (-8.5729086e-06 0.00041296819 5.95523e-06)    (0.000296053 2.2916546 0.00044382059)        
waiyi                     (31.670219 -49.463897 -1.1376099)             (0.064434203 0.59526014 -0.15620366)          (31.734653 -48.868637 -1.2938136)             (0.11232263 -0.17543027 -0.0040346846)        (0.00022852445 0.0021111691 -0.000553997)     (0.11255116 -0.17331911 -0.0045886816)       
weiyi                     (-3.4091081 -641.87247 -10.726822)            (0.030401532 0.57656479 -0.10216927)          (-3.3787066 -641.29591 -10.828991)            (-0.012090854 -2.2764859 -0.038044098)        (0.00010782307 0.0020448635 -0.00036235689)   (-0.011983031 -2.274441 -0.038406455)        
xiaoyi                    (1.3732462 55.874028 -0.31643224)             (0.018570428 0.039811664 -0.016260813)        (1.3918166 55.913839 -0.33269305)             (0.0048703998 0.19816465 -0.0011222689)       (6.5862485e-05 0.00014119735 -5.7671131e-05)  (0.0049362623 0.19830585 -0.0011799401)      
youfuyi                   (25.235525 -3.2637364 -2.5407392)             (0.036238935 0.012297737 -0.1769256)          (25.271764 -3.2514387 -2.7176648)             (0.089501137 -0.011575274 -0.0090110687)      (0.00012852619 4.3615557e-05 -0.0006274901)   (0.089629663 -0.011531659 -0.0096385588)     
youweiduo                 (-0.07991428 0.56260782 -0.1726697)           (0.0026797808 0.047866628 -0.074800048)       (-0.077234499 0.61047445 -0.24746975)         (-0.0002834266 0.0019953633 -0.00061239601)   (9.5041983e-06 0.00016976535 -0.0002652883)   (-0.0002739224 0.0021651286 -0.0008776843)   
zhongyangyi               (5.4363658 -285.70695 -0.12049751)            (0.020321919 0.3299752 -0.016757236)          (5.4566877 -285.37697 -0.13725474)            (0.019280793 -1.0132976 -0.0004273604)        (7.2074381e-05 0.0011703008 -5.9431761e-05)   (0.019352867 -1.0121273 -0.00048679217)      
zuofuyi                   (-14.473213 -2.1081826 -0.95760528)           (-0.0065448508 0.020891528 0.22574005)        (-14.479758 -2.0872911 -0.73186523)           (-0.051331171 -0.0074769493 -0.0033962742)    (-2.3212182e-05 7.4094576e-05 0.00080061703)  (-0.051354383 -0.0074028548 -0.0025956572)   
zuoweiduo                 (-0.050884987 -0.24345868 -0.2716733)         (0.0084520475 0.062866634 0.039485693)        (-0.04243294 -0.18059205 -0.23218761)         (-0.00018047036 -0.00086345851 -0.00096352542) (2.9976308e-05 0.00022296486 0.00014004125)   (-0.00015049405 -0.00064049365 -0.00082348417)
------------------------- --------------------------------------------- --------------------------------------------- --------------------------------------------- --------------------------------------------- --------------------------------------------- ---------------------------------------------
Net                       (45.508917 0.12681941 -10.39841)              (0.15329983 1.6440659 -0.22572987)            (45.662217 1.7708853 -10.62414)               (0.16140341 0.00044978187 -0.036879342)       (0.00054369819 0.0058308978 -0.00080058092)   (0.16194711 0.0062806796 -0.037679923)       

Moments - Moment Center (0 0 0.05) Moment Axis (0 1 0)
                          Moments [N m]                                   Coefficients                                   
Zone                      Pressure        Viscous         Total           Pressure        Viscous         Total          
jidi                      -22.886546      0.00016306878   -22.886383      -0.081170171    5.7834508e-07   -0.081169593   
jishen                    -232.13932      -0.085138428    -232.22446      -0.82331291     -0.00030195473  -0.82361486    
jitou                     535.34179       -0.072932604    535.26886       1.8986607       -0.00025866516  1.898402       
liangan                   646.03295       0.11643951      646.14939       2.2912416       0.00041296819   2.2916546      
waiyi                     -49.463897      0.59526014      -48.868637      -0.17543027     0.0021111691    -0.17331911    
weiyi                     -641.87247      0.57656479      -641.29591      -2.2764859      0.0020448635    -2.274441      
xiaoyi                    55.874028       0.039811664     55.913839       0.19816465      0.00014119735   0.19830585     
youfuyi                   -3.2637364      0.012297737     -3.2514387      -0.011575274    4.3615557e-05   -0.011531659   
youweiduo                 0.56260782      0.047866628     0.61047445      0.0019953633    0.00016976535   0.0021651286   
zhongyangyi               -285.70695      0.3299752       -285.37697      -1.0132976      0.0011703008    -1.0121273     
zuofuyi                   -2.1081826      0.020891528     -2.0872911      -0.0074769493   7.4094576e-05   -0.0074028548  
zuoweiduo                 -0.24345868     0.062866634     -0.18059205     -0.00086345851  0.00022296486   -0.00064049365 
------------------------- --------------- --------------- --------------- --------------- --------------- ---------------
Net                       0.12681941      1.6440659       1.7708853       0.00044978187   0.0058308978    0.0062806796   
