                                    "Force Report"

Moments - Moment Center (0 0 0.05)
                          Moments [N m]                                                                                                                             Coefficients                                                                                                                             
Zone                      Pressure                                      Viscous                                       Total                                         Pressure                                      Viscous                                       Total                                        
jidi                      (1.5173952e-08 -22.887112 0.0072565533)       (3.2020217e-05 2.2537275e-05 -0.0015780638)   (3.2035391e-05 -22.887089 0.0056784895)       (5.3816435e-11 -0.081172179 2.5736329e-05)    (1.1356395e-07 7.9931438e-08 -5.5968126e-06)  (1.1361777e-07 -0.081172099 2.0139516e-05)   
jishen                    (0.44791518 -231.59817 3.3634805)             (-0.035965927 -0.094121615 0.014609468)       (0.41194926 -231.6923 3.37809)                (0.0015885906 -0.82139366 0.01192903)         (-0.00012755793 -0.0003338148 5.1814415e-05)  (0.0014610327 -0.82172747 0.011980844)       
jitou                     (-1.3215173 532.38906 12.927054)              (-0.014560294 -0.10555804 0.16288687)         (-1.3360776 532.2835 13.089941)               (-0.0046869365 1.8881884 0.045847514)         (-5.1640016e-05 -0.00037437558 0.00057769988) (-0.0047385765 1.8878141 0.046425214)        
liangan                   (0.14559346 646.68481 0.10198983)             (0.0058092862 0.14149307 0.0022954702)        (0.15140274 646.82631 0.1042853)              (0.00051636652 2.2935535 0.00036172047)       (2.0603405e-05 0.00050182394 8.1411898e-06)   (0.00053696992 2.2940553 0.00036986166)      
waiyi                     (42.236736 -51.541899 -3.9168911)             (0.12867741 0.54542944 -0.063192347)          (42.365413 -50.996469 -3.9800835)             (0.14979819 -0.18280018 -0.013891774)         (0.0004563715 0.0019344379 -0.00022412004)    (0.15025456 -0.18086575 -0.014115894)        
weiyi                     (-10.623934 -625.95523 -31.958647)            (0.098207258 0.53742409 -0.28902088)          (-10.525726 -625.4178 -32.247668)             (-0.03767919 -2.2200333 -0.11334558)          (0.00034830507 0.0019060459 -0.0010250509)    (-0.037330885 -2.2181272 -0.11437063)        
xiaoyi                    (1.1468103 55.986235 -0.99856199)             (0.034221296 0.043260583 -0.031037833)        (1.1810315 56.029496 -1.0295998)              (0.0040673147 0.19856261 -0.0035415326)       (0.00012137037 0.0001534294 -0.00011007979)   (0.0041886851 0.19871604 -0.0036516124)      
youfuyi                   (23.839186 -3.0878015 -1.3578774)             (0.03180785 0.015806378 -0.20150128)          (23.870994 -3.0719951 -1.5593787)             (0.084548836 -0.010951298 -0.0048158924)      (0.00011281076 5.6059416e-05 -0.00071465103)  (0.084661647 -0.010895238 -0.0055305434)     
youweiduo                 (-0.3139072 1.6922677 -0.78240006)            (0.012328475 0.035347637 -0.10726261)         (-0.30157872 1.7276153 -0.88966267)           (-0.0011133135 0.0060018519 -0.0027748856)    (4.3724571e-05 0.00012536508 -0.00038042108)  (-0.001069589 0.0061272169 -0.0031553067)    
zhongyangyi               (12.266131 -289.18853 -0.90044802)            (0.060155061 0.29553218 -0.050883637)         (12.326286 -288.893 -0.95133166)              (0.04350346 -1.0256455 -0.0031935584)         (0.0002133479 0.0010481441 -0.00018046557)    (0.043716808 -1.0245974 -0.003374024)        
zuofuyi                   (-12.650739 -1.8550874 -0.95070444)           (0.0089754578 0.023487251 0.22640593)         (-12.641763 -1.8316002 -0.72429851)           (-0.044867524 -0.0065793138 -0.0033717995)    (3.1832652e-05 8.3300651e-05 0.00080297868)   (-0.044835691 -0.0064960132 -0.0025688208)   
zuoweiduo                 (-0.1258853 -0.50883369 -0.39696395)          (0.02052601 0.080868618 0.0030878424)         (-0.10535929 -0.42796507 -0.39387611)         (-0.00044646894 -0.0018046462 -0.0014078853)  (7.2798219e-05 0.00028681128 1.0951443e-05)   (-0.00037367072 -0.0015178349 -0.0013969339) 
------------------------- --------------------------------------------- --------------------------------------------- --------------------------------------------- --------------------------------------------- --------------------------------------------- ---------------------------------------------
Net                       (55.046389 10.129705 -24.862713)              (0.3502139 1.5189921 -0.33519108)             (55.396603 11.648697 -25.197904)              (0.19522932 0.035926344 -0.08817891)          (0.0012420801 0.0053873072 -0.0011887996)     (0.1964714 0.041313651 -0.08936771)          

Moments - Moment Center (0 0 0.05) Moment Axis (0 1 0)
                          Moments [N m]                                   Coefficients                                   
Zone                      Pressure        Viscous         Total           Pressure        Viscous         Total          
jidi                      -22.887112      2.2537275e-05   -22.887089      -0.081172179    7.9931438e-08   -0.081172099   
jishen                    -231.59817      -0.094121615    -231.6923       -0.82139366     -0.0003338148   -0.82172747    
jitou                     532.38906       -0.10555804     532.2835        1.8881884       -0.00037437558  1.8878141      
liangan                   646.68481       0.14149307      646.82631       2.2935535       0.00050182394   2.2940553      
waiyi                     -51.541899      0.54542944      -50.996469      -0.18280018     0.0019344379    -0.18086575    
weiyi                     -625.95523      0.53742409      -625.4178       -2.2200333      0.0019060459    -2.2181272     
xiaoyi                    55.986235       0.043260583     56.029496       0.19856261      0.0001534294    0.19871604     
youfuyi                   -3.0878015      0.015806378     -3.0719951      -0.010951298    5.6059416e-05   -0.010895238   
youweiduo                 1.6922677       0.035347637     1.7276153       0.0060018519    0.00012536508   0.0061272169   
zhongyangyi               -289.18853      0.29553218      -288.893        -1.0256455      0.0010481441    -1.0245974     
zuofuyi                   -1.8550874      0.023487251     -1.8316002      -0.0065793138   8.3300651e-05   -0.0064960132  
zuoweiduo                 -0.50883369     0.080868618     -0.42796507     -0.0018046462   0.00028681128   -0.0015178349  
------------------------- --------------- --------------- --------------- --------------- --------------- ---------------
Net                       10.129705       1.5189921       11.648697       0.035926344     0.0053873072    0.041313651    
