                                    "Force Report"

Moments - Moment Center (0 0 0.05)
                          Moments [N m]                                                                                                                             Coefficients                                                                                                                             
Zone                      Pressure                                      Viscous                                       Total                                         Pressure                                      Viscous                                       Total                                        
jidi                      (-1.220418e-08 -22.920344 0.0060267308)       (1.4232381e-05 -0.00095016344 0.00079325585)  (1.4220177e-05 -22.921294 0.0068199866)       (-4.3283745e-11 -0.081290042 2.13746e-05)     (5.0477027e-08 -3.3698807e-06 2.8133871e-06)  (5.0433744e-08 -0.081293412 2.4187988e-05)   
jishen                    (0.064162519 -229.36873 1.6711322)            (-0.020370383 -0.060968657 0.0041312902)      (0.043792136 -229.4297 1.6752635)             (0.00022756089 -0.81348663 0.0059268921)      (-7.2246265e-05 -0.00021623343 1.4652169e-05) (0.00015531462 -0.81370286 0.0059415443)     
jitou                     (-0.84965516 551.04505 8.3853162)             (-0.0092107042 0.094720636 0.10749303)        (-0.85886586 551.13977 8.4928092)             (-0.0030134148 1.9543544 0.029739636)         (-3.2666985e-05 0.0003359393 0.00038123831)   (-0.0030460817 1.9546903 0.030120875)        
liangan                   (0.49171002 649.52341 -1.6395608)             (0.0042410948 0.12604024 0.010685145)         (0.49595112 649.64945 -1.6288756)             (0.0017439149 2.3036209 -0.0058149198)        (1.5041606e-05 0.00044701842 3.7896283e-05)   (0.0017589565 2.304068 -0.0057770235)        
waiyi                     (30.491843 -45.512351 1.3066127)              (0.084230836 0.58146273 -0.042465823)         (30.576074 -44.930888 1.2641468)              (0.10814337 -0.16141559 0.0046340752)         (0.00029873584 0.0020622347 -0.00015061068)   (0.1084421 -0.15935336 0.0044834645)         
weiyi                     (-7.818959 -725.437 -25.169759)               (0.055222473 0.33251086 -0.2505013)           (-7.7637366 -725.10449 -25.42026)             (-0.027730976 -2.5728586 -0.08926789)         (0.00019585383 0.0011792939 -0.00088843609)   (-0.027535122 -2.5716793 -0.090156326)       
xiaoyi                    (10.682334 55.898075 -0.55066544)             (0.091026263 0.037381153 -0.020971593)        (10.77336 55.935456 -0.57163703)              (0.037886316 0.19824994 -0.0019530081)        (0.00032283672 0.00013257722 -7.4378537e-05)  (0.038209152 0.19838252 -0.0020273866)       
youfuyi                   (30.332627 -4.0523675 -2.7850887)             (0.040465753 0.011621582 -0.18140866)         (30.373093 -4.0407459 -2.9664974)             (0.10757869 -0.014372259 -0.0098776866)       (0.00014351716 4.1217483e-05 -0.00064338989)  (0.1077222 -0.014331042 -0.010521077)        
youweiduo                 (0.043758228 -1.177329 0.8113576)             (0.014356331 0.021105555 -0.097411814)        (0.058114559 -1.1562234 0.71394578)           (0.00015519436 -0.0041755535 0.0028775874)    (5.0916634e-05 7.4853651e-05 -0.00034548393)  (0.00020611099 -0.0041006999 0.0025321035)   
zhongyangyi               (8.2422559 -274.89969 1.1922667)              (0.017199983 0.33048726 -0.016947672)         (8.2594559 -274.56921 1.175319)               (0.029232254 -0.97496824 0.0042285321)        (6.1002023e-05 0.0011721169 -6.0107166e-05)   (0.029293256 -0.97379612 0.0041684249)       
zuofuyi                   (-22.941791 -3.2986613 0.011024384)           (-0.036629912 0.011803963 0.16998355)         (-22.978421 -3.2868574 0.18100794)            (-0.081366106 -0.01169914 3.909944e-05)       (-0.00012991285 4.1864322e-05 0.00060286923)  (-0.081496019 -0.011657276 0.00064196867)    
zuoweiduo                 (-0.36241758 -2.975435 -1.8701562)            (0.0068928929 0.045088213 0.024451433)        (-0.35552469 -2.9303468 -1.8457048)           (-0.0012853621 -0.010552775 -0.0066327573)    (2.4446559e-05 0.00015991133 8.6720251e-05)   (-0.0012609155 -0.010392864 -0.006546037)    
------------------------- --------------------------------------------- --------------------------------------------- --------------------------------------------- --------------------------------------------- --------------------------------------------- ---------------------------------------------
Net                       (48.375868 -53.175381 -18.631494)             (0.24743886 1.5303034 -0.29216915)            (48.623307 -51.645077 -18.923663)             (0.17157144 -0.18859354 -0.066079065)         (0.00087757475 0.0054274239 -0.0010362167)    (0.17244901 -0.18316612 -0.067115281)        

Moments - Moment Center (0 0 0.05) Moment Axis (0 1 0)
                          Moments [N m]                                   Coefficients                                   
Zone                      Pressure        Viscous         Total           Pressure        Viscous         Total          
jidi                      -22.920344      -0.00095016344  -22.921294      -0.081290042    -3.3698807e-06  -0.081293412   
jishen                    -229.36873      -0.060968657    -229.4297       -0.81348663     -0.00021623343  -0.81370286    
jitou                     551.04505       0.094720636     551.13977       1.9543544       0.0003359393    1.9546903      
liangan                   649.52341       0.12604024      649.64945       2.3036209       0.00044701842   2.304068       
waiyi                     -45.512351      0.58146273      -44.930888      -0.16141559     0.0020622347    -0.15935336    
weiyi                     -725.437        0.33251086      -725.10449      -2.5728586      0.0011792939    -2.5716793     
xiaoyi                    55.898075       0.037381153     55.935456       0.19824994      0.00013257722   0.19838252     
youfuyi                   -4.0523675      0.011621582     -4.0407459      -0.014372259    4.1217483e-05   -0.014331042   
youweiduo                 -1.177329       0.021105555     -1.1562234      -0.0041755535   7.4853651e-05   -0.0041006999  
zhongyangyi               -274.89969      0.33048726      -274.56921      -0.97496824     0.0011721169    -0.97379612    
zuofuyi                   -3.2986613      0.011803963     -3.2868574      -0.01169914     4.1864322e-05   -0.011657276   
zuoweiduo                 -2.975435       0.045088213     -2.9303468      -0.010552775    0.00015991133   -0.010392864   
------------------------- --------------- --------------- --------------- --------------- --------------- ---------------
Net                       -53.175381      1.5303034       -51.645077      -0.18859354     0.0054274239    -0.18316612    
