                                    "Force Report"

Moments - Moment Center (0 0 0.05)
                          Moments [N m]                                                                                                                             Coefficients                                                                                                                             
Zone                      Pressure                                      Viscous                                       Total                                         Pressure                                      Viscous                                       Total                                        
jidi                      (-2.1028853e-09 -22.895936 0.00045576371)     (-2.3684689e-06 -0.0024804526 5.5867272e-06)  (-2.3705717e-06 -22.898417 0.00046135044)     (-7.4581617e-12 -0.081203476 1.6164265e-06)   (-8.4000891e-09 -8.7972544e-06 1.9814069e-08) (-8.4075472e-09 -0.081212273 1.6362405e-06)  
jishen                    (-0.0063016583 -230.923 0.052498614)          (-0.00052591356 -0.072421293 -0.00052219808)  (-0.0068275719 -230.99542 0.051976416)        (-2.2349667e-05 -0.81899907 0.0001861933)     (-1.8652222e-06 -0.00025685172 -1.8520448e-06) (-2.421489e-05 -0.81925592 0.00018434126)    
jitou                     (-0.0018533274 541.88987 0.01768342)          (-1.6510705e-05 -0.0040403389 0.00029940071)  (-0.0018698381 541.88583 0.017982821)         (-6.5730717e-06 1.9218843 6.2716596e-05)      (-5.8557408e-08 -1.4329598e-05 1.0618644e-06) (-6.6316291e-06 1.92187 6.3778461e-05)       
liangan                   (0.017642636 646.8896 0.18716172)             (-0.0033508556 0.11459804 0.0042604311)       (0.01429178 647.0042 0.19142215)              (6.2571948e-05 2.2942798 0.00066379387)       (-1.1884254e-05 0.00040643717 1.5110184e-05)  (5.0687694e-05 2.2946863 0.00067890405)      
waiyi                     (22.046815 -46.291536 1.0396657)              (0.028117243 0.66053464 -0.0067306671)        (22.074933 -45.631002 1.0329351)              (0.078191956 -0.16417908 0.0036873125)        (9.9721534e-05 0.0023426738 -2.3871204e-05)   (0.078291678 -0.1618364 0.0036634413)        
weiyi                     (0.56660745 -677.27973 1.2017869)             (-0.0015839668 0.49399995 0.0099135319)       (0.56502348 -676.78573 1.2117004)             (0.0020095485 -2.4020625 0.0042622967)        (-5.6177483e-06 0.0017520364 3.5159656e-05)   (0.0020039308 -2.4003104 0.0042974564)       
xiaoyi                    (0.10451622 55.898138 -0.05351672)            (0.0014031395 0.038307085 0.0001621004)       (0.10591936 55.936445 -0.053354619)           (0.00037068064 0.19825016 -0.00018980415)     (4.9764204e-06 0.00013586116 5.7491057e-07)   (0.00037565706 0.19838603 -0.00018922924)    
youfuyi                   (26.523649 -3.4670594 -3.0419677)             (0.032548148 0.012947154 -0.17968898)         (26.556197 -3.4541122 -3.2216567)             (0.09406964 -0.012296386 -0.010788742)        (0.00011543633 4.5918801e-05 -0.00063729081)  (0.094185076 -0.012250467 -0.011426033)      
youweiduo                 (0.086824809 -0.83676337 0.63158085)          (-0.00026179795 0.04698019 -0.059114032)      (0.086563011 -0.78978318 0.57246682)          (0.00030793571 -0.0029676923 0.0022399853)    (-9.2850116e-07 0.00016662148 -0.00020965576) (0.00030700721 -0.0028010708 0.0020303295)   
zhongyangyi               (1.5785713 -279.05069 0.077523887)            (0.001463279 0.36276969 -0.00065113329)       (1.5800346 -278.68792 0.076872753)            (0.0055986128 -0.98969029 0.00027494875)      (5.1897132e-06 0.0012866109 -2.3093306e-06)   (0.0056038025 -0.98840368 0.00027263942)     
zuofuyi                   (-17.611245 -2.5487666 -0.7491983)            (-0.024754948 0.016459874 0.20589478)         (-17.636 -2.5323068 -0.54330352)              (-0.062460617 -0.0090395391 -0.0026571312)    (-8.7796709e-05 5.8377128e-05 0.00073023317)  (-0.062548414 -0.008981162 -0.001926898)     
zuoweiduo                 (-0.075072788 -0.77108344 -0.59758807)        (-0.00049673268 0.046107212 0.062130746)      (-0.075569521 -0.72497623 -0.53545733)        (-0.00026625561 -0.0027347497 -0.0021194254)  (-1.7617284e-06 0.00016352534 0.00022035493)  (-0.00026801733 -0.0025712244 -0.0018990705) 
------------------------- --------------------------------------------- --------------------------------------------- --------------------------------------------- --------------------------------------------- --------------------------------------------- ---------------------------------------------
Net                       (33.230154 -19.386959 -1.2339139)             (0.032538716 1.7137618 0.035959571)           (33.262693 -17.673198 -1.1979544)             (0.11785515 -0.068758424 -0.0043762396)       (0.00011540287 0.0060780835 0.00012753539)    (0.11797055 -0.06268034 -0.0042487042)       

Moments - Moment Center (0 0 0.05) Moment Axis (0 1 0)
                          Moments [N m]                                   Coefficients                                   
Zone                      Pressure        Viscous         Total           Pressure        Viscous         Total          
jidi                      -22.895936      -0.0024804526   -22.898417      -0.081203476    -8.7972544e-06  -0.081212273   
jishen                    -230.923        -0.072421293    -230.99542      -0.81899907     -0.00025685172  -0.81925592    
jitou                     541.88987       -0.0040403389   541.88583       1.9218843       -1.4329598e-05  1.92187        
liangan                   646.8896        0.11459804      647.0042        2.2942798       0.00040643717   2.2946863      
waiyi                     -46.291536      0.66053464      -45.631002      -0.16417908     0.0023426738    -0.1618364     
weiyi                     -677.27973      0.49399995      -676.78573      -2.4020625      0.0017520364    -2.4003104     
xiaoyi                    55.898138       0.038307085     55.936445       0.19825016      0.00013586116   0.19838603     
youfuyi                   -3.4670594      0.012947154     -3.4541122      -0.012296386    4.5918801e-05   -0.012250467   
youweiduo                 -0.83676337     0.04698019      -0.78978318     -0.0029676923   0.00016662148   -0.0028010708  
zhongyangyi               -279.05069      0.36276969      -278.68792      -0.98969029     0.0012866109    -0.98840368    
zuofuyi                   -2.5487666      0.016459874     -2.5323068      -0.0090395391   5.8377128e-05   -0.008981162   
zuoweiduo                 -0.77108344     0.046107212     -0.72497623     -0.0027347497   0.00016352534   -0.0025712244  
------------------------- --------------- --------------- --------------- --------------- --------------- ---------------
Net                       -19.386959      1.7137618       -17.673198      -0.068758424    0.0060780835    -0.06268034    
