                                    "Force Report"

Moments - Moment Center (0 0 0.05)
                          Moments [N m]                                                                                                                             Coefficients                                                                                                                             
Zone                      Pressure                                      Viscous                                       Total                                         Pressure                                      Viscous                                       Total                                        
jidi                      (3.0990359e-09 -22.897783 0.0036952268)       (4.0636366e-05 -0.0017678843 -8.8064909e-05)  (4.0639465e-05 -22.899551 0.0036071619)       (1.0991142e-11 -0.081210026 1.3105612e-05)    (1.4412226e-07 -6.2700364e-06 -3.1233389e-07) (1.4413326e-07 -0.081216296 1.2793278e-05)   
jishen                    (0.11400935 -230.94518 1.0566628)             (-0.01323377 -0.072063756 -0.0015492021)      (0.10077558 -231.01724 1.0551136)             (0.00040434927 -0.81907771 0.0037475948)      (-4.6935321e-05 -0.00025558368 -5.4944506e-06) (0.00035741395 -0.8193333 0.0037421003)      
jitou                     (-0.43948339 541.9234 4.3241519)              (-0.0047022706 -0.0036476164 0.054065375)     (-0.44418566 541.91976 4.3782172)             (-0.0015586862 1.9220033 0.015336178)         (-1.6677227e-05 -1.2936755e-05 0.00019175003) (-0.0015753634 1.9219903 0.015527928)        
liangan                   (0.076088598 647.11896 -0.098137554)          (-0.0025759542 0.11727075 0.015446785)        (0.073512644 647.23623 -0.082690769)          (0.00026985831 2.2950933 -0.00034805786)      (-9.1359634e-06 0.00041591629 5.4784074e-05)  (0.00026072235 2.2955092 -0.00029327378)     
waiyi                     (26.398968 -46.244355 0.83264823)             (0.061131294 0.65919267 -0.025373995)         (26.4601 -45.585162 0.80727423)               (0.093627444 -0.16401174 0.0029530974)        (0.00021681025 0.0023379143 -8.9992242e-05)   (0.093844255 -0.16167383 0.0028631052)       
weiyi                     (-3.430071 -676.66079 -11.091959)             (0.028484799 0.49083112 -0.11328311)          (-3.4015862 -676.16995 -11.205242)            (-0.012165202 -2.3998673 -0.039339105)        (0.00010102512 0.0017407977 -0.00040177357)   (-0.012064177 -2.3981265 -0.039740879)       
xiaoyi                    (3.0081515 55.908374 -0.20823779)             (0.032631188 0.038760979 -0.014575321)        (3.0407827 55.947135 -0.22281311)             (0.010668809 0.19828647 -0.00073854295)       (0.00011573084 0.00013747096 -5.169331e-05)   (0.010784539 0.19842394 -0.00079023626)      
youfuyi                   (27.191385 -3.5614818 -2.9754529)             (0.035998701 0.012688899 -0.18191746)         (27.227384 -3.5487929 -3.1573704)             (0.096437857 -0.012631268 -0.010552839)       (0.00012767417 4.5002863e-05 -0.0006451944)   (0.096565531 -0.012586265 -0.011198033)      
youweiduo                 (0.019521209 -0.42069194 0.39774329)          (0.0051390599 0.040107101 -0.07713297)        (0.024660269 -0.38058484 0.32061032)          (6.9234559e-05 -0.0014920398 0.0014106494)    (1.8226358e-05 0.00014224516 -0.00027356231)  (8.7460917e-05 -0.0013497946 0.001137087)    
zhongyangyi               (4.6195154 -279.08045 0.41556174)             (0.019127071 0.36149391 -0.0084951771)        (4.6386425 -278.71895 0.40706657)             (0.016383724 -0.98979584 0.0014738449)        (6.7836694e-05 0.0012820861 -3.0129273e-05)   (0.016451561 -0.98851376 0.0014437156)       
zuofuyi                   (-17.685034 -2.5664639 -0.78307541)           (-0.022150168 0.017053425 0.20684011)         (-17.707184 -2.5494105 -0.5762353)            (-0.062722319 -0.0091023047 -0.0027772809)    (-7.855851e-05 6.0482235e-05 0.0007335859)    (-0.062800878 -0.0090418225 -0.002043695)    
zuoweiduo                 (-0.13284493 -1.1172281 -0.78771512)          (0.0051909746 0.05336686 0.042998659)         (-0.12765396 -1.0638613 -0.74471646)          (-0.00047115218 -0.0039623978 -0.0027937362)  (1.841048e-05 0.00018927265 0.00015250045)    (-0.0004527417 -0.0037731251 -0.0026412358)  
------------------------- --------------------------------------------- --------------------------------------------- --------------------------------------------- --------------------------------------------- --------------------------------------------- ---------------------------------------------
Net                       (39.740207 -18.543679 -8.9141149)             (0.14508156 1.7132865 -0.10306437)            (39.885288 -16.830392 -9.0171792)             (0.14094392 -0.065767617 -0.031615091)        (0.00051455101 0.0060763978 -0.00036553145)   (0.14145847 -0.05969122 -0.031980623)        

Moments - Moment Center (0 0 0.05) Moment Axis (0 1 0)
                          Moments [N m]                                   Coefficients                                   
Zone                      Pressure        Viscous         Total           Pressure        Viscous         Total          
jidi                      -22.897783      -0.0017678843   -22.899551      -0.081210026    -6.2700364e-06  -0.081216296   
jishen                    -230.94518      -0.072063756    -231.01724      -0.81907771     -0.00025558368  -0.8193333     
jitou                     541.9234        -0.0036476164   541.91976       1.9220033       -1.2936755e-05  1.9219903      
liangan                   647.11896       0.11727075      647.23623       2.2950933       0.00041591629   2.2955092      
waiyi                     -46.244355      0.65919267      -45.585162      -0.16401174     0.0023379143    -0.16167383    
weiyi                     -676.66079      0.49083112      -676.16995      -2.3998673      0.0017407977    -2.3981265     
xiaoyi                    55.908374       0.038760979     55.947135       0.19828647      0.00013747096   0.19842394     
youfuyi                   -3.5614818      0.012688899     -3.5487929      -0.012631268    4.5002863e-05   -0.012586265   
youweiduo                 -0.42069194     0.040107101     -0.38058484     -0.0014920398   0.00014224516   -0.0013497946  
zhongyangyi               -279.08045      0.36149391      -278.71895      -0.98979584     0.0012820861    -0.98851376    
zuofuyi                   -2.5664639      0.017053425     -2.5494105      -0.0091023047   6.0482235e-05   -0.0090418225  
zuoweiduo                 -1.1172281      0.05336686      -1.0638613      -0.0039623978   0.00018927265   -0.0037731251  
------------------------- --------------- --------------- --------------- --------------- --------------- ---------------
Net                       -18.543679      1.7132865       -16.830392      -0.065767617    0.0060763978    -0.05969122    
