                                    "Force Report"

Moments - Moment Center (0 0 0.05)
                          Moments [N m]                                                                                                                             Coefficients                                                                                                                             
Zone                      Pressure                                      Viscous                                       Total                                         Pressure                                      Viscous                                       Total                                        
jidi                      (-1.2118185e-08 -22.901206 0.0028220181)      (7.38696e-05 -0.0026429403 0.00059429021)     (7.3857482e-05 -22.903849 0.0034163083)       (-4.297875e-11 -0.081222166 1.0008662e-05)    (2.6198834e-07 -9.3735385e-06 2.1077291e-06)  (2.6194536e-07 -0.081231539 1.2116391e-05)   
jishen                    (0.08822656 -230.2471 0.9566717)              (-0.012933252 -0.067236834 -0.0027403258)     (0.075293308 -230.31433 0.95393137)           (0.0003129072 -0.81660188 0.0033929631)       (-4.5869493e-05 -0.00023846436 -9.7189291e-06) (0.00026703771 -0.81684035 0.0033832442)     
jitou                     (-0.43411633 545.15255 4.2792531)             (-0.0046496866 0.02996313 0.053847637)        (-0.43876602 545.18251 4.3331007)             (-0.0015396512 1.9334558 0.015176939)         (-1.649073e-05 0.00010626822 0.00019097779)   (-0.0015561419 1.9335621 0.015367917)        
liangan                   (0.22351591 647.78927 -0.30334008)            (0.000271203 0.1223828 0.022045108)           (0.22378711 647.91166 -0.28129497)            (0.00079272883 2.2974706 -0.0010758359)       (9.6185743e-07 0.00043404684 7.8185901e-05)   (0.00079369069 2.2979047 -0.00099764995)     
waiyi                     (23.929047 -45.561533 1.2712612)              (0.055837896 0.65384378 -0.00049040902)       (23.984885 -44.90769 1.2707708)               (0.084867542 -0.16159002 0.0045086966)        (0.00019803651 0.0023189437 -1.7393007e-06)   (0.085065578 -0.15927108 0.0045069573)       
weiyi                     (-3.578121 -693.61638 -11.478492)             (0.027354607 0.44215768 -0.12379732)          (-3.5507664 -693.17422 -11.60229)             (-0.012690281 -2.4600025 -0.040709996)        (9.7016743e-05 0.0015681709 -0.00043906361)   (-0.012593264 -2.4584344 -0.041149059)       
xiaoyi                    (3.8896322 55.925647 -0.12943158)             (0.03949641 0.038261604 -0.017305995)         (3.9291286 55.963909 -0.14673758)             (0.013795097 0.19834773 -0.00045904629)       (0.00014007926 0.00013569986 -6.1378007e-05)  (0.013935176 0.19848343 -0.00052042429)      
youfuyi                   (27.743265 -3.6327774 -3.094249)              (0.034914788 0.012981851 -0.1840578)          (27.77818 -3.6197956 -3.2783068)              (0.098395171 -0.012884127 -0.010974165)       (0.00012382993 4.6041856e-05 -0.0006527854)   (0.098519001 -0.012838085 -0.01162695)       
youweiduo                 (0.068525183 -0.88620266 0.66338869)          (0.006303747 0.036426358 -0.078534958)        (0.07482893 -0.8497763 0.58485373)            (0.00024303365 -0.0031430353 0.002352796)     (2.2357075e-05 0.00012919091 -0.00027853465)  (0.00026539073 -0.0030138444 0.0020742614)   
zhongyangyi               (4.0485975 -276.56163 0.59173398)             (0.016079525 0.36376906 -0.0067277796)        (4.064677 -276.19786 0.5850062)               (0.014358888 -0.98086252 0.0020986631)        (5.7028171e-05 0.0012901553 -2.3860963e-05)   (0.014415916 -0.97957237 0.0020748021)       
zuofuyi                   (-19.157715 -2.7681754 -0.55266024)           (-0.028189843 0.014894621 0.19237722)         (-19.185904 -2.7532808 -0.36028301)           (-0.067945377 -0.0098177015 -0.0019600829)    (-9.997902e-05 5.2825749e-05 0.00068229135)   (-0.068045356 -0.0097648757 -0.0012777915)   
zuoweiduo                 (-0.18532198 -1.6333377 -1.086113)            (0.0036343181 0.048460821 0.043454999)        (-0.18168766 -1.5848769 -1.042658)            (-0.00065726899 -0.0057928488 -0.0038520438)  (1.2889591e-05 0.00017187273 0.00015411892)   (-0.00064437939 -0.0056209761 -0.0036979249) 
------------------------- --------------------------------------------- --------------------------------------------- --------------------------------------------- --------------------------------------------- --------------------------------------------- ---------------------------------------------
Net                       (36.635536 -28.940871 -8.8791554)             (0.13819358 1.6932619 -0.10133533)            (36.773729 -27.247609 -8.9804908)             (0.12993279 -0.10264264 -0.031491103)         (0.00049012188 0.0060053781 -0.00035939918)   (0.13042291 -0.096637261 -0.031850502)       

Moments - Moment Center (0 0 0.05) Moment Axis (0 1 0)
                          Moments [N m]                                   Coefficients                                   
Zone                      Pressure        Viscous         Total           Pressure        Viscous         Total          
jidi                      -22.901206      -0.0026429403   -22.903849      -0.081222166    -9.3735385e-06  -0.081231539   
jishen                    -230.2471       -0.067236834    -230.31433      -0.81660188     -0.00023846436  -0.81684035    
jitou                     545.15255       0.02996313      545.18251       1.9334558       0.00010626822   1.9335621      
liangan                   647.78927       0.1223828       647.91166       2.2974706       0.00043404684   2.2979047      
waiyi                     -45.561533      0.65384378      -44.90769       -0.16159002     0.0023189437    -0.15927108    
weiyi                     -693.61638      0.44215768      -693.17422      -2.4600025      0.0015681709    -2.4584344     
xiaoyi                    55.925647       0.038261604     55.963909       0.19834773      0.00013569986   0.19848343     
youfuyi                   -3.6327774      0.012981851     -3.6197956      -0.012884127    4.6041856e-05   -0.012838085   
youweiduo                 -0.88620266     0.036426358     -0.8497763      -0.0031430353   0.00012919091   -0.0030138444  
zhongyangyi               -276.56163      0.36376906      -276.19786      -0.98086252     0.0012901553    -0.97957237    
zuofuyi                   -2.7681754      0.014894621     -2.7532808      -0.0098177015   5.2825749e-05   -0.0097648757  
zuoweiduo                 -1.6333377      0.048460821     -1.5848769      -0.0057928488   0.00017187273   -0.0056209761  
------------------------- --------------- --------------- --------------- --------------- --------------- ---------------
Net                       -28.940871      1.6932619       -27.247609      -0.10264264     0.0060053781    -0.096637261   
