                                    "Force Report"

Forces
                          Forces [N]                                                                                                                                Coefficients                                                                                                                             
Zone                      Pressure                                      Viscous                                       Total                                         Pressure                                      Viscous                                       Total                                        
jidi                      (1145.0862 9.2913957e-08 0.00043519628)       (3.0973877e-08 -0.00028099117 0.0033354443)   (1145.0862 -0.00028089825 0.0037706406)       (1.4811197 1.201802e-10 5.6290764e-07)        (4.0063376e-11 -3.6344996e-07 4.3142535e-06)  (1.4811197 -3.6332978e-07 4.8771611e-06)     
jishen                    (9086.7187 -0.039605179 -12495.494)           (1.1661375 -0.00084811243 0.059734699)        (9087.8848 -0.040453291 -12495.435)           (11.753279 -5.1227592e-05 -16.162383)         (0.0015083486 -1.0969969e-06 7.7264259e-05)   (11.754787 -5.2324589e-05 -16.162306)        
jitou                     (-11258.815 0.026162479 26.452903)            (1.1330314 -0.0003615013 0.29226369)          (-11257.682 0.025800978 26.745167)            (-14.562792 3.384004e-05 0.03421569)          (0.0014655273 -4.6758636e-07 0.00037803049)   (-14.561327 3.3372453e-05 0.034593721)       
liangan                   (-81.253765 -0.23573791 -3067.9724)           (1.2445036 -0.004045499 0.12761504)           (-80.009261 -0.23978341 -3067.8448)           (-0.10509824 -0.00030491683 -3.9682901)       (0.0016097118 -5.2326787e-06 0.00016506456)   (-0.10348853 -0.00031014951 -3.968125)       
waiyi                     (-210.9824 0.010148045 1967.7506)             (3.4004548 -0.00056269733 0.90678125)         (-207.58194 0.0095853477 1968.6574)           (-0.27289664 1.3126059e-05 2.5452006)         (0.0043983417 -7.2782474e-07 0.0011728825)    (-0.2684983 1.2398234e-05 2.5463735)         
weiyi                     (42.27611 -3.6239844 583.22875)               (1.3298975 -0.0051148596 0.13406101)          (43.606008 -3.6290993 583.36281)              (0.054682327 -0.0046874677 0.75438126)        (0.0017201651 -6.6158504e-06 0.00017340214)   (0.056402492 -0.0046940836 0.75455466)       
xiaoyi                    (153.86483 0.0094974798 -366.66253)           (0.36304998 -0.00017792617 0.076592811)       (154.22788 0.0093195536 -366.58594)           (0.19901753 1.2284581e-05 -0.47426219)        (0.00046958951 -2.3013983e-07 9.9069501e-05)  (0.19948712 1.2054441e-05 -0.47416312)       
youfuyi                   (0.2437499 -0.73258752 23.271238)             (0.14426148 0.015907646 0.042930307)          (0.38801138 -0.71667988 23.314169)            (0.00031527999 -0.00094757039 0.030100344)    (0.00018659601 2.0575855e-05 5.5528502e-05)   (0.000501876 -0.00092699454 0.030155872)     
youweiduo                 (-0.75309183 -1.027001 -1.763534)             (0.12640401 -0.020826511 0.0093122702)        (-0.62668782 -1.0478275 -1.7542217)           (-0.00097409183 -0.0013283815 -0.0022810552)  (0.00016349814 -2.6938195e-05 1.204502e-05)   (-0.00081059369 -0.0013553197 -0.0022690102) 
zhongyangyi               (1018.0651 -0.0037357224 14369.767)           (1.962954 0.0010342607 0.42318212)            (1020.0281 -0.0027014617 14370.19)            (1.3168234 -4.831996e-06 18.586674)           (0.0025389964 1.3377717e-06 0.00054736784)    (1.3193623 -3.4942243e-06 18.587222)         
zuofuyi                   (0.1919771 0.73863927 23.549488)              (0.14155552 -0.019620231 0.045062528)         (0.33353261 0.71901904 23.59455)              (0.0002483141 0.00095539807 0.030460247)      (0.00018309596 -2.5377923e-05 5.8286438e-05)  (0.00043141006 0.00093002014 0.030518534)    
zuoweiduo                 (-0.83288454 -1.0024342 1.7600646)            (0.1368431 0.012878914 0.014000768)           (-0.69604144 -0.98955532 1.7740654)           (-0.0010773003 -0.0012966055 0.0022765678)    (0.00017700066 1.665832e-05 1.810939e-05)     (-0.00090029961 -0.0012799472 0.0022946771)  
------------------------- --------------------------------------------- --------------------------------------------- --------------------------------------------- --------------------------------------------- --------------------------------------------- ---------------------------------------------
Net                       (-106.19073 -5.8806386 1063.8875)             (11.149093 -0.022017509 2.1348719)            (-95.041642 -5.9026562 1066.0224)             (-0.13735314 -0.0076063527 1.3760927)         (0.014420871 -2.8478698e-05 0.0027613649)     (-0.12293227 -0.0076348314 1.378854)         

Forces - Direction Vector (0.98480865 0 0.17364311)
                          Forces [N]                                      Coefficients                                   
Zone                      Pressure        Viscous         Total           Pressure        Viscous         Total          
jidi                      1127.6909       0.00057920742   1127.6915       1.4586196       7.4917984e-07   1.4586203      
jishen                    6778.9226       1.1587948       6780.0814       8.7682443       0.0014988511    8.7697432      
jitou                     -11083.185      1.1665687       -11082.019      -14.335623      0.0015089064    -14.334114     
liangan                   -612.75167      1.2477574       -611.50392      -0.79256789     0.0016139204    -0.79095397    
waiyi                     133.90904       3.5062536       137.41529       0.17320557      0.0045351879    0.17774076     
weiyi                     142.90753       1.3329733       144.24051       0.18484473      0.0017241435    0.18656888     
xiaoyi                    87.858996       0.37083458      88.229831       0.11364183      0.00047965855   0.11412148     
youfuyi                   4.2809371       0.14952451      4.4304617       0.0055372077    0.00019340351   0.0057306112   
youweiduo                 -1.0478769      0.12610078      -0.9217761      -0.0013553836   0.00016310592   -0.0011922777  
zhongyangyi               3497.8103       2.0066167       3499.8169       4.5242669       0.0025954723    4.5268624      
zuofuyi                   4.2782669       0.1472299       4.4254968       0.0055337539    0.00019043553   0.0057241894   
zuoweiduo                 -0.51460881     0.13719541      -0.3774134      -0.00066562432  0.00017745635   -0.00048816797 
------------------------- --------------- --------------- --------------- --------------- --------------- ---------------
Net                       80.159184       11.350429       91.509612       0.10368245      0.014681291     0.11836374     
