                                    "Force Report"

Forces
                          Forces [N]                                                                                                                                Coefficients                                                                                                                             
Zone                      Pressure                                      Viscous                                       Total                                         Pressure                                      Viscous                                       Total                                        
jidi                      (1146.1347 4.0346078e-07 0.00043613708)       (2.8074259e-08 0.0052110019 0.006281153)      (1146.1347 0.0052114054 0.0067172901)         (1.4824758 5.2185913e-10 5.6412451e-07)       (3.6312845e-11 6.7402065e-06 8.1244008e-06)   (1.4824758 6.7407283e-06 8.6885253e-06)      
jishen                    (9092.1519 -1.1139543 -12503.044)             (1.2011779 -0.16596795 0.00435921)            (9093.3531 -1.2799222 -12503.04)              (11.760307 -0.0014408519 -16.172149)          (0.0015536719 -0.0002146724 5.6384502e-06)    (11.76186 -0.0016555243 -16.172143)          
jitou                     (-11262.887 -19.947506 24.355713)             (1.0981648 -0.25466329 0.28307264)            (-11261.789 -20.20217 24.638786)              (-14.568059 -0.02580124 0.031503066)          (0.0014204288 -0.00032939599 0.00036614226)   (-14.566639 -0.026130636 0.031869208)        
liangan                   (-81.152142 -3.1351004 -3066.0267)            (1.2731719 -0.19102396 0.1851485)             (-79.878971 -3.3261243 -3065.8416)            (-0.1049668 -0.0040551172 -3.9657735)         (0.001646793 -0.00024708127 0.0002394816)     (-0.10332001 -0.0043021985 -3.965534)        
waiyi                     (-208.92916 -0.35461485 1952.0027)            (3.3287461 -0.74751045 0.88018618)            (-205.60042 -1.1021253 1952.8829)             (-0.27024087 -0.00045867902 2.5248314)        (0.0043055896 -0.00096687256 0.0011384829)    (-0.26593528 -0.0014255516 2.5259699)        
weiyi                     (39.757474 -30.5448 573.43944)                (1.3705024 -0.28983877 0.093354725)           (41.127976 -30.834638 573.53279)              (0.051424579 -0.039508382 0.7417192)          (0.0017726859 -0.00037489396 0.00012075031)   (0.053197265 -0.039883276 0.74183996)        
xiaoyi                    (153.16983 -1.9158855 -367.57304)             (0.34525225 -0.070474564 0.061110974)         (153.51509 -1.9863601 -367.51193)             (0.19811858 -0.0024781154 -0.47543989)        (0.00044656891 -9.1155812e-05 7.9044412e-05)  (0.19856515 -0.0025692712 -0.47536084)       
youfuyi                   (0.19173603 -0.91095909 23.046615)            (0.12889386 -0.068084502 0.04513436)          (0.32062989 -0.97904359 23.091749)            (0.00024800229 -0.0011782863 0.029809803)     (0.00016671865 -8.8064369e-05 5.8379349e-05)  (0.00041472094 -0.0012663507 0.029868183)    
youweiduo                 (-0.87940928 -1.7655201 -2.9867167)           (0.12795489 -0.051161806 0.018583848)         (-0.75145439 -1.8166819 -2.9681328)           (-0.001137478 -0.0022836242 -0.0038631893)    (0.00016550414 -6.6175591e-05 2.4037407e-05)  (-0.00097197387 -0.0023497998 -0.0038391519) 
zhongyangyi               (1027.1097 0.0063870372 14369.213)            (1.989939 -0.22406778 0.36254724)             (1029.0997 -0.21768075 14369.575)             (1.3285222 8.2613573e-06 18.585958)           (0.0025739003 -0.00028982202 0.00046893923)   (1.3310961 -0.00028156067 18.586427)         
zuofuyi                   (0.11965704 0.87415202 21.783495)             (0.14547236 -0.088067296 0.042388578)         (0.26512939 0.78608473 21.825884)             (0.00015477122 0.001130678 0.028176013)       (0.00018816222 -0.00011391125 5.4827799e-05)  (0.00034293345 0.0010167667 0.02823084)      
zuoweiduo                 (-0.86522172 -1.3906422 2.4134346)            (0.13765772 -0.033069065 -0.0063693421)       (-0.727564 -1.4237113 2.4070653)              (-0.001119127 -0.0017987358 0.0031216737)     (0.00017805433 -4.2773411e-05 -8.2384696e-06) (-0.00094107268 -0.0018415092 0.0031134352)  
------------------------- --------------------------------------------- --------------------------------------------- --------------------------------------------- --------------------------------------------- --------------------------------------------- ---------------------------------------------
Net                       (-96.078287 -60.198443 1026.6243)             (11.146933 -2.1787184 1.9757981)              (-84.931353 -62.377161 1028.6001)             (-0.12427312 -0.077864092 1.3278943)          (0.014418078 -0.0028180784 0.0025556097)      (-0.10985505 -0.08068217 1.3304499)          

Forces - Direction Vector (0.96328734 -0.20791169 0.16985355)
                          Forces [N]                                      Coefficients                                   
Zone                      Pressure        Viscous         Total           Pressure        Viscous         Total          
jidi                      1104.0571       -1.6525056e-05  1104.0571       1.4280503       -2.1374448e-08  1.4280503      
jishen                    6634.9001       1.1923266       6636.0924       8.5819573       0.0015422231    8.5834995      
jitou                     -10841.113      1.1588766       -10839.954      -14.022512      0.0014989569    -14.021013     
liangan                   -598.29653      1.2975946       -596.99893      -0.77387078     0.0016783827    -0.77219239    
waiyi                     130.3695        3.5114578       133.88096       0.16862733      0.0045419194    0.17316925     
weiyi                     142.04922       1.3963052       143.44552       0.18373454      0.0018060606    0.1855406      
xiaoyi                    85.511312       0.35760953      85.868921       0.1106052       0.00046255251   0.11106775     
youfuyi                   4.2886453       0.14598362      4.4346289       0.0055471778    0.00018882352   0.0057360014   
youweiduo                 -0.98735598     0.137051        -0.85030499     -0.0012771024   0.00017726956   -0.0010998329  
zhongyangyi               3430.0623       2.0250493       3432.0873       4.4366377       0.0026193139    4.439257       
zuofuyi                   3.6335217       0.16564175      3.7991634       0.0046998037    0.00021425047   0.0049140542   
zuoweiduo                 -0.13439592     0.13839753      0.0040016108    -0.00017383533  0.00017901124   5.1759112e-06  
------------------------- --------------- --------------- --------------- --------------- --------------- ---------------
Net                       94.340744       11.526277       105.86702       0.12202569      0.014908743     0.13693443     
