                                    "Force Report"

Forces
                          Forces [N]                                                                                                                                Coefficients                                                                                                                             
Zone                      Pressure                                      Viscous                                       Total                                         Pressure                                      Viscous                                       Total                                        
jidi                      (1143.9267 2.1257774e-08 0.00043528831)       (1.3518626e-08 -0.00010574716 -0.0010676524)  (1143.9267 -0.0001057259 -0.00063236407)      (1.47962 2.7496015e-11 5.6302667e-07)         (1.748576e-11 -1.3677939e-07 -1.3809623e-06)  (1.47962 -1.367519e-07 -8.1793568e-07)       
jishen                    (9078.8695 0.0088779915 -12499.719)           (1.184569 -0.00040582955 -0.052460856)        (9080.054 0.008472162 -12499.771)             (11.743126 1.1483299e-05 -16.167848)          (0.0015321889 -5.2492303e-07 -6.7855857e-05)  (11.744659 1.0958376e-05 -16.167916)         
jitou                     (-11243.283 0.045386464 -3.2887746)           (1.1706916 -0.00037722694 -0.015784598)       (-11242.112 0.045009237 -3.3045592)           (-14.542702 5.8705436e-05 -0.0042538882)      (0.0015142391 -4.8792679e-07 -2.0416697e-05)  (-14.541187 5.8217509e-05 -0.0042743049)     
liangan                   (-81.101108 -0.010796193 -3078.574)           (1.0811925 -0.00060268145 -0.022515752)       (-80.019915 -0.011398874 -3078.5966)          (-0.10490079 -1.396441e-05 -3.9820029)        (0.001398476 -7.7954249e-07 -2.9123155e-05)   (-0.10350231 -1.4743952e-05 -3.982032)       
waiyi                     (-126.91975 0.0050787241 1587.8076)           (4.0446132 -0.00025987318 0.11599846)         (-122.87513 0.0048188509 1587.9236)           (-0.16416522 6.5691107e-06 2.0537607)         (0.0052315329 -3.3613476e-07 0.00015003901)   (-0.15893369 6.232976e-06 2.0539107)         
weiyi                     (45.743452 -4.1006882 495.73605)              (1.5908228 -0.0043442693 -0.098118559)        (47.334275 -4.1050324 495.63793)              (0.059167184 -0.0053040634 0.64121322)        (0.0020576607 -5.6191252e-06 -0.00012691213)  (0.061224845 -0.0053096826 0.64108631)       
xiaoyi                    (151.31356 0.0051240744 -371.55442)           (0.30929656 -0.00021682836 -0.0099468034)     (151.62285 0.004907246 -371.56437)            (0.19571756 6.6277694e-06 -0.48058963)        (0.00040006177 -2.8045814e-07 -1.2865762e-05) (0.19611763 6.3473112e-06 -0.48060249)       
youfuyi                   (-0.83008212 -0.41702521 12.016148)           (0.1901196 -3.2627958e-05 0.0075198613)       (-0.63996251 -0.41705784 12.023668)           (-0.0010736754 -0.00053940414 0.01554237)     (0.00024591152 -4.2202858e-08 9.7266165e-06)  (-0.00082776393 -0.00053944635 0.015552096)  
youweiduo                 (-1.0545733 -2.5953952 -4.4349489)            (0.13150275 -0.0051948079 -0.015958332)       (-0.92307059 -2.60059 -4.4509072)             (-0.0013640452 -0.0033570318 -0.0057364153)   (0.00017009314 -6.7192602e-06 -2.0641415e-05) (-0.001193952 -0.003363751 -0.0057570567)    
zhongyangyi               (1057.7364 -0.0023283421 14145.736)           (2.4668595 -0.00051181896 0.0095661821)       (1060.2033 -0.0028401611 14145.745)           (1.3681365 -3.0116102e-06 18.296899)          (0.0031907765 -6.6201577e-07 1.2373444e-05)   (1.3713273 -3.673626e-06 18.296912)          
zuofuyi                   (-0.83083444 0.41013392 12.003923)            (0.18989319 -0.00051996773 0.0075063086)      (-0.64094124 0.40961396 12.011429)            (-0.0010746485 0.00053049056 0.015526557)     (0.00024561866 -6.7255586e-07 9.7090866e-06)  (-0.00082902988 0.000529818 0.015536266)     
zuoweiduo                 (-1.0052201 0.33763111 -0.50424991)           (0.15650227 0.0011779782 -0.0080796865)       (-0.84871779 0.33880909 -0.51232959)          (-0.0013002088 0.00043671129 -0.00065222553)  (0.00020242894 1.5236641e-06 -1.0450726e-05)  (-0.0010977799 0.00043823495 -0.00066267625) 
------------------------- --------------------------------------------- --------------------------------------------- --------------------------------------------- --------------------------------------------- --------------------------------------------- ---------------------------------------------
Net                       (22.565434 -6.3140008 295.22428)              (12.516063 -0.0113937 -0.083341425)           (35.081497 -6.3253945 295.14094)              (0.029187416 -0.0081668879 0.38185989)        (0.016188988 -1.473726e-05 -0.00010779854)    (0.045376404 -0.0081816252 0.38175209)       

Forces - Direction Vector (0.99939086 0 -0.034899497)
                          Forces [N]                                      Coefficients                                   
Zone                      Pressure        Viscous         Total           Pressure        Viscous         Total          
jidi                      1143.2299       3.727404e-05    1143.2299       1.4787186       4.8212365e-08   1.4787186      
jishen                    9509.5727       1.1856782       9510.7584       12.300223       0.0015336237    12.301756      
jitou                     -11236.319      1.1705293       -11235.148      -14.533694      0.0015140292    -14.53218      
liangan                   26.388979       1.0813197       27.470299       0.034133007     0.0013986404    0.035531648    
waiyi                     -182.25611      4.0381011       -178.21801      -0.23574043     0.0052231097    -0.23051732    
weiyi                     28.414648       1.593278        30.007926       0.036753123     0.0020608364    0.038813959    
xiaoyi                    164.18844       0.30945528      164.4979        0.21237067      0.00040026707   0.21277094     
youfuyi                   -1.248934       0.18974135      -1.0591926      -0.0016154423   0.00024542226   -0.00137002    
youweiduo                 -0.89915344     0.13197958      -0.76717386     -0.0011630162   0.0001707099    -0.00099230633 
zhongyangyi               563.41306       2.4650229       565.87808       0.72875051      0.003188401     0.73193891     
zuofuyi                   -1.2492592      0.18951555      -1.0597436      -0.0016158629   0.00024513019   -0.0013707327  
zuoweiduo                 -0.98700964     0.15668891      -0.83032073     -0.0012766544   0.00020267035   -0.0010739841  
------------------------- --------------- --------------- --------------- --------------- --------------- ---------------
Net                       12.248509       12.511347       24.759856       0.015842919     0.016182888     0.032025807    
