                                    "Force Report"

Forces
                          Forces [N]                                                                                                                                Coefficients                                                                                                                             
Zone                      Pressure                                      Viscous                                       Total                                         Pressure                                      Viscous                                       Total                                        
jidi                      (1144.8287 1.2063387e-07 0.00043526707)       (2.1743207e-08 0.00060686962 0.0036177233)    (1144.8287 0.00060699026 0.0040529904)        (1.4807866 1.5603471e-10 5.629992e-07)        (2.8123902e-11 7.8495971e-07 4.6793692e-06)   (1.4807866 7.8511574e-07 5.2423684e-06)      
jishen                    (9082.7004 0.92514734 -12500.894)             (1.1535765 -0.058182034 -0.020329029)         (9083.854 0.86696531 -12500.914)              (11.748082 0.0011966382 -16.169367)           (0.0014921015 -7.5255954e-05 -2.6294723e-05)  (11.749574 0.0011213823 -16.169394)          
jitou                     (-11249.643 -6.8288463 7.3819856)             (1.1601058 -0.084861857 0.091359044)          (-11248.483 -6.9137081 7.4733446)             (-14.550928 -0.0088328184 0.0095482803)       (0.0015005469 -0.00010976516 0.00011816899)   (-14.549427 -0.0089425836 0.0096664492)      
liangan                   (-81.067944 -0.63018012 -3075.4182)           (1.1012921 -0.053305904 0.030874129)          (-79.966652 -0.68348603 -3075.3873)           (-0.10485789 -0.00081511083 -3.9779209)       (0.0014244738 -6.894889e-05 3.9934356e-05)    (-0.10343342 -0.00088405972 -3.9778809)      
waiyi                     (-142.21526 -0.089980008 1751.563)            (4.4373331 -0.26929893 0.42588318)            (-137.77792 -0.35927894 1751.9889)            (-0.18394931 -0.00011638526 2.2655712)        (0.0057394991 -0.00034832656 0.00055086154)   (-0.17820981 -0.00046471182 2.2661221)       
weiyi                     (46.563888 -13.852908 523.14618)              (1.5674819 -0.10409247 -0.03212849)           (48.13137 -13.957001 523.11405)               (0.060228383 -0.01791814 0.67666703)          (0.0020274702 -0.00013463913 -4.1556817e-05)  (0.062255853 -0.018052779 0.67662548)        
xiaoyi                    (152.15599 -0.30759027 -370.0981)             (0.32698631 -0.020644475 0.01527138)          (152.48298 -0.32823475 -370.08282)            (0.19680722 -0.00039785477 -0.47870594)       (0.0004229427 -2.6702739e-05 1.9752871e-05)   (0.19723016 -0.0004245575 -0.47868619)       
youfuyi                   (-0.73018988 -0.55357731 14.983501)           (0.16902803 -0.022687932 0.021247309)         (-0.56116185 -0.57626525 15.004749)           (-0.00094446914 -0.0007160284 0.019380513)    (0.00021863048 -2.9345862e-05 2.7482479e-05)  (-0.00072583867 -0.00074537426 0.019407996)  
youweiduo                 (-1.019893 -2.3842283 -4.0777224)             (0.13224437 -0.02286491 -0.0036870325)        (-0.88764862 -2.4070932 -4.0814094)           (-0.0013191876 -0.0030838966 -0.0052743582)   (0.0001710524 -2.9574775e-05 -4.7690177e-06)  (-0.0011481352 -0.0031134713 -0.0052791272)  
zhongyangyi               (1051.0868 -0.0035161422 14246.672)           (2.5837815 -0.11905884 0.16925179)            (1053.6705 -0.12257498 14246.842)             (1.3595354 -4.5479784e-06 18.427457)          (0.00334201 -0.00015399747 0.0002189199)      (1.3628774 -0.00015854545 18.427676)         
zuofuyi                   (-0.70566231 0.50665471 14.660837)            (0.17408668 -0.024311624 0.020840358)         (-0.53157564 0.48234309 14.681678)            (-0.00091274379 0.00065533604 0.018963161)    (0.00022517362 -3.1446038e-05 2.6956105e-05)  (-0.00068757018 0.00062389 0.018990117)      
zuoweiduo                 (-0.94860702 -0.24905654 0.49506691)          (0.15459488 -0.0089877091 -0.0078433557)      (-0.79401214 -0.25804425 0.48722355)          (-0.0012269823 -0.0003221439 0.00064034771)   (0.00019996182 -1.1625214e-05 -1.0145043e-05) (-0.0010270205 -0.00033376911 0.00063020267) 
------------------------- --------------------------------------------- --------------------------------------------- --------------------------------------------- --------------------------------------------- --------------------------------------------- ---------------------------------------------
Net                       (1.0055759 -23.468081 608.41563)              (12.960511 -0.78768981 0.714357)              (13.966087 -24.255771 609.12999)              (0.0013006691 -0.030354952 0.7869594)         (0.016763863 -0.0010188428 0.00092399)        (0.018064532 -0.031373795 0.78788339)        

Forces - Direction Vector (0.99695636 -0.06971398 0.034814483)
                          Forces [N]                                      Coefficients                                   
Zone                      Pressure        Viscous         Total           Pressure        Viscous         Total          
jidi                      1141.3477       8.3663795e-05   1141.3478       1.4762841       1.0821551e-07   1.4762842      
jishen                    8619.8048       1.1534172       8620.9582       11.149346       0.0014918954    11.150838      
jitou                     -11214.703      1.165675        -11213.537      -14.505735      0.0015077504    -14.504227     
liangan                   -187.84692      1.1027344       -186.74419      -0.2429719      0.0014263395    -0.24154556    
waiyi                     -80.796612      4.4574415       -76.33917       -0.10450694     0.0057655085    -0.098741427   
weiyi                     65.601164       1.5688538       67.170018       0.084852278     0.0020292448    0.086881523    
xiaoyi                    138.82997       0.32796292      139.15793       0.17957058      0.00042420591   0.17999478     
youfuyi                   -0.16773301     0.17083546      0.0031024531    -0.00021695542  0.00022096831   4.0128893e-06  
youweiduo                 -0.9925415      0.1333079       -0.85923359     -0.0012838097   0.00017242803   -0.0011113816  
zhongyangyi               1543.883        2.5901176       1546.4731       1.9969461       0.0033502054    2.0002963      
zuofuyi                   -0.22842666     0.17597775      -0.052448909    -0.00029546004  0.00022761963   -6.7840403e-05 
zuoweiduo                 -0.91112428     0.15447831      -0.75664597     -0.0011785      0.00019981104   -0.00097868895 
------------------------- --------------- --------------- --------------- --------------- --------------- ---------------
Net                       23.820315       13.000886       36.8212         0.030810551     0.016816085     0.047626636    
