                                    "Force Report"

Forces
                          Forces [N]                                                                                                                                Coefficients                                                                                                                             
Zone                      Pressure                                      Viscous                                       Total                                         Pressure                                      Viscous                                       Total                                        
jidi                      (1145.075 8.905826e-08 0.00043523356)         (2.9250252e-08 -0.00031997314 0.0039723964)   (1145.075 -0.00031988408 0.0044076299)        (1.4811052 1.1519302e-10 5.6295586e-07)       (3.783394e-11 -4.1387147e-07 5.1381235e-06)   (1.4811052 -4.1375627e-07 5.7010794e-06)     
jishen                    (9085.6946 0.010874996 -12497.069)            (1.1488546 -0.00070431963 0.037818083)        (9086.8435 0.010170676 -12497.031)            (11.751954 1.4066338e-05 -16.16442)           (0.001485994 -9.110071e-07 4.8916061e-05)     (11.75344 1.3155331e-05 -16.164371)          
jitou                     (-11256.662 0.033806758 22.129483)            (1.140004 -0.00029179753 0.24363793)          (-11255.522 0.033514961 22.373121)            (-14.560007 4.3727585e-05 0.028623532)        (0.0014745461 -3.7742753e-07 0.00031513516)   (-14.558533 4.3350158e-05 0.028938667)       
liangan                   (-81.177988 -0.16112802 -3070.1436)           (1.2155642 -0.0023730379 0.10153122)          (-79.962424 -0.16350106 -3070.0421)           (-0.10500023 -0.00020841215 -3.9710985)       (0.0015722799 -3.0694222e-06 0.00013132626)   (-0.10342795 -0.00021148157 -3.9709672)      
waiyi                     (-193.30219 0.0017333993 1938.7543)           (3.8185986 0.00057962891 0.82039895)          (-189.4836 0.0023130282 1939.5747)            (-0.25002806 2.2420772e-06 2.5076951)         (0.0049391927 7.4972502e-07 0.0010611507)     (-0.24508887 2.9918023e-06 2.5087562)        
weiyi                     (44.452896 -3.7563586 570.59823)              (1.4345714 -0.0050328403 0.084663538)         (45.887467 -3.7613914 570.68289)              (0.057497905 -0.0048586879 0.73804422)        (0.0018555563 -6.5097621e-06 0.00010950864)   (0.059353461 -0.0048651977 0.73815373)       
xiaoyi                    (153.53984 0.0070021122 -367.57111)           (0.35729374 -0.00018152627 0.061186037)       (153.89714 0.006820586 -367.50993)            (0.19859717 9.0569304e-06 -0.47543739)        (0.00046214405 -2.347964e-07 7.9141503e-05)   (0.19905931 8.822134e-06 -0.47535825)        
youfuyi                   (-0.092736591 -0.66010363 19.871887)          (0.15290609 0.011243195 0.034708517)          (0.060169501 -0.64886044 19.906596)           (-0.00011995078 -0.0008538156 0.02570343)     (0.00019777744 1.4542588e-05 4.4893971e-05)   (7.7826656e-05 -0.00083927302 0.025748324)   
youweiduo                 (-0.81593539 -1.3044516 -2.2383627)           (0.13033147 -0.015984046 0.0033042511)        (-0.68560392 -1.3204357 -2.2350585)           (-0.0010553773 -0.001687252 -0.0028952257)    (0.00016857814 -2.0674674e-05 4.2739064e-06)  (-0.00088679913 -0.0017079267 -0.0028909518) 
zhongyangyi               (1026.9637 -0.0031586088 14349.7)             (2.1671581 -0.00019195838 0.38811486)         (1029.1309 -0.0033505672 14350.089)           (1.3283333 -4.0855244e-06 18.560719)          (0.0028031257 -2.482899e-07 0.00050200984)    (1.3311364 -4.3338143e-06 18.561221)         
zuofuyi                   (0.011653455 0.65374634 19.789811)            (0.15193562 -0.012008083 0.035523173)         (0.16358907 0.64173825 19.825334)             (1.5073242e-05 0.00084559271 0.025597267)     (0.00019652217 -1.5531938e-05 4.5947694e-05)  (0.00021159542 0.00083006078 0.025643215)    
zuoweiduo                 (-0.87256343 -0.81842886 1.4469172)           (0.14288355 0.008462296 0.0086579137)         (-0.72967988 -0.80996656 1.4555751)           (-0.0011286232 -0.0010586025 0.0018715251)    (0.00018481371 1.0945615e-05 1.1198638e-05)   (-0.00094380948 -0.0010476568 0.0018827237)  
------------------------- --------------------------------------------- --------------------------------------------- --------------------------------------------- --------------------------------------------- --------------------------------------------- ---------------------------------------------
Net                       (-77.185703 -5.9964656 985.26982)             (11.860101 -0.016802462 1.8235169)            (-65.325602 -6.0132681 987.09334)             (-0.099836381 -0.0077561699 1.2744041)        (0.01534053 -2.1733261e-05 0.0023586405)      (-0.084495851 -0.0077779032 1.2767627)       

Forces - Direction Vector (0.99026864 0 0.1391731)
                          Forces [N]                                      Coefficients                                   
Zone                      Pressure        Viscous         Total           Pressure        Viscous         Total          
jidi                      1133.9313       0.00055287937   1133.9319       1.4666913       7.1512564e-07   1.466692       
jishen                    7258.0186       1.1429373       7259.1615       9.3879343       0.0014783402    9.3894126      
jitou                     -11144.033      1.1628174       -11142.87       -14.414327      0.0015040542    -14.412823     
liangan                   -507.66914      1.2178649       -506.45127      -0.65664815     0.0015752557    -0.6550729     
waiyi                     78.401297       3.8956137       82.296911       0.1014087       0.0050388084    0.10644751     
weiyi                     123.43216       1.4323931       124.86456       0.15965418      0.0018527388    0.16150692     
xiaoyi                    100.88962       0.36233203      101.25195       0.13049638      0.00046866087   0.13096504     
youfuyi                   2.6737965       0.15624851      2.830045        0.0034584406    0.00020210072   0.0036605413   
youweiduo                 -1.1195145      0.12952295      -0.98999152     -0.0014480437   0.00016753236   -0.0012805114  
zhongyangyi               3014.0606       2.2000826       3016.2607       3.8985575       0.0028457121    3.9014032      
zuofuyi                   2.7657478       0.15540086      2.9211487       0.0035773756    0.00020100432   0.0037783799   
zuoweiduo                 -0.66269987     0.14269796      -0.52000191     -0.00085717372  0.00018457367   -0.00067260006 
------------------------- --------------- --------------- --------------- --------------- --------------- ---------------
Net                       60.68844        11.998464       72.686904       0.078497882     0.015519496     0.094017379    
