                                    "Force Report"

Moments - Moment Center (0 0 0.05)
                          Moments [N m]                                                                                                                             Coefficients                                                                                                                             
Zone                      Pressure                                      Viscous                                       Total                                         Pressure                                      Viscous                                       Total                                        
jidi                      (-7.0281224e-09 -22.924671 0.0075089733)      (8.7250363e-05 -0.002947281 0.0023421198)     (8.7243335e-05 -22.927619 0.0098510931)       (-2.4926169e-11 -0.081305389 2.663157e-05)    (3.0944499e-07 -1.0452923e-05 8.3066388e-06)  (3.0942007e-07 -0.081315842 3.4938209e-05)   
jishen                    (-0.016015548 -230.18461 2.4802617)           (-0.016136175 -0.071340667 0.011298326)       (-0.032151723 -230.25595 2.49156)             (-5.6801268e-05 -0.81638028 0.0087965772)     (-5.7229085e-05 -0.00025301914 4.0071011e-05) (-0.00011403035 -0.8166333 0.0088366482)     
jitou                     (-0.87260921 555.29681 8.6096325)             (-0.0092775405 0.15078743 0.10882047)         (-0.88188675 555.4476 8.7184529)              (-0.0030948243 1.9694338 0.030535204)         (-3.2904029e-05 0.00053478762 0.00038594625)  (-0.0031277284 1.9699686 0.03092115)         
liangan                   (0.093795569 650.59194 -1.6246857)            (-0.0031607354 0.13559437 0.021380887)        (0.090634834 650.72753 -1.6033048)            (0.00033265843 2.3074106 -0.0057621634)       (-1.1209968e-05 0.00048090343 7.5830152e-05)  (0.00032144846 2.3078915 -0.0056863333)      
waiyi                     (13.985888 -45.792304 -0.67053127)            (0.081628038 0.4769333 -0.073149092)          (14.067516 -45.315371 -0.74368036)            (0.049602807 -0.16240848 -0.0023781281)       (0.00028950467 0.0016915073 -0.00025943296)   (0.049892311 -0.16071698 -0.0026375611)      
weiyi                     (-9.6286451 -743.62796 -29.439383)            (0.055769389 0.23759001 -0.28059763)          (-9.5728757 -743.39037 -29.71998)             (-0.034149267 -2.6373752 -0.10441068)         (0.00019779354 0.00084264448 -0.00099517672)  (-0.033951474 -2.6365326 -0.10540585)        
xiaoyi                    (13.651881 55.75081 -0.89656909)              (0.10492564 0.03401219 -0.025978417)          (13.756807 55.784823 -0.92254751)             (0.048418209 0.19772765 -0.0031798013)        (0.00037213272 0.00012062875 -9.2135902e-05)  (0.048790341 0.19784828 -0.0032719372)       
youfuyi                   (30.428814 -4.2966028 -0.50774873)            (0.061446251 0.0078036943 -0.16577456)        (30.49026 -4.2887991 -0.67352329)             (0.10791983 -0.015238472 -0.0018007982)       (0.00021792728 2.7676837e-05 -0.00058794149)  (0.10813775 -0.015210795 -0.0023887397)      
youweiduo                 (-0.61908109 2.6779561 -1.3915348)            (0.014940582 0.017328186 -0.097451296)        (-0.6041405 2.6952843 -1.4889861)             (-0.0021956532 0.0094977265 -0.0049352628)    (5.2988757e-05 6.1456711e-05 -0.00034562395)  (-0.0021426645 0.0095591833 -0.0052808867)   
zhongyangyi               (5.0757461 -274.30137 -0.34911014)            (0.0069136413 0.28431195 -0.022529552)        (5.0826598 -274.01706 -0.3716397)             (0.018001807 -0.9728462 -0.0012381654)        (2.4520146e-05 0.00100835 -7.9904046e-05)     (0.018026327 -0.97183785 -0.0013180695)      
zuofuyi                   (-29.328449 -4.1538214 0.47397191)            (-0.05049678 0.0083799919 0.14984258)         (-29.378945 -4.1454414 0.62381449)            (-0.10401723 -0.014732079 0.0016810043)       (-0.00017909353 2.9720753e-05 0.00053143659)  (-0.10419633 -0.014702358 0.0022124409)      
zuoweiduo                 (-0.43703261 -3.5167892 -2.208326)            (0.0055641654 0.036299925 0.021990223)        (-0.43146844 -3.4804893 -2.1863357)           (-0.0015499941 -0.01247276 -0.0078321211)     (1.9734051e-05 0.0001287425 7.7991243e-05)    (-0.0015302601 -0.012344017 -0.0077541298)   
------------------------- --------------------------------------------- --------------------------------------------- --------------------------------------------- --------------------------------------------- --------------------------------------------- ---------------------------------------------
Net                       (22.334293 -64.480616 -25.516513)             (0.25220373 1.3147531 -0.34980594)            (22.586496 -63.165863 -25.866319)             (0.079211532 -0.22868906 -0.0904977)          (0.00089447399 0.0046629463 -0.0012406332)    (0.080106006 -0.22402611 -0.091738333)       

Moments - Moment Center (0 0 0.05) Moment Axis (0 1 0)
                          Moments [N m]                                   Coefficients                                   
Zone                      Pressure        Viscous         Total           Pressure        Viscous         Total          
jidi                      -22.924671      -0.002947281    -22.927619      -0.081305389    -1.0452923e-05  -0.081315842   
jishen                    -230.18461      -0.071340667    -230.25595      -0.81638028     -0.00025301914  -0.8166333     
jitou                     555.29681       0.15078743      555.4476        1.9694338       0.00053478762   1.9699686      
liangan                   650.59194       0.13559437      650.72753       2.3074106       0.00048090343   2.3078915      
waiyi                     -45.792304      0.4769333       -45.315371      -0.16240848     0.0016915073    -0.16071698    
weiyi                     -743.62796      0.23759001      -743.39037      -2.6373752      0.00084264448   -2.6365326     
xiaoyi                    55.75081        0.03401219      55.784823       0.19772765      0.00012062875   0.19784828     
youfuyi                   -4.2966028      0.0078036943    -4.2887991      -0.015238472    2.7676837e-05   -0.015210795   
youweiduo                 2.6779561       0.017328186     2.6952843       0.0094977265    6.1456711e-05   0.0095591833   
zhongyangyi               -274.30137      0.28431195      -274.01706      -0.9728462      0.00100835      -0.97183785    
zuofuyi                   -4.1538214      0.0083799919    -4.1454414      -0.014732079    2.9720753e-05   -0.014702358   
zuoweiduo                 -3.5167892      0.036299925     -3.4804893      -0.01247276     0.0001287425    -0.012344017   
------------------------- --------------- --------------- --------------- --------------- --------------- ---------------
Net                       -64.480616      1.3147531       -63.165863      -0.22868906     0.0046629463    -0.22402611    
