                                    "Force Report"

Moments - Moment Center (0 0 0.05)
                          Moments [N m]                                                                                                                             Coefficients                                                                                                                             
Zone                      Pressure                                      Viscous                                       Total                                         Pressure                                      Viscous                                       Total                                        
jidi                      (-4.641443e-10 -22.887801 0.00011970846)      (-1.0990186e-05 3.3572701e-05 -0.00012724898) (-1.099065e-05 -22.887767 -7.5405233e-06)     (-1.6461493e-12 -0.081174622 4.2456192e-07)   (-3.8978152e-08 1.1907004e-07 -4.5130539e-07) (-3.8979798e-08 -0.081174503 -2.6743467e-08) 
jishen                    (-0.0010317213 -231.73764 -0.00012585763)     (-4.7526744e-06 -0.078813267 -0.00063522298)  (-0.001036474 -231.81645 -0.00076108061)      (-3.6591366e-06 -0.82188828 -4.4637077e-07)   (-1.685599e-08 -0.00027952171 -2.2529026e-06) (-3.6759926e-06 -0.82216781 -2.6992734e-06)  
jitou                     (0.0021772214 538.43352 -0.024617517)         (1.4303193e-06 -0.039684724 2.8651168e-05)    (0.0021786517 538.39383 -0.024588866)         (7.7218045e-06 1.9096259 -8.730929e-05)       (5.0728173e-09 -0.00014074714 1.0161517e-07)  (7.7268774e-06 1.9094852 -8.7207675e-05)     
liangan                   (-0.045652955 646.14029 -0.041423112)         (-0.00068890768 0.09829463 -0.00037157651)    (-0.046341863 646.23859 -0.041794689)         (-0.00016191426 2.2916223 -0.00014691256)     (-2.4433025e-06 0.00034861495 -1.3178454e-06) (-0.00016435757 2.2919709 -0.00014823041)    
waiyi                     (-0.11332926 -47.664681 0.0041260423)         (0.00033609454 0.63955062 0.0010351923)       (-0.11299317 -47.025131 0.0051612346)         (-0.00040193727 -0.16904912 1.4633557e-05)    (1.1920039e-06 0.0022682511 3.6714468e-06)    (-0.00040074527 -0.16678087 1.8305003e-05)   
weiyi                     (-1.5092922 -643.23365 -5.1359064)            (-0.00079896594 0.55940889 -0.0043697062)     (-1.5100912 -642.67424 -5.1402761)            (-0.0053529051 -2.2813135 -0.018215174)       (-2.8336387e-06 0.0019840179 -1.5497743e-05)  (-0.0053557387 -2.2793295 -0.018230671)      
xiaoyi                    (0.0084068193 55.868552 0.00284105)           (0.00023337796 0.038983978 -0.00053131629)    (0.0086401973 55.907536 0.0023097337)         (2.98159e-05 0.19814523 1.0076161e-05)        (8.2770591e-07 0.00013826185 -1.8843837e-06)  (3.0643606e-05 0.1982835 8.1917771e-06)      
youfuyi                   (16.099733 -2.3295341 0.90711457)             (0.017045103 0.018570701 -0.21665246)         (16.116778 -2.3109634 0.69046211)             (0.057099841 -0.0082620016 0.0032172022)      (6.0452721e-05 6.5863455e-05 -0.00076838669)  (0.057160293 -0.0081961382 0.0024488155)     
youweiduo                 (-0.79630894 5.2642759 -2.8869175)            (-0.0022350291 0.055167916 -0.060780029)      (-0.79854397 5.3194438 -2.9476976)            (-0.0028242153 0.018670453 -0.010238836)      (-7.9268272e-06 0.00019566034 -0.00021556444) (-0.0028321422 0.018866113 -0.010454401)     
zhongyangyi               (-0.0062633926 -282.49242 0.001650594)        (3.1306651e-05 0.34899338 -3.764562e-05)      (-0.0062320859 -282.14343 0.0016129484)       (-2.2213953e-05 -1.0018969 5.8540508e-06)     (1.1103319e-07 0.0012377513 -1.3351519e-07)   (-2.210292e-05 -1.0006591 5.7205356e-06)     
zuofuyi                   (-16.072431 -2.3259383 -0.90936972)           (-0.017019849 0.018522659 0.21589043)         (-16.089451 -2.3074156 -0.6934793)            (-0.05700301 -0.0082492487 -0.0032252004)     (-6.0363154e-05 6.5693069e-05 0.00076568405)  (-0.057063374 -0.0081835556 -0.0024595163)   
zuoweiduo                 (-0.033327685 -0.078196056 -0.18098775)       (0.00069184852 0.051303641 0.062383232)       (-0.032635836 -0.026892415 -0.11860451)       (-0.00011820106 -0.00027733269 -0.00064189706) (2.4537326e-06 0.00018195517 0.00022125041)   (-0.00011574732 -9.5377519e-05 -0.00042064665)
------------------------- --------------------------------------------- --------------------------------------------- --------------------------------------------- --------------------------------------------- --------------------------------------------- ---------------------------------------------
Net                       (-2.4673201 12.95678 -8.263496)               (-0.0024193335 1.710332 -0.0041677011)        (-2.4697395 14.667112 -8.2676637)             (-0.0087506782 0.045952939 -0.029307585)      (-8.5804872e-06 0.0060659194 -1.4781305e-05)  (-0.0087592587 0.052018859 -0.029322366)     

Moments - Moment Center (0 0 0.05) Moment Axis (0 1 0)
                          Moments [N m]                                   Coefficients                                   
Zone                      Pressure        Viscous         Total           Pressure        Viscous         Total          
jidi                      -22.887801      3.3572701e-05   -22.887767      -0.081174622    1.1907004e-07   -0.081174503   
jishen                    -231.73764      -0.078813267    -231.81645      -0.82188828     -0.00027952171  -0.82216781    
jitou                     538.43352       -0.039684724    538.39383       1.9096259       -0.00014074714  1.9094852      
liangan                   646.14029       0.09829463      646.23859       2.2916223       0.00034861495   2.2919709      
waiyi                     -47.664681      0.63955062      -47.025131      -0.16904912     0.0022682511    -0.16678087    
weiyi                     -643.23365      0.55940889      -642.67424      -2.2813135      0.0019840179    -2.2793295     
xiaoyi                    55.868552       0.038983978     55.907536       0.19814523      0.00013826185   0.1982835      
youfuyi                   -2.3295341      0.018570701     -2.3109634      -0.0082620016   6.5863455e-05   -0.0081961382  
youweiduo                 5.2642759       0.055167916     5.3194438       0.018670453     0.00019566034   0.018866113    
zhongyangyi               -282.49242      0.34899338      -282.14343      -1.0018969      0.0012377513    -1.0006591     
zuofuyi                   -2.3259383      0.018522659     -2.3074156      -0.0082492487   6.5693069e-05   -0.0081835556  
zuoweiduo                 -0.078196056    0.051303641     -0.026892415    -0.00027733269  0.00018195517   -9.5377519e-05 
------------------------- --------------- --------------- --------------- --------------- --------------- ---------------
Net                       12.95678        1.710332        14.667112       0.045952939     0.0060659194    0.052018859    
