                                    "Force Report"

Moments - Moment Center (0 0 0.05)
                          Moments [N m]                                                                                                                             Coefficients                                                                                                                             
Zone                      Pressure                                      Viscous                                       Total                                         Pressure                                      Viscous                                       Total                                        
jidi                      (-9.6108141e-09 -22.925598 0.0066215614)      (0.00011550625 -0.0033475877 0.0032207124)    (0.00011549664 -22.928945 0.0098422738)       (-3.4086027e-11 -0.081308674 2.3484246e-05)   (4.0965823e-07 -1.1872664e-05 1.1422684e-05)  (4.0962415e-07 -0.081320547 3.490693e-05)    
jishen                    (0.039183183 -229.82065 2.6658177)            (-0.029238487 -0.065035143 0.0049771049)      (0.0099446953 -229.88568 2.6707948)           (0.00013896836 -0.81508943 0.0094546762)      (-0.00010369818 -0.00023065576 1.7651963e-05) (3.5270181e-05 -0.81532008 0.0094723281)     
jitou                     (-1.252541 550.58667 12.386132)               (-0.013972873 0.091728942 0.16128393)         (-1.2665139 550.6784 12.547416)               (-0.004442303 1.9527287 0.04392906)           (-4.9556648e-05 0.00032532886 0.00057201486)  (-0.0044918597 1.953054 0.044501074)         
liangan                   (0.82104342 651.07353 -1.9595471)             (0.014408114 0.13948647 -0.005847636)         (0.83545153 651.21302 -1.9653948)             (0.0029119394 2.3091187 -0.006949794)         (5.1100289e-05 0.00049470727 -2.0739417e-05)  (0.0029630397 2.3096134 -0.0069705334)       
waiyi                     (13.270132 -45.189548 -1.5886269)             (0.093742686 0.57308339 -0.10197601)          (13.363875 -44.616464 -1.6906029)             (0.047064284 -0.16027073 -0.005634276)        (0.00033247088 0.0020325163 -0.00036167147)   (0.047396754 -0.15823821 -0.0059959475)      
weiyi                     (-11.690354 -709.18509 -40.567377)            (0.097122108 0.34323805 -0.39507357)          (-11.593232 -708.84185 -40.962451)            (-0.041461393 -2.515219 -0.14387759)          (0.00034445644 0.0012173393 -0.0014011808)    (-0.041116936 -2.5140017 -0.14527877)        
xiaoyi                    (14.736586 55.938473 -1.197249)               (0.120269 0.037950909 -0.031890362)           (14.856855 55.976424 -1.2291394)              (0.052265258 0.19839322 -0.0042462026)        (0.00042654996 0.00013459794 -0.0001131034)   (0.052691808 0.19852781 -0.004359306)        
youfuyi                   (24.116553 -3.4689185 0.15627755)             (0.051714548 0.0099566853 -0.18034937)        (24.168267 -3.4589619 -0.024071817)           (0.085532554 -0.01230298 0.00055425907)       (0.00018341251 3.5312706e-05 -0.00063963296)  (0.085715966 -0.012267667 -8.5373892e-05)    
youweiduo                 (-0.74414526 4.3925635 -2.4090032)            (0.022102241 0.012713745 -0.12224767)         (-0.72204302 4.4052772 -2.5312508)            (-0.0026392099 0.015578809 -0.0085438494)     (7.8388532e-05 4.5090984e-05 -0.00043356757)  (-0.0025608214 0.0156239 -0.0089774169)      
zhongyangyi               (7.5631227 -275.72321 1.5530822)              (0.028676923 0.32857326 -0.0063585185)        (7.5917996 -275.39464 1.5467237)              (0.026823618 -0.97788896 0.0055082122)        (0.00010170651 0.0011653287 -2.255133e-05)    (0.026925325 -0.97672363 0.0054856609)       
zuofuyi                   (-22.62614 -3.2840324 -0.00062395955)         (-0.034401199 0.011853959 0.16601734)         (-22.660541 -3.2721784 0.16539338)            (-0.080246607 -0.011647257 -2.2129553e-06)    (-0.00012200842 4.2041639e-05 0.00058880252)  (-0.080368615 -0.011605215 0.00058658957)    
zuoweiduo                 (-0.43702252 -3.0651238 -1.9156136)           (0.012701127 0.053375655 0.0061916059)        (-0.4243214 -3.0117481 -1.909422)             (-0.0015499584 -0.010870868 -0.0067939778)    (4.5046231e-05 0.00018930384 2.1959352e-05)   (-0.0015049121 -0.010681564 -0.0067720184)   
------------------------- --------------------------------------------- --------------------------------------------- --------------------------------------------- --------------------------------------------- --------------------------------------------- ---------------------------------------------
Net                       (23.796417 -30.670935 -32.87011)              (0.36323969 1.5335783 -0.50205244)            (24.159657 -29.137357 -33.372163)             (0.084397151 -0.10877854 -0.11657821)         (0.0012882778 0.0054390391 -0.0017805956)     (0.085685428 -0.1033395 -0.1183588)          

Moments - Moment Center (0 0 0.05) Moment Axis (0 1 0)
                          Moments [N m]                                   Coefficients                                   
Zone                      Pressure        Viscous         Total           Pressure        Viscous         Total          
jidi                      -22.925598      -0.0033475877   -22.928945      -0.081308674    -1.1872664e-05  -0.081320547   
jishen                    -229.82065      -0.065035143    -229.88568      -0.81508943     -0.00023065576  -0.81532008    
jitou                     550.58667       0.091728942     550.6784        1.9527287       0.00032532886   1.953054       
liangan                   651.07353       0.13948647      651.21302       2.3091187       0.00049470727   2.3096134      
waiyi                     -45.189548      0.57308339      -44.616464      -0.16027073     0.0020325163    -0.15823821    
weiyi                     -709.18509      0.34323805      -708.84185      -2.515219       0.0012173393    -2.5140017     
xiaoyi                    55.938473       0.037950909     55.976424       0.19839322      0.00013459794   0.19852781     
youfuyi                   -3.4689185      0.0099566853    -3.4589619      -0.01230298     3.5312706e-05   -0.012267667   
youweiduo                 4.3925635       0.012713745     4.4052772       0.015578809     4.5090984e-05   0.0156239      
zhongyangyi               -275.72321      0.32857326      -275.39464      -0.97788896     0.0011653287    -0.97672363    
zuofuyi                   -3.2840324      0.011853959     -3.2721784      -0.011647257    4.2041639e-05   -0.011605215   
zuoweiduo                 -3.0651238      0.053375655     -3.0117481      -0.010870868    0.00018930384   -0.010681564   
------------------------- --------------- --------------- --------------- --------------- --------------- ---------------
Net                       -30.670935      1.5335783       -29.137357      -0.10877854     0.0054390391    -0.1033395     
