                                    "Force Report"

Forces
                          Forces [N]                                                                                                                                Coefficients                                                                                                                             
Zone                      Pressure                                      Viscous                                       Total                                         Pressure                                      Viscous                                       Total                                        
jidi                      (1143.4554 1.8161163e-07 0.00043472131)       (9.3491037e-09 0.00085662851 -0.0012805523)   (1143.4554 0.00085681013 -0.00084583097)      (1.4790103 2.3490681e-10 5.6229327e-07)       (1.2092663e-11 1.1080121e-06 -1.6563392e-06)  (1.4790103 1.108247e-06 -1.0940459e-06)      
jishen                    (9076.1264 1.0239385 -12501.385)              (1.2487533 -0.04743542 -0.098905242)          (9077.3752 0.97650311 -12501.484)             (11.739578 0.0013244204 -16.170003)           (0.0016152086 -6.1355672e-05 -0.00012792967)  (11.741194 0.0012630647 -16.170131)          
jitou                     (-11238.881 -7.1888805 -14.174907)            (1.1789487 -0.085575728 -0.12729607)          (-11237.702 -7.2744562 -14.302203)            (-14.537008 -0.0092985072 -0.018334631)       (0.0015249194 -0.00011068852 -0.00016465198)  (-14.535483 -0.0094091957 -0.018499283)      
liangan                   (-81.194333 0.022102873 -3083.7972)           (1.204997 -0.035467043 -0.10565525)           (-79.989336 -0.01336417 -3083.9029)           (-0.10502137 2.8589114e-05 -3.9887588)        (0.0015586117 -4.5875092e-05 -0.00013666052)  (-0.10346276 -1.7285978e-05 -3.9888955)      
waiyi                     (-134.05976 -0.92021362 1393.0357)            (3.5160248 -0.28776966 -0.18335289)           (-130.54374 -1.2079833 1392.8523)             (-0.17340053 -0.0011902567 1.8018316)         (0.0045478266 -0.00037221765 -0.00023715907)  (-0.1688527 -0.0015624743 1.8015944)         
weiyi                     (42.265732 -8.9146496 477.1547)               (1.4982407 -0.090140377 -0.1468775)           (43.763972 -9.00479 477.00782)                (0.054668902 -0.011530715 0.61717905)         (0.0019379098 -0.00011659269 -0.00018997972)  (0.056606812 -0.011647308 0.61698907)        
xiaoyi                    (150.68812 -0.33575523 -373.2925)             (0.3073384 -0.020600686 -0.036013746)         (150.99545 -0.35635592 -373.32851)            (0.19490859 -0.00043428492 -0.48283776)       (0.00039752898 -2.6646099e-05 -4.6582228e-05) (0.19530611 -0.00046093102 -0.48288435)      
youfuyi                   (-0.8681673 -0.29030633 8.6876785)            (0.17206405 -0.019473152 -0.0052068952)       (-0.69610325 -0.30977948 8.6824716)           (-0.001122937 -0.00037549873 0.011237138)     (0.00022255744 -2.5187682e-05 -6.7348946e-06) (-0.00090037956 -0.00040068641 0.011230403)  
youweiduo                 (-1.0741956 -0.86202265 -1.4238116)           (0.15492774 -0.011449418 -0.0075365147)       (-0.91926791 -0.87347207 -1.4313481)          (-0.0013894258 -0.0011149892 -0.0018416389)   (0.00020039235 -1.4809328e-05 -9.748157e-06)  (-0.0011890334 -0.0011297985 -0.0018513871)  
zhongyangyi               (1052.8063 -0.010569793 14034.768)            (2.1463605 -0.13454241 -0.13827927)           (1054.9526 -0.14511221 14034.629)             (1.3617596 -1.3671572e-05 18.153367)          (0.0027762248 -0.00017402481 -0.00017885827)  (1.3645358 -0.00018769639 18.153188)         
zuofuyi                   (-1.6295814 -8.1689872e-05 -0.67075711)       (0.17976384 -0.027286875 -0.030467305)        (-1.4498176 -0.027368565 -0.70122442)         (-0.0021077933 -1.0566233e-07 -0.00086759542) (0.00023251678 -3.5294396e-05 -3.9408146e-05) (-0.0018752765 -3.5400059e-05 -0.00090700357)
zuoweiduo                 (-1.0245432 0.50536682 -0.78135558)           (0.15504887 -0.014454418 -0.018605747)        (-0.86949432 0.4909124 -0.79996133)           (-0.0013252025 0.0006536702 -0.0010106498)    (0.00020054903 -1.8696167e-05 -2.4065732e-05) (-0.0011246534 0.00063497403 -0.0010347155)  
------------------------- --------------------------------------------- --------------------------------------------- --------------------------------------------- --------------------------------------------- --------------------------------------------- ---------------------------------------------
Net                       (6.6105168 -16.971071 -61.879381)             (11.762468 -0.77333856 -0.89947698)           (18.372985 -17.74441 -62.778858)              (0.0085504187 -0.021951349 -0.080038312)      (0.015214245 -0.0010002801 -0.0011634347)     (0.023764664 -0.022951629 -0.081201747)      

Forces - Direction Vector (0.99209929 -0.069756474 -0.10427384)
                          Forces [N]                                      Coefficients                                   
Zone                      Pressure        Viscous         Total           Pressure        Viscous         Total          
jidi                      1134.4212       7.3781989e-05   1134.4213       1.467325        9.5433824e-08   1.4673251      
jishen                    10307.915       1.2525094       10309.167       13.332843       0.0016200669    13.334463      
jitou                     -11148.106      1.1888773       -11146.917      -14.419595      0.0015377615    -14.418057     
liangan                   241.00499       1.2089678       242.21395       0.31172956      0.0015637477    0.31329331     
waiyi                     -278.19358      3.5274384       -274.66614      -0.35983141     0.0045625896    -0.35526882    
weiyi                     -7.2010949      1.5080069       -5.693088       -0.0093143059   0.0019505419    -0.007363764   
xiaoyi                    188.44564       0.31010254      188.75574       0.24374631      0.00040110427   0.24414741     
youfuyi                   -1.746955       0.17260595      -1.574349       -0.002259611    0.00022325835   -0.0020363527  
youweiduo                 -0.85711078     0.15528823      -0.70182255     -0.0011086359   0.00020085863   -0.00090777723 
zhongyangyi               -418.96998      2.1532069       -416.81677      -0.54191961     0.0027850803    -0.53913453    
zuofuyi                   -1.5467584      0.18342395      -1.3633345      -0.0020006654   0.00023725098   -0.0017634144  
zuoweiduo                 -0.97022623     0.15677225      -0.81345398     -0.0012549458   0.00020277815   -0.0010521677  
------------------------- --------------- --------------- --------------- --------------- --------------- ---------------
Net                       14.194532       11.817273       26.011805       0.018360015     0.015285134     0.033645149    
