                                    "Force Report"

Forces
                          Forces [N]                                                                                                                                Coefficients                                                                                                                             
Zone                      Pressure                                      Viscous                                       Total                                         Pressure                                      Viscous                                       Total                                        
jidi                      (1145.847 8.4876611e-07 0.00043561447)        (2.9946683e-08 0.0026973422 0.0048957253)     (1145.847 0.002698191 0.0053313398)           (1.4821037 1.0978424e-09 5.6344855e-07)       (3.8734744e-11 3.4888959e-06 6.3324097e-06)   (1.4821037 3.4899938e-06 6.8958582e-06)      
jishen                    (9091.1436 0.43621811 -12494.651)             (1.2135827 -0.052965543 0.098064532)          (9092.3572 0.38325256 -12494.553)             (11.759003 0.00056422932 -16.161292)          (0.0015697169 -6.8508647e-05 0.00012684225)   (11.760572 0.00049572068 -16.161166)         
jitou                     (-11262.126 -7.3323054 32.188225)             (1.1052122 -0.087178635 0.37720993)           (-11261.02 -7.419484 32.565435)               (-14.567074 -0.0094840211 0.041634082)        (0.0014295443 -0.00011276181 0.00048790479)   (-14.565645 -0.0095967829 0.042121987)       
liangan                   (-81.406167 -0.26111246 -3062.4596)           (1.3145505 -0.044495278 0.20579013)           (-80.091616 -0.30560774 -3062.2538)           (-0.10529537 -0.00033773771 -3.9611595)       (0.0017003144 -5.7552725e-05 0.00026618067)   (-0.10359505 -0.00039529044 -3.9608933)      
waiyi                     (-247.12937 -0.074982604 2002.6293)           (2.6551643 -0.23375214 0.9523134)             (-244.4742 -0.30873475 2003.5816)             (-0.31965119 -9.6986768e-05 2.5903147)        (0.0034343406 -0.00030234832 0.0012317763)    (-0.31621685 -0.00039933509 2.5915465)       
weiyi                     (37.137821 -9.5435629 611.67343)              (1.123564 -0.097243434 0.20776745)            (38.261385 -9.6408063 611.8812)               (0.048036171 -0.012344187 0.79117323)         (0.0014532816 -0.00012578019 0.00026873824)   (0.049489453 -0.012469967 0.79144196)        
xiaoyi                    (154.15403 -0.27793254 -364.99458)            (0.35543798 -0.026188223 0.10242661)          (154.50947 -0.30412077 -364.89215)            (0.1993916 -0.00035949377 -0.47210476)        (0.00045974371 -3.3873338e-05 0.00013248441)  (0.19985134 -0.00039336711 -0.47197228)      
youfuyi                   (0.42730682 -0.86638591 27.059884)            (0.14643041 -0.0025223515 0.047476819)        (0.57373723 -0.86890826 27.10736)             (0.00055270296 -0.0011206328 0.035000793)     (0.00018940142 -3.262553e-06 6.140922e-05)    (0.00074210438 -0.0011238954 0.035062203)    
youweiduo                 (-0.66474963 1.2981 2.2660564)                (0.12202749 -0.028886429 0.027476692)         (-0.54272214 1.2692136 2.2935331)             (-0.000859825 0.0016790365 0.0029310464)      (0.0001578373 -3.7363351e-05 3.5539917e-05)   (-0.0007019877 0.0016416731 0.0029665863)    
zhongyangyi               (1012.3801 -0.0081790931 14377.425)           (1.5833181 -0.056307768 0.41215544)           (1013.9634 -0.064486861 14377.837)            (1.30947 -1.0579304e-05 18.59658)             (0.0020479538 -7.2831672e-05 0.00053310529)   (1.311518 -8.3410976e-05 18.597113)          
zuofuyi                   (-1.3512207 0.56212671 21.51538)              (0.14371446 -0.055588647 0.049892073)         (-1.2075063 0.50653806 21.565272)             (-0.0017477458 0.00072708667 0.027829217)     (0.00018588846 -7.1901519e-05 6.4533246e-05)  (-0.0015618573 0.00065518516 0.02789375)     
zuoweiduo                 (-0.85526545 -1.8097165 3.0638559)            (0.1304756 -0.0014344829 0.015578961)         (-0.72478985 -1.811151 3.0794349)             (-0.001106249 -0.0023407903 0.0039629656)     (0.00016876456 -1.8554418e-06 2.0150715e-05)  (-0.00093748444 -0.0023426458 0.0039831163)  
------------------------- --------------------------------------------- --------------------------------------------- --------------------------------------------- --------------------------------------------- --------------------------------------------- ---------------------------------------------
Net                       (-152.44256 -17.877732 1155.7169)             (9.8934777 -0.68386559 2.5010478)             (-142.54908 -18.561597 1158.218)              (-0.19717788 -0.023124076 1.49487)            (0.012796787 -0.00088455067 0.0032349975)     (-0.18438109 -0.024008626 1.498105)          

Forces - Direction Vector (0.96793213 -0.069756474 0.24133259)
                          Forces [N]                                      Coefficients                                   
Zone                      Pressure        Viscous         Total           Pressure        Viscous         Total          
jidi                      1109.1022       0.00099336995   1109.1032       1.4345759       1.2848812e-06   1.4345772      
jishen                    5784.2132       1.2020266       5785.4152       7.4816305       0.0015547696    7.4831853      
jitou                     -10892.694      1.1668847       -10891.527      -14.08923       0.0015093151    -14.087721     
liangan                   -817.84871      1.3251634       -816.52355      -1.0578521      0.0017140417    -1.056138      
waiyi                     244.10049       2.8161488       246.91663       0.31573346      0.0036425671    0.31937603     
weiyi                     184.22935       1.1444581       185.3738        0.23829272      0.0014803072    0.23977303     
xiaoyi                    61.144942       0.37058552      61.515527       0.079088347     0.0004793364    0.079567683    
youfuyi                   7.0044717       0.15336835      7.1578401       0.0090599823    0.00019837535   0.0092583577   
youweiduo                 -0.18711014     0.12676036      -0.060349782    -0.00024201891  0.00016395907   -7.8059842e-05 
zhongyangyi               4449.657        1.6359389       4451.293        5.7554396       0.0021160164    5.7575556      
zuofuyi                   3.8452603       0.15502409      4.0002844       0.0049736785    0.00020051698   0.0051741955   
zuoweiduo                 0.037808809     0.1301513       0.16796011      4.8904066e-05   0.0001683451    0.00021724916  
------------------------- --------------- --------------- --------------- --------------- --------------- ---------------
Net                       132.60519       10.227503       142.83269       0.1715191       0.013228835     0.18474794     
