                                    "Force Report"

Forces
                          Forces [N]                                                                                                                                Coefficients                                                                                                                             
Zone                      Pressure                                      Viscous                                       Total                                         Pressure                                      Viscous                                       Total                                        
jidi                      (1144.7184 1.0338642e-06 0.00043670612)       (9.3439317e-09 -0.0020577721 -0.0049811757)   (1144.7184 -0.0020567382 -0.0045444696)       (1.480644 1.3372588e-09 5.6486055e-07)        (1.2085973e-11 -2.6616395e-06 -6.4429361e-06) (1.480644 -2.6603023e-06 -5.8780756e-06)     
jishen                    (9079.8234 0.27202308 -12514.278)             (1.2919554 -0.15803314 -0.1380413)            (9081.1154 0.11398995 -12514.416)             (11.74436 0.00035185014 -16.186679)           (0.0016710887 -0.00020440905 -0.00017855047)  (11.746031 0.00014744109 -16.186858)         
jitou                     (-11242.65 -19.837942 -14.334834)             (1.1450991 -0.25091427 -0.1243316)            (-11241.505 -20.088856 -14.459165)            (-14.541883 -0.025659523 -0.01854149)         (0.0014811363 -0.00032454679 -0.00016081757)  (-14.540402 -0.025984069 -0.018702307)       
liangan                   (-81.169164 -2.3822571 -3086.1538)            (1.2620809 -0.18486851 -0.12904096)           (-79.907083 -2.5671256 -3086.2828)            (-0.10498882 -0.0030813469 -3.9918069)        (0.0016324473 -0.00023911945 -0.00016690892)  (-0.10335637 -0.0033204664 -3.9919738)       
waiyi                     (-134.66447 -1.4068159 1389.4845)             (3.3727339 -0.8312615 -0.18251509)            (-131.29173 -2.2380774 1389.302)              (-0.17418268 -0.0018196557 1.7972384)         (0.004362486 -0.0010752009 -0.0002360754)     (-0.1698202 -0.0028948566 1.7970023)         
weiyi                     (39.026748 -28.625733 480.77694)              (1.3789285 -0.27667777 -0.12300202)           (40.405677 -28.90241 480.65394)               (0.050479417 -0.037026152 0.62186425)         (0.0017835846 -0.00035787078 -0.00015909781)  (0.052263002 -0.037384022 0.62170515)        
xiaoyi                    (150.73198 -1.2560428 -373.9015)              (0.31520589 -0.063273051 -0.04127159)         (151.04719 -1.3193159 -373.94278)             (0.19496532 -0.0016246373 -0.48362548)        (0.00040770524 -8.1840965e-05 -5.3383023e-05) (0.19537303 -0.0017064782 -0.48367887)       
youfuyi                   (-0.86152082 -0.22854905 8.3671511)           (0.17342235 -0.070798534 -0.0072934383)       (-0.68809848 -0.29934758 8.3598577)           (-0.0011143401 -0.00029561834 0.010822549)    (0.00022431433 -9.1574853e-05 -9.4337482e-06) (-0.00089002573 -0.0003871932 0.010813116)   
youweiduo                 (-1.1099885 -1.2381012 -2.1465877)            (0.14516389 -0.038553255 0.0026548061)        (-0.96482457 -1.2766545 -2.1439329)           (-0.0014357222 -0.0016014306 -0.0027765186)   (0.00018776324 -4.9866974e-05 3.4338773e-06)  (-0.001247959 -0.0016512975 -0.0027730848)   
zhongyangyi               (1055.446 -0.043253455 14030.208)             (1.9926245 -0.37393231 -0.10507876)           (1057.4387 -0.41718576 14030.103)             (1.365174 -5.594648e-05 18.14747)             (0.0025773739 -0.00048366533 -0.00013591485)  (1.3677513 -0.00053961181 18.147334)         
zuofuyi                   (-1.6309416 -0.0068215546 -1.1347189)         (0.1803323 -0.071194251 -0.03066867)          (-1.4506093 -0.078015806 -1.1653876)          (-0.0021095527 -8.8233869e-06 -0.00146771)    (0.00023325207 -9.2086696e-05 -3.9668603e-05) (-0.0018763007 -0.00010091008 -0.0015073786) 
zuoweiduo                 (-0.95586686 0.094426643 -0.047092617)        (0.15216465 -0.042501098 -0.030111782)        (-0.8037022 0.051925545 -0.077204398)         (-0.0012363726 0.00012213679 -6.091227e-05)   (0.00019681842 -5.4973338e-05 -3.8948292e-05) (-0.0010395542 6.7163455e-05 -9.9860563e-05) 
------------------------- --------------------------------------------- --------------------------------------------- --------------------------------------------- --------------------------------------------- --------------------------------------------- ---------------------------------------------
Net                       (6.7048296 -54.659065 -83.159314)             (11.409711 -2.3640655 -0.91368157)            (18.114541 -57.02313 -84.072995)              (0.0086724082 -0.070699145 -0.10756299)       (0.01475797 -0.0030578168 -0.0011818077)      (0.023430378 -0.073756961 -0.1087448)        

Forces - Direction Vector (0.97278921 -0.20791169 -0.10224427)
                          Forces [N]                                      Coefficients                                   
Zone                      Pressure        Viscous         Total           Pressure        Viscous         Total          
jidi                      1113.5697       0.00093714062   1113.5706       1.4403544       1.212151e-06    1.4403556      
jishen                    10112.211       1.3037712       10113.515       13.079709       0.0016863718    13.081395      
jitou                     -10931.138      1.1788202       -10929.959      -14.138956      0.0015247532    -14.137431     
liangan                   237.07634       1.2793687       238.35571       0.30664803      0.0016548083    0.30830284     
waiyi                     -272.77447      3.4724493       -269.30202      -0.35282202     0.0044914635    -0.34833056    
weiyi                     -5.2402612      1.4115076       -3.8287536      -0.0067780521   0.0018257242    -0.0049523278  
xiaoyi                    185.12088       0.32400388      185.44488       0.23944588      0.00041908506   0.23986496     
youfuyi                   -1.6460534      0.18416894      -1.4618844      -0.0021290991   0.00023821459   -0.0018908845  
youweiduo                 -0.60289279     0.1489581       -0.4539347      -0.00077981585  0.00019267088   -0.00058714497 
zhongyangyi               -407.77283      2.0268922       -405.74593      -0.52743658     0.0026216977    -0.52481488    
zuofuyi                   -1.4691256      0.19336313      -1.2757625      -0.0019002507   0.00025010688   -0.0016501438  
zuoweiduo                 -0.94467441     0.15993937      -0.78473505     -0.0012218956   0.00020687468   -0.001015021   
------------------------- --------------- --------------- --------------- --------------- --------------- ---------------
Net                       26.389207       11.68418        38.073387       0.034133303     0.015112983     0.049246285    
