                                    "Force Report"

Forces
                          Forces [N]                                                                                                                                Coefficients                                                                                                                             
Zone                      Pressure                                      Viscous                                       Total                                         Pressure                                      Viscous                                       Total                                        
jidi                      (1146.1908 2.1431862e-07 0.00043605933)       (2.2241925e-08 0.0053045025 0.005760406)      (1146.1908 0.0053047168 0.0061964653)         (1.4825485 2.7721189e-10 5.6402395e-07)       (2.8768972e-11 6.8611454e-06 7.450837e-06)    (1.4825485 6.8614226e-06 8.0148609e-06)      
jishen                    (9090.7566 0.28863633 -12504.044)             (1.1958851 -0.17172346 -0.013398822)          (9091.9525 0.11691287 -12504.057)             (11.758502 0.00037333865 -16.173442)          (0.0015468258 -0.0002221169 -1.7330799e-05)   (11.760049 0.00015122176 -16.173459)         
jitou                     (-11261.22 -19.752062 20.661192)              (1.1100996 -0.25411009 0.23780293)            (-11260.11 -20.006172 20.898995)              (-14.565903 -0.025548441 0.026724362)         (0.001435866 -0.00032868045 0.00030758784)    (-14.564467 -0.025877121 0.02703195)         
liangan                   (-81.086883 -2.8286323 -3070.4162)            (1.1879996 -0.19822553 0.12659744)            (-79.898883 -3.0268579 -3070.2896)            (-0.10488239 -0.003658714 -3.971451)          (0.0015366262 -0.00025639618 0.00016374833)   (-0.10334576 -0.0039151102 -3.9712872)       
waiyi                     (-190.10706 -0.45735575 1906.0059)            (3.7337189 -0.7708765 0.78532424)             (-186.37334 -1.2282322 1906.7913)             (-0.24589528 -0.00059156995 2.4653366)        (0.0048294045 -0.00099709553 0.0010157831)    (-0.24106588 -0.0015886655 2.4663523)        
weiyi                     (41.400458 -27.292992 569.60752)              (1.382214 -0.28163391 0.064850897)            (42.782672 -27.574626 569.67237)              (0.053549708 -0.035302309 0.73676278)         (0.0017878342 -0.00036428132 8.388184e-05)    (0.055337543 -0.03566659 0.73684666)         
xiaoyi                    (152.88337 -1.7368948 -368.53217)             (0.34257471 -0.068330873 0.046649271)         (153.22594 -1.8052257 -368.48552)             (0.19774805 -0.0022465986 -0.47668048)        (0.00044310563 -8.8383039e-05 6.0338822e-05)  (0.19819115 -0.0023349816 -0.47662014)       
youfuyi                   (-0.18715067 -0.84113874 19.972827)           (0.13700933 -0.066250538 0.037923793)         (-0.050141339 -0.90738928 20.010751)          (-0.00024207132 -0.0010879767 0.025833991)    (0.00017721566 -8.5692216e-05 4.9052792e-05)  (-6.4855661e-05 -0.0011736689 0.025883044)   
youweiduo                 (-0.84936177 0.13138639 0.27861731)           (0.14441897 -0.047037529 0.022808174)         (-0.7049428 0.084348863 0.30142548)           (-0.0010986128 0.00016994264 0.00036037948)   (0.00018679972 -6.0841017e-05 2.9501391e-05)  (-0.00091181313 0.00010910162 0.00038988088) 
zhongyangyi               (1031.3275 -0.013405615 14345.735)            (2.1741262 -0.25429015 0.33435072)            (1033.5017 -0.26769577 14346.069)             (1.3339777 -1.7339585e-05 18.55559)           (0.0028121386 -0.00032891336 0.00043246825)   (1.3367899 -0.00034625294 18.556023)         
zuofuyi                   (-1.6220489 0.54610034 12.282409)             (0.15523637 -0.073400504 0.029050733)         (-1.4668125 0.47269983 12.31146)              (-0.0020980503 0.00070635725 0.015886767)     (0.00020079156 -9.4940389e-05 3.7575871e-05)  (-0.0018972588 0.00061141687 0.015924343)    
zuoweiduo                 (-0.9043056 -1.2323239 2.1619489)             (0.1400979 -0.0336135 -0.0093092444)          (-0.7642077 -1.2659374 2.1526397)             (-0.0011696803 -0.0015939579 0.0027963877)    (0.0001812106 -4.3477614e-05 -1.2041107e-05)  (-0.00098846973 -0.0016374355 0.0027843466)  
------------------------- --------------------------------------------- --------------------------------------------- --------------------------------------------- --------------------------------------------- --------------------------------------------- ---------------------------------------------
Net                       (-73.41808 -53.188682 933.71373)              (11.703381 -2.2141881 1.6684105)              (-61.7147 -55.40287 935.38214)                (-0.094963123 -0.068797268 1.2077185)         (0.015137818 -0.0028639569 0.0021580171)      (-0.079825305 -0.071661225 1.2098765)        

Forces - Direction Vector (0.96862834 -0.20791169 0.13613184)
                          Forces [N]                                      Coefficients                                   
Zone                      Pressure        Viscous         Total           Pressure        Viscous         Total          
jidi                      1110.233        -0.0003186719   1110.2327       1.4360385       -4.1218837e-07  1.4360381      
jishen                    7103.306        1.1922475       7104.4983       9.1878203       0.0015421207    9.1893624      
jitou                     -10901.018      1.1604789       -10899.857      -14.099996      0.0015010295    -14.098495     
liangan                   -495.93633      1.2091774       -494.72716      -0.64147227     0.0015640188    -0.63990826    
waiyi                     75.420095       3.8837678       79.303863       0.097552643     0.0050234862    0.10257613     
weiyi                     123.31791       1.4062349       124.72414       0.1595064       0.0018189042    0.1613253      
xiaoyi                    98.279322       0.35238481      98.631707       0.12712007      0.00045579457   0.12757586     
youfuyi                   2.7125407       0.15164801      2.8641888       0.0035085546    0.00019615017   0.0037047047   
youweiduo                 -0.81210396     0.15277288      -0.65933108     -0.0010504215   0.00019760514   -0.00085281634 
zhongyangyi               2951.8871       2.2043059       2954.0914       3.8181388       0.0028511747    3.8209899      
zuofuyi                   -0.012676202    0.1695819       0.1569057       -1.6396121e-05  0.00021934688   0.00020295076  
zuoweiduo                 -0.32541141     0.14142415      -0.18398726     -0.00042090564  0.00018292605   -0.00023797959 
------------------------- --------------- --------------- --------------- --------------- --------------- ---------------
Net                       67.05188        12.023705       79.075585       0.086728717     0.015552145     0.10228086     
