                                    "Force Report"

Forces
                          Forces [N]                                                                                                                                Coefficients                                                                                                                             
Zone                      Pressure                                      Viscous                                       Total                                         Pressure                                      Viscous                                       Total                                        
jidi                      (1144.5672 -9.8900679e-08 0.00043545556)      (9.314054e-09 0.0018015559 -0.00056839188)    (1144.5672 0.001801457 -0.00013293632)        (1.4804484 -1.2792377e-10 5.63243e-07)        (1.2047327e-11 2.3302349e-06 -7.3519041e-07)  (1.4804484 2.330107e-06 -1.719474e-07)       
jishen                    (9081.1379 0.69675507 -12501.646)             (1.1676013 -0.063753805 -0.039539805)         (9082.3055 0.63300126 -12501.686)             (11.746061 0.00090122266 -16.17034)           (0.001510242 -8.24628e-05 -5.1143034e-05)     (11.747571 0.00081875986 -16.170392)         
jitou                     (-11246.716 -7.00985 1.7765862)               (1.1670558 -0.085467822 0.03644765)           (-11245.549 -7.0953178 1.8130338)             (-14.547142 -0.0090669389 0.0022979376)       (0.0015095364 -0.00011054894 4.7143464e-05)   (-14.545633 -0.0091774879 0.0023450811)      
liangan                   (-81.092765 -0.26481269 -3077.7383)           (1.0608749 -0.046293212 -0.0082634832)        (-80.03189 -0.3111059 -3077.7465)             (-0.10489 -0.00034252381 -3.9809218)          (0.0013721959 -5.9878275e-05 -1.0688459e-05)  (-0.1035178 -0.00040240208 -3.9809325)       
waiyi                     (-132.94352 -0.65486386 1646.7974)            (4.3186521 -0.26031624 0.24381634)            (-128.62486 -0.9151801 1647.0412)             (-0.17195671 -0.00084703819 2.1300615)        (0.0055859904 -0.00033670784 0.00031536592)   (-0.16637072 -0.001183746 2.1303769)         
weiyi                     (46.27486 -8.6625645 517.30037)               (1.576075 -0.093091658 -0.058622292)          (47.850936 -8.7556561 517.24175)              (0.059854538 -0.011204654 0.66910573)         (0.0020385852 -0.00012041005 -7.5825408e-05)  (0.061893123 -0.011325064 0.66902991)        
xiaoyi                    (151.69002 -0.21032285 -370.89016)            (0.31704381 -0.019714875 0.00136989)          (152.00706 -0.23003773 -370.88879)            (0.1962045 -0.00027204354 -0.47973044)        (0.00041008251 -2.5500342e-05 1.7718936e-06)  (0.19661459 -0.00029754389 -0.47972867)      
youfuyi                   (-0.80737721 -0.47060899 13.420155)           (0.1787815 -0.023227557 0.014192757)          (-0.62859571 -0.49383654 13.434348)           (-0.0010443076 -0.00060871244 0.017358393)    (0.00023124617 -3.0043844e-05 1.835772e-05)   (-0.00081306146 -0.00063875629 0.01737675)   
youweiduo                 (-0.97447161 -0.24389942 -0.37557782)         (0.15496777 -0.016847854 0.0014816866)        (-0.81950385 -0.26074727 -0.37409614)         (-0.001260437 -0.00031547338 -0.00048579373)  (0.00020044413 -2.1791973e-05 1.9164978e-06)  (-0.0010599929 -0.00033726536 -0.00048387723)
zhongyangyi               (1055.8949 -0.010978242 14192.252)            (2.540734 -0.11446321 0.083074588)            (1058.4357 -0.12544145 14192.335)             (1.3657546 -1.4199884e-05 18.357067)          (0.00328633 -0.00014805323 0.0001074534)      (1.3690409 -0.00016225311 18.357174)         
zuofuyi                   (-1.5950573 0.15672061 4.4690009)             (0.19765143 -0.022295882 -0.0042566887)       (-1.3974059 0.13442473 4.4647443)             (-0.0020631379 0.00020271135 0.0057804601)    (0.00025565361 -2.8838763e-05 -5.5058434e-06) (-0.0018074843 0.00017387259 0.0057749543)   
zuoweiduo                 (-0.95958591 -0.10026785 0.23370085)          (0.1551529 -0.010827608 -0.010739991)         (-0.80443301 -0.11109546 0.22296086)          (-0.001241183 -0.00012969214 0.00030228198)   (0.00020068359 -1.4005044e-05 -1.3891715e-05) (-0.0010404994 -0.00014369719 0.00028839026) 
------------------------- --------------------------------------------- --------------------------------------------- --------------------------------------------- --------------------------------------------- --------------------------------------------- ---------------------------------------------
Net                       (14.476368 -16.774693 425.5997)               (12.834591 -0.75449817 0.25839226)            (27.310959 -17.529191 425.85809)              (0.018724558 -0.021697342 0.55049487)         (0.01660099 -0.00097591087 0.00033421925)     (0.035325548 -0.022673253 0.55082909)        

Forces - Direction Vector (0.99756405 -0.069756474 0)
                          Forces [N]                                      Coefficients                                   
Zone                      Pressure        Viscous         Total           Pressure        Viscous         Total          
jidi                      1141.7791       -0.0001256609   1141.779        1.4768421       -1.6253695e-07  1.4768419      
jishen                    9058.9681       1.1692043       9060.1373       11.717385       0.0015123154    11.718897      
jitou                     -11218.83       1.1701749       -11217.66       -14.511074      0.0015135708    -14.50956      
liangan                   -80.876755      1.0615199       -79.815235      -0.1046106      0.0013730302    -0.10323757    
waiyi                     -132.57399      4.3262909       -128.2477       -0.17147874     0.0055958708    -0.16588287    
weiyi                     46.766407       1.5787296       48.345137       0.060490332     0.0020420186    0.062532351    
xiaoyi                    151.33518       0.31764675      151.65283       0.19574554      0.00041086238   0.1961564      
youfuyi                   -0.77258245     0.17996627      -0.59261618     -0.00099930211  0.00023277862   -0.00076652349 
youweiduo                 -0.95508429     0.15576552      -0.79931877     -0.0012353604   0.00020147599   -0.0010338844  
zhongyangyi               1053.3236       2.5425295       1055.8661       1.3624287       0.0032886523    1.3657173      
zuofuyi                   -1.6021041      0.19872525      -1.4033789      -0.0020722527   0.00025704254   -0.0018152101  
zuoweiduo                 -0.95025408     0.15553025      -0.79472383     -0.0012291127   0.00020117168   -0.001027941   
------------------------- --------------- --------------- --------------- --------------- --------------- ---------------
Net                       15.611248       12.855957       28.467205       0.020192476     0.016628627     0.036821103    
