                                    "Force Report"

Moments - Moment Center (0 0 0.05)
                          Moments [N m]                                                                                                                             Coefficients                                                                                                                             
Zone                      Pressure                                      Viscous                                       Total                                         Pressure                                      Viscous                                       Total                                        
jidi                      (-1.2123509e-08 -22.920132 0.0061451028)      (1.3970375e-05 -0.00099446994 0.00077232643)  (1.3958251e-05 -22.921126 0.0069174292)       (-4.2997634e-11 -0.081289289 2.1794422e-05)   (4.9547787e-08 -3.5270196e-06 2.7391582e-06)  (4.950479e-08 -0.081292816 2.4533581e-05)    
jishen                    (0.06158359 -229.39671 1.6636151)             (-0.020767187 -0.061458837 0.0036272875)      (0.040816404 -229.45817 1.6672424)            (0.00021841438 -0.81358587 0.0059002316)      (-7.3653584e-05 -0.00021797192 1.2864656e-05) (0.00014476079 -0.81380385 0.0059130963)     
jitou                     (-0.85106804 550.79445 8.398283)              (-0.0092359436 0.09270905 0.10758048)         (-0.86030398 550.88716 8.5058635)             (-0.0030184257 1.9534656 0.029785625)         (-3.2756499e-05 0.00032880495 0.00038154845)  (-0.0030511822 1.9537944 0.030167173)        
liangan                   (1.2944013 649.86715 -1.3403839)              (0.018411933 0.13543713 -0.020379243)         (1.3128133 650.00259 -1.3607632)              (0.004590766 2.3048401 -0.0047538495)         (6.5300363e-05 0.00048034574 -7.227769e-05)   (0.0046560664 2.3053204 -0.0048261272)       
waiyi                     (34.940566 -44.788777 1.57726)                (0.08713898 0.58001946 -0.044355541)          (35.027705 -44.208758 1.5329044)              (0.12392135 -0.15884934 0.0055939618)         (0.00030904996 0.002057116 -0.00015731281)    (0.1242304 -0.15679223 0.005436649)          
weiyi                     (-7.5932078 -721.73026 -24.79551)             (0.056056247 0.33410323 -0.25163625)          (-7.5371516 -721.39615 -25.047147)            (-0.026930319 -2.5597121 -0.087940568)        (0.00019881092 0.0011849415 -0.00089246137)   (-0.026731508 -2.5585272 -0.088833029)       
xiaoyi                    (10.537957 55.90031 -0.58120326)              (0.090973486 0.037372044 -0.023151583)        (10.62893 55.937682 -0.60435485)              (0.037374261 0.19825787 -0.0020613145)        (0.00032264954 0.00013254491 -8.2110161e-05)  (0.037696911 0.19839041 -0.0021434247)       
youfuyi                   (24.655874 -3.5705084 0.17512317)             (0.050634386 0.0096999748 -0.17599209)        (24.706509 -3.5608084 -0.00086891809)         (0.08744533 -0.012663282 0.00062109755)       (0.00017958157 3.4402248e-05 -0.00062417929)  (0.087624912 -0.01262888 -3.0817333e-06)     
youweiduo                 (0.048675229 -1.1108553 0.77539101)           (0.01465796 0.020869144 -0.097818944)         (0.063333189 -1.0899861 0.67757207)           (0.00017263316 -0.0039397956 0.0027500271)    (5.1986401e-05 7.4015187e-05 -0.00034692787)  (0.00022461956 -0.0038657804 0.0024030992)   
zhongyangyi               (8.6626807 -275.0362 1.1720721)               (0.018186018 0.33147732 -0.012471355)         (8.6808667 -274.70472 1.1596007)              (0.030723347 -0.97545236 0.0041569091)        (6.4499126e-05 0.0011756283 -4.4231314e-05)   (0.030787846 -0.97427673 0.0041126778)       
zuofuyi                   (-15.114433 -2.3785904 -1.8753389)            (-0.031520853 0.012385345 0.16456151)         (-15.145954 -2.366205 -1.7107774)             (-0.053605341 -0.0084359864 -0.0066511382)    (-0.00011179289 4.392627e-05 0.00058363923)   (-0.053717134 -0.0083920601 -0.006067499)    
zuoweiduo                 (-0.36532749 -2.9082934 -1.8337901)           (0.0069720702 0.045847137 0.024588361)        (-0.35835542 -2.8624463 -1.8092017)           (-0.0012956824 -0.010314648 -0.0065037798)    (2.4727372e-05 0.00016260296 8.7205887e-05)   (-0.001270955 -0.010152046 -0.0064165739)    
------------------------- --------------------------------------------- --------------------------------------------- --------------------------------------------- --------------------------------------------- --------------------------------------------- ---------------------------------------------
Net                       (56.277702 -47.278409 -16.658337)             (0.28152107 1.5374665 -0.32467504)            (56.559223 -45.740943 -16.983012)             (0.19959634 -0.16767915 -0.059081003)         (0.00099845182 0.005452829 -0.0011515031)     (0.20059479 -0.16222632 -0.060232506)        

Moments - Moment Center (0 0 0.05) Moment Axis (0 1 0)
                          Moments [N m]                                   Coefficients                                   
Zone                      Pressure        Viscous         Total           Pressure        Viscous         Total          
jidi                      -22.920132      -0.00099446994  -22.921126      -0.081289289    -3.5270196e-06  -0.081292816   
jishen                    -229.39671      -0.061458837    -229.45817      -0.81358587     -0.00021797192  -0.81380385    
jitou                     550.79445       0.09270905      550.88716       1.9534656       0.00032880495   1.9537944      
liangan                   649.86715       0.13543713      650.00259       2.3048401       0.00048034574   2.3053204      
waiyi                     -44.788777      0.58001946      -44.208758      -0.15884934     0.002057116     -0.15679223    
weiyi                     -721.73026      0.33410323      -721.39615      -2.5597121      0.0011849415    -2.5585272     
xiaoyi                    55.90031        0.037372044     55.937682       0.19825787      0.00013254491   0.19839041     
youfuyi                   -3.5705084      0.0096999748    -3.5608084      -0.012663282    3.4402248e-05   -0.01262888    
youweiduo                 -1.1108553      0.020869144     -1.0899861      -0.0039397956   7.4015187e-05   -0.0038657804  
zhongyangyi               -275.0362       0.33147732      -274.70472      -0.97545236     0.0011756283    -0.97427673    
zuofuyi                   -2.3785904      0.012385345     -2.366205       -0.0084359864   4.392627e-05    -0.0083920601  
zuoweiduo                 -2.9082934      0.045847137     -2.8624463      -0.010314648    0.00016260296   -0.010152046   
------------------------- --------------- --------------- --------------- --------------- --------------- ---------------
Net                       -47.278409      1.5374665       -45.740943      -0.16767915     0.005452829     -0.16222632    
