                                    "Force Report"

Moments - Moment Center (0 0 0.05)
                          Moments [N m]                                                                                                                             Coefficients                                                                                                                             
Zone                      Pressure                                      Viscous                                       Total                                         Pressure                                      Viscous                                       Total                                        
jidi                      (-5.194846e-09 -22.878433 0.0023306831)       (-2.8567594e-05 0.00054301201 -0.00013016095) (-2.8572789e-05 -22.87789 0.0022005221)       (-1.8424211e-11 -0.0811414 8.2660768e-06)     (-1.0131876e-07 1.9258641e-06 -4.6163307e-07) (-1.0133719e-07 -0.081139474 7.8044437e-06)  
jishen                    (0.21041418 -232.83089 1.5248453)             (-0.014276004 -0.091354256 -0.0058663302)     (0.19613818 -232.92225 1.518979)              (0.00074626181 -0.82576565 0.0054080662)      (-5.0631744e-05 -0.00032399999 -2.0805719e-05) (0.00069563007 -0.82608965 0.0053872605)     
jitou                     (-0.4537558 531.60176 4.4503438)              (-0.0048669142 -0.11212571 0.054488237)       (-0.45862272 531.48963 4.504832)              (-0.0016093052 1.8853962 0.015783735)         (-1.7261157e-05 -0.0003976687 0.00019324976)  (-0.0016265663 1.8849985 0.015976985)        
liangan                   (0.71692443 645.32824 0.093437668)            (0.0091704982 0.11765659 0.0074723937)        (0.72609493 645.4459 0.10091006)              (0.0025426676 2.2887422 0.00033138909)        (3.2524389e-05 0.0004172847 2.6501836e-05)    (0.002575192 2.2891595 0.00035789092)        
waiyi                     (35.812667 -52.405676 -3.1612331)             (0.065678048 0.54528579 -0.062518445)         (35.878345 -51.86039 -3.2237516)              (0.12701437 -0.18586368 -0.011211733)         (0.00023293591 0.0019339284 -0.00022172996)   (0.12724731 -0.18392976 -0.011433463)        
weiyi                     (-3.2020992 -621.34777 -10.166963)            (0.032214046 0.60588586 -0.098524735)         (-3.1698852 -620.74189 -10.265488)            (-0.01135667 -2.2036923 -0.036058485)         (0.00011425139 0.0021488546 -0.00034943105)   (-0.011242418 -2.2015435 -0.036407916)       
xiaoyi                    (0.49218351 55.872885 -0.32880533)            (0.011948872 0.041099371 -0.013987385)        (0.50413238 55.913984 -0.34279271)            (0.0017455941 0.1981606 -0.0011661517)        (4.2378259e-05 0.00014576437 -4.9608116e-05)  (0.0017879724 0.19830636 -0.0012157598)      
youfuyi                   (12.47863 -1.8228633 1.0043116)               (0.0026341763 0.021450062 -0.22733834)        (12.481264 -1.8014132 0.7769733)              (0.044257117 -0.0064650265 0.0035619245)      (9.3424557e-06 7.607549e-05 -0.0008062856)    (0.044266459 -0.006388951 0.0027556389)      
youweiduo                 (-0.14103507 1.1754324 -0.53056782)           (0.0023838914 0.050370772 -0.076078012)       (-0.13865117 1.2258032 -0.60664583)           (-0.00050019957 0.004168827 -0.0018817292)    (8.4547872e-06 0.00017864663 -0.00026982077)  (-0.00049174479 0.0043474736 -0.0021515499)  
zhongyangyi               (5.7238429 -290.17075 -0.4750508)             (0.022512842 0.30032514 -0.015274029)         (5.7463558 -289.87043 -0.49032483)            (0.020300368 -1.0291291 -0.0016848307)        (7.9844781e-05 0.001065143 -5.417137e-05)     (0.020380213 -1.0280639 -0.0017390021)       
zuofuyi                   (-0.95507669 -0.42381598 -1.9842815)          (0.028388076 0.025668255 0.22619913)          (-0.92668861 -0.39814772 -1.7580824)          (-0.0033873062 -0.0015031196 -0.0070375178)   (0.00010068208 9.1035874e-05 0.00080224523)   (-0.0032866241 -0.0014120837 -0.0062352726)  
zuoweiduo                 (-0.010040299 0.3128583 0.059989549)          (0.0093223601 0.066278589 0.039039116)        (-0.00071793936 0.37913689 0.099028664)       (-3.5609254e-05 0.0011095935 0.00021276089)   (3.3062987e-05 0.00023506581 0.0001384574)    (-2.5462672e-06 0.0013446593 0.0003512183)   
------------------------- --------------------------------------------- --------------------------------------------- --------------------------------------------- --------------------------------------------- --------------------------------------------- ---------------------------------------------
Net                       (50.672655 12.41097 -9.5116434)               (0.16508132 1.5710835 -0.17251856)            (50.837736 13.982053 -9.684162)               (0.17971729 0.044017152 -0.033734306)         (0.00058548282 0.005572056 -0.00061185998)    (0.18030278 0.049589208 -0.034346166)        

Moments - Moment Center (0 0 0.05) Moment Axis (0 1 0)
                          Moments [N m]                                   Coefficients                                   
Zone                      Pressure        Viscous         Total           Pressure        Viscous         Total          
jidi                      -22.878433      0.00054301201   -22.87789       -0.0811414      1.9258641e-06   -0.081139474   
jishen                    -232.83089      -0.091354256    -232.92225      -0.82576565     -0.00032399999  -0.82608965    
jitou                     531.60176       -0.11212571     531.48963       1.8853962       -0.0003976687   1.8849985      
liangan                   645.32824       0.11765659      645.4459        2.2887422       0.0004172847    2.2891595      
waiyi                     -52.405676      0.54528579      -51.86039       -0.18586368     0.0019339284    -0.18392976    
weiyi                     -621.34777      0.60588586      -620.74189      -2.2036923      0.0021488546    -2.2015435     
xiaoyi                    55.872885       0.041099371     55.913984       0.1981606       0.00014576437   0.19830636     
youfuyi                   -1.8228633      0.021450062     -1.8014132      -0.0064650265   7.607549e-05    -0.006388951   
youweiduo                 1.1754324       0.050370772     1.2258032       0.004168827     0.00017864663   0.0043474736   
zhongyangyi               -290.17075      0.30032514      -289.87043      -1.0291291      0.001065143     -1.0280639     
zuofuyi                   -0.42381598     0.025668255     -0.39814772     -0.0015031196   9.1035874e-05   -0.0014120837  
zuoweiduo                 0.3128583       0.066278589     0.37913689      0.0011095935    0.00023506581   0.0013446593   
------------------------- --------------- --------------- --------------- --------------- --------------- ---------------
Net                       12.41097        1.5710835       13.982053       0.044017152     0.005572056     0.049589208    
