                                    "Force Report"

Forces
                          Forces [N]                                                                                                                                Coefficients                                                                                                                             
Zone                      Pressure                                      Viscous                                       Total                                         Pressure                                      Viscous                                       Total                                        
jidi                      (1146.0499 3.6002268e-07 0.00043625757)       (3.5326768e-08 0.0042231338 0.0053916728)     (1146.0499 0.0042234938 0.0058279304)         (1.4823662 4.6567383e-10 5.6428037e-07)       (4.5693652e-11 5.4624415e-06 6.9738965e-06)   (1.4823662 5.4629072e-06 7.5381768e-06)      
jishen                    (9091.5899 -0.030085713 -12497.335)           (1.1912199 -0.10653871 0.056395015)           (9092.7811 -0.13662442 -12497.279)            (11.75958 -3.8914574e-05 -16.164765)          (0.0015407917 -0.00013780323 7.2944522e-05)   (11.761121 -0.0001767178 -16.164692)         
jitou                     (-11262.14 -13.790662 28.527384)              (1.1052187 -0.17068284 0.33248906)            (-11261.034 -13.961344 28.859873)             (-14.567092 -0.017837626 0.036898942)         (0.0014295527 -0.0002207709 0.00043006027)    (-14.565663 -0.018058397 0.037329002)        
liangan                   (-81.191938 -0.72133763 -3062.827)            (1.3171287 -0.083524151 0.20818471)           (-79.87481 -0.80486178 -3062.6188)            (-0.10501827 -0.00093301914 -3.9616347)       (0.0017036492 -0.00010803489 0.00026927795)   (-0.10331462 -0.001041054 -3.9613654)        
waiyi                     (-230.9426 -0.1338679 1996.7134)              (3.0010704 -0.49351314 0.95622943)            (-227.94153 -0.62738104 1997.6697)            (-0.2987143 -0.00017315236 2.5826628)         (0.0038817552 -0.00063833798 0.0012368416)    (-0.29483254 -0.00081149034 2.5838996)       
weiyi                     (37.105556 -22.643029 609.55776)              (1.2767311 -0.18542602 0.15927521)            (38.382287 -22.828455 609.71704)              (0.047994438 -0.029287783 0.7884367)          (0.0016513966 -0.00023984056 0.00020601562)   (0.049645834 -0.029527623 0.78864271)        
xiaoyi                    (153.76221 -1.1675764 -366.00011)             (0.35416665 -0.050102733 0.083867851)         (154.11638 -1.2176791 -365.91624)             (0.19888479 -0.0015102098 -0.47340537)        (0.0004580993 -6.4805726e-05 0.00010847945)   (0.19934289 -0.0015750155 -0.47329689)       
youfuyi                   (0.26718293 -0.99191702 25.730043)            (0.12961462 -0.0422569 0.049764979)           (0.39679755 -1.0341739 25.779808)             (0.0003455896 -0.0012830019 0.033280702)      (0.00016765093 -5.4657479e-05 6.4368855e-05)  (0.00051324053 -0.0013376594 0.033345071)    
youweiduo                 (-0.8222559 0.90480132 1.6217958)             (0.14137233 -0.02596527 0.019438072)          (-0.68088357 0.87883605 1.6412339)            (-0.0010635526 0.0011703215 0.002097723)      (0.00018285902 -3.3584957e-05 2.5142308e-05)  (-0.00088069355 0.0011367366 0.0021228653)   
zhongyangyi               (1020.789 0.027231812 14383.248)              (1.779992 -0.14910178 0.40302777)             (1022.569 -0.12186997 14383.651)              (1.3203466 3.5223176e-05 18.604111)           (0.0023023429 -0.00019285673 0.00052129906)   (1.322649 -0.00015763355 18.604632)          
zuofuyi                   (0.31480808 0.86991117 24.439176)             (0.13986013 -0.072381019 0.04770637)          (0.45466822 0.79753015 24.486882)             (0.00040719069 0.0011251926 0.031611021)      (0.00018090306 -9.3621729e-05 6.1706134e-05)  (0.00058809374 0.0010315709 0.031672727)     
zuoweiduo                 (0.86659532 -4.9896915 8.4497749)             (0.11411392 -0.031231143 0.0060799568)        (0.98070924 -5.0209226 8.4558549)             (0.0011209037 -0.0064539509 0.01092942)       (0.00014760143 -4.0396137e-05 7.8641621e-06)  (0.0012685051 -0.0064943471 0.010937284)     
------------------------- --------------------------------------------- --------------------------------------------- --------------------------------------------- --------------------------------------------- --------------------------------------------- ---------------------------------------------
Net                       (-124.35125 -42.666222 1152.1251)             (10.550488 -1.4065006 2.3278501)              (-113.80076 -44.072723 1154.4529)             (-0.16084299 -0.05518692 1.4902241)           (0.013646602 -0.0018192479 0.0030109738)      (-0.14719638 -0.057006168 1.4932351)         

Forces - Direction Vector (0.96862834 -0.1391731 0.20588831)
                          Forces [N]                                      Coefficients                                   
Zone                      Pressure        Viscous         Total           Pressure        Viscous         Total          
jidi                      1110.0965       0.00052237      1110.097        1.435862        6.7566308e-07   1.4358627      
jishen                    6233.3205       1.1802878       6234.5008       8.0625315       0.0015266514    8.0640581      
jitou                     -10901.035      1.1627562       -10899.872      -14.100019      0.001503975     -14.098515     
liangan                   -709.14469      1.3302953       -707.81439      -0.9172481      0.0017206797    -0.91552742    
waiyi                     187.42104       3.172482        190.59352       0.24242104      0.0041034688    0.24652451     
weiyi                     164.59361       1.2952771       165.88889       0.21289474      0.0016753851    0.21457013     
xiaoyi                    73.745786       0.36729621      74.113082       0.095386997     0.00047508183   0.095862078    
youfuyi                   5.6943641       0.14167545      5.8360396       0.0073654146    0.00018325109   0.0075486657   
youweiduo                 -0.58847557     0.14455298      -0.44392258     -0.00076116779  0.00018697306   -0.00057419473 
zhongyangyi               3950.1039       1.8278803       3951.9318       5.1092892       0.0023642845    5.1116535      
zuofuyi                   5.2156043       0.15536816      5.3709725       0.0067461595    0.00020096202   0.0069471215   
zuoweiduo                 3.2735495       0.1161323       3.3896818       0.0042341952    0.00015021213   0.0043844073   
------------------------- --------------- --------------- --------------- --------------- --------------- ---------------
Net                       122.69692       10.894526       133.59145       0.15870318      0.0140916       0.17279478     
