                                    "Force Report"

Forces
                          Forces [N]                                                                                                                                Coefficients                                                                                                                             
Zone                      Pressure                                      Viscous                                       Total                                         Pressure                                      Viscous                                       Total                                        
jidi                      (1145.2556 -1.5305258e-07 0.00043551104)      (4.3901711e-09 -0.0023197126 -0.00018142892)  (1145.2556 -0.0023198656 0.00025408211)       (1.4813388 -1.9796692e-10 5.6331476e-07)      (5.6784972e-12 -3.0004483e-06 -2.346705e-07)  (1.4813388 -3.0006462e-06 3.2864427e-07)     
jishen                    (9086.8498 1.3509798 -12501.555)              (1.1640494 -0.11588351 -0.0019359492)         (9088.0138 1.2350963 -12501.557)              (11.753449 0.0017474341 -16.170223)           (0.0015056477 -0.00014989033 -2.5040668e-06)  (11.754954 0.0015975438 -16.170226)          
jitou                     (-11257.032 -13.294387 17.494262)             (1.1366463 -0.16875559 0.19560224)            (-11255.896 -13.463142 17.689864)             (-14.560486 -0.017195716 0.022628074)         (0.0014702031 -0.00021827809 0.00025300307)   (-14.559016 -0.017413994 0.022881077)        
liangan                   (-81.009457 -1.9787089 -3071.3072)            (1.1307476 -0.13360662 0.10436725)            (-79.87871 -2.1123155 -3071.2028)             (-0.10478224 -0.0025593747 -3.9726035)        (0.0014625733 -0.00017281441 0.00013499454)   (-0.10331967 -0.0027321891 -3.9724685)       
waiyi                     (-174.28116 -0.20065235 1888.6322)            (4.1043163 -0.53012587 0.71217842)            (-170.17685 -0.73077823 1889.3444)            (-0.22542517 -0.00025953517 2.4428643)        (0.0053087562 -0.00068569497 0.00092117209)   (-0.22011642 -0.00094523015 2.4437855)       
weiyi                     (43.678517 -24.879222 575.06774)              (1.3743809 -0.19269819 0.050819131)           (45.052898 -25.07192 575.11856)               (0.056496279 -0.032180202 0.74382534)         (0.0017777025 -0.0002492468 6.5732356e-05)    (0.058273982 -0.032429448 0.74389108)        
xiaoyi                    (152.86583 -1.0253698 -368.85103)             (0.3426401 -0.045406239 0.039054734)          (153.20847 -1.070776 -368.81197)              (0.19772536 -0.0013262716 -0.47709291)        (0.0004431902 -5.8731014e-05 5.0515615e-05)   (0.19816855 -0.0013850026 -0.47704239)       
youfuyi                   (-0.59767868 -0.81211837 18.585844)           (0.14737725 -0.047192617 0.034427316)         (-0.45030143 -0.85931099 18.620271)           (-0.00077307161 -0.0010504401 0.024039988)    (0.00019062612 -6.1041617e-05 4.453025e-05)   (-0.00058244549 -0.0011114817 0.024084519)   
youweiduo                 (-0.88499218 0.2852278 0.55716547)            (0.14964573 -0.031119015 0.015122817)         (-0.73534644 0.25410878 0.57228828)           (-0.0011446992 0.00036892987 0.00072066952)   (0.00019356031 -4.0251105e-05 1.9560712e-05)  (-0.00095113894 0.00032867876 0.00074023023) 
zhongyangyi               (1035.5944 0.0066048081 14331.886)            (2.3614925 -0.1925589 0.31498775)             (1037.9558 -0.1859541 14332.201)              (1.3394967 8.5430346e-06 18.537677)           (0.0030544888 -0.00024906665 0.00040742308)   (1.3425512 -0.00024052361 18.538084)         
zuofuyi                   (-0.35382245 0.77043201 17.827315)            (0.15806374 -0.048546085 0.031593081)         (-0.1957587 0.72188593 17.858908)             (-0.00045765409 0.00099652061 0.023058863)    (0.00020444864 -6.2792269e-05 4.0864289e-05)  (-0.00025320545 0.00093372834 0.023099728)   
zuoweiduo                 (1.0008817 -4.9323405 8.4885529)              (0.10987263 -0.031032697 0.005185025)         (1.1107543 -4.9633732 8.4937379)              (0.0012945973 -0.0063797699 0.010979577)      (0.00014211551 -4.0139456e-05 6.7066064e-06)  (0.0014367128 -0.0064199094 0.010986284)     
------------------------- --------------------------------------------- --------------------------------------------- --------------------------------------------- --------------------------------------------- --------------------------------------------- ---------------------------------------------
Net                       (-48.914329 -44.709554 916.82593)             (12.179233 -1.5392451 1.5012204)              (-36.735097 -46.248799 918.32715)             (-0.063268577 -0.057829882 1.1858748)         (0.015753312 -0.0019909472 0.0019417639)      (-0.047515265 -0.059820829 1.1878166)        

Forces - Direction Vector (0.98484328 -0.1391731 0.1035112)
                          Forces [N]                                      Coefficients                                   
Zone                      Pressure        Viscous         Total           Pressure        Viscous         Total          
jidi                      1127.8973       0.00030406599   1127.8976       1.4588866       3.9329626e-07   1.458887       
jishen                    7654.8839       1.1623337       7656.0462       9.9012624       0.0015034285    9.9027659      
jitou                     -11082.751      1.1631518       -11081.588      -14.335061      0.0015044867    -14.333557     
liangan                   -397.42093      1.1430068       -396.27792      -0.51404684     0.0014784301    -0.51256841    
waiyi                     23.882876       4.189606        28.072482       0.030891471     0.0054190748    0.036310546    
weiyi                     106.00496       1.3856286       107.39059       0.13711285      0.0017922508    0.1389051      
xiaoyi                    112.51137       0.34780873      112.85918       0.14552861      0.0004498756    0.14597849     
youfuyi                   1.4482482       0.15527505      1.6035233       0.0018732467    0.00020084159   0.0020740882   
youweiduo                 -0.85360177     0.15327391      -0.70032786     -0.0011040971   0.00019825319   -0.00090584391 
zhongyangyi               2503.4079       2.3851038       2505.793        3.2380503       0.003085029     3.2411353      
zuofuyi                   1.3896437       0.16569456      1.5553382       0.0017974442    0.00021431877   0.002011763    
zuoweiduo                 2.550821        0.11306295      2.6638839       0.003299377     0.00014624205   0.0034456191   
------------------------- --------------- --------------- --------------- --------------- --------------- ---------------
Net                       52.95117        12.36425        65.31542        0.068490057     0.015992624     0.084482681    
