                                    "Force Report"

Forces
                          Forces [N]                                                                                                                                Coefficients                                                                                                                             
Zone                      Pressure                                      Viscous                                       Total                                         Pressure                                      Viscous                                       Total                                        
jidi                      (1146.1015 4.3890257e-07 0.00043612754)       (2.7529786e-08 0.005023602 0.0061919338)      (1146.1015 0.0050240409 0.0066280613)         (1.4824329 5.6770157e-10 5.6411218e-07)       (3.5608592e-11 6.4978128e-06 8.0089995e-06)   (1.4824329 6.4983805e-06 8.5731117e-06)      
jishen                    (9092.265 -2.5834254 -12502.951)              (1.2002896 -0.16769926 0.0038286081)          (9093.4653 -2.7511247 -12502.947)             (11.760453 -0.0033415495 -16.172029)          (0.0015525229 -0.00021691176 4.9521396e-06)   (11.762005 -0.0035584612 -16.172024)         
jitou                     (-11263.706 -19.852025 24.773208)             (1.0980239 -0.2545467 0.28421865)             (-11262.608 -20.106572 25.057427)             (-14.569118 -0.025677739 0.032043077)         (0.0014202466 -0.00032924518 0.00036762458)   (-14.567698 -0.026006984 0.032410702)        
liangan                   (-81.105133 -3.4965051 -3066.3753)            (1.2770861 -0.20039784 0.18324667)            (-79.828047 -3.6969029 -3066.1921)            (-0.10490599 -0.0045225787 -3.9662244)        (0.0016518559 -0.00025920597 0.00023702167)   (-0.10325414 -0.0047817847 -3.9659873)       
waiyi                     (-209.1261 -0.34129444 1956.6716)             (3.3366038 -0.74677876 0.88358214)            (-205.7895 -1.0880732 1957.5552)              (-0.2704956 -0.00044144965 2.5308704)         (0.0043157533 -0.00096592614 0.0011428754)    (-0.26617985 -0.0014073758 2.5320133)        
weiyi                     (38.489753 -30.815541 595.65148)              (1.3267427 -0.2917611 0.11849989)             (39.816495 -31.107302 595.76998)              (0.049784836 -0.039858575 0.77044953)         (0.0017160845 -0.00037738042 0.00015327451)   (0.051500921 -0.040235955 0.7706028)         
xiaoyi                    (153.18754 -1.9300806 -367.58204)             (0.34564772 -0.070599921 0.061384937)         (153.53319 -2.0006805 -367.52065)             (0.19814149 -0.0024964761 -0.47545152)        (0.00044708043 -9.1317955e-05 7.9398771e-05)  (0.19858857 -0.002587794 -0.47537212)        
youfuyi                   (-0.14040599 -0.97020855 23.937177)           (0.12747491 -0.075606197 0.047129902)         (-0.012931078 -1.0458147 23.984307)           (-0.00018160909 -0.0012549229 0.030961707)    (0.0001648833 -9.7793357e-05 6.0960498e-05)   (-1.6725792e-05 -0.0013527163 0.031022668)   
youweiduo                 (-0.82138814 0.50966352 0.95238001)           (0.14294288 -0.042250022 0.023445633)         (-0.67844526 0.4674135 0.97582564)            (-0.0010624302 0.0006592278 0.0012318625)     (0.00018489046 -5.4648583e-05 3.0325916e-05)  (-0.00087753971 0.00060457922 0.0012621884)  
zhongyangyi               (1026.055 0.022691035 14374.46)               (1.9741765 -0.22310526 0.36882503)            (1028.0292 -0.20041422 14374.829)             (1.3271579 2.9349876e-05 18.592745)           (0.0025535123 -0.00028857704 0.00047705929)   (1.3297114 -0.00025922716 18.593222)         
zuofuyi                   (0.083905194 0.87881092 21.653794)            (0.14556328 -0.087791417 0.042016201)         (0.22946847 0.7910195 21.69581)               (0.00010852775 0.0011367041 0.028008249)      (0.00018827983 -0.00011355442 5.4346145e-05)  (0.00029680758 0.0010231496 0.028062595)     
zuoweiduo                 (0.81711071 -4.8686447 8.3290114)             (0.11553695 -0.042690434 -0.0011420158)       (0.93264765 -4.9113352 8.3278694)             (0.0010568975 -0.0062973822 0.010773217)      (0.00014944206 -5.5218236e-05 -1.4771482e-06) (0.0012063395 -0.0063526004 0.01077174)      
------------------------- --------------------------------------------- --------------------------------------------- --------------------------------------------- --------------------------------------------- --------------------------------------------- ---------------------------------------------
Net                       (-97.89938 -63.446559 1069.5208)              (11.090088 -2.1982033 2.0212276)              (-86.809291 -65.644763 1071.542)              (-0.12662863 -0.08206539 1.383379)            (0.014344552 -0.0028432812 0.0026143708)      (-0.11228408 -0.084908672 1.3859934)         

Forces - Direction Vector (0.96328734 -0.20791169 0.16985355)
                          Forces [N]                                      Coefficients                                   
Zone                      Pressure        Viscous         Total           Pressure        Viscous         Total          
jidi                      1104.0251       7.2828417e-06   1104.0251       1.4280089       9.4200419e-09   1.4280089      
jishen                    6635.3303       1.1917407       6636.522        8.5825138       0.0015414653    8.5840552      
jitou                     -10841.85       1.1589113       -10840.691      -14.023466      0.0014990018    -14.021967     
liangan                   -598.23531      1.3029911       -596.93232      -0.7737916      0.0016853628    -0.77210624    
waiyi                     130.97005       3.5194518       134.4895        0.16940411      0.0045522593    0.17395637     
weiyi                     144.65712       1.3588226       146.01594       0.18710775      0.0017575785    0.18886533     
xiaoyi                    85.529796       0.35806307      85.887859       0.1106291       0.00046313915   0.11109224     
youfuyi                   4.1322809       0.14651956      4.2788004       0.0053449272    0.00018951674   0.005534444    
youweiduo                 -0.73543268     0.15046167      -0.58497101     -0.00095125048  0.00019461568   -0.0007566348  
zhongyangyi               3429.9341       2.0107317       3431.9449       4.436472        0.0026007948    4.4390728      
zuofuyi                   3.5760834       0.16560873      3.7416921       0.0046255098    0.00021420775   0.0048397175   
zuoweiduo                 3.2140727       0.11997714      3.3340498       0.0041572645    0.00015518527   0.0043124498   
------------------------- --------------- --------------- --------------- --------------- --------------- ---------------
Net                       100.54795       11.483287       112.03123       0.13005444      0.014853136     0.14490757     
