                                    "Force Report"

Forces
                          Forces [N]                                                                                                                                Coefficients                                                                                                                             
Zone                      Pressure                                      Viscous                                       Total                                         Pressure                                      Viscous                                       Total                                        
jidi                      (1145.8485 1.7160485e-08 0.0004363802)        (2.7126796e-08 0.0031523259 0.0028847424)     (1145.8485 0.003152343 0.0033211226)          (1.4821056 2.2196348e-11 5.6443898e-07)       (3.5087342e-11 4.0773977e-06 3.73129e-06)     (1.4821056 4.0774199e-06 4.295729e-06)       
jishen                    (9090.1235 0.473932 -12498.184)               (1.1878147 -0.10368861 0.037717986)           (9091.3113 0.37024339 -12498.147)             (11.757683 0.00061301062 -16.165863)          (0.0015363871 -0.00013411676 4.878659e-05)    (11.759219 0.00047889386 -16.165814)         
jitou                     (-11261.131 -13.276129 25.639881)             (1.1197864 -0.16923282 0.28994629)            (-11260.011 -13.445362 25.929827)             (-14.565787 -0.017172101 0.033164081)         (0.0014483955 -0.00021889536 0.00037503303)   (-14.564339 -0.017390996 0.033539114)        
liangan                   (-81.058168 -1.1102982 -3065.8001)            (1.2715025 -0.10600582 0.17790595)            (-79.786665 -1.216304 -3065.6222)             (-0.10484525 -0.0014361228 -3.9654803)        (0.0016446337 -0.00013711396 0.00023011368)   (-0.10320061 -0.0015732368 -3.9652502)       
waiyi                     (-210.18953 -0.12267437 1965.9861)            (3.3809225 -0.50352064 0.89676698)            (-206.80861 -0.62619501 1966.8829)            (-0.2718711 -0.00015867402 2.5429184)         (0.0043730776 -0.00065128225 0.0011599294)    (-0.26749802 -0.00080995627 2.5440783)       
weiyi                     (39.536604 -24.512605 601.4574)               (1.3609478 -0.18770597 0.1223592)             (40.897551 -24.700311 601.57976)              (0.051138893 -0.031705998 0.77795923)         (0.0017603273 -0.00024278959 0.00015826636)   (0.05289922 -0.031948788 0.7781175)          
xiaoyi                    (153.52789 -1.1645802 -367.02099)             (0.35612813 -0.048774792 0.068705657)         (153.88402 -1.213355 -366.95228)              (0.19858171 -0.0015063343 -0.47472583)        (0.00046063639 -6.3088091e-05 8.8867807e-05)  (0.19904234 -0.0015694224 -0.47463696)       
youfuyi                   (-0.094629038 -1.029243 24.570828)            (0.12881839 -0.042962539 0.048398562)         (0.034189356 -1.0722055 24.619226)            (-0.00012239858 -0.0013312814 0.031781307)    (0.00016662104 -5.5570192e-05 6.2601454e-05)  (4.4222459e-05 -0.0013868516 0.031843908)    
youweiduo                 (-0.85569532 0.66436014 1.2126697)            (0.14619236 -0.02728269 0.017432668)          (-0.70950296 0.63707745 1.2301023)            (-0.001106805 0.00085932121 0.001568536)      (0.00018909351 -3.5288984e-05 2.2548405e-05)  (-0.0009177115 0.00082403223 0.0015910844)   
zhongyangyi               (1021.4111 0.023893263 14371.697)             (2.0092648 -0.16119398 0.39647571)            (1023.4204 -0.13730071 14372.093)             (1.3211512 3.0904906e-05 18.58917)            (0.0025988974 -0.00020849746 0.00051282424)   (1.3237501 -0.00017759256 18.589683)         
zuofuyi                   (0.10658578 0.79079871 22.136431)             (0.14445299 -0.065839397 0.042915309)         (0.25103877 0.72495932 22.179347)             (0.00013786411 0.0010228641 0.02863252)       (0.00018684372 -8.5160422e-05 5.5509102e-05)  (0.00032470783 0.00093770363 0.028688029)    
zuoweiduo                 (0.97043926 -5.112783 8.7189193)              (0.11575789 -0.030728898 0.0066006994)        (1.0861971 -5.1435119 8.72552)                (0.0012552214 -0.0066131644 0.011277546)      (0.00014972784 -3.9746505e-05 8.5377203e-06)  (0.0014049492 -0.006652911 0.011286084)      
------------------------- --------------------------------------------- --------------------------------------------- --------------------------------------------- --------------------------------------------- --------------------------------------------- ---------------------------------------------
Net                       (-101.80409 -44.375329 1090.4137)             (11.221588 -1.4437838 2.1081098)              (-90.582501 -45.819113 1092.5218)             (-0.1316792 -0.057397576 1.4104032)           (0.014514641 -0.0018674722 0.0027267491)      (-0.11716456 -0.059265048 1.4131299)         

Forces - Direction Vector (0.97522367 -0.1391731 0.17195825)
                          Forces [N]                                      Coefficients                                   
Zone                      Pressure        Viscous         Total           Pressure        Viscous         Total          
jidi                      1117.4586       5.7362735e-05   1117.4587       1.4453846       7.4196225e-08   1.4453847      
jishen                    6715.6718       1.1793016       6716.8511       8.6864321       0.0015253758    8.6879574      
jitou                     -10975.865      1.1654535       -10974.699      -14.196808      0.0015074639    -14.1953       
liangan                   -606.08493      1.2853449       -604.79958      -0.78394474     0.0016625382    -0.7822822     
waiyi                     133.1028        3.5214387       136.62423       0.17216273      0.0045548292    0.17671756     
weiyi                     145.39409       1.3743928       146.76848       0.18806099      0.0017777178    0.1898387      
xiaoyi                    86.773824       0.36590723      87.139731       0.1122382       0.00047328523   0.11271149     
youfuyi                   4.2761149       0.13992851      4.4160434       0.0055309703    0.0001809915    0.0057119618   
youweiduo                 -0.71842684     0.14936495      -0.56906188     -0.00092925415  0.00019319713   -0.00073605702 
zhongyangyi               3467.4327       2.0500937       3469.4828       4.4849747       0.0026517079    4.4876265      
zuofuyi                   3.800429        0.15741669      3.9578457       0.0049156911    0.00020361171   0.0051193028   
zuoweiduo                 3.1572473       0.11830151      3.2755488       0.0040837633    0.00015301791   0.0042367812   
------------------------- --------------- --------------- --------------- --------------- --------------- ---------------
Net                       94.399726       11.507001       105.90673       0.12210198      0.01488381      0.13698579     
