                                    "Force Report"

Forces
                          Forces [N]                                                                                                                                Coefficients                                                                                                                             
Zone                      Pressure                                      Viscous                                       Total                                         Pressure                                      Viscous                                       Total                                        
jidi                      (1145.2334 -1.2080557e-07 0.00043562608)      (2.4037339e-08 0.0015227605 0.003443377)      (1145.2334 0.0015226396 0.0038790031)         (1.4813101 -1.562568e-10 5.6346356e-07)       (3.1091262e-11 1.969625e-06 4.4538598e-06)    (1.4813101 1.9694688e-06 5.0173233e-06)      
jishen                    (9086.5327 0.77478755 -12497.885)             (1.1485591 -0.053528607 0.034434505)          (9087.6813 0.72125895 -12497.85)              (11.753039 0.0010021543 -16.165475)           (0.0014856117 -6.9236947e-05 4.4539548e-05)   (11.754524 0.00093291737 -16.165431)         
jitou                     (-11257.578 -6.648686 22.234662)              (1.139223 -0.084600083 0.24538632)            (-11256.439 -6.7332861 22.480049)             (-14.561192 -0.0085997889 0.028759578)        (0.0014735359 -0.00010942656 0.00031739664)   (-14.559719 -0.0087092154 0.029076974)       
liangan                   (-81.050891 -0.41736955 -3068.9846)           (1.1876501 -0.040616249 0.12889875)           (-79.863241 -0.4579858 -3068.8557)            (-0.10483583 -0.00053984953 -3.9695994)       (0.0015361742 -5.2535368e-05 0.00016672498)   (-0.10329966 -0.0005923849 -3.9694326)       
waiyi                     (-193.88555 -0.071122952 1943.3816)           (3.8102736 -0.25669526 0.8256648)             (-190.07527 -0.32781822 1944.2073)            (-0.2507826 -9.1994473e-05 2.5136803)         (0.0049284247 -0.00033202426 0.0010679618)    (-0.24585417 -0.00042401874 2.5147483)       
weiyi                     (42.793532 -15.205363 592.92707)              (1.3608403 -0.088026547 0.098420291)          (44.154372 -15.293389 593.02549)              (0.05535159 -0.019667482 0.76692562)          (0.0017601883 -0.00011385854 0.0001273024)    (0.057111778 -0.01978134 0.76705292)         
xiaoyi                    (153.4675 -0.51906497 -367.63772)             (0.35441741 -0.024368583 0.058767223)         (153.82192 -0.54343355 -367.57896)            (0.1985036 -0.00067138817 -0.47552355)        (0.00045842364 -3.1519712e-05 7.601287e-05)   (0.19896203 -0.00070290788 -0.47544754)      
youfuyi                   (-0.2548455 -0.79114925 20.961009)            (0.14725048 -0.015385062 0.038398067)         (-0.10759502 -0.80653431 20.999407)           (-0.00032963167 -0.0010233175 0.027112162)    (0.00019046214 -1.9899915e-05 4.9666245e-05)  (-0.00013916953 -0.0010432174 0.027161829)   
youweiduo                 (-0.8854623 0.77613963 1.4015922)             (0.14736292 -0.017108769 0.012404784)         (-0.73809938 0.75903086 1.413997)             (-0.0011453073 0.0010039032 0.0018128991)     (0.00019060758 -2.2129455e-05 1.6045054e-05)  (-0.00095469974 0.00098177371 0.0018289442)  
zhongyangyi               (1026.2669 0.024050363 14353.703)             (2.1622633 -0.076586654 0.38614487)           (1028.4291 -0.052536291 14354.089)            (1.327432 3.1108108e-05 18.565896)            (0.0027967944 -9.9061536e-05 0.00049946175)   (1.3302288 -6.7953428e-05 18.566395)         
zuofuyi                   (-0.010027354 0.68656036 19.561761)           (0.1511166 -0.033994712 0.0360388)            (0.14108925 0.65256565 19.5978)               (-1.2969951e-05 0.00088803624 0.025302295)    (0.00019546281 -4.3970696e-05 4.6614635e-05)  (0.00018249286 0.00084406555 0.02534891)     
zuoweiduo                 (0.94497441 -4.8448892 8.2971444)             (0.10786919 -0.014125491 0.015179537)         (1.0528436 -4.8590147 8.3123239)              (0.0012222837 -0.0062666554 0.010731999)      (0.00013952415 -1.8270714e-05 1.9634077e-05)  (0.0013618078 -0.0062849262 0.010751633)     
------------------------- --------------------------------------------- --------------------------------------------- --------------------------------------------- --------------------------------------------- --------------------------------------------- ---------------------------------------------
Net                       (-78.425863 -26.236107 1027.9611)             (11.716826 -0.70351326 1.8831813)             (-66.709037 -26.93962 1029.8443)              (-0.10144047 -0.033935274 1.3296234)          (0.01515521 -0.00090996409 0.0024358139)      (-0.086285265 -0.034845238 1.3320593)        

Forces - Direction Vector (0.98785583 -0.069756474 0.13883408)
                          Forces [N]                                      Coefficients                                   
Zone                      Pressure        Viscous         Total           Pressure        Viscous         Total          
jidi                      1131.3255       0.00037185943   1131.3259       1.4633208       4.8098415e-07   1.4633213      
jishen                    7240.9979       1.1431254       7242.141        9.3659188       0.0014785835    9.3673973      
jitou                     -11117.313      1.1653575       -11116.148      -14.379766      0.0015073397    -14.378258     
liangan                   -506.11714      1.1939558       -504.92319      -0.65464071     0.0015443304    -0.65309638    
waiyi                     78.281595       3.8965375       82.178132       0.10125387      0.0050400034    0.10629387     
weiyi                     125.653         1.3641186       127.01712       0.16252674      0.0017644286    0.16429117     
xiaoyi                    100.59933       0.35997206      100.9593        0.1301209       0.00046560835   0.13058651     
youfuyi                   2.7135397       0.15186641      2.8654061       0.0035098466    0.00019643265   0.0037062793   
youweiduo                 -0.73426109     0.14848897      -0.58577212     -0.00094973508  0.00019206408   -0.00075767099 
zhongyangyi               3006.5852       2.1949569       3008.7801       3.8888884       0.0028390821    3.8917275      
zuofuyi                   2.6580416       0.15665618      2.8146978       0.0034380622    0.00020262802   0.0036406902   
zuoweiduo                 2.4233873       0.10965199      2.5330393       0.003134547     0.00014183012   0.0032763771   
------------------------- --------------- --------------- --------------- --------------- --------------- ---------------
Net                       67.072734       11.885059       78.957793       0.086755691     0.015372812     0.1021285      
