                                    "Force Report"

Forces
                          Forces [N]                                                                                                                                Coefficients                                                                                                                             
Zone                      Pressure                                      Viscous                                       Total                                         Pressure                                      Viscous                                       Total                                        
jidi                      (1144.2442 7.6509068e-07 0.00043520269)       (2.8011983e-09 -0.0030398236 -0.00051492485)  (1144.2442 -0.0030390585 -7.9722164e-05)      (1.4800305 9.8961183e-10 5.6291592e-07)       (3.6232293e-12 -3.9318808e-06 -6.660331e-07)  (1.4800305 -3.9308912e-06 -1.0311718e-07)    
jishen                    (9081.3218 2.8705469 -12511.006)              (1.2780539 -0.16542203 -0.10862877)           (9082.5998 2.7051249 -12511.114)              (11.746298 0.0037129287 -16.182447)           (0.0016531076 -0.00021396627 -0.00014050663)  (11.747951 0.0034989625 -16.182587)          
jitou                     (-11245.623 -20.641174 -8.4799561)            (1.1487436 -0.25406393 -0.066130649)          (-11244.474 -20.895238 -8.5460867)            (-14.545728 -0.026698469 -0.010968458)        (0.0014858503 -0.00032862074 -8.5537144e-05)  (-14.544242 -0.027027089 -0.011053995)       
liangan                   (-81.101296 -2.5433175 -3083.7334)            (1.2462843 -0.19115106 -0.087345479)          (-79.855012 -2.7344686 -3083.8208)            (-0.10490103 -0.0032896716 -3.9886763)        (0.001612015 -0.00024724566 -0.00011297761)   (-0.10328902 -0.0035369172 -3.9887893)       
waiyi                     (-127.57858 -0.58101262 1499.3497)            (3.774777 -0.80338128 -0.025227123)           (-123.80381 -1.3843939 1499.3245)             (-0.1650174 -0.00075151479 1.9393442)         (0.0048825114 -0.0010391391 -3.2630196e-05)   (-0.16013489 -0.0017906539 1.9393116)        
weiyi                     (41.382883 -35.173045 510.72334)              (1.3715293 -0.29102838 -0.083794851)          (42.754412 -35.464074 510.63954)              (0.053526976 -0.045494819 0.66059863)         (0.0017740141 -0.00037643267 -0.00010838503)  (0.05530099 -0.045871251 0.66049024)         
xiaoyi                    (150.9915 -1.1832687 -373.19131)              (0.31153687 -0.062075272 -0.029307031)        (151.30304 -1.2453439 -373.22061)             (0.195301 -0.001530507 -0.48270687)           (0.00040295952 -8.0291689e-05 -3.7907382e-05) (0.19570396 -0.0016107987 -0.48274478)       
youfuyi                   (-0.85883002 -0.32435881 10.466137)           (0.18547229 -0.076507595 -0.0010199508)       (-0.67335773 -0.4008664 10.465117)            (-0.0011108596 -0.00041954414 0.013537497)    (0.00023990042 -9.8959277e-05 -1.3192624e-06) (-0.0008709592 -0.00051850341 0.013536178)   
youweiduo                 (-1.0350048 -0.92241912 -1.6016976)           (0.14994323 -0.040733396 0.0076757107)        (-0.88506156 -0.96315252 -1.5940219)          (-0.0013387341 -0.0011931094 -0.0020717268)   (0.00019394511 -5.2686892e-05 9.928201e-06)   (-0.001144789 -0.0012457963 -0.0020617986)   
zhongyangyi               (1056.0835 -0.044492116 14096.093)            (2.2423564 -0.38822502 -0.057302853)          (1058.3259 -0.43271713 14096.036)             (1.3659985 -5.7548635e-05 18.232689)          (0.0029003914 -0.00050215233 -7.4118771e-05)  (1.3688989 -0.00055970097 18.232615)         
zuofuyi                   (-0.78405593 0.3790895 9.9223201)             (0.18741177 -0.066682089 0.00069583515)       (-0.59664415 0.31240741 9.9230159)            (-0.0010141426 0.00049033593 0.012834093)     (0.00024240905 -8.6250409e-05 9.0003278e-07)  (-0.0007717335 0.00040408552 0.012834993)    
zuoweiduo                 (0.78952215 -4.510774 7.8592358)              (0.10788946 -0.04985342 -0.0068343734)        (0.89741161 -4.5606274 7.8524014)             (0.0010212129 -0.0058344918 0.010165583)      (0.00013955037 -6.448325e-05 -8.8399674e-06)  (0.0011607633 -0.0058989751 0.010156743)     
------------------------- --------------------------------------------- --------------------------------------------- --------------------------------------------- --------------------------------------------- --------------------------------------------- ---------------------------------------------
Net                       (17.832965 -62.674225 156.40224)              (12.003998 -2.3921633 -0.45773446)            (29.836963 -65.066388 155.94451)              (0.023066171 -0.081066409 0.20229956)         (0.015526654 -0.0030941601 -0.00059205979)    (0.038592826 -0.084160569 0.2017075)         

Forces - Direction Vector (0.97576488 -0.20791169 -0.068232127)
                          Forces [N]                                      Coefficients                                   
Zone                      Pressure        Viscous         Total           Pressure        Viscous         Total          
jidi                      1116.5132       0.00066715201   1116.5139       1.4441618       8.6293238e-07   1.4441626      
jishen                    9714.2906       1.2888853       9715.5794       12.565016       0.0016671175    12.566683      
jitou                     -10968.213      1.1782387       -10967.035      -14.186912      0.001524001     -14.185387     
liangan                   131.80268       1.2617828       133.06446       0.17048109      0.0016320616    0.17211315     
waiyi                     -226.66972      3.8520485       -222.81767      -0.29318752     0.0049824587    -0.28820506    
weiyi                     12.845112       1.4045159       14.249628       0.016614598     0.0018166808    0.018431279    
xiaoyi                    173.04185       0.31889259      173.36075       0.22382218      0.00041247383   0.22423466     
youfuyi                   -1.484705       0.19695376      -1.2877512      -0.0019204019   0.00025475121   -0.0016656507  
youweiduo                 -0.70885238     0.15425456      -0.55459782     -0.00091687001  0.00019952162   -0.00071734838 
zhongyangyi               68.692059       2.2726391       70.964698       0.088850219     0.0029395607    0.091789779    
zuofuyi                   -1.5208924      0.19668634      -1.324206       -0.0019672088   0.0002544053    -0.0017128035  
zuoweiduo                 1.1719783       0.11610618      1.2880845       0.0015159034    0.00015017834   0.0016660817   
------------------------- --------------- --------------- --------------- --------------- --------------- ---------------
Net                       19.759827       12.241671       32.001498       0.025558485     0.015834074     0.041392558    
