                                    "Force Report"

Forces
                          Forces [N]                                                                                                                                Coefficients                                                                                                                             
Zone                      Pressure                                      Viscous                                       Total                                         Pressure                                      Viscous                                       Total                                        
jidi                      (1144.9548 -4.420653e-07 0.00043607485)       (1.7078104e-09 0.0010261481 -0.0012102585)    (1144.9548 0.001025706 -0.00077418368)        (1.4809497 -5.7179242e-10 5.6404403e-07)      (2.2089792e-12 1.3272783e-06 -1.5654173e-06)  (1.4809497 1.3267065e-06 -1.0013732e-06)     
jishen                    (9082.4537 1.869813 -12504.613)               (1.1758499 -0.1271149 -0.052022385)           (9083.6295 1.7426981 -12504.665)              (11.747762 0.0024185226 -16.174179)           (0.0015209111 -0.00016441764 -6.7288713e-05)  (11.749283 0.0022541049 -16.174246)          
jitou                     (-11248.598 -13.733265 2.1048496)             (1.1569006 -0.16915532 0.039641844)           (-11247.441 -13.90242 2.1444914)              (-14.549577 -0.017763386 0.0027225322)        (0.0014964011 -0.00021879512 5.1275017e-05)   (-14.548081 -0.017982181 0.0027738072)       
liangan                   (-81.053779 -1.7157527 -3077.7879)            (1.1322223 -0.12689429 -0.0071722068)         (-79.921557 -1.842647 -3077.7951)             (-0.10483957 -0.0022192521 -3.980986)         (0.0014644807 -0.0001641323 -9.2769404e-06)   (-0.10337509 -0.0023833844 -3.9809953)       
waiyi                     (-132.26028 -0.26439232 1669.9672)            (4.3219352 -0.52403174 0.26990355)            (-127.93835 -0.78842406 1670.2371)            (-0.17107298 -0.00034198007 2.1600306)        (0.0055902369 -0.00067781247 0.00034910861)   (-0.16548274 -0.0010197925 2.1603797)        
weiyi                     (45.19006 -25.682185 536.24552)               (1.4969058 -0.20542894 -0.036579049)          (46.686966 -25.887614 536.20894)              (0.058451396 -0.0332188 0.69361047)           (0.0019361831 -0.00026571348 -4.7313423e-05)  (0.060387579 -0.033484513 0.69356316)        
xiaoyi                    (151.67387 -0.69080015 -371.19157)            (0.31777958 -0.040621985 -0.0007141109)       (151.99165 -0.73142213 -371.19229)            (0.19618361 -0.00089352022 -0.4801203)        (0.00041103419 -5.2542787e-05 -9.2367168e-07) (0.19659465 -0.00094606301 -0.48012123)      
youfuyi                   (-0.8085595 -0.47863829 13.537691)            (0.17791999 -0.048681282 0.014048135)         (-0.6306395 -0.52731957 13.551739)            (-0.0010458369 -0.000619098 0.01751042)       (0.00023013184 -6.2967141e-05 1.8170657e-05)  (-0.00081570502 -0.00068206514 0.01752859)   
youweiduo                 (-0.95389141 -0.31897972 -0.51444628)         (0.15431871 -0.030600997 0.0084392261)        (-0.79957271 -0.34958072 -0.50600706)         (-0.0012338174 -0.00041258652 -0.0006654141)  (0.0001996046 -3.9581071e-05 1.0915775e-05)   (-0.0010342128 -0.00045216759 -0.00065449832)
zhongyangyi               (1055.3533 -0.020071785 14199.525)            (2.5202372 -0.2363608 0.088673033)            (1057.8736 -0.25643259 14199.614)             (1.365054 -2.5961989e-05 18.366474)           (0.0032598182 -0.00030572251 0.00011469475)   (1.3683139 -0.0003316845 18.366589)          
zuofuyi                   (-0.82568864 0.49485152 13.220666)            (0.18323578 -0.044042554 0.014101373)         (-0.64245286 0.45080897 13.234767)            (-0.0010679927 0.00064006912 0.017100362)     (0.00023700758 -5.6967146e-05 1.8239518e-05)  (-0.00083098509 0.00058310198 0.017118601)   
zuoweiduo                 (0.88738898 -4.6678112 8.0734064)             (0.10908726 -0.035897443 0.0015761609)        (0.99647624 -4.7037086 8.0749825)             (0.0011477994 -0.0060376126 0.010442603)      (0.00014109966 -4.6431796e-05 2.0386962e-06)  (0.0012888991 -0.0060840444 0.010444642)     
------------------------- --------------------------------------------- --------------------------------------------- --------------------------------------------- --------------------------------------------- --------------------------------------------- ---------------------------------------------
Net                       (16.012836 -45.207232 488.56764)              (12.746392 -1.5878041 0.33868531)             (28.759228 -46.795036 488.90632)              (0.020711913 -0.058473606 0.63194119)         (0.016486909 -0.0020537562 0.00043807485)     (0.037198822 -0.060527363 0.63237926)        

Forces - Direction Vector (0.99026807 -0.1391731 0)
                          Forces [N]                                      Coefficients                                   
Zone                      Pressure        Viscous         Total           Pressure        Viscous         Total          
jidi                      1133.8122       -0.00014281052  1133.8121       1.4665372       -1.8471925e-07  1.4665371      
jishen                    8993.8037       1.1820975       8994.9858       11.633097       0.0015289922    11.634626      
jitou                     -11137.216      1.1691836       -11136.047      -14.405509      0.0015122886    -14.403997     
liangan                   -80.026183      1.1388638       -78.887319      -0.10351042     0.0014730713    -0.10203735    
waiyi                     -130.93634      4.3528055       -126.58353      -0.16936051     0.0056301664    -0.16373035    
weiyi                     48.324543       1.5109282       49.835471       0.062505714     0.0019543205    0.064460035    
xiaoyi                    150.29393       0.32034045      150.61427       0.19439872      0.00041434657   0.19481307     
youfuyi                   -0.73407708     0.18296361      -0.55111346     -0.00094949706  0.00023665555   -0.00071284151 
youweiduo                 -0.90021481     0.15707572      -0.74313909     -0.0011643891   0.00020317068   -0.00096121839 
zhongyangyi               1045.0855       2.5286055       1047.6141       1.351773        0.0032706422    1.3550437      
zuofuyi                   -0.88652312     0.18758208      -0.69894104     -0.0011466794   0.00024262933   -0.00090405011 
zuoweiduo                 1.5283867       0.11302158      1.6414083       0.0019769024    0.00014618855   0.0021230909   
------------------------- --------------- --------------- --------------- --------------- --------------- ---------------
Net                       22.148631       12.843325       34.991956       0.028648299     0.016612287     0.045260587    
