                                    "Force Report"

Moments - Moment Center (0 0 0.05)
                          Moments [N m]                                                                                                                             Coefficients                                                                                                                             
Zone                      Pressure                                      Viscous                                       Total                                         Pressure                                      Viscous                                       Total                                        
jidi                      (-2.7357105e-08 -22.925909 0.0042662424)      (-2.5126817e-05 0.000476195 3.3741612e-05)    (-2.5154174e-05 -22.925433 0.004299984)       (-9.7025603e-11 -0.08130978 1.5130795e-05)    (-8.9115591e-08 1.6888888e-06 1.196691e-07)   (-8.9212617e-08 -0.081308091 1.5250464e-05)  
jishen                    (0.15167699 -230.07317 2.6124968)             (-0.035144587 -0.067764954 -0.0036272166)     (0.1165324 -230.14093 2.6088696)              (0.00053794255 -0.81598503 0.0092655666)      (-0.00012464494 -0.0002403374 -1.2864405e-05) (0.00041329761 -0.81622536 0.0092527022)     
jitou                     (-1.2660611 545.01441 12.487527)              (-0.014119789 0.028903219 0.16116919)         (-1.2801809 545.04331 12.648696)              (-0.0044902538 1.9329659 0.044288671)         (-5.0077706e-05 0.0001025091 0.00057160791)   (-0.0045403315 1.9330684 0.044860279)        
liangan                   (1.3371966 649.51724 -1.3415208)              (0.022874022 0.14152455 -0.025218249)         (1.3600707 649.65876 -1.366739)               (0.0047425453 2.3035991 -0.0047578814)        (8.1125754e-05 0.00050193558 -8.9439865e-05)  (0.004823671 2.304101 -0.0048473213)         
waiyi                     (9.3254915 -45.371187 -0.6417953)             (0.090667176 0.63683279 -0.060753585)         (9.4161587 -44.734355 -0.70254889)            (0.033074093 -0.16091494 -0.0022762122)       (0.00032156317 0.002258612 -0.00021547065)    (0.033395656 -0.15865632 -0.0024916829)      
weiyi                     (-12.889047 -708.33074 -42.991746)            (0.093947521 0.37938465 -0.39359941)          (-12.795099 -707.95136 -43.385345)            (-0.045712715 -2.512189 -0.15247593)          (0.00033319735 0.001345538 -0.0013959525)     (-0.045379518 -2.5108434 -0.15387188)        
xiaoyi                    (10.231418 56.017633 -0.95246274)             (0.093196257 0.039716956 -0.034621397)        (10.324614 56.05735 -0.98708414)              (0.03628708 0.19867397 -0.0033780355)         (0.00033053289 0.00014086146 -0.00012278938)  (0.036617613 0.19881483 -0.0035008249)       
youfuyi                   (19.312553 -2.7823023 0.74191183)             (0.036748751 0.014827498 -0.20684139)         (19.349302 -2.7674748 0.53507044)             (0.068494533 -0.0098678042 0.0026312888)      (0.00013033432 5.258769e-05 -0.00073359043)   (0.068624867 -0.0098152165 0.0018976983)     
youweiduo                 (-0.10656174 -0.034018758 0.15573502)         (0.01794876 0.020125638 -0.11388859)          (-0.088612984 -0.013893119 0.04184643)        (-0.00037793537 -0.00012065204 0.00055233493) (6.3657661e-05 7.1378247e-05 -0.00040392101)  (-0.00031427771 -4.9273792e-05 0.00014841392)
zhongyangyi               (8.9326294 -277.45471 1.4072763)              (0.047391634 0.35397026 -0.0052083161)        (8.980021 -277.10074 1.402068)                (0.031680755 -0.98402994 0.0049910921)        (0.00016808072 0.0012554025 -1.8471984e-05)   (0.031848836 -0.98277454 0.0049726201)       
zuofuyi                   (-18.725499 -2.726064 -0.70109199)            (-0.023140272 0.015575679 0.18796349)         (-18.74864 -2.7104883 -0.5131285)             (-0.066412468 -0.0096683478 -0.0024865158)    (-8.2070045e-05 5.5241212e-05 0.00066663745)  (-0.066494538 -0.0096131066 -0.0018198783)   
zuoweiduo                 (-1.6114567 -11.424939 -6.4453096)            (0.01278181 0.034194304 -0.017030301)         (-1.5986749 -11.390745 -6.4623399)            (-0.0057152451 -0.040520063 -0.022859146)     (4.5332385e-05 0.00012127464 -6.0400223e-05)  (-0.0056699127 -0.040398788 -0.022919546)    
------------------------- --------------------------------------------- --------------------------------------------- --------------------------------------------- --------------------------------------------- --------------------------------------------- ---------------------------------------------
Net                       (14.69234 -50.573764 -35.664713)              (0.34312616 1.5977668 -0.51162204)            (15.035466 -48.975998 -36.176335)             (0.052108332 -0.17936657 -0.12648964)         (0.0012169424 0.0056666919 -0.0018145355)     (0.053325274 -0.17369987 -0.12830417)        

Moments - Moment Center (0 0 0.05) Moment Axis (0 1 0)
                          Moments [N m]                                   Coefficients                                   
Zone                      Pressure        Viscous         Total           Pressure        Viscous         Total          
jidi                      -22.925909      0.000476195     -22.925433      -0.08130978     1.6888888e-06   -0.081308091   
jishen                    -230.07317      -0.067764954    -230.14093      -0.81598503     -0.0002403374   -0.81622536    
jitou                     545.01441       0.028903219     545.04331       1.9329659       0.0001025091    1.9330684      
liangan                   649.51724       0.14152455      649.65876       2.3035991       0.00050193558   2.304101       
waiyi                     -45.371187      0.63683279      -44.734355      -0.16091494     0.002258612     -0.15865632    
weiyi                     -708.33074      0.37938465      -707.95136      -2.512189       0.001345538     -2.5108434     
xiaoyi                    56.017633       0.039716956     56.05735        0.19867397      0.00014086146   0.19881483     
youfuyi                   -2.7823023      0.014827498     -2.7674748      -0.0098678042   5.258769e-05    -0.0098152165  
youweiduo                 -0.034018758    0.020125638     -0.013893119    -0.00012065204  7.1378247e-05   -4.9273792e-05 
zhongyangyi               -277.45471      0.35397026      -277.10074      -0.98402994     0.0012554025    -0.98277454    
zuofuyi                   -2.726064       0.015575679     -2.7104883      -0.0096683478   5.5241212e-05   -0.0096131066  
zuoweiduo                 -11.424939      0.034194304     -11.390745      -0.040520063    0.00012127464   -0.040398788   
------------------------- --------------- --------------- --------------- --------------- --------------- ---------------
Net                       -50.573764      1.5977668       -48.975998      -0.17936657     0.0056666919    -0.17369987    
