                                    "Force Report"

Moments - Moment Center (0 0 0.05)
                          Moments [N m]                                                                                                                             Coefficients                                                                                                                             
Zone                      Pressure                                      Viscous                                       Total                                         Pressure                                      Viscous                                       Total                                        
jidi                      (-1.259793e-08 -22.917263 0.0062155289)       (-0.00018898161 -0.00053890776 -0.0018702989) (-0.00018899421 -22.917802 0.00434523)        (-4.4680231e-11 -0.081279113 2.2044198e-05)   (-6.7024836e-07 -1.9113079e-06 -6.6332633e-06) (-6.7029304e-07 -0.081281024 1.5410935e-05)  
jishen                    (0.059765976 -229.42353 2.6250377)            (-0.031142686 -0.065006485 -0.0054704804)     (0.02862329 -229.48853 2.6195672)             (0.00021196796 -0.81368098 0.0093100446)      (-0.00011045167 -0.00023055412 -1.9401785e-05) (0.0001015163 -0.81391154 0.0092906428)      
jitou                     (-1.256511 548.03269 12.413368)               (-0.014015073 0.061717894 0.1610534)          (-1.2705261 548.09441 12.574422)              (-0.0044563831 1.9436707 0.044025657)         (-4.9706317e-05 0.0002188907 0.00057119725)   (-0.0045060894 1.9438896 0.044596855)        
liangan                   (1.1680169 650.7059 -1.8002542)               (0.019936434 0.14491262 -0.04343436)          (1.1879533 650.85082 -1.8436886)              (0.0041425269 2.3078148 -0.0063848405)        (7.0707208e-05 0.00051395185 -0.00015404572)  (0.0042132341 2.3083288 -0.0065388863)       
waiyi                     (10.1684 -45.185339 -1.3843121)               (0.092055689 0.6147367 -0.076803478)          (10.260455 -44.570602 -1.4611156)             (0.036063578 -0.1602558 -0.0049096466)        (0.00032648772 0.0021802453 -0.00027239373)   (0.036390066 -0.15807556 -0.0051820403)      
weiyi                     (-12.522501 -723.79333 -42.898441)            (0.095639769 0.34449886 -0.41026986)          (-12.426861 -723.44883 -43.308711)            (-0.044412711 -2.5670291 -0.15214501)         (0.00033919913 0.0012218109 -0.0014550765)    (-0.044073512 -2.5658073 -0.15360009)        
xiaoyi                    (12.597691 55.990919 -1.0672426)              (0.10813037 0.039088602 -0.031825922)         (12.705821 56.030007 -1.0990685)              (0.044679383 0.19857922 -0.0037851174)        (0.00038349869 0.00013863291 -0.00011287486)  (0.045062881 0.19871786 -0.0038979922)       
youfuyi                   (21.505965 -3.1173628 0.57294707)             (0.045069644 0.012268676 -0.193513)           (21.551035 -3.1050941 0.37943407)             (0.076273758 -0.011056141 0.0020320328)       (0.00015984547 4.3512486e-05 -0.00068631954)  (0.076433604 -0.011012628 0.0013457133)      
youweiduo                 (-0.049082966 -0.49015519 0.41076111)         (0.021382327 0.012669691 -0.12147179)         (-0.027700638 -0.47748549 0.28928932)         (-0.00017407925 -0.0017384004 0.0014568188)   (7.5835261e-05 4.4934742e-05 -0.00043081581)  (-9.824399e-05 -0.0016934657 0.001026003)    
zhongyangyi               (8.6567097 -276.42481 1.6451999)              (0.038474261 0.34386806 -0.0029499705)        (8.695184 -276.08094 1.6422499)               (0.03070217 -0.98037726 0.0058349198)         (0.00013645407 0.0012195737 -1.0462462e-05)   (0.030838624 -0.97915769 0.0058244574)       
zuofuyi                   (-20.439268 -2.9750355 -0.36463155)           (-0.030160568 0.012880946 0.17188808)         (-20.469429 -2.9621545 -0.19274348)           (-0.072490577 -0.010551358 -0.0012932142)     (-0.00010696846 4.5683983e-05 0.00060962388)  (-0.072597545 -0.010505674 -0.00068359031)   
zuoweiduo                 (-1.6339925 -11.647841 -6.561619)             (0.013391428 0.035175952 -0.019300414)        (-1.6206011 -11.612666 -6.5809195)            (-0.0057951714 -0.041310615 -0.023271653)     (4.7494476e-05 0.00012475618 -6.8451478e-05)  (-0.0057476769 -0.041185859 -0.023340104)    
------------------------- --------------------------------------------- --------------------------------------------- --------------------------------------------- --------------------------------------------- --------------------------------------------- ---------------------------------------------
Net                       (18.255192 -61.245144 -36.402971)             (0.35857261 1.5562726 -0.5739681)             (18.613765 -59.688872 -36.976939)             (0.064744462 -0.21721403 -0.12910797)         (0.0012717253 0.0055195274 -0.002035654)      (0.066016188 -0.2116945 -0.13114362)         

Moments - Moment Center (0 0 0.05) Moment Axis (0 1 0)
                          Moments [N m]                                   Coefficients                                   
Zone                      Pressure        Viscous         Total           Pressure        Viscous         Total          
jidi                      -22.917263      -0.00053890776  -22.917802      -0.081279113    -1.9113079e-06  -0.081281024   
jishen                    -229.42353      -0.065006485    -229.48853      -0.81368098     -0.00023055412  -0.81391154    
jitou                     548.03269       0.061717894     548.09441       1.9436707       0.0002188907    1.9438896      
liangan                   650.7059        0.14491262      650.85082       2.3078148       0.00051395185   2.3083288      
waiyi                     -45.185339      0.6147367       -44.570602      -0.1602558      0.0021802453    -0.15807556    
weiyi                     -723.79333      0.34449886      -723.44883      -2.5670291      0.0012218109    -2.5658073     
xiaoyi                    55.990919       0.039088602     56.030007       0.19857922      0.00013863291   0.19871786     
youfuyi                   -3.1173628      0.012268676     -3.1050941      -0.011056141    4.3512486e-05   -0.011012628   
youweiduo                 -0.49015519     0.012669691     -0.47748549     -0.0017384004   4.4934742e-05   -0.0016934657  
zhongyangyi               -276.42481      0.34386806      -276.08094      -0.98037726     0.0012195737    -0.97915769    
zuofuyi                   -2.9750355      0.012880946     -2.9621545      -0.010551358    4.5683983e-05   -0.010505674   
zuoweiduo                 -11.647841      0.035175952     -11.612666      -0.041310615    0.00012475618   -0.041185859   
------------------------- --------------- --------------- --------------- --------------- --------------- ---------------
Net                       -61.245144      1.5562726       -59.688872      -0.21721403     0.0055195274    -0.2116945     
