                                    "Force Report"

Moments - Moment Center (0 0 0.05)
                          Moments [N m]                                                                                                                             Coefficients                                                                                                                             
Zone                      Pressure                                      Viscous                                       Total                                         Pressure                                      Viscous                                       Total                                        
jidi                      (1.3092744e-08 -22.917128 0.010843583)        (4.385997e-05 -0.0025108017 0.0011888516)     (4.3873062e-05 -22.919639 0.012032435)        (4.6435153e-11 -0.081278635 3.8458207e-05)    (1.555552e-07 -8.9048915e-06 4.2164199e-06)   (1.5560164e-07 -0.081287539 4.2674627e-05)   
jishen                    (-0.0073713661 -229.29578 1.7174133)          (-0.006880625 -0.068561393 0.009882692)       (-0.014251991 -229.36434 1.727296)            (-2.6143528e-05 -0.81322791 0.0060910342)     (-2.440305e-05 -0.00024316208 3.5050279e-05)  (-5.0546578e-05 -0.81347107 0.0061260844)    
jitou                     (-0.46789751 557.72721 4.6197476)             (-0.0046951943 0.17991325 0.055715609)        (-0.47259271 557.90712 4.6754632)             (-0.0016594606 1.9780536 0.016384548)         (-1.6652129e-05 0.00063808622 0.0001976028)   (-0.0016761127 1.9786916 0.016582151)        
liangan                   (-0.33719754 651.11704 -1.5394389)            (-0.0065899304 0.13027141 0.019326913)        (-0.34378747 651.24732 -1.520112)             (-0.0011959158 2.309273 -0.0054598243)        (-2.3372063e-05 0.00046202485 6.8545462e-05)  (-0.0012192879 2.309735 -0.0053912789)       
waiyi                     (12.251092 -46.430181 0.55316464)             (0.051087181 0.43253787 -0.0355102)           (12.302179 -45.997644 0.51765444)             (0.043450123 -0.1646708 0.0019618718)         (0.00018118747 0.0015340529 -0.00012594164)   (0.04363131 -0.16313675 0.0018359302)        
weiyi                     (-4.6557242 -770.08584 -12.761254)            (0.042098432 0.059731546 -0.16008254)         (-4.6136257 -770.02611 -12.921337)            (-0.016512144 -2.7312116 -0.045259481)        (0.00014930768 0.00021184586 -0.00056775397)  (-0.016362836 -2.7309998 -0.045827235)       
xiaoyi                    (8.1223577 55.667956 -0.63595441)             (0.057684597 0.031225973 -0.012037955)        (8.1800423 55.699182 -0.64799236)             (0.028807019 0.19743379 -0.0022554967)        (0.00020458608 0.00011074706 -4.2694204e-05)  (0.029011605 0.19754454 -0.0022981909)       
youfuyi                   (32.436069 -4.5680119 -0.76477129)            (0.059415756 0.0090329356 -0.16947621)        (32.495485 -4.558979 -0.9342475)              (0.11503882 -0.016201061 -0.0027123628)       (0.00021072586 3.2036505e-05 -0.00060106987)  (0.11524955 -0.016169024 -0.0033134327)      
youweiduo                 (0.36097381 -4.6413329 2.8091451)             (0.020482387 -0.017624692 -0.09269524)        (0.3814562 -4.6589576 2.7164498)              (0.0012802415 -0.016461103 0.0099630057)      (7.2643505e-05 -6.250831e-05 -0.00032875597)  (0.001352885 -0.016523611 0.0096342497)      
zhongyangyi               (1.7113548 -274.58318 -2.0434875)             (0.00037322816 0.25244827 0.0077803741)       (1.711728 -274.33073 -2.0357071)              (0.0060695469 -0.97384569 -0.0072474996)      (1.3237032e-06 0.00089534128 2.7594129e-05)   (0.0060708706 -0.97295035 -0.0072199054)     
zuofuyi                   (-31.533693 -4.4716516 0.58406642)            (-0.053383909 0.0088376894 0.15787678)        (-31.587077 -4.4628139 0.7419432)             (-0.11183843 -0.015859306 0.0020714691)       (-0.00018933312 3.1344038e-05 0.00055993096)  (-0.11202776 -0.015827962 0.0026314)         
zuoweiduo                 (-2.5102636 -14.366787 -8.3004917)            (-0.0065715421 -0.0032102988 0.023643879)     (-2.5168352 -14.369998 -8.2768478)            (-0.008902983 -0.050953717 -0.029438795)      (-2.3306846e-05 -1.1385751e-05 8.3856154e-05) (-0.0089262899 -0.050965103 -0.029354939)    
------------------------- --------------------------------------------- --------------------------------------------- --------------------------------------------- --------------------------------------------- --------------------------------------------- ---------------------------------------------
Net                       (15.3697 -106.84768 -15.751017)               (0.15306424 1.0120918 -0.19438704)            (15.522765 -105.83559 -15.945404)             (0.054510682 -0.37894948 -0.055863073)        (0.00054286264 0.0035895177 -0.00068941945)   (0.055053544 -0.37535996 -0.056552492)       

Moments - Moment Center (0 0 0.05) Moment Axis (0 1 0)
                          Moments [N m]                                   Coefficients                                   
Zone                      Pressure        Viscous         Total           Pressure        Viscous         Total          
jidi                      -22.917128      -0.0025108017   -22.919639      -0.081278635    -8.9048915e-06  -0.081287539   
jishen                    -229.29578      -0.068561393    -229.36434      -0.81322791     -0.00024316208  -0.81347107    
jitou                     557.72721       0.17991325      557.90712       1.9780536       0.00063808622   1.9786916      
liangan                   651.11704       0.13027141      651.24732       2.309273        0.00046202485   2.309735       
waiyi                     -46.430181      0.43253787      -45.997644      -0.1646708      0.0015340529    -0.16313675    
weiyi                     -770.08584      0.059731546     -770.02611      -2.7312116      0.00021184586   -2.7309998     
xiaoyi                    55.667956       0.031225973     55.699182       0.19743379      0.00011074706   0.19754454     
youfuyi                   -4.5680119      0.0090329356    -4.558979       -0.016201061    3.2036505e-05   -0.016169024   
youweiduo                 -4.6413329      -0.017624692    -4.6589576      -0.016461103    -6.250831e-05   -0.016523611   
zhongyangyi               -274.58318      0.25244827      -274.33073      -0.97384569     0.00089534128   -0.97295035    
zuofuyi                   -4.4716516      0.0088376894    -4.4628139      -0.015859306    3.1344038e-05   -0.015827962   
zuoweiduo                 -14.366787      -0.0032102988   -14.369998      -0.050953717    -1.1385751e-05  -0.050965103   
------------------------- --------------- --------------- --------------- --------------- --------------- ---------------
Net                       -106.84768      1.0120918       -105.83559      -0.37894948     0.0035895177    -0.37535996    
