                                    "Force Report"

Moments - Moment Center (0 0 0.05)
                          Moments [N m]                                                                                                                             Coefficients                                                                                                                             
Zone                      Pressure                                      Viscous                                       Total                                         Pressure                                      Viscous                                       Total                                        
jidi                      (-1.2544886e-08 -22.905048 0.0032529148)      (-4.1438869e-05 0.00085826273 -0.00070747026) (-4.1451414e-05 -22.90419 0.0025454445)       (-4.4492104e-11 -0.081235792 1.1536894e-05)   (-1.4696845e-07 3.0439426e-06 -2.5091372e-06) (-1.4701294e-07 -0.081232748 9.0277567e-06)  
jishen                    (0.22708188 -231.03918 2.1227465)             (-0.02504716 -0.074006438 -0.0081240809)      (0.20203472 -231.11319 2.1146224)             (0.00080537601 -0.81941111 0.0075286022)      (-8.8833077e-05 -0.00026247365 -2.8813131e-05) (0.00071654293 -0.81967359 0.007499789)      
jitou                     (-0.86464054 541.87058 8.5076439)             (-0.0093855065 -0.0042879987 0.10741957)      (-0.87402604 541.86629 8.6150635)             (-0.0030665624 1.9218159 0.030173488)         (-3.3286944e-05 -1.5207957e-05 0.00038097777) (-0.0030998493 1.9218007 0.030554466)        
liangan                   (0.60722861 647.73429 -0.67326679)            (0.011569685 0.12779094 -0.0060956653)        (0.61879829 647.86208 -0.67936246)            (0.0021536168 2.2972756 -0.00238783)          (4.1033423e-05 0.00045322752 -2.1619086e-05)  (0.0021946503 2.2977288 -0.0024094491)       
waiyi                     (6.1435664 -46.212537 -0.14795405)            (0.063121246 0.64904113 -0.042889911)         (6.2066876 -45.563496 -0.19084396)            (0.021788973 -0.16389889 -0.00052473867)      (0.00022386787 0.0023019105 -0.00015211476)   (0.022012841 -0.16159698 -0.00067685343)     
weiyi                     (-9.537777 -693.37309 -31.581441)             (0.065371019 0.44750274 -0.26905241)          (-9.472406 -692.92559 -31.850493)             (-0.033826992 -2.4591397 -0.11200777)         (0.00023184699 0.0015871279 -0.00095423006)   (-0.033595145 -2.4575525 -0.112962)          
xiaoyi                    (5.6387802 55.946071 -0.47265512)             (0.057629619 0.039451076 -0.027059782)        (5.6964098 55.985522 -0.4997149)              (0.019998682 0.19842016 -0.0016763341)        (0.00020439109 0.00013991847 -9.5971108e-05)  (0.020203073 0.19856008 -0.0017723052)       
youfuyi                   (17.855312 -2.5777966 0.8499124)              (0.029471224 0.016082828 -0.21026801)         (17.884783 -2.5617137 0.6396444)              (0.063326232 -0.0091424976 0.0030143271)      (0.00010452361 5.7039882e-05 -0.00074574339)  (0.063430756 -0.0090854577 0.0022685837)     
youweiduo                 (-0.076117661 -0.048751252 0.17840044)        (0.013278644 0.027912364 -0.10144751)         (-0.062839018 -0.020838888 0.076952928)       (-0.00026996139 -0.00017290278 0.00063272083) (4.7094472e-05 9.8994902e-05 -0.00035979705)  (-0.00022286691 -7.3907881e-05 0.00027292377)
zhongyangyi               (6.4647752 -279.50669 0.61730709)             (0.035170317 0.35833881 -0.015352793)         (6.4999455 -279.14835 0.60195429)             (0.022928183 -0.99130756 0.0021893615)        (0.0001247362 0.0012708961 -5.4450719e-05)    (0.023052919 -0.99003667 0.0021349108)       
zuofuyi                   (-17.488823 -2.5425642 -0.86062745)           (-0.019923827 0.016950866 0.19974778)         (-17.508746 -2.5256133 -0.66087967)           (-0.06202643 -0.0090175414 -0.0030523295)     (-7.0662497e-05 6.0118495e-05 0.00070843201)  (-0.062097093 -0.0089574229 -0.0023438974)   
zuoweiduo                 (-1.5963345 -11.016222 -6.2028769)            (0.0085240588 0.026574617 -0.0061958726)      (-1.5878104 -10.989647 -6.2090728)            (-0.005661612 -0.039070493 -0.021999326)      (3.0231706e-05 9.4250405e-05 -2.1974484e-05)  (-0.0056313803 -0.038976243 -0.0220213)      
------------------------- --------------------------------------------- --------------------------------------------- --------------------------------------------- --------------------------------------------- --------------------------------------------- ---------------------------------------------
Net                       (7.3730517 -43.670936 -27.659558)             (0.22973788 1.6322092 -0.38002615)            (7.6027896 -42.038727 -28.039584)             (0.026149506 -0.15488477 -0.098098292)        (0.00081479588 0.0057888465 -0.0013478132)    (0.026964302 -0.14909592 -0.099446105)       

Moments - Moment Center (0 0 0.05) Moment Axis (0 1 0)
                          Moments [N m]                                   Coefficients                                   
Zone                      Pressure        Viscous         Total           Pressure        Viscous         Total          
jidi                      -22.905048      0.00085826273   -22.90419       -0.081235792    3.0439426e-06   -0.081232748   
jishen                    -231.03918      -0.074006438    -231.11319      -0.81941111     -0.00026247365  -0.81967359    
jitou                     541.87058       -0.0042879987   541.86629       1.9218159       -1.5207957e-05  1.9218007      
liangan                   647.73429       0.12779094      647.86208       2.2972756       0.00045322752   2.2977288      
waiyi                     -46.212537      0.64904113      -45.563496      -0.16389889     0.0023019105    -0.16159698    
weiyi                     -693.37309      0.44750274      -692.92559      -2.4591397      0.0015871279    -2.4575525     
xiaoyi                    55.946071       0.039451076     55.985522       0.19842016      0.00013991847   0.19856008     
youfuyi                   -2.5777966      0.016082828     -2.5617137      -0.0091424976   5.7039882e-05   -0.0090854577  
youweiduo                 -0.048751252    0.027912364     -0.020838888    -0.00017290278  9.8994902e-05   -7.3907881e-05 
zhongyangyi               -279.50669      0.35833881      -279.14835      -0.99130756     0.0012708961    -0.99003667    
zuofuyi                   -2.5425642      0.016950866     -2.5256133      -0.0090175414   6.0118495e-05   -0.0089574229  
zuoweiduo                 -11.016222      0.026574617     -10.989647      -0.039070493    9.4250405e-05   -0.038976243   
------------------------- --------------- --------------- --------------- --------------- --------------- ---------------
Net                       -43.670936      1.6322092       -42.038727      -0.15488477     0.0057888465    -0.14909592    
