                                    "Force Report"

Moments - Moment Center (0 0 0.05)
                          Moments [N m]                                                                                                                             Coefficients                                                                                                                             
Zone                      Pressure                                      Viscous                                       Total                                         Pressure                                      Viscous                                       Total                                        
jidi                      (-1.4140706e-08 -22.921033 0.0060576753)      (3.6780162e-05 -0.001098309 0.0010035599)     (3.6766021e-05 -22.922131 0.0070612352)       (-5.0151891e-11 -0.081292484 2.1484349e-05)   (1.3044572e-07 -3.8952985e-06 3.5592585e-06)  (1.3039557e-07 -0.08129638 2.5043608e-05)    
jishen                    (0.078224939 -229.4364 1.6502183)             (-0.020119328 -0.0616134 0.0042347165)        (0.058105611 -229.49802 1.6544531)            (0.00027743512 -0.81372665 0.0058527183)      (-7.1355867e-05 -0.0002185201 1.5018984e-05)  (0.00020607926 -0.81394517 0.0058677373)     
jitou                     (-0.84726676 550.93457 8.363581)              (-0.0092021155 0.093985986 0.10731594)        (-0.85646888 551.02856 8.470897)              (-0.003004944 1.9539626 0.02966255)           (-3.2636524e-05 0.00033333377 0.00038061021)  (-0.0030375805 1.9542959 0.03004316)         
liangan                   (0.72508689 649.42432 -1.9016106)             (0.0068416171 0.12263694 0.00098094905)       (0.73192851 649.54696 -1.9006296)             (0.0025716169 2.3032695 -0.0067443142)        (2.4264703e-05 0.00043494818 3.479066e-06)    (0.0025958816 2.3037045 -0.0067408352)       
waiyi                     (7.8174528 -45.178364 -1.3910926)             (0.066349599 0.58100949 -0.053795147)         (7.8838024 -44.597355 -1.4448877)             (0.027725634 -0.16023106 -0.0049336945)       (0.00023531766 0.0020606273 -0.00019079163)   (0.027960951 -0.15817044 -0.0051244861)      
weiyi                     (-9.9153758 -742.46906 -32.528626)            (0.057532553 0.30856601 -0.27512421)          (-9.8578433 -742.16049 -32.80375)             (-0.035166196 -2.633265 -0.11536709)          (0.00020404683 0.0010943703 -0.00097576452)   (-0.034962149 -2.6321707 -0.11634285)        
xiaoyi                    (10.511439 55.90467 -0.51193095)              (0.089190034 0.037467632 -0.019837717)        (10.600629 55.942137 -0.53176867)             (0.037280214 0.19827333 -0.0018156311)        (0.00031632429 0.00013288393 -7.0357094e-05)  (0.037596538 0.19840621 -0.0018859882)       
youfuyi                   (24.62946 -3.5557132 0.16405923)              (0.051123967 0.009798479 -0.17720509)         (24.680584 -3.5459148 -0.013145861)           (0.087351649 -0.012610809 0.00058185783)      (0.00018131793 3.4751606e-05 -0.00062848137)  (0.087532967 -0.012576057 -4.6623542e-05)    
youweiduo                 (0.054224997 -1.4550274 0.95767972)           (0.01426765 0.020031199 -0.095562018)         (0.068492647 -1.4349962 0.8621177)            (0.00019231615 -0.0051604479 0.0033965382)    (5.0602114e-05 7.1043307e-05 -0.00033892338)  (0.00024291826 -0.0050894046 0.0030576148)   
zhongyangyi               (6.8277662 -274.97638 0.96923705)             (0.016084391 0.33062486 -0.018465545)         (6.8438506 -274.64576 0.95077151)             (0.024215579 -0.97524022 0.0034375278)        (5.7045425e-05 0.0011726049 -6.5490505e-05)   (0.024272624 -0.97406762 0.0033720373)       
zuofuyi                   (-22.937915 -3.3016217 -0.020301561)          (-0.036798466 0.011772229 0.16979095)         (-22.974714 -3.2898494 0.14948938)            (-0.08135236 -0.011709639 -7.2002178e-05)     (-0.00013051064 4.1751773e-05 0.00060218612)  (-0.08148287 -0.011667888 0.00053018394)     
zuoweiduo                 (-1.62787 -11.478871 -6.5079964)              (0.0064212712 0.023547582 -3.6822844e-05)     (-1.6214488 -11.455324 -6.5080332)            (-0.0057734571 -0.04071134 -0.023081473)      (2.2773891e-05 8.3514625e-05 -1.305971e-07)   (-0.0057506832 -0.040627826 -0.023081603)    
------------------------- --------------------------------------------- --------------------------------------------- --------------------------------------------- --------------------------------------------- --------------------------------------------- ---------------------------------------------
Net                       (15.315228 -78.50891 -30.750725)              (0.24172795 1.4767287 -0.35670044)            (15.556955 -77.032182 -31.107426)             (0.054317487 -0.27844227 -0.10906153)         (0.00085732026 0.0052374143 -0.0012650855)    (0.055174807 -0.27320485 -0.11032661)        

Moments - Moment Center (0 0 0.05) Moment Axis (0 1 0)
                          Moments [N m]                                   Coefficients                                   
Zone                      Pressure        Viscous         Total           Pressure        Viscous         Total          
jidi                      -22.921033      -0.001098309    -22.922131      -0.081292484    -3.8952985e-06  -0.08129638    
jishen                    -229.4364       -0.0616134      -229.49802      -0.81372665     -0.0002185201   -0.81394517    
jitou                     550.93457       0.093985986     551.02856       1.9539626       0.00033333377   1.9542959      
liangan                   649.42432       0.12263694      649.54696       2.3032695       0.00043494818   2.3037045      
waiyi                     -45.178364      0.58100949      -44.597355      -0.16023106     0.0020606273    -0.15817044    
weiyi                     -742.46906      0.30856601      -742.16049      -2.633265       0.0010943703    -2.6321707     
xiaoyi                    55.90467        0.037467632     55.942137       0.19827333      0.00013288393   0.19840621     
youfuyi                   -3.5557132      0.009798479     -3.5459148      -0.012610809    3.4751606e-05   -0.012576057   
youweiduo                 -1.4550274      0.020031199     -1.4349962      -0.0051604479   7.1043307e-05   -0.0050894046  
zhongyangyi               -274.97638      0.33062486      -274.64576      -0.97524022     0.0011726049    -0.97406762    
zuofuyi                   -3.3016217      0.011772229     -3.2898494      -0.011709639    4.1751773e-05   -0.011667888   
zuoweiduo                 -11.478871      0.023547582     -11.455324      -0.04071134     8.3514625e-05   -0.040627826   
------------------------- --------------- --------------- --------------- --------------- --------------- ---------------
Net                       -78.50891       1.4767287       -77.032182      -0.27844227     0.0052374143    -0.27320485    
