                                    "Force Report"

Forces
                          Forces [N]                                                                                                                                Coefficients                                                                                                                             
Zone                      Pressure                                      Viscous                                       Total                                         Pressure                                      Viscous                                       Total                                        
jidi                      (1145.1176 -2.3459948e-07 0.00043543162)      (2.4882384e-09 -0.0015585271 7.3497931e-05)   (1145.1176 -0.0015587617 0.00050892955)       (1.4811603 -3.0344432e-10 5.6321204e-07)      (3.2184292e-12 -2.0158877e-06 9.5066407e-08)  (1.4811603 -2.0161911e-06 6.5827845e-07)     
jishen                    (9085.6111 1.4200828 -12502.958)              (1.1588474 -0.1221973 -0.018893342)           (9086.7699 1.2978855 -12502.977)              (11.751846 0.0018368159 -16.172037)           (0.0014989192 -0.00015805694 -2.4437724e-05)  (11.753345 0.001678759 -16.172062)           
jitou                     (-11254.381 -13.423675 12.544857)             (1.1437393 -0.16884816 0.14423501)            (-11253.238 -13.592524 12.689092)             (-14.557057 -0.017362946 0.016226232)         (0.0014793775 -0.00021839782 0.00018656177)   (-14.555578 -0.017581343 0.016412793)        
liangan                   (-81.039377 -1.7777723 -3073.6805)            (1.1069996 -0.13013745 0.061660303)           (-79.932378 -1.9079098 -3073.6188)            (-0.10482094 -0.0022994719 -3.9756733)        (0.0014318563 -0.00016832718 7.9754945e-05)   (-0.10338909 -0.0024677991 -3.9755935)       
waiyi                     (-156.73783 -0.22167716 1823.7036)            (4.323241 -0.53782966 0.57591409)             (-152.41459 -0.75950682 1824.2795)            (-0.20273363 -0.00028672986 2.358882)         (0.0055919259 -0.00069565949 0.00074492005)   (-0.1971417 -0.00098238935 2.3596269)        
weiyi                     (45.105676 -23.01617 555.51958)               (1.457792 -0.19970481 0.017519898)            (46.563467 -23.215875 555.5371)               (0.058342248 -0.029770424 0.71854063)         (0.0018855911 -0.00025830956 2.2661234e-05)   (0.060227839 -0.030028734 0.7185633)         
xiaoyi                    (152.46681 -0.89729992 -369.67184)            (0.33379476 -0.043264576 0.025115903)         (152.8006 -0.9405645 -369.64673)              (0.19720924 -0.0011606188 -0.4781546)         (0.00043174914 -5.5960865e-05 3.2486338e-05)  (0.19764099 -0.0012165796 -0.47812211)       
youfuyi                   (-0.62448482 -0.63367891 16.436553)           (0.15695761 -0.04530854 0.027568091)          (-0.46752721 -0.67898745 16.464122)           (-0.0008077442 -0.00081963636 0.021259974)    (0.0002030179 -5.8604643e-05 3.5658137e-05)   (-0.0006047263 -0.000878241 0.021295632)     
youweiduo                 (-0.91292631 0.026766441 0.09380352)          (0.1528316 -0.033251388 0.013540303)          (-0.7600947 -0.0064849465 0.10734382)         (-0.0011808308 3.4621238e-05 0.00012133081)   (0.00019768109 -4.3009237e-05 1.7513798e-05)  (-0.00098314974 -8.3879988e-06 0.00013884461)
zhongyangyi               (1043.9106 -0.0021210874 14293.929)           (2.5066982 -0.21896977 0.2431905)             (1046.4173 -0.22109086 14294.172)             (1.3502534 -2.7435351e-06 18.488581)          (0.0032423061 -0.00028322796 0.00031455643)   (1.3534957 -0.0002859715 18.488896)          
zuofuyi                   (-0.632784 0.65732917 16.263006)              (0.16574105 -0.047398496 0.026806823)         (-0.46704295 0.60993067 16.289813)            (-0.00081847884 0.00085022695 0.021035498)    (0.0002143789 -6.1307912e-05 3.4673471e-05)   (-0.00060409993 0.00078891904 0.021070171)   
zuoweiduo                 (-0.67251405 -2.8926491 5.0431062)            (0.12553091 -0.027197913 -0.0034777578)       (-0.54698314 -2.919847 5.0396285)             (-0.00086986795 -0.0037415169 0.0065230406)   (0.00016236883 -3.5179329e-05 -4.4983299e-06) (-0.00070749912 -0.0037766962 0.0065185423)  
------------------------- --------------------------------------------- --------------------------------------------- --------------------------------------------- --------------------------------------------- --------------------------------------------- ---------------------------------------------
Net                       (-22.789421 -40.760866 777.22374)             (12.632173 -1.5756666 1.1132533)              (-10.157247 -42.336532 778.33699)             (-0.029477133 -0.052722423 1.0053054)         (0.016339172 -0.0020380568 0.0014399452)      (-0.013137961 -0.05476048 1.0067454)         

Forces - Direction Vector (0.98785583 -0.1391731 0.069077609)
                          Forces [N]                                      Coefficients                                   
Zone                      Pressure        Viscous         Total           Pressure        Viscous         Total          
jidi                      1131.2111       0.00022198457   1131.2114       1.4631729       2.8712748e-07   1.4631732      
jishen                    8111.4018       1.1604756       8112.5623       10.491749       0.0015010252    10.49325       
jitou                     -11114.971      1.1633121       -11113.808      -14.376737      0.0015046941    -14.375232     
liangan                   -292.1303       1.115927        -291.01438      -0.37785796     0.0014434035    -0.37641455    
waiyi                     -28.826443      4.385373        -24.44107       -0.037285762    0.005672291     -0.031613471   
weiyi                     86.1351         1.469092        87.604192       0.11141204      0.0019002073    0.11331225     
xiaoyi                    125.20406       0.33749731      125.54155       0.16194605      0.00043653823   0.16238259     
youfuyi                   0.60668791      0.16326155      0.76994946      0.00078472466   0.00021117179   0.00099589645  
youweiduo                 -0.89908502     0.15653862      -0.74254639     -0.0011629277   0.00020247596   -0.00096045176 
zhongyangyi               2018.6239       2.5235301       2021.1475       2.6110031       0.0032640775    2.6142671      
zuofuyi                   0.40682768      0.17217661      0.57900429      0.00052621408   0.00022270302   0.0007489171   
zuoweiduo                 0.086597736     0.12755143      0.21414916      0.00011201044   0.00016498227   0.00027699271  
------------------------- --------------- --------------- --------------- --------------- --------------- ---------------
Net                       36.848912       12.774957       49.623869       0.047662479     0.016523857     0.064186336    
