                                    "Force Report"

Forces
                          Forces [N]                                                                                                                                Coefficients                                                                                                                             
Zone                      Pressure                                      Viscous                                       Total                                         Pressure                                      Viscous                                       Total                                        
jidi                      (1145.8031 9.0181411e-07 0.00043572922)       (3.1882056e-08 0.0022365577 0.00466252)       (1145.8031 0.0022374595 0.0050982492)         (1.4820469 1.1664577e-09 5.6359697e-07)       (4.1238066e-11 2.892891e-06 6.0307687e-06)    (1.4820469 2.8940575e-06 6.5943657e-06)      
jishen                    (9091.2242 -0.13393303 -12495.116)            (1.2115207 -0.049264459 0.099331155)          (9092.4357 -0.18319749 -12495.017)            (11.759107 -0.00017323661 -16.161895)         (0.0015670498 -6.3721455e-05 0.00012848057)   (11.760674 -0.00023695806 -16.161766)        
jitou                     (-11262.305 -7.4176367 32.210358)             (1.1022815 -0.087181955 0.37684748)           (-11261.203 -7.5048186 32.587205)             (-14.567307 -0.0095943934 0.04166271)         (0.0014257537 -0.0001127661 0.00048743597)    (-14.565881 -0.0097071595 0.042150146)       
liangan                   (-81.370273 -0.18762757 -3061.5005)           (1.3250427 -0.026326096 0.22211741)           (-80.04523 -0.21395367 -3061.2784)            (-0.10524894 -0.00024268818 -3.959919)        (0.0017138856 -3.4051671e-05 0.00028729929)   (-0.10353506 -0.00027673985 -3.9596317)      
waiyi                     (-250.02003 -0.11538489 2019.2392)            (2.6431899 -0.24394873 0.9642095)             (-247.37684 -0.35933361 2020.2034)            (-0.32339014 -0.00014924538 2.6117989)        (0.0034188522 -0.00031553717 0.0012471634)    (-0.31997129 -0.00046478254 2.6130461)       
weiyi                     (39.863256 -8.7701798 610.34069)              (1.0900662 -0.092073065 0.20073576)           (40.953322 -8.8622529 610.54143)              (0.051561403 -0.01134385 0.78944938)          (0.0014099537 -0.00011909254 0.00025964306)   (0.052971357 -0.011462942 0.78970903)        
xiaoyi                    (154.1829 -0.39031326 -364.945)               (0.3557613 -0.026342716 0.10297531)           (154.53867 -0.41665598 -364.84202)            (0.19942894 -0.00050485338 -0.47204063)       (0.00046016191 -3.4073168e-05 0.00013319413)  (0.1998891 -0.00053892655 -0.47190743)       
youfuyi                   (0.47393952 -0.8647141 27.134035)             (0.14848211 -0.0034473733 0.047766575)        (0.62242164 -0.86816147 27.181802)            (0.00061302035 -0.0011184704 0.035096706)     (0.00019205522 -4.4590289e-06 6.1784007e-05)  (0.00080507557 -0.0011229294 0.03515849)     
youweiduo                 (-0.63799642 1.463136 2.5641123)              (0.12072316 -0.028683514 0.029051482)         (-0.51727327 1.4344525 2.5931638)             (-0.00082522088 0.0018925034 0.0033165688)    (0.0001561502 -3.710089e-05 3.757684e-05)     (-0.00066907068 0.0018554025 0.0033541456)   
zhongyangyi               (1014.3398 0.0036085172 14381.47)             (1.554888 -0.064515503 0.40805194)            (1015.8947 -0.060906986 14381.879)            (1.3120048 4.6674615e-06 18.601812)           (0.0020111806 -8.3448023e-05 0.0005277976)    (1.314016 -7.8780562e-05 18.60234)           
zuofuyi                   (0.46230068 0.8744818 26.455751)              (0.14155143 -0.051281351 0.048669901)         (0.6038521 0.82320045 26.504421)              (0.000597966 0.0011311045 0.034219374)        (0.00018309067 -6.6330218e-05 6.295242e-05)   (0.00078105667 0.0010647743 0.034282327)     
zuoweiduo                 (-0.4099143 -4.79222 8.1320315)               (0.11331898 -0.0068594011 0.020835542)        (-0.29659532 -4.7990794 8.1528671)            (-0.00053020648 -0.0061985301 0.010518432)    (0.00014657322 -8.8723397e-06 2.6949876e-05)  (-0.00038363326 -0.0062074025 0.010545382)   
------------------------- --------------------------------------------- --------------------------------------------- --------------------------------------------- --------------------------------------------- --------------------------------------------- ---------------------------------------------
Net                       (-148.39415 -20.330782 1185.9853)             (9.806826 -0.6776876 2.5252546)               (-138.58732 -21.00847 1188.5105)              (-0.19194143 -0.026296991 1.5340208)          (0.012684707 -0.00087655971 0.003266308)      (-0.17925673 -0.02717355 1.5372871)          

Forces - Direction Vector (0.96793213 -0.069756474 0.24133259)
                          Forces [N]                                      Coefficients                                   
Zone                      Pressure        Viscous         Total           Pressure        Viscous         Total          
jidi                      1109.0597       0.00096923449   1109.0607       1.4345209       1.253663e-06    1.4345222      
jishen                    5784.2186       1.2000782       5785.4187       7.4816376       0.0015522494    7.4831898      
jitou                     -10892.856      1.1639608       -10891.692      -14.08944       0.0015055331    -14.087935     
liangan                   -817.58764      1.337992        -816.24965      -1.0575144      0.0017306349    -1.0557837     
waiyi                     245.31385       2.8081406       248.12199       0.31730289      0.0036322088    0.3209351      
weiyi                     186.4918        1.1099769       187.60178       0.24121911      0.0014357073    0.24265481     
xiaoyi                    61.192695       0.37104166      61.563736       0.079150114     0.0004799264    0.07963004     
youfuyi                   7.0673877       0.15548872      7.2228764       0.0091413614    0.00020111796   0.0093424793   
youweiduo                 -0.10079659     0.12586375      0.02506716      -0.00013037605  0.00016279934   3.2423291e-05  
zhongyangyi               4452.5293       1.6080027       4454.1373       5.7591548       0.0020798822    5.7612346      
zuofuyi                   6.7711098       0.15233501      6.9234448       0.0087581387    0.00019703878   0.0089551775   
zuoweiduo                 1.9000433       0.11519187      2.0152352       0.0024576242    0.00014899572   0.0026066199   
------------------------- --------------- --------------- --------------- --------------- --------------- ---------------
Net                       143.99963       10.149041       154.14867       0.18625732      0.013127348     0.19938466     
