                                    "Force Report"

Forces
                          Forces [N]                                                                                                                                Coefficients                                                                                                                             
Zone                      Pressure                                      Viscous                                       Total                                         Pressure                                      Viscous                                       Total                                        
jidi                      (1145.2371 -1.014004e-07 0.00043563135)       (2.3457386e-08 0.0014553705 0.0033526784)     (1145.2371 0.0014552691 0.0037883097)         (1.4813149 -1.3115705e-10 5.6347038e-07)      (3.0341118e-11 1.882459e-06 4.336545e-06)     (1.4813149 1.8823278e-06 4.9000154e-06)      
jishen                    (9086.5942 0.80132886 -12497.864)             (1.1486072 -0.052870451 0.034606365)          (9087.7428 0.74845841 -12497.829)             (11.753118 0.0010364843 -16.165448)           (0.0014856739 -6.838565e-05 4.4761842e-05)    (11.754604 0.0009680987 -16.165404)          
jitou                     (-11257.595 -6.636311 22.234807)              (1.1393986 -0.084512678 0.24525925)           (-11256.456 -6.7208236 22.480066)             (-14.561215 -0.0085837823 0.028759764)        (0.001473763 -0.00010931351 0.00031723227)    (-14.559741 -0.0086930958 0.029076997)       
liangan                   (-81.084657 -0.3126783 -3069.0632)            (1.1799195 -0.038964065 0.12650116)           (-79.904738 -0.35164237 -3068.9367)           (-0.10487951 -0.00040443591 -3.969701)        (0.001526175 -5.0398339e-05 0.0001636238)     (-0.10335334 -0.00045483425 -3.9695374)      
waiyi                     (-194.09801 -0.10276658 1942.8888)            (3.8114378 -0.25739539 0.82408629)            (-190.28657 -0.36016196 1943.7128)            (-0.25105741 -0.00013292414 2.5130429)        (0.0049299306 -0.00033292984 0.0010659201)    (-0.24612748 -0.00046585398 2.5141088)       
weiyi                     (43.448236 -13.308355 586.09392)              (1.3860539 -0.086760662 0.09107746)           (44.83429 -13.395116 586.185)                 (0.056198421 -0.017213784 0.75808723)         (0.001792801 -0.00011222118 0.00011780477)    (0.057991222 -0.017326005 0.75820503)        
xiaoyi                    (153.46974 -0.52135051 -367.6375)             (0.35450385 -0.024355801 0.058777733)         (153.82424 -0.54570631 -367.57873)            (0.19850649 -0.00067434442 -0.47552327)       (0.00045853546 -3.1503179e-05 7.6026464e-05)  (0.19896502 -0.0007058476 -0.47544724)       
youfuyi                   (-0.17408076 -0.70228132 20.323164)           (0.14802604 -0.01132376 0.037533141)          (-0.02605472 -0.71360508 20.360697)           (-0.00022516596 -0.00090837062 0.026287137)   (0.00019146531 -1.4646796e-05 4.8547501e-05)  (-3.3700657e-05 -0.00092301742 0.026335685)  
youweiduo                 (-0.88701185 0.70634987 1.2702976)            (0.14789423 -0.017934069 0.012180494)         (-0.73911762 0.6884158 1.2824781)             (-0.0011473116 0.00091363312 0.0016430753)    (0.00019129481 -2.3196945e-05 1.5754945e-05)  (-0.0009560168 0.00089043617 0.0016588302)   
zhongyangyi               (1026.2053 0.029022114 14354.636)             (2.1674674 -0.078899865 0.38587226)           (1028.3728 -0.049877751 14355.022)            (1.3273523 3.7538854e-05 18.567103)           (0.0028035257 -0.00010205358 0.00049910913)   (1.3301559 -6.4514721e-05 18.567603)         
zuofuyi                   (-0.020666304 0.68862189 19.510921)           (0.15074244 -0.033830721 0.035491324)         (0.13007613 0.65479117 19.546413)             (-2.6730974e-05 0.00089070274 0.025236536)    (0.00019497884 -4.375858e-05 4.5906498e-05)   (0.00016824787 0.00084694416 0.025282443)    
zuoweiduo                 (-0.51218145 -2.9957636 5.1697864)            (0.11728193 -0.0099841841 0.0090047407)       (-0.39489952 -3.0057478 5.1787911)            (-0.00066248464 -0.0038748912 0.0066868959)   (0.00015169912 -1.2914112e-05 1.1647244e-05)  (-0.00051078552 -0.0038878053 0.0066985432)  
------------------------- --------------------------------------------- --------------------------------------------- --------------------------------------------- --------------------------------------------- --------------------------------------------- ---------------------------------------------
Net                       (-79.41748 -22.354184 1017.5638)              (11.751333 -0.69537627 1.8637429)             (-67.666147 -23.04956 1019.4275)              (-0.10272309 -0.028914173 1.3161749)          (0.015199843 -0.00089943924 0.0024106711)     (-0.087523245 -0.029813612 1.3185856)        

Forces - Direction Vector (0.98785583 -0.069756474 0.13883408)
                          Forces [N]                                      Coefficients                                   
Zone                      Pressure        Viscous         Total           Pressure        Viscous         Total          
jidi                      1131.3292       0.00036396769   1131.3296       1.4633256       4.7077652e-07   1.4633261      
jishen                    7241.0596       1.1431509       7242.2028       9.3659986       0.0014786164    9.3674772      
jitou                     -11117.331      1.1655072       -11116.166      -14.379789      0.0015075333    -14.378281     
liangan                   -506.16871      1.185871        -504.98284      -0.65470741     0.001533873     -0.65317354    
waiyi                     78.005493       3.8975173       81.903011       0.10089674      0.0050412707    0.10593802     
weiyi                     125.21875       1.3879182       126.60667       0.16196506      0.0017952124    0.16376027     
xiaoyi                    100.60172       0.36005802      100.96178       0.13012399      0.00046571954   0.13058971     
youfuyi                   2.6985698       0.15222917      2.850799        0.0034904838    0.00019690187   0.0036873857   
youweiduo                 -0.7491517      0.14904026      -0.60011144     -0.00096899544  0.00019277716   -0.00077621828 
zhongyangyi               3006.6536       2.2002213       3008.8538       3.8889769       0.0028458914    3.8918228      
zuofuyi                   2.6403297       0.15619911      2.7965288       0.0034151527    0.00020203682   0.0036171895   
zuoweiduo                 0.42075503      0.11780427      0.53855929      0.00054422849   0.00015237474   0.00069660323  
------------------------- --------------- --------------- --------------- --------------- --------------- ---------------
Net                       64.378861       11.915881       76.294741       0.083271282     0.015412678     0.09868396     
