                                    "Force Report"

Forces
                          Forces [N]                                                                                                                                Coefficients                                                                                                                             
Zone                      Pressure                                      Viscous                                       Total                                         Pressure                                      Viscous                                       Total                                        
jidi                      (1145.5995 -7.8296154e-08 0.00043582539)      (3.056683e-08 0.0017958357 0.003284884)       (1145.5995 0.0017957574 0.0037207094)         (1.4817836 -1.012727e-10 5.6372136e-07)       (3.9536877e-11 2.322836e-06 4.2488559e-06)    (1.4817836 2.3227348e-06 4.8125773e-06)      
jishen                    (9089.1547 0.58210025 -12494.639)             (1.1856267 -0.046579954 0.075993283)          (9090.3404 0.53552029 -12494.563)             (11.75643 0.00075292159 -16.161277)           (0.001533557 -6.0249163e-05 9.8294037e-05)    (11.757964 0.00069267242 -16.161179)         
jitou                     (-11261.608 -6.6865341 30.11227)              (1.1222169 -0.084959361 0.33901365)           (-11260.486 -6.7714934 30.451284)             (-14.566405 -0.0086487437 0.038948924)        (0.0014515392 -0.00010989127 0.00043849955)   (-14.564954 -0.008758635 0.039387423)        
liangan                   (-81.224742 -0.021355402 -3064.3574)          (1.2830524 -0.02527854 0.18654847)            (-79.94169 -0.046633942 -3064.1709)           (-0.1050607 -2.7622293e-05 -3.9636143)        (0.001659573 -3.2696702e-05 0.0002412924)     (-0.10340113 -6.0318995e-05 -3.963373)       
waiyi                     (-231.95137 -0.078873072 1998.8617)           (3.0070474 -0.24520711 0.96388952)            (-228.94433 -0.32408018 1999.8256)            (-0.30001911 -0.00010201892 2.5854415)        (0.0038894863 -0.00031716483 0.0012467496)    (-0.29612962 -0.00041918375 2.5866883)       
weiyi                     (37.801233 -13.354535 611.61066)              (1.2828098 -0.083733813 0.17134947)           (39.084043 -13.438268 611.78201)              (0.048894266 -0.017273515 0.79109203)         (0.0016592592 -0.00010830608 0.00022163315)   (0.050553525 -0.017381821 0.79131367)        
xiaoyi                    (154.07712 -0.60180758 -365.76148)            (0.36369705 -0.025976902 0.090637568)         (154.44081 -0.62778449 -365.67085)            (0.19929211 -0.00077841218 -0.47309672)       (0.00047042646 -3.3600004e-05 0.00011723579)  (0.19976254 -0.00081201218 -0.47297948)      
youfuyi                   (0.3748889 -0.84417385 25.789887)             (0.14081625 -0.0047709426 0.048468272)        (0.51570515 -0.84894479 25.838355)            (0.00048490264 -0.0010919025 0.033358107)     (0.00018213974 -6.1710087e-06 6.2691622e-05)  (0.00066704238 -0.0010980735 0.033420799)    
youweiduo                 (-0.80327389 1.0907894 1.9328142)             (0.13231067 -0.018226985 0.018530998)         (-0.67096323 1.0725625 1.9513452)             (-0.0010390002 0.0014108891 0.0025000118)     (0.00017113814 -2.3575819e-05 2.3969047e-05)  (-0.00086786202 0.0013873133 0.0025239809)   
zhongyangyi               (1011.2558 0.032795906 14386.138)             (1.8060023 -0.082333706 0.43360862)           (1013.0618 -0.0495378 14386.571)              (1.3080158 4.2420092e-05 18.607849)           (0.0023359862 -0.0001064951 0.00056085406)    (1.3103518 -6.4075009e-05 18.60841)          
zuofuyi                   (0.38005436 0.75901913 24.658661)             (0.1393762 -0.04899917 0.04707617)            (0.51943056 0.71001996 24.705737)             (0.00049158393 0.00098175853 0.031894916)     (0.00018027711 -6.3378315e-05 6.0890998e-05)  (0.00067186105 0.00091838022 0.031955807)    
zuoweiduo                 (-0.30319998 -3.3456917 5.6918952)            (0.11782884 -0.0080952842 0.012412646)        (-0.18537114 -3.353787 5.7043078)             (-0.00039217611 -0.0043275081 0.0073622212)   (0.00015240652 -1.0470901e-05 1.6055222e-05)  (-0.00023976959 -0.004337979 0.0073782764)   
------------------------- --------------------------------------------- --------------------------------------------- --------------------------------------------- --------------------------------------------- --------------------------------------------- ---------------------------------------------
Net                       (-137.24763 -22.468266 1160.0382)             (10.580785 -0.67236593 2.3908135)             (-126.66685 -23.140632 1162.429)              (-0.17752389 -0.029061733 1.5004595)          (0.013685789 -0.00086967635 0.0030924143)     (-0.16383811 -0.02993141 1.5035519)          

Forces - Direction Vector (0.97576488 -0.069756474 0.20740523)
                          Forces [N]                                      Coefficients                                   
Zone                      Pressure        Viscous         Total           Pressure        Viscous         Total          
jidi                      1117.8358       0.00055606078   1117.8364       1.4458725       7.1924065e-07   1.4458732      
jishen                    6277.384        1.1759035       6278.5599       8.1195256       0.0015209806    8.1210466      
jitou                     -10981.97       1.1712595       -10980.799      -14.204705      0.0015149738    -14.20319      
liangan                   -714.81851      1.292412        -713.5261       -0.92458694     0.0016716792    -0.92291527    
waiyi                     188.24987       3.1511918       191.40106       0.24349309      0.0040759308    0.24756902     
weiyi                     164.66793       1.2931005       165.96103       0.21299087      0.0016725697    0.21466344     
xiaoyi                    74.524174       0.37549357      74.899668       0.096393808     0.00048568475   0.096879493    
youfuyi                   5.7736474       0.14778892      5.9214363       0.0074679641    0.0001911586    0.0076591227   
youweiduo                 -0.45902032     0.13421898      -0.32480134     -0.000593723    0.00017360646   -0.00042011654 
zhongyangyi               3970.5058       1.8579097       3972.3637       5.1356782       0.0024031261    5.1380813      
zuofuyi                   5.4322324       0.14918026      5.5814127       0.0070263586    0.00019295823   0.0072193168   
zuoweiduo                 1.1180606       0.11811239      1.236173        0.0014461632    0.00015277328   0.0015989365   
------------------------- --------------- --------------- --------------- --------------- --------------- ---------------
Net                       108.24388       10.867127       119.11101       0.1400088       0.014056161     0.15406496     
