                                    "Force Report"

Forces
                          Forces [N]                                                                                                                                Coefficients                                                                                                                             
Zone                      Pressure                                      Viscous                                       Total                                         Pressure                                      Viscous                                       Total                                        
jidi                      (1145.0637 -2.8712442e-07 0.00043574596)      (1.5268246e-09 -0.00068788666 -0.00033320304) (1145.0637 -0.00068817378 0.00010254292)      (1.4810906 -3.7138307e-10 5.6361862e-07)      (1.9748818e-12 -8.8975175e-07 -4.3098377e-07) (1.4810906 -8.9012313e-07 1.3263485e-07)     
jishen                    (9084.1446 1.6546737 -12504.038)              (1.1608554 -0.12791922 -0.035375113)          (9085.3055 1.5267545 -12504.073)              (11.74995 0.0021402491 -16.173434)            (0.0015015165 -0.000165458 -4.5756184e-05)    (11.751451 0.0019747911 -16.17348)           
jitou                     (-11251.487 -13.579359 7.363062)              (1.1505078 -0.16903 0.092177898)              (-11250.336 -13.748389 7.4552399)             (-14.553313 -0.017564315 0.0095238034)        (0.0014881323 -0.00021863302 0.00011922814)   (-14.551825 -0.017782948 0.0096430316)       
liangan                   (-81.051677 -1.7754902 -3075.8689)            (1.1180635 -0.12919317 0.025201652)           (-79.933613 -1.9046834 -3075.8437)            (-0.10483685 -0.00229652 -3.9785038)          (0.001446167 -0.0001671058 3.2597251e-05)     (-0.10339068 -0.0024636258 -3.9784713)       
waiyi                     (-142.29418 -0.23601204 1749.9375)            (4.3936729 -0.53402364 0.42434605)            (-137.90051 -0.77003567 1750.3619)            (-0.18405139 -0.0003052714 2.2634688)         (0.0056830265 -0.00069073656 0.00054887334)   (-0.17836836 -0.00099600796 2.2640177)       
weiyi                     (45.468163 -23.144719 542.38675)              (1.497465 -0.20283166 -0.012969421)           (46.965628 -23.347551 542.37378)              (0.05881111 -0.029936697 0.70155388)          (0.0019369064 -0.00026235402 -1.6775387e-05)  (0.060748016 -0.030199051 0.70153711)        
xiaoyi                    (152.07245 -0.77317927 -370.42472)            (0.3259459 -0.041699166 0.012114869)          (152.3984 -0.81487844 -370.41261)             (0.19669917 -0.0010000741 -0.47912841)        (0.00042159698 -5.3936075e-05 1.5670061e-05)  (0.19712076 -0.0010540101 -0.47911274)       
youfuyi                   (-0.75409479 -0.53729635 14.887296)           (0.16759023 -0.04666221 0.021275223)          (-0.58650455 -0.58395856 14.908571)           (-0.00097538911 -0.00069496968 0.019256075)   (0.00021677075 -6.0355558e-05 2.7518584e-05)  (-0.00075861837 -0.00075532524 0.019283594)  
youweiduo                 (-0.93647238 -0.17618551 -0.26540583)         (0.15416416 -0.033500367 0.011563952)         (-0.78230823 -0.20968588 -0.25384187)         (-0.0012112867 -0.00022788837 -0.000343291)   (0.00019940469 -4.3331281e-05 1.4957474e-05)  (-0.001011882 -0.00027121965 -0.00032833353) 
zhongyangyi               (1050.8045 -0.011273079 14248.626)            (2.5547909 -0.233524 0.16738153)              (1053.3593 -0.24479708 14248.793)             (1.3591703 -1.4581241e-05 18.429984)          (0.0033045119 -0.00030205323 0.0002165008)    (1.3624748 -0.00031663447 18.4302)           
zuofuyi                   (-0.77802362 0.56546545 14.701921)            (0.17458864 -0.046069093 0.020846375)         (-0.60343498 0.51939636 14.722768)            (-0.00100634 0.00073140519 0.019016301)       (0.00022582289 -5.9588386e-05 2.6963887e-05)  (-0.00078051714 0.00067181681 0.019043265)   
zuoweiduo                 (-0.71597894 -2.7654295 4.830937)             (0.12866136 -0.028386145 -0.0056112696)       (-0.58731759 -2.7938156 4.8253257)            (-0.00092608791 -0.0035769639 0.0062486088)   (0.00016641792 -3.6716256e-05 -7.2579355e-06) (-0.00075966999 -0.0036136801 0.0062413508)  
------------------------- --------------------------------------------- --------------------------------------------- --------------------------------------------- --------------------------------------------- --------------------------------------------- ---------------------------------------------
Net                       (-0.46358708 -40.778805 632.13693)            (12.826306 -1.5935266 0.72061855)             (12.362719 -42.372331 632.85754)              (-0.00059962992 -0.052745627 0.81764187)      (0.016590274 -0.0020611579 0.00093208904)     (0.015990644 -0.054806785 0.81857396)        

Forces - Direction Vector (0.98966482 -0.1391731 0.034559857)
                          Forces [N]                                      Coefficients                                   
Zone                      Pressure        Viscous         Total           Pressure        Viscous         Total          
jidi                      1133.2293       8.4221381e-05   1133.2294       1.4657833       1.0893673e-07   1.4657834      
jishen                    8557.8904       1.1654381       8559.0558       11.069262       0.001507444     11.07077       
jitou                     -11133.056      1.1653272       -11131.891      -14.400128      0.0015073006    -14.398621     
liangan                   -186.26848      1.1253593       -185.14312      -0.24093025     0.0014556038    -0.23947465    
waiyi                     -80.313108      4.4372506       -75.875858      -0.10388154     0.0057393924    -0.098142152   
weiyi                     66.964173       1.5097689       68.473942       0.086615272     0.001952821     0.088568093    
xiaoyi                    137.80654       0.32879928      138.13534       0.17824682      0.0004252877    0.17867211     
youfuyi                   -0.15702108     0.17308755      0.016066477     -0.0002031      0.00022388129   2.0781295e-05  
youweiduo                 -0.91144588     0.15763284      -0.75381304     -0.001178916    0.00020389129   -0.00097502468 
zhongyangyi               1532.3763       2.5666716       1534.9429       1.9820627       0.0033198791    1.9853826      
zuofuyi                   -0.3405839      0.17991626      -0.16066763     -0.00044053059  0.00023271394   -0.00020781666 
zuoweiduo                 -0.15674929     0.13108828      -0.025661003    -0.00020274845  0.00016955704   -3.3191402e-05 
------------------------- --------------- --------------- --------------- --------------- --------------- ---------------
Net                       27.063079       12.940424       40.003503       0.035004926     0.016737881     0.051742807    
