                                    "Force Report"

Forces
                          Forces [N]                                                                                                                                Coefficients                                                                                                                             
Zone                      Pressure                                      Viscous                                       Total                                         Pressure                                      Viscous                                       Total                                        
jidi                      (1145.3282 -1.8509795e-07 0.00043574478)      (2.4774955e-08 0.0014749608 0.0024132364)     (1145.3282 0.0014747757 0.0028489812)         (1.4814327 -2.3941622e-10 5.6361709e-07)      (3.2045337e-11 1.9077982e-06 3.1214173e-06)   (1.4814327 1.9075588e-06 3.6850344e-06)      
jishen                    (9087.8706 1.0605985 -12495.963)              (1.1654883 -0.049027786 0.055387721)          (9089.0361 1.0115707 -12495.908)              (11.754769 0.0013718385 -16.16299)            (0.0015075089 -6.3415329e-05 7.164163e-05)    (11.756277 0.0013084232 -16.162918)          
jitou                     (-11259.628 -6.6395493 26.302198)             (1.131521 -0.084701606 0.29278441)            (-11258.496 -6.7242509 26.594983)             (-14.563843 -0.008587971 0.03402076)          (0.0014635736 -0.00010955788 0.00037870401)   (-14.56238 -0.0086975288 0.034399464)        
liangan                   (-81.129876 -0.17993563 -3066.8193)           (1.2303788 -0.031124051 0.15555385)           (-79.899497 -0.21105968 -3066.6637)           (-0.104938 -0.00023273898 -3.9667986)         (0.001591442 -4.0257618e-05 0.00020120221)    (-0.10334656 -0.0002729966 -3.9665974)       
waiyi                     (-211.68034 -0.046572754 1969.6436)           (3.3986099 -0.25000812 0.9063281)             (-208.28173 -0.29658087 1970.5499)            (-0.2737994 -6.0239851e-05 2.5476491)         (0.0043959554 -0.00032337472 0.0011722963)    (-0.26940344 -0.00038361458 2.5488214)       
weiyi                     (40.90649 -13.762751 599.60842)               (1.3486696 -0.078854012 0.1247563)            (42.25516 -13.841605 599.73318)               (0.052910783 -0.017801525 0.77556766)         (0.001744446 -0.00010199427 0.00016136689)    (0.054655229 -0.017903519 0.77572902)        
xiaoyi                    (153.82706 -0.55712607 -366.72546)            (0.36177004 -0.02545952 0.074820863)          (154.18883 -0.58258559 -366.65064)            (0.19896868 -0.00072061857 -0.47434358)       (0.00046793395 -3.2930792e-05 9.6777563e-05)  (0.19943661 -0.00075354936 -0.4742468)       
youfuyi                   (0.11338777 -0.80902696 23.899913)            (0.13844429 -0.006932719 0.046363208)         (0.25183207 -0.81595968 23.946276)            (0.0001466622 -0.0010464415 0.030913507)      (0.00017907173 -8.9671732e-06 5.9968811e-05)  (0.00032573392 -0.0010554087 0.030973476)    
youweiduo                 (-0.86049455 0.88638017 1.583264)             (0.14286466 -0.016211259 0.013836782)         (-0.71762989 0.87016891 1.5971008)            (-0.0011130126 0.0011464946 0.0020478838)     (0.00018478928 -2.0968565e-05 1.7897281e-05)  (-0.00092822334 0.001125526 0.0020657811)    
zhongyangyi               (1018.6667 0.037987359 14373.389)             (1.9825652 -0.090203718 0.41526558)           (1020.6492 -0.052216358 14373.805)            (1.3176014 4.9135012e-05 18.59136)            (0.0025643627 -0.00011667462 0.00053712813)   (1.3201658 -6.753961e-05 18.591897)          
zuofuyi                   (0.20527357 0.71794159 22.462661)             (0.14213299 -0.043027646 0.043225741)         (0.34740656 0.67491394 22.505887)             (0.00026551252 0.00092862651 0.029054485)     (0.0001838429 -5.5654406e-05 5.5910634e-05)   (0.00044935541 0.0008729721 0.029110395)     
zuoweiduo                 (-0.40913701 -3.2137646 5.5034941)            (0.11726556 -0.0087874565 0.01111644)         (-0.29187145 -3.2225521 5.5146106)            (-0.00052920109 -0.004156866 0.0071185325)    (0.00015167795 -1.1366196e-05 1.4378636e-05)  (-0.00037752314 -0.0041682322 0.0071329111)  
------------------------- --------------------------------------------- --------------------------------------------- --------------------------------------------- --------------------------------------------- --------------------------------------------- ---------------------------------------------
Net                       (-106.78978 -22.505818 1092.8853)             (11.15971 -0.68286293 2.1418522)              (-95.630071 -23.188681 1095.0271)             (-0.13812798 -0.029110306 1.4136)             (0.014434604 -0.00088325377 0.0027703936)     (-0.12369338 -0.02999356 1.4163704)          

Forces - Direction Vector (0.98240881 -0.069756474 0.17322518)
                          Forces [N]                                      Coefficients                                   
Zone                      Pressure        Viscous         Total           Pressure        Viscous         Total          
jidi                      1125.1806       0.00031516958   1125.1809       1.4553726       4.0765827e-07   1.455373       
jishen                    6763.3147       1.1580005       6764.4727       8.7480561       0.0014978238    8.7495539      
jitou                     -11056.538      1.1682423       -11055.37       -14.301155      0.0015110711    -14.299644     
liangan                   -610.94047      1.2378519       -609.70262      -0.79022517     0.0016011081    -0.78862406    
waiyi                     133.23848       3.5132628       136.75174       0.17233823      0.0045442541    0.17688249     
weiyi                     145.01421       1.3520564       146.36627       0.18756964      0.0017488267    0.18931846     
xiaoyi                    87.633842       0.37014289      88.003985       0.1133506       0.00047876388   0.11382936     
youfuyi                   4.3078947       0.14452377      4.4524185       0.0055720762    0.00018693527   0.0057590114   
youweiduo                 -0.63292699     0.14387922      -0.48904776     -0.00081866378  0.00018610157   -0.00063256221 
zhongyangyi               3490.5774       2.0259163       3492.6033       4.5149114       0.0026204354    4.5175319      
zuofuyi                   4.04268         0.15012195      4.192802        0.0052290324    0.00019417627   0.0054232087   
zuoweiduo                 0.77558484      0.11774135      0.89332619      0.0010031856    0.00015229336   0.0011554789   
------------------------- --------------- --------------- --------------- --------------- --------------- ---------------
Net                       85.973955       11.382055       97.35601        0.11120361      0.014722197     0.1259258      
