                                    "Force Report"

Moments - Moment Center (0 0 0.05)
                          Moments [N m]                                                                                                                             Coefficients                                                                                                                             
Zone                      Pressure                                      Viscous                                       Total                                         Pressure                                      Viscous                                       Total                                        
jidi                      (-7.2125151e-09 -22.924934 0.0074589092)      (8.5622455e-05 -0.0029759918 0.002341127)     (8.5615242e-05 -22.92791 0.0098000362)        (-2.5580142e-11 -0.081306322 2.6454011e-05)   (3.036714e-07 -1.055475e-05 8.3031177e-06)    (3.0364582e-07 -0.081316877 3.4757129e-05)   
jishen                    (-0.034768351 -230.09184 2.4531526)           (-0.015998169 -0.071777589 0.011503513)       (-0.05076652 -230.16362 2.4646561)            (-0.00012331057 -0.81605124 0.0087004312)     (-5.6739628e-05 -0.00025456874 4.0798736e-05) (-0.0001800502 -0.81630581 0.00874123)       
jitou                     (-0.87423188 555.30986 8.6251134)             (-0.0092881892 0.15081368 0.10887061)         (-0.88352007 555.46068 8.733984)              (-0.0031005794 1.9694801 0.030590109)         (-3.2941796e-05 0.00053488074 0.00038612407)  (-0.0031335212 1.970015 0.030976233)         
liangan                   (0.20503376 650.55136 -1.7350292)             (-0.0023112206 0.13342729 0.021238413)        (0.20272254 650.68479 -1.7137908)             (0.00072717945 2.3072667 -0.0061535112)       (-8.1970507e-06 0.00047321758 7.532485e-05)   (0.0007189824 2.30774 -0.0060781864)         
waiyi                     (13.305136 -45.800292 -0.92181372)            (0.080412512 0.47679265 -0.072379372)         (13.385548 -45.3235 -0.99419309)              (0.047188429 -0.16243681 -0.0032693347)       (0.00028519365 0.0016910084 -0.00025670305)   (0.047473623 -0.16074581 -0.0035260377)      
weiyi                     (-9.2475714 -763.06419 -27.932542)            (0.056116211 0.20377544 -0.28354965)          (-9.1914551 -762.86041 -28.216091)            (-0.032797739 -2.7063084 -0.099066466)        (0.00019902359 0.00072271664 -0.0010056465)   (-0.032598715 -2.7055857 -0.10007211)        
xiaoyi                    (13.658426 55.751245 -0.89819172)             (0.10482552 0.034041795 -0.027604673)         (13.763252 55.785287 -0.92579639)             (0.048441421 0.19772919 -0.0031855561)        (0.00037177763 0.00012073374 -9.7903634e-05)  (0.048813199 0.19784992 -0.0032834598)       
youfuyi                   (30.412012 -4.295199 -0.49717792)             (0.061701179 0.0077608078 -0.16520768)        (30.473713 -4.2874382 -0.6623856)             (0.10786024 -0.015233493 -0.0017633075)       (0.00021883142 2.7524735e-05 -0.00058593096)  (0.10807907 -0.015205968 -0.0023492384)      
youweiduo                 (0.16739232 -2.4364061 1.5420478)             (0.014157152 0.012906168 -0.090194726)        (0.18154947 -2.4235 1.4518531)                (0.00059367906 -0.0086410376 0.0054690773)    (5.0210217e-05 4.5773438e-05 -0.00031988756)  (0.00064388928 -0.0085952642 0.0051491897)   
zhongyangyi               (5.1070586 -274.22411 -0.37211312)            (0.0071239618 0.28456342 -0.023355929)        (5.1141826 -273.93955 -0.39546905)            (0.018112861 -0.97257221 -0.0013197485)       (2.5266076e-05 0.0010092419 -8.2834902e-05)   (0.018138127 -0.97156297 -0.0014025834)      
zuofuyi                   (-29.126579 -4.1248058 0.46603011)            (-0.049060909 0.0086784839 0.1506648)         (-29.17564 -4.1161273 0.61669491)             (-0.10330128 -0.014629171 0.0016528376)       (-0.00017400102 3.0779395e-05 0.00053435271)  (-0.10347528 -0.014598392 0.0021871903)      
zuoweiduo                 (-1.1247273 -7.7893726 -4.6337373)            (0.0065134004 0.028348089 0.0095088796)       (-1.1182139 -7.7610245 -4.6242285)            (-0.0039889947 -0.027626044 -0.016434164)     (2.3100639e-05 0.00010054026 3.3724503e-05)   (-0.003965894 -0.027525503 -0.01640044)      
------------------------- --------------------------------------------- --------------------------------------------- --------------------------------------------- --------------------------------------------- --------------------------------------------- ---------------------------------------------
Net                       (22.44718 -93.138679 -23.896802)              (0.25427708 1.2663542 -0.35816469)            (22.701457 -91.872325 -24.254967)             (0.079611903 -0.33032868 -0.084753179)        (0.00090182739 0.0044912934 -0.0012702786)    (0.080513731 -0.32583739 -0.086023457)       

Moments - Moment Center (0 0 0.05) Moment Axis (0 1 0)
                          Moments [N m]                                   Coefficients                                   
Zone                      Pressure        Viscous         Total           Pressure        Viscous         Total          
jidi                      -22.924934      -0.0029759918   -22.92791       -0.081306322    -1.055475e-05   -0.081316877   
jishen                    -230.09184      -0.071777589    -230.16362      -0.81605124     -0.00025456874  -0.81630581    
jitou                     555.30986       0.15081368      555.46068       1.9694801       0.00053488074   1.970015       
liangan                   650.55136       0.13342729      650.68479       2.3072667       0.00047321758   2.30774        
waiyi                     -45.800292      0.47679265      -45.3235        -0.16243681     0.0016910084    -0.16074581    
weiyi                     -763.06419      0.20377544      -762.86041      -2.7063084      0.00072271664   -2.7055857     
xiaoyi                    55.751245       0.034041795     55.785287       0.19772919      0.00012073374   0.19784992     
youfuyi                   -4.295199       0.0077608078    -4.2874382      -0.015233493    2.7524735e-05   -0.015205968   
youweiduo                 -2.4364061      0.012906168     -2.4235         -0.0086410376   4.5773438e-05   -0.0085952642  
zhongyangyi               -274.22411      0.28456342      -273.93955      -0.97257221     0.0010092419    -0.97156297    
zuofuyi                   -4.1248058      0.0086784839    -4.1161273      -0.014629171    3.0779395e-05   -0.014598392   
zuoweiduo                 -7.7893726      0.028348089     -7.7610245      -0.027626044    0.00010054026   -0.027525503   
------------------------- --------------- --------------- --------------- --------------- --------------- ---------------
Net                       -93.138679      1.2663542       -91.872325      -0.33032868     0.0044912934    -0.32583739    
