                                    "Force Report"

Moments - Moment Center (0 0 0.05)
                          Moments [N m]                                                                                                                             Coefficients                                                                                                                             
Zone                      Pressure                                      Viscous                                       Total                                         Pressure                                      Viscous                                       Total                                        
jidi                      (-1.3570481e-08 -22.906334 0.0026005021)      (4.6668407e-05 -0.0018845275 0.00086060833)   (4.6654837e-05 -22.908218 0.0034611104)       (-4.8129513e-11 -0.081240352 9.2230257e-06)   (1.655157e-07 -6.6837269e-06 3.0522617e-06)   (1.6546757e-07 -0.081247036 1.2275287e-05)   
jishen                    (0.059882158 -229.51657 0.79072774)           (-0.011208839 -0.065320588 -0.0014594688)     (0.048673318 -229.58189 0.78926827)           (0.00021238002 -0.81401098 0.0028044209)      (-3.9753636e-05 -0.00023166813 -5.1761996e-06) (0.00017262638 -0.81424265 0.0027992447)     
jitou                     (-0.42641125 548.2539 4.2095935)              (-0.0045835082 0.062922277 0.053484511)       (-0.43099476 548.31682 4.263078)              (-0.0015123241 1.9444552 0.014929882)         (-1.625602e-05 0.0002231622 0.00018968992)    (-0.0015285801 1.9446784 0.015119572)        
liangan                   (0.37140936 648.30692 -0.67607482)            (0.0066191077 0.12051153 0.0017421093)        (0.37802847 648.42743 -0.67433271)            (0.0013172526 2.2993065 -0.0023977891)        (2.3475544e-05 0.00042741014 6.1786216e-06)   (0.0013407281 2.2997339 -0.0023916104)       
waiyi                     (3.5686829 -45.141472 -0.41062885)            (0.033840337 0.62936981 -0.015781901)         (3.6025232 -44.512102 -0.42641075)            (0.012656807 -0.16010022 -0.0014563497)       (0.00012001925 0.0022321436 -5.5972608e-05)   (0.012776827 -0.15786808 -0.0015123223)      
weiyi                     (-5.4016703 -720.58958 -17.186133)            (0.027913211 0.3676208 -0.14550388)           (-5.3737571 -720.22196 -17.331636)            (-0.019157741 -2.5556666 -0.0609529)          (9.8997908e-05 0.001303816 -0.0005160488)     (-0.019058743 -2.5543627 -0.061468948)       
xiaoyi                    (4.6376118 55.925807 -0.10891522)             (0.044150136 0.037731605 -0.014411565)        (4.6817619 55.963538 -0.12332678)             (0.016447906 0.19834829 -0.00038628228)       (0.00015658432 0.00013382015 -5.1112529e-05)  (0.01660449 0.19848211 -0.00043739481)       
youfuyi                   (21.62533 -3.1160899 0.42010135)              (0.040793993 0.012015082 -0.18484959)         (21.666124 -3.1040749 0.23525176)             (0.076697101 -0.011051626 0.0014899452)       (0.00014468131 4.2613082e-05 -0.0006555936)   (0.076841782 -0.011009013 0.00083435158)     
youweiduo                 (0.096218411 -1.4517951 0.97978753)           (0.0083567049 0.030429689 -0.080964094)       (0.10457512 -1.4213654 0.89882344)            (0.00034125136 -0.0051489838 0.0034749465)    (2.9638163e-05 0.00010792293 -0.0002871499)   (0.00037088953 -0.0050410609 0.0031877966)   
zhongyangyi               (2.7521339 -274.85782 0.70398799)             (0.010207645 0.3528733 -0.012157398)          (2.7623416 -274.50495 0.69183059)             (0.0097608082 -0.97481973 0.0024967868)       (3.6202768e-05 0.001251512 -4.3117824e-05)    (0.0097970109 -0.97356822 0.002453669)       
zuofuyi                   (-21.083269 -3.0366551 -0.31986455)           (-0.034223177 0.012906884 0.18019446)         (-21.117492 -3.0237482 -0.13967008)           (-0.074774611 -0.0107699 -0.0011344421)       (-0.00012137704 4.5775978e-05 0.00063908357)  (-0.074895988 -0.010724124 -0.00049535849)   
zuoweiduo                 (-0.91924865 -6.9413904 -4.1074679)           (0.0018561942 0.0275224 0.026077098)          (-0.91739246 -6.913868 -4.0813908)            (-0.0032602373 -0.024618562 -0.01456768)      (6.5832389e-06 9.7611842e-05 9.2485889e-05)   (-0.0032536541 -0.02452095 -0.014475194)     
------------------------- --------------------------------------------- --------------------------------------------- --------------------------------------------- --------------------------------------------- --------------------------------------------- ---------------------------------------------
Net                       (5.280669 -55.071086 -15.702285)              (0.12376847 1.5866983 -0.1927691)             (5.4044374 -53.484387 -15.895054)             (0.018728593 -0.19531691 -0.055690238)        (0.00043896132 0.005627436 -0.00068368121)    (0.019167554 -0.18968948 -0.05637392)        

Moments - Moment Center (0 0 0.05) Moment Axis (0 1 0)
                          Moments [N m]                                   Coefficients                                   
Zone                      Pressure        Viscous         Total           Pressure        Viscous         Total          
jidi                      -22.906334      -0.0018845275   -22.908218      -0.081240352    -6.6837269e-06  -0.081247036   
jishen                    -229.51657      -0.065320588    -229.58189      -0.81401098     -0.00023166813  -0.81424265    
jitou                     548.2539        0.062922277     548.31682       1.9444552       0.0002231622    1.9446784      
liangan                   648.30692       0.12051153      648.42743       2.2993065       0.00042741014   2.2997339      
waiyi                     -45.141472      0.62936981      -44.512102      -0.16010022     0.0022321436    -0.15786808    
weiyi                     -720.58958      0.3676208       -720.22196      -2.5556666      0.001303816     -2.5543627     
xiaoyi                    55.925807       0.037731605     55.963538       0.19834829      0.00013382015   0.19848211     
youfuyi                   -3.1160899      0.012015082     -3.1040749      -0.011051626    4.2613082e-05   -0.011009013   
youweiduo                 -1.4517951      0.030429689     -1.4213654      -0.0051489838   0.00010792293   -0.0050410609  
zhongyangyi               -274.85782      0.3528733       -274.50495      -0.97481973     0.001251512     -0.97356822    
zuofuyi                   -3.0366551      0.012906884     -3.0237482      -0.0107699      4.5775978e-05   -0.010724124   
zuoweiduo                 -6.9413904      0.0275224       -6.913868       -0.024618562    9.7611842e-05   -0.02452095    
------------------------- --------------- --------------- --------------- --------------- --------------- ---------------
Net                       -55.071086      1.5866983       -53.484387      -0.19531691     0.005627436     -0.18968948    
