                                    "Force Report"

Forces
                          Forces [N]                                                                                                                                Coefficients                                                                                                                             
Zone                      Pressure                                      Viscous                                       Total                                         Pressure                                      Viscous                                       Total                                        
jidi                      (1145.3082 -9.170356e-08 0.0004365771)        (3.7458627e-09 -0.002028271 8.0971237e-05)    (1145.3082 -0.0020283627 0.00051754834)       (1.4814068 -1.186146e-10 5.6469366e-07)       (4.845112e-12 -2.6234811e-06 1.0473281e-07)   (1.4814068 -2.6235997e-06 6.6942647e-07)     
jishen                    (9086.8356 1.2848306 -12501.602)              (1.1646787 -0.11680533 -0.0023464776)         (9088.0002 1.1680252 -12501.604)              (11.75343 0.001661873 -16.170283)             (0.0015064617 -0.00015108266 -3.0350677e-06)  (11.754937 0.0015107903 -16.170286)          
jitou                     (-11257.044 -13.270424 17.478089)             (1.1365124 -0.16842511 0.19550527)            (-11255.907 -13.438849 17.673594)             (-14.560501 -0.017164722 0.022607155)         (0.0014700298 -0.00021785062 0.00025287764)   (-14.559031 -0.017382572 0.022860032)        
liangan                   (-81.03449 -1.3946426 -3071.0123)             (1.1227948 -0.12506903 0.1072599)             (-79.911695 -1.5197116 -3070.905)             (-0.10481462 -0.0018039101 -3.9722221)        (0.0014522867 -0.0001617714 0.00013873606)    (-0.10336233 -0.0019656815 -3.9720833)       
waiyi                     (-174.30596 -0.19594734 1887.5267)            (4.0980325 -0.52975594 0.71165993)            (-170.20793 -0.72570328 1888.2384)            (-0.22545725 -0.00025344944 2.4414344)        (0.0053006284 -0.00068521649 0.00092050145)   (-0.22015662 -0.00093866592 2.4423549)       
weiyi                     (44.596523 -12.742826 576.60567)              (1.3914275 -0.18035751 0.055297079)           (45.987951 -12.923184 576.66097)              (0.057683681 -0.016482296 0.74581459)         (0.0017997516 -0.00023328467 7.1524389e-05)   (0.059483433 -0.016715581 0.74588612)        
xiaoyi                    (152.86914 -1.0180862 -368.84765)             (0.34256956 -0.04529765 0.038976147)          (153.21171 -1.0633838 -368.80868)             (0.19772964 -0.0013168506 -0.47708854)        (0.00044309897 -5.8590558e-05 5.0413967e-05)  (0.19817274 -0.0013754412 -0.47703813)       
youfuyi                   (-0.5403876 -0.81162402 18.392068)            (0.1470979 -0.047195998 0.033908244)          (-0.3932897 -0.85882002 18.425976)            (-0.00069896808 -0.0010498007 0.023789347)    (0.0001902648 -6.104599e-05 4.3858853e-05)    (-0.00050870328 -0.0011108467 0.023833206)   
youweiduo                 (0.66652427 4.2478512 7.3496379)              (0.10268241 -0.018958376 0.033179836)         (0.76920668 4.2288928 7.3828178)              (0.00086212042 0.0054944124 0.00950644)       (0.00013281527 -2.4521842e-05 4.2916688e-05)  (0.00099493569 0.0054698906 0.0095493567)    
zhongyangyi               (1035.725 0.014429563 14331.9)                (2.3593628 -0.19280904 0.3147516)             (1038.0843 -0.17837948 14332.215)             (1.3396656 1.8664018e-05 18.537696)           (0.0030517341 -0.00024939019 0.00040711763)   (1.3427174 -0.00023072617 18.538103)         
zuofuyi                   (-0.33314291 0.78395752 17.797214)            (0.15732152 -0.047683725 0.031236294)         (-0.17582139 0.73627379 17.82845)             (-0.000430906 0.0010140153 0.023019929)       (0.00020348861 -6.1676843e-05 4.04028e-05)    (-0.00022741739 0.00095233842 0.023060332)   
zuoweiduo                 (-0.92284481 -1.08564 1.9206243)              (0.14425454 -0.022669041 -0.0063991393)       (-0.77859027 -1.108309 1.9142252)             (-0.00119366 -0.0014042285 0.0024842448)      (0.00018658703 -2.9321427e-05 -8.2770109e-06) (-0.001007073 -0.0014335499 0.0024759678)    
------------------------- --------------------------------------------- --------------------------------------------- --------------------------------------------- --------------------------------------------- --------------------------------------------- ---------------------------------------------
Net                       (-48.179529 -24.188122 917.50926)             (12.166735 -1.497055 1.5131097)               (-36.012794 -25.685177 919.02237)             (-0.062318144 -0.031286293 1.1867587)         (0.015737147 -0.0019363762 0.0019571421)      (-0.046580997 -0.033222669 1.1887158)        

Forces - Direction Vector (0.98484328 -0.1391731 0.1035112)
                          Forces [N]                                      Coefficients                                   
Zone                      Pressure        Viscous         Total           Pressure        Viscous         Total          
jidi                      1127.9491       0.00029066588   1127.9494       1.4589536       3.7596379e-07   1.458954       
jishen                    7654.8743       1.1630393       7656.0374       9.9012501       0.0015043412    9.9027544      
jitou                     -11082.768      1.1629638       -11081.605      -14.335082      0.0015042436    -14.333578     
liangan                   -397.49634      1.1342858       -396.36206      -0.51414439     0.0014671497    -0.51267724    
waiyi                     23.743371       4.1833123       27.926683       0.030711027     0.0054109342    0.036121961    
weiyi                     105.37919       1.4011628       106.78035       0.13630344      0.0018123438    0.13811578     
xiaoyi                    112.51397       0.34771601      112.86168       0.14553197      0.00044975568   0.14598172     
youfuyi                   1.4845441       0.15494668      1.6394908       0.0019201939    0.00020041685   0.0021206107   
youweiduo                 0.82600516      0.10719906      0.93320422      0.0010684021    0.00013865736   0.0012070594   
zhongyangyi               2503.537        2.3830168       2505.92         3.2382172       0.0030823295    3.2412995      
zuofuyi                   1.4050116       0.16480664      1.5698182       0.0018173219    0.00021317029   0.0020304922   
zuoweiduo                 -0.5589595      0.14456065      -0.41439885     -0.00072299003  0.00018698297   -0.00053600705 
------------------------- --------------- --------------- --------------- --------------- --------------- ---------------
Net                       50.889535       12.3473         63.236835       0.06582342      0.015970701     0.081794121    
