                                    "Force Report"

Forces
                          Forces [N]                                                                                                                                Coefficients                                                                                                                             
Zone                      Pressure                                      Viscous                                       Total                                         Pressure                                      Viscous                                       Total                                        
jidi                      (1145.0704 -2.8809128e-07 0.00043690177)      (1.4561491e-09 -0.00058224337 -0.00046167157) (1145.0704 -0.00058253146 -2.4769793e-05)     (1.4810993 -3.7263365e-10 5.6511362e-07)      (1.8834661e-12 -7.5310671e-07 -5.9715228e-07) (1.4810993 -7.5347934e-07 -3.203866e-08)     
jishen                    (9084.0683 1.6401139 -12504.011)              (1.159277 -0.12762458 -0.035051164)           (9085.2276 1.5124893 -12504.046)              (11.749851 0.0021214167 -16.1734)             (0.0014994749 -0.00016507689 -4.5337171e-05)  (11.75135 0.0019563398 -16.173445)           
jitou                     (-11251.5 -13.558839 7.3770338)               (1.1503549 -0.16880889 0.092288584)           (-11250.35 -13.727647 7.4693223)              (-14.553331 -0.017537773 0.0095418753)        (0.0014879345 -0.00021834703 0.00011937131)   (-14.551843 -0.01775612 0.0096612466)        
liangan                   (-81.063809 -1.5859734 -3075.5092)            (1.1059626 -0.1250872 0.029932719)            (-79.957847 -1.7110606 -3075.4792)            (-0.10485254 -0.0020513882 -3.9780386)        (0.001430515 -0.00016179491 3.8716682e-05)    (-0.10342203 -0.0022131831 -3.9779999)       
waiyi                     (-142.35904 -0.23269259 1749.7251)            (4.3894869 -0.53356793 0.4246699)             (-137.96955 -0.76626052 1750.1497)            (-0.18413528 -0.00030097783 2.263194)         (0.0056776122 -0.00069014712 0.00054929222)   (-0.17845767 -0.00099112496 2.2637432)       
weiyi                     (46.168538 -12.306033 551.00839)              (1.4912526 -0.19126649 -0.0025104511)         (47.659791 -12.497299 551.00588)              (0.059717015 -0.015917323 0.71270561)         (0.0019288709 -0.00024739496 -3.2471603e-06)  (0.061645885 -0.016164718 0.71270237)        
xiaoyi                    (152.07473 -0.76561157 -370.42053)            (0.32594011 -0.041635152 0.011903784)         (152.40067 -0.80724672 -370.40862)            (0.1967021 -0.00099028557 -0.47912299)        (0.00042158949 -5.3853275e-05 1.5397032e-05)  (0.19712369 -0.0010441388 -0.47910759)       
youfuyi                   (-0.74670447 -0.5408324 14.831267)            (0.1668653 -0.046307878 0.021157575)          (-0.57983918 -0.58714028 14.852425)           (-0.00096583006 -0.0006995434 0.019183605)    (0.00021583307 -5.9897245e-05 2.7366412e-05)  (-0.00074999699 -0.00075944064 0.019210971)  
youweiduo                 (0.64628726 4.182249 7.2365746)               (0.10307529 -0.018775258 0.032930769)         (0.74936254 4.1634737 7.2695053)              (0.00083594471 0.0054095588 0.0093601974)     (0.00013332344 -2.4284988e-05 4.2594531e-05)  (0.00096926816 0.0053852738 0.0094027919)    
zhongyangyi               (1050.7656 -0.012392002 14248.457)            (2.5520741 -0.23296774 0.16772303)            (1053.3176 -0.24535975 14248.625)             (1.35912 -1.6028521e-05 18.429765)            (0.0033009978 -0.00030133374 0.00021694251)   (1.362421 -0.00031736226 18.429982)          
zuofuyi                   (-0.76822878 0.56481011 14.652177)            (0.17430401 -0.046515267 0.02078147)          (-0.59392477 0.51829484 14.672958)            (-0.00099367083 0.00073055753 0.018951959)    (0.00022545473 -6.0165493e-05 2.6879936e-05)  (-0.0007682161 0.00067039204 0.018978839)    
zuoweiduo                 (-0.9304016 -0.71120964 1.2821905)            (0.15189674 -0.026076913 -0.013235812)        (-0.77850486 -0.73728656 1.2689547)           (-0.0012034344 -0.00091991903 0.0016584582)   (0.00019647189 -3.3729363e-05 -1.7119952e-05) (-0.0010069625 -0.00095364839 0.0016413382)  
------------------------- --------------------------------------------- --------------------------------------------- --------------------------------------------- --------------------------------------------- --------------------------------------------- ---------------------------------------------
Net                       (1.4252052 -23.32641 644.62908)               (12.77049 -1.5592155 0.75012874)              (14.195695 -24.885626 645.37921)              (0.0018434415 -0.030171706 0.83379994)        (0.016518078 -0.0020167781 0.00097025919)     (0.018361519 -0.032188485 0.8347702)         

Forces - Direction Vector (0.98966482 -0.1391731 0.034559857)
                          Forces [N]                                      Coefficients                                   
Zone                      Pressure        Viscous         Total           Pressure        Viscous         Total          
jidi                      1133.2359       6.5078753e-05   1133.236        1.4657919       8.4176563e-08   1.4657919      
jishen                    8557.8177       1.1638463       8558.9816       11.069168       0.001505385     11.070674      
jitou                     -11133.072      1.1651489       -11131.907      -14.400149      0.0015070699    -14.398642     
liangan                   -186.29443      1.1129755       -185.18146      -0.24096382     0.0014395859    -0.23952424    
waiyi                     -80.385101      4.4330556       -75.952045      -0.10397466     0.0057339664    -0.098240698   
weiyi                     66.446818       1.5023726       67.949191       0.085946096     0.0019432542    0.08788935     
xiaoyi                    137.80788       0.32877735      138.13666       0.17824855      0.00042525934   0.17867381     
youfuyi                   -0.15115136     0.17231673      0.021165371     -0.00019550777  0.00022288426   2.7376496e-05  
youweiduo                 0.30764619      0.10576108      0.41340727      0.00039792708   0.0001367974    0.00053472448  
zhongyangyi               1532.3321       2.5639173       1534.896        1.9820055       0.0033163165    1.9853218      
zuofuyi                   -0.33251825     0.17969443      -0.15282382     -0.00043009803  0.000232427     -0.00019767103 
zuoweiduo                 -0.77749216     0.15349864      -0.62399352     -0.0010056526   0.00019854388   -0.00080710873 
------------------------- --------------- --------------- --------------- --------------- --------------- ---------------
Net                       26.935173       12.88143        39.816603       0.034839486     0.016661574     0.05150106     
