                                    "Force Report"

Forces
                          Forces [N]                                                                                                                                Coefficients                                                                                                                             
Zone                      Pressure                                      Viscous                                       Total                                         Pressure                                      Viscous                                       Total                                        
jidi                      (1145.0017 -4.4677566e-07 0.00043723319)      (4.0276979e-09 0.0017689769 -0.0012398285)    (1145.0017 0.0017685301 -0.00080259531)       (1.4810103 -5.7788506e-10 5.6554229e-07)      (5.2096537e-12 2.2880953e-06 -1.6036647e-06)  (1.4810103 2.2875175e-06 -1.0381224e-06)     
jishen                    (9082.4112 1.8162039 -12504.657)              (1.175407 -0.12709953 -0.052126915)           (9083.5866 1.6891043 -12504.709)              (11.747708 0.0023491814 -16.174235)           (0.0015203383 -0.00016439777 -6.7423918e-05)  (11.749228 0.0021847837 -16.174302)          
jitou                     (-11248.591 -13.709847 2.0973515)             (1.1568771 -0.16887818 0.039605784)           (-11247.434 -13.878725 2.1369573)             (-14.549568 -0.017733096 0.0027128338)        (0.0014963707 -0.00021843664 5.1228375e-05)   (-14.548071 -0.017951533 0.0027640621)       
liangan                   (-81.08573 -1.5223459 -3077.4765)             (1.123361 -0.12241879 -0.0039085096)          (-79.962369 -1.6447647 -3077.4805)            (-0.1048809 -0.0019690889 -3.9805833)         (0.001453019 -0.00015834343 -5.0554887e-06)   (-0.10342788 -0.0021274323 -3.9805883)       
waiyi                     (-132.27741 -0.26066767 1669.6403)            (4.3205436 -0.52378812 0.26951185)            (-127.95687 -0.78445578 1669.9099)            (-0.17109513 -0.00033716239 2.1596078)        (0.0055884369 -0.00067749736 0.00034860197)   (-0.1655067 -0.0010146598 2.1599564)         
weiyi                     (46.194023 -12.136101 538.28317)              (1.5130848 -0.19167111 -0.032779531)          (47.707108 -12.327772 538.25039)              (0.059749978 -0.015697524 0.69624609)         (0.00195711 -0.00024791832 -4.2398911e-05)    (0.061707088 -0.015945442 0.69620369)        
xiaoyi                    (151.67417 -0.68395898 -371.1872)             (0.31750044 -0.040510056 -0.00084573108)      (151.99167 -0.72446903 -371.18805)            (0.196184 -0.00088467147 -0.48011465)         (0.00041067314 -5.2398011e-05 -1.0939167e-06) (0.19659467 -0.00093706948 -0.48011575)      
youfuyi                   (-0.80991822 -0.47448137 13.427649)           (0.17658204 -0.04738338 0.014272915)          (-0.63333618 -0.52186475 13.441922)           (-0.0010475943 -0.00061372121 0.017368086)    (0.00022840126 -6.128836e-05 1.8461401e-05)   (-0.00081919306 -0.00067500957 0.017386547)  
youweiduo                 (0.59793038 4.0737466 7.044572)               (0.1029924 -0.017720615 0.031520881)          (0.70092278 4.056026 7.0760929)               (0.00077339718 0.0052692157 0.0091118503)     (0.00013321624 -2.2920852e-05 4.0770902e-05)  (0.00090661342 0.0052462949 0.0091526212)    
zhongyangyi               (1055.3424 -0.020749711 14199.285)            (2.5197558 -0.23560352 0.088610206)           (1057.8622 -0.25635323 14199.374)             (1.36504 -2.6838857e-05 18.366163)            (0.0032591956 -0.00030474299 0.00011461348)   (1.3682992 -0.00033158185 18.366278)         
zuofuyi                   (-0.82923194 0.49166939 13.171424)            (0.18252188 -0.044145636 0.013837635)         (-0.64671006 0.44752375 13.185261)            (-0.0010725758 0.00063595317 0.017036669)     (0.00023608419 -5.7100477e-05 1.7898385e-05)  (-0.00083649159 0.00057885269 0.017054567)   
zuoweiduo                 (-0.93235218 -0.51408682 0.95043662)          (0.15291708 -0.02747422 -0.016079897)         (-0.7794351 -0.54156104 0.93435672)           (-0.0012059574 -0.00066494914 0.0012293488)   (0.00019779165 -3.553672e-05 -2.0798654e-05)  (-0.0010081657 -0.00070048586 0.0012085502)  
------------------------- --------------------------------------------- --------------------------------------------- --------------------------------------------- --------------------------------------------- --------------------------------------------- ---------------------------------------------
Net                       (16.695697 -22.940619 490.57972)              (12.741543 -1.5449242 0.35037886)             (29.437241 -24.485543 490.93009)              (0.021595165 -0.029672702 0.63454372)         (0.016480637 -0.0019982928 0.00045319996)     (0.038075802 -0.031670995 0.63499692)        

Forces - Direction Vector (0.99026807 -0.1391731 0)
                          Forces [N]                                      Coefficients                                   
Zone                      Pressure        Viscous         Total           Pressure        Viscous         Total          
jidi                      1133.8586       -0.00024619001  1133.8583       1.4665972       -3.1843617e-07  1.4665969      
jishen                    8993.7691       1.1816569       8994.9507       11.633053       0.0015284222    11.634581      
jitou                     -11137.213      1.1691218       -11136.043      -14.405504      0.0015122086    -14.403992     
liangan                   -80.084739      1.1294659       -78.955273      -0.10358616     0.0014609155    -0.10212524    
waiyi                     -130.95382      4.3513935       -126.60243      -0.16938312     0.00562834      -0.16375478    
weiyi                     47.433485       1.525035        48.95852        0.061353169     0.0019725671    0.063325736    
xiaoyi                    150.29327       0.32004846      150.61332       0.19439787      0.00041396889   0.19481184     
youfuyi                   -0.73600111     0.18145805      -0.55454306     -0.00095198572  0.00023470816   -0.00071727755 
youweiduo                 0.02515541      0.10445632      0.12961173      3.2537439e-05   0.00013510975   0.00016764719  
zhongyangyi               1045.0748       2.5280234       1047.6028       1.3517592       0.0032698893    1.3550291      
zuofuyi                   -0.88958907     0.18688947      -0.70269959     -0.0011506451   0.00024173348   -0.00090891164 
zuoweiduo                 -0.85173154     0.15525257      -0.69647897     -0.001101678    0.00020081251   -0.00090086553 
------------------------- --------------- --------------- --------------- --------------- --------------- ---------------
Net                       19.725933       12.832555       32.558488       0.025514645     0.016598357     0.042113002    
