                                    "Force Report"

Forces
                          Forces [N]                                                                                                                                Coefficients                                                                                                                             
Zone                      Pressure                                      Viscous                                       Total                                         Pressure                                      Viscous                                       Total                                        
jidi                      (1145.5946 -2.4990198e-08 0.00043727036)      (1.6802754e-08 0.0019185737 0.0010520086)     (1145.5946 0.0019185487 0.0014892789)         (1.4817773 -3.2323744e-11 5.6559036e-07)      (2.1733638e-11 2.4815924e-06 1.3607277e-06)   (1.4817773 2.48156e-06 1.9263181e-06)        
jishen                    (9088.4669 0.97571986 -12499.781)             (1.1816065 -0.10617552 0.013027796)           (9089.6485 0.86954435 -12499.768)             (11.75554 0.0012620516 -16.167928)            (0.0015283571 -0.00013733345 1.6850893e-05)   (11.757069 0.0011247181 -16.167911)          
jitou                     (-11259.186 -13.246077 21.720987)             (1.1284067 -0.16861821 0.24366691)            (-11258.057 -13.414695 21.964654)             (-14.563272 -0.017133229 0.028095161)         (0.0014595454 -0.00021810039 0.00031517265)   (-14.561812 -0.01735133 0.028410334)         
liangan                   (-81.036472 -1.0579887 -3068.2865)            (1.191754 -0.11340682 0.14711833)             (-79.844718 -1.1713956 -3068.1394)            (-0.10481718 -0.0013684628 -3.9686964)        (0.0015414824 -0.00014668683 0.00019029122)   (-0.1032757 -0.0015151497 -3.9685061)        
waiyi                     (-192.97321 -0.204383 1936.0971)              (3.7685083 -0.51997078 0.81871175)            (-189.2047 -0.72435378 1936.9158)             (-0.24960253 -0.0002643606 2.5042582)         (0.0048744031 -0.0006725598 0.0010589684)     (-0.24472813 -0.0009369204 2.5053171)        
weiyi                     (42.884228 -13.087469 589.88685)              (1.3718082 -0.17401999 0.085738735)           (44.256036 -13.261489 589.97259)              (0.055468901 -0.016928078 0.76299322)         (0.0017743748 -0.00022508736 0.00011089936)   (0.057243275 -0.017153165 0.76310412)        
xiaoyi                    (153.23231 -1.0821686 -367.94054)             (0.35033946 -0.047099697 0.053663679)         (153.58265 -1.1292683 -367.88688)             (0.1981994 -0.0013997384 -0.47591523)         (0.000453149 -6.0921428e-05 6.9411656e-05)    (0.19865254 -0.0014606598 -0.47584582)       
youfuyi                   (-0.27604792 -0.85407627 20.617888)           (0.13919768 -0.044168298 0.039471249)         (-0.13685024 -0.89824457 20.657359)           (-0.00035705609 -0.0011047109 0.026668349)    (0.0001800462 -5.712979e-05 5.105436e-05)     (-0.00017700989 -0.0011618406 0.026719404)   
youweiduo                 (0.65822232 4.3183784 7.458039)               (0.10319628 -0.017819643 0.032756646)         (0.7614186 4.3005587 7.4907957)               (0.00085138221 0.0055856364 0.0096466521)     (0.00013347994 -2.3048941e-05 4.236931e-05)   (0.00098486215 0.0055625874 0.0096890214)    
zhongyangyi               (1029.3239 0.020714538 14356.24)              (2.1696817 -0.17674625 0.36638573)            (1031.4936 -0.15603172 14356.606)             (1.3313861 2.6793362e-05 18.569177)           (0.0028063898 -0.00022861366 0.00047390416)   (1.3341925 -0.0002018203 18.569651)          
zuofuyi                   (-0.081182598 0.79316134 19.419645)           (0.15142527 -0.052792976 0.035342579)         (0.07024267 0.74036836 19.454987)             (-0.00010500619 0.00102592 0.025118474)       (0.00019586206 -6.8285439e-05 4.5714103e-05)  (9.0855867e-05 0.00095763457 0.025164188)    
zuoweiduo                 (-0.91461762 -1.2513847 2.1960158)            (0.13952602 -0.021509047 -0.0026366905)       (-0.7750916 -1.2728938 2.1933791)             (-0.0011830185 -0.0016186122 0.0028404518)    (0.00018047089 -2.7821025e-05 -3.4104455e-06) (-0.0010025476 -0.0016464332 0.0028370413)   
------------------------- --------------------------------------------- --------------------------------------------- --------------------------------------------- --------------------------------------------- --------------------------------------------- ---------------------------------------------
Net                       (-74.307127 -24.675573 1017.6284)             (11.69545 -1.4404087 1.8342987)               (-62.611677 -26.115982 1019.4627)             (-0.096113067 -0.031916791 1.3162584)         (0.015127561 -0.0018631065 0.0023725864)      (-0.080985506 -0.033779897 1.318631)         

Forces - Direction Vector (0.98063085 -0.1391731 0.13781868)
                          Forces [N]                                      Coefficients                                   
Zone                      Pressure        Viscous         Total           Pressure        Viscous         Total          
jidi                      1123.4055       -0.00012201094  1123.4054       1.4530766       -1.5781589e-07  1.4530764      
jishen                    7189.5919       1.175292        7190.7672       9.2994273       0.0015201896    9.3009475      
jitou                     -11036.268      1.1635993       -11035.104      -14.274937      0.0015050656    -14.273432     
liangan                   -502.18681      1.2047296       -500.98208      -0.649557       0.0015582658    -0.64799874    
waiyi                     77.623306       3.8807152       81.504021       0.1004024       0.0050195379    0.10542194     
weiyi                     125.17245       1.3812727       126.55372       0.16190517      0.0017866168    0.16369178     
xiaoyi                    99.705864       0.35750455      100.06337       0.12896524      0.00046241674   0.12942766     
youfuyi                   2.6896934       0.14808845      2.8377818       0.0034790025    0.00019154603   0.0036705485   
youweiduo                 1.0723281       0.10819195      1.18052         0.0013870102    0.00013994162   0.0015269518   
zhongyangyi               2987.9418       2.2027499       2990.1446       3.864774        0.0028491621    3.8676231      
zuofuyi                   2.4863929       0.16071052      2.6471034       0.003216042     0.00020787213   0.0034239142   
zuoweiduo                 -0.42009117     0.13945361      -0.28063756     -0.00054336982  0.00018037724   -0.00036299259 
------------------------- --------------- --------------- --------------- --------------- --------------- ---------------
Net                       70.814512       11.922186       82.736698       0.091595519     0.015420834     0.10701635     
