                                    "Force Report"

Forces
                          Forces [N]                                                                                                                                Coefficients                                                                                                                             
Zone                      Pressure                                      Viscous                                       Total                                         Pressure                                      Viscous                                       Total                                        
jidi                      (1145.423 -7.5325186e-07 0.0004373321)        (1.9072228e-10 0.0035566376 0.0010735632)     (1145.423 0.0035558844 0.0015108953)          (1.4815552 -9.7429882e-10 5.6567022e-07)      (2.4669105e-13 4.6003575e-06 1.3886078e-06)   (1.4815552 4.5993832e-06 1.954278e-06)       
jishen                    (9086.0466 1.5626345 -12509.563)              (1.1911817 -0.19565546 -0.061692347)          (9087.2377 1.366979 -12509.625)               (11.75241 0.0020212003 -16.180581)            (0.0015407422 -0.00025307191 -7.9796393e-05)  (11.75395 0.0017681284 -16.180661)           
jitou                     (-11253.947 -20.082957 7.0525776)             (1.1328149 -0.25341823 0.091358666)           (-11252.814 -20.336375 7.1439363)             (-14.556496 -0.025976439 0.0091222052)        (0.0014652473 -0.00032778556 0.0001181685)    (-14.555031 -0.026304224 0.0092403737)       
liangan                   (-81.079426 -2.8407566 -3076.9581)            (1.1540622 -0.2012548 0.018179624)            (-79.925364 -3.0420114 -3076.9399)            (-0.10487274 -0.0036743962 -3.9799127)        (0.0014927297 -0.00026031442 2.3514561e-05)   (-0.10338001 -0.0039347106 -3.9798892)       
waiyi                     (-142.24569 -0.34680263 1740.6973)            (4.3081372 -0.79002532 0.41438621)            (-137.93756 -1.1368279 1741.1117)             (-0.18398867 -0.00044857426 2.2515169)        (0.0055723899 -0.0010218637 0.00053599071)    (-0.17841628 -0.001470438 2.2520529)         
weiyi                     (44.116222 -21.411883 551.12571)              (1.3919773 -0.2823727 0.0014803702)           (45.5082 -21.694256 551.12719)                (0.057062432 -0.027695348 0.71285735)         (0.0018004627 -0.00036523691 1.9147951e-06)   (0.058862895 -0.028060585 0.71285927)        
xiaoyi                    (151.94301 -1.415517 -370.99235)              (0.32273909 -0.062558199 0.0072619041)        (152.26575 -1.4780752 -370.98509)             (0.19653173 -0.0018309102 -0.47986262)        (0.0004174491 -8.0916335e-05 9.39296e-06)     (0.19694918 -0.0019118266 -0.47985323)       
youfuyi                   (-0.74481546 -0.5233605 14.527321)            (0.16486347 -0.069417201 0.020284489)         (-0.57995198 -0.5927777 14.547605)            (-0.0009633867 -0.00067694425 0.018790464)    (0.0002132438 -8.9788158e-05 2.6237112e-05)   (-0.0007501429 -0.00076673241 0.018816701)   
youweiduo                 (0.53443747 3.9473877 6.8036739)              (0.10116534 -0.033982512 0.039804391)         (0.63560281 3.9134052 6.8434783)              (0.00069127183 0.0051057758 0.008800259)      (0.00013085301 -4.3954915e-05 5.1485264e-05)  (0.00082212484 0.0050618209 0.0088517442)    
zhongyangyi               (1050.3448 -0.024092464 14244.816)            (2.4928373 -0.3430436 0.16062434)             (1052.8376 -0.36713606 14244.977)             (1.3585757 -3.1162563e-05 18.425056)          (0.0032243776 -0.00044371211 0.00020776067)   (1.3618001 -0.00047487468 18.425263)         
zuofuyi                   (-0.72928751 0.5343505 14.272858)             (0.17143905 -0.066574648 0.020699638)         (-0.55784845 0.46777585 14.293558)            (-0.00094330196 0.00069115934 0.018461327)    (0.00022174903 -8.6111438e-05 2.6774089e-05)  (-0.00072155294 0.0006050479 0.018488101)    
zuoweiduo                 (-0.92157179 -0.89027756 1.5942037)           (0.14888808 -0.039127465 -0.018214546)        (-0.77268371 -0.92940502 1.5759891)           (-0.0011920134 -0.0011515357 0.0020620338)    (0.00019258032 -5.0609689e-05 -2.3559731e-05) (-0.00099943308 -0.0012021453 0.002038474)   
------------------------- --------------------------------------------- --------------------------------------------- --------------------------------------------- --------------------------------------------- --------------------------------------------- ---------------------------------------------
Net                       (-1.2601016 -41.491274 623.37633)             (12.580106 -2.3338735 0.69524631)             (11.320004 -43.825148 624.07157)              (-0.0016298872 -0.053667175 0.80631042)       (0.016271825 -0.0030187648 0.00089927114)     (0.014641937 -0.05668594 0.80720969)         

Forces - Direction Vector (0.97755174 -0.20791169 0.034136859)
                          Forces [N]                                      Coefficients                                   
Zone                      Pressure        Viscous         Total           Pressure        Viscous         Total          
jidi                      1119.7102       -0.00070281828  1119.7095       1.4482969       -9.0906516e-07  1.448296       
jishen                    8454.7185       1.2030148       8455.9215       10.935814       0.0015560479    10.93737       
jitou                     -10996.9        1.1631925       -10995.736      -14.224016      0.0015045394    -14.222511     
liangan                   -183.70639      1.1706193       -182.53577      -0.2376163      0.0015141456    -0.23610216    
waiyi                     -79.558482      4.3898284       -75.168654      -0.10290547     0.0056780539    -0.097227414   
weiyi                     66.391371       1.419489        67.81086        0.085874378     0.0018360478    0.087710425    
xiaoyi                    136.16194       0.32874864      136.49069       0.1761196       0.00042522219   0.17654482     
youfuyi                   -0.12336577     0.17628767      0.052921899     -0.00015956831  0.0002280205    6.8452196e-05  
youweiduo                 -0.066011713    0.10731851      0.041306798     -8.5383306e-05  0.00013881187   5.3428563e-05  
zhongyangyi               1513.0447       2.5136834       1515.5584       1.9570581       0.0032513412    1.9603094      
zuofuyi                   -0.33678345     0.18213881      -0.15464464     -0.00043561488  0.00023558871   -0.00020002617 
zuoweiduo                 -0.66136389     0.15305908      -0.50830482     -0.0008554457   0.00019797532   -0.00065747038 
------------------------- --------------- --------------- --------------- --------------- --------------- ---------------
Net                       28.674816       12.806677       41.481494       0.037089639     0.016564885     0.053654524    
