                                    "Force Report"

Moments - Moment Center (0 0 0.05)
                          Moments [N m]                                                                                                                             Coefficients                                                                                                                             
Zone                      Pressure                                      Viscous                                       Total                                         Pressure                                      Viscous                                       Total                                        
jidi                      (-7.2516025e-09 -22.87757 0.00158709)         (-6.7570423e-05 0.00047703787 -0.00037927669) (-6.7577675e-05 -22.877093 0.0012078133)      (-2.5718771e-11 -0.081138338 5.6288254e-06)   (-2.3964747e-07 1.6918781e-06 -1.3451551e-06) (-2.3967319e-07 -0.081136646 4.2836703e-06)  
jishen                    (0.21680065 -232.80591 1.455535)              (-0.013544268 -0.08997086 -0.006881425)       (0.20325638 -232.89589 1.4486536)             (0.00076891228 -0.82567707 0.0051622482)      (-4.8036544e-05 -0.00031909359 -2.4405887e-05) (0.00072087574 -0.82599616 0.0051378423)     
jitou                     (-0.4457307 531.85245 4.368683)               (-0.0048142127 -0.1099651 0.053883575)        (-0.45054491 531.74249 4.4225665)             (-0.0015808431 1.8862853 0.015494114)         (-1.7074244e-05 -0.0003900058 0.00019110525)  (-0.0015979173 1.8858953 0.015685219)        
liangan                   (0.4138542 644.92423 -0.031003364)            (0.0069801349 0.10866635 0.010514755)         (0.42083433 645.0329 -0.020488609)            (0.0014677888 2.2873094 -0.00010995755)       (2.4755975e-05 0.00038539963 3.7291976e-05)   (0.0014925448 2.2876948 -7.2665571e-05)      
waiyi                     (4.3913771 -52.120952 -0.43146179)            (0.033248144 0.55247529 -0.033071223)         (4.4246252 -51.568477 -0.46453301)            (0.015574602 -0.18485387 -0.0015302365)       (0.00011791896 0.0019594269 -0.00011729148)   (0.015692521 -0.18289445 -0.001647528)       
weiyi                     (-0.72799116 -647.8198 -2.1473578)            (0.03597942 0.58407843 -0.10361772)           (-0.69201174 -647.23572 -2.2509755)           (-0.0025819173 -2.2975789 -0.0076158892)      (0.00012760579 0.0020715117 -0.00036749398)   (-0.0024543115 -2.2955074 -0.0079833832)     
xiaoyi                    (0.42052274 55.874519 -0.29030043)            (0.011061519 0.041023003 -0.014817463)        (0.43158426 55.915542 -0.3051179)             (0.0014914397 0.19816639 -0.001029589)        (3.9231147e-05 0.00014549353 -5.2552097e-05)  (0.0015306709 0.19831189 -0.0010821411)      
youfuyi                   (12.582519 -1.8373676 0.99596338)             (0.0028545739 0.021520357 -0.228457)          (12.585374 -1.8158472 0.76750638)             (0.044625575 -0.0065164679 0.0035323163)      (1.0124125e-05 7.6324802e-05 -0.00081025306)  (0.044635699 -0.0064401431 0.0027220632)     
youweiduo                 (1.4993473 -9.4046401 5.2904992)              (0.0081807107 0.00032097289 -0.038980567)     (1.507528 -9.4043191 5.2515187)               (0.005317634 -0.033354804 0.018763458)        (2.9013976e-05 1.138373e-06 -0.00013824975)   (0.005346648 -0.033353666 0.018625208)       
zhongyangyi               (3.684549 -289.7692 -0.33296854)              (0.020712876 0.30292024 -0.011388818)         (3.7052619 -289.46628 -0.34435736)            (0.013067742 -1.0277049 -0.0011809171)        (7.3460964e-05 0.0010743468 -4.0391955e-05)   (0.013141203 -1.0266306 -0.0012213091)       
zuofuyi                   (-12.327277 -1.8100413 -0.97710058)           (0.0019425916 0.021551709 0.21966681)         (-12.325335 -1.7884896 -0.75743377)           (-0.043720325 -0.0064195516 -0.0034654169)    (6.8896587e-06 7.6435996e-05 0.00077907748)   (-0.043713435 -0.0063431156 -0.0026863394)   
zuoweiduo                 (-0.016910245 -0.15372946 -0.22938032)        (0.01062349 0.066097102 0.034113922)          (-0.0062867552 -0.087632355 -0.1952664)       (-5.9974427e-05 -0.00054522192 -0.00081352773) (3.7677616e-05 0.00023442214 0.00012098955)   (-2.2296811e-05 -0.00031079977 -0.00069253818)
------------------------- --------------------------------------------- --------------------------------------------- --------------------------------------------- --------------------------------------------- --------------------------------------------- ---------------------------------------------
Net                       (9.691061 -25.948018 7.6726949)               (0.11315741 1.4991945 -0.11941443)            (9.8042184 -24.448823 7.5532805)              (0.034370634 -0.092028088 0.027212231)        (0.00040132777 0.0053170924 -0.00042351912)   (0.034771962 -0.086710995 0.026788712)       

Moments - Moment Center (0 0 0.05) Moment Axis (0 1 0)
                          Moments [N m]                                   Coefficients                                   
Zone                      Pressure        Viscous         Total           Pressure        Viscous         Total          
jidi                      -22.87757       0.00047703787   -22.877093      -0.081138338    1.6918781e-06   -0.081136646   
jishen                    -232.80591      -0.08997086     -232.89589      -0.82567707     -0.00031909359  -0.82599616    
jitou                     531.85245       -0.1099651      531.74249       1.8862853       -0.0003900058   1.8858953      
liangan                   644.92423       0.10866635      645.0329        2.2873094       0.00038539963   2.2876948      
waiyi                     -52.120952      0.55247529      -51.568477      -0.18485387     0.0019594269    -0.18289445    
weiyi                     -647.8198       0.58407843      -647.23572      -2.2975789      0.0020715117    -2.2955074     
xiaoyi                    55.874519       0.041023003     55.915542       0.19816639      0.00014549353   0.19831189     
youfuyi                   -1.8373676      0.021520357     -1.8158472      -0.0065164679   7.6324802e-05   -0.0064401431  
youweiduo                 -9.4046401      0.00032097289   -9.4043191      -0.033354804    1.138373e-06    -0.033353666   
zhongyangyi               -289.7692       0.30292024      -289.46628      -1.0277049      0.0010743468    -1.0266306     
zuofuyi                   -1.8100413      0.021551709     -1.7884896      -0.0064195516   7.6435996e-05   -0.0063431156  
zuoweiduo                 -0.15372946     0.066097102     -0.087632355    -0.00054522192  0.00023442214   -0.00031079977 
------------------------- --------------- --------------- --------------- --------------- --------------- ---------------
Net                       -25.948018      1.4991945       -24.448823      -0.092028088    0.0053170924    -0.086710995   
