                                    "Force Report"

Moments - Moment Center (0 0 0.05)
                          Moments [N m]                                                                                                                             Coefficients                                                                                                                             
Zone                      Pressure                                      Viscous                                       Total                                         Pressure                                      Viscous                                       Total                                        
jidi                      (-5.1206158e-10 -22.883603 0.00018471727)     (-4.0335609e-06 0.00059908974 -4.7179297e-05) (-4.034073e-06 -22.883004 0.00013753797)      (-1.8160943e-12 -0.081159735 6.551243e-07)    (-1.4305559e-08 2.1247513e-06 -1.6732764e-07) (-1.4307375e-08 -0.08115761 4.8779666e-07)   
jishen                    (-0.00053962293 -232.3567 0.006398812)        (3.4763279e-06 -0.083913165 -0.00054128737)   (-0.0005361466 -232.44061 0.0058575246)       (-1.9138443e-06 -0.82408386 2.2694236e-05)    (1.2329258e-08 -0.00029760918 -1.9197475e-06) (-1.9015151e-06 -0.82438147 2.0774488e-05)   
jitou                     (0.0032682209 535.13619 -0.03653287)          (1.5280163e-05 -0.074465642 -0.00010678829)   (0.003283501 535.06173 -0.036639658)          (1.1591179e-05 1.8979315 -0.00012956867)      (5.4193126e-08 -0.00026410228 -3.7873885e-07) (1.1645372e-05 1.8976674 -0.00012994741)     
liangan                   (0.073420184 645.50444 0.1170868)             (0.0015151855 0.10047694 0.0022307904)        (0.07493537 645.60492 0.11931759)             (0.00026039443 2.2893672 0.00041526386)       (5.3738065e-06 0.00035635479 7.9117941e-06)   (0.00026576823 2.2897235 0.00042317565)      
waiyi                     (0.40858422 -49.608296 -0.007182687)          (0.00076411805 0.58637659 -0.0025333428)      (0.40934834 -49.02192 -0.0097160298)          (0.0014490982 -0.17594241 -2.5474353e-05)     (2.7100461e-06 0.0020796624 -8.9848364e-06)   (0.0014518082 -0.17386274 -3.4459189e-05)    
weiyi                     (2.6932908 -663.05484 8.7475456)              (0.0014352816 0.5580084 0.0084958777)         (2.6947261 -662.49683 8.7560414)              (0.0095521132 -2.351612 0.031024331)          (5.0904165e-06 0.0019790508 3.0131758e-05)    (0.0095572037 -2.3496329 0.031054463)        
xiaoyi                    (0.0036819859 55.858427 0.0015367435)         (0.0005380884 0.039553605 -0.00082259016)     (0.0042200743 55.89798 0.00071415337)         (1.3058652e-05 0.19810932 5.4502649e-06)      (1.9084019e-06 0.00014028211 -2.9174252e-06)  (1.4967054e-05 0.1982496 2.5328397e-06)      
youfuyi                   (14.453568 -2.0997968 0.96200912)             (0.0084962021 0.020614627 -0.22669256)        (14.462064 -2.0791821 0.73531656)             (0.051261498 -0.0074472078 0.003411893)       (3.0132908e-05 7.3112509e-05 -0.00080399524)  (0.051291631 -0.0073740953 0.0026078978)     
youweiduo                 (1.5664495 -10.073762 5.6478239)              (0.0023740123 0.0084724987 -0.022199926)      (1.5688235 -10.06529 5.625624)                (0.005555621 -0.035727934 0.020030757)        (8.4197496e-06 3.0048841e-05 -7.8734984e-05)  (0.0055640408 -0.035697885 0.019952022)      
zhongyangyi               (0.052650429 -285.98027 0.00092672848)        (6.4077006e-05 0.32842344 -0.00026427031)     (0.052714506 -285.65184 0.00066245817)        (0.00018673173 -1.014267 3.2867655e-06)       (2.2725761e-07 0.0011647973 -9.3726972e-07)   (0.00018695899 -1.0131022 2.3494958e-06)     
zuofuyi                   (-14.410669 -2.09403 -0.96625123)             (-0.0084218437 0.020618194 0.22666224)        (-14.419091 -2.0734118 -0.739589)             (-0.05110935 -0.0074267552 -0.0034269382)     (-2.9869186e-05 7.312516e-05 0.00080388769)   (-0.051139219 -0.00735363 -0.0026230505)     
zuoweiduo                 (0.011664238 -0.14240311 -0.23780197)         (0.0028520334 0.053653295 0.056407808)        (0.014516271 -0.088749816 -0.18139416)        (4.1368768e-05 -0.00050505153 -0.00084339624) (1.0115115e-05 0.00019028853 0.00020005778)   (5.1483883e-05 -0.000314763 -0.00064333846)  
------------------------- --------------------------------------------- --------------------------------------------- --------------------------------------------- --------------------------------------------- --------------------------------------------- ---------------------------------------------
Net                       (4.8553693 -31.794632 14.235744)              (0.0096318774 1.5584179 0.040588769)          (4.8650012 -30.236214 14.276332)              (0.017220212 -0.11276388 0.050488954)         (3.4160731e-05 0.0055271358 0.00014395346)    (0.017254372 -0.10723675 0.050632907)        

Moments - Moment Center (0 0 0.05) Moment Axis (0 1 0)
                          Moments [N m]                                   Coefficients                                   
Zone                      Pressure        Viscous         Total           Pressure        Viscous         Total          
jidi                      -22.883603      0.00059908974   -22.883004      -0.081159735    2.1247513e-06   -0.08115761    
jishen                    -232.3567       -0.083913165    -232.44061      -0.82408386     -0.00029760918  -0.82438147    
jitou                     535.13619       -0.074465642    535.06173       1.8979315       -0.00026410228  1.8976674      
liangan                   645.50444       0.10047694      645.60492       2.2893672       0.00035635479   2.2897235      
waiyi                     -49.608296      0.58637659      -49.02192       -0.17594241     0.0020796624    -0.17386274    
weiyi                     -663.05484      0.5580084       -662.49683      -2.351612       0.0019790508    -2.3496329     
xiaoyi                    55.858427       0.039553605     55.89798        0.19810932      0.00014028211   0.1982496      
youfuyi                   -2.0997968      0.020614627     -2.0791821      -0.0074472078   7.3112509e-05   -0.0073740953  
youweiduo                 -10.073762      0.0084724987    -10.06529       -0.035727934    3.0048841e-05   -0.035697885   
zhongyangyi               -285.98027      0.32842344      -285.65184      -1.014267       0.0011647973    -1.0131022     
zuofuyi                   -2.09403        0.020618194     -2.0734118      -0.0074267552   7.312516e-05    -0.00735363    
zuoweiduo                 -0.14240311     0.053653295     -0.088749816    -0.00050505153  0.00019028853   -0.000314763   
------------------------- --------------- --------------- --------------- --------------- --------------- ---------------
Net                       -31.794632      1.5584179       -30.236214      -0.11276388     0.0055271358    -0.10723675    
