                                    "Force Report"

Forces
                          Forces [N]                                                                                                                                Coefficients                                                                                                                             
Zone                      Pressure                                      Viscous                                       Total                                         Pressure                                      Viscous                                       Total                                        
jidi                      (1144.4052 3.4273306e-07 0.00043497936)       (9.2789026e-09 -0.0045045806 0.0010838182)    (1144.4052 -0.0045042378 0.0015187976)        (1.4802388 4.4331045e-10 5.6262706e-07)       (1.2001861e-11 -5.8264809e-06 1.4018722e-06)  (1.4802388 -5.8260375e-06 1.9644992e-06)     
jishen                    (9083.1471 1.5695723 -12511.494)              (1.2752501 -0.15220973 -0.086629148)          (9084.4224 1.4173626 -12511.58)               (11.748659 0.0020301741 -16.183078)           (0.0016494811 -0.00019687672 -0.00011205107)  (11.750309 0.0018332974 -16.18319)           
jitou                     (-11248.403 -20.549828 -3.2117955)            (1.1450136 -0.25457017 -0.012260449)          (-11247.258 -20.804398 -3.224056)             (-14.549325 -0.026580317 -0.0041543191)       (0.0014810257 -0.00032927554 -1.5858362e-05)  (-14.547844 -0.026909592 -0.0041701774)      
liangan                   (-81.049417 -2.9139374 -3081.2505)            (1.2455963 -0.19762407 -0.047561682)          (-79.803821 -3.1115615 -3081.2981)            (-0.10483393 -0.0037690525 -3.9854648)        (0.0016111251 -0.00025561822 -6.1518986e-05)  (-0.1032228 -0.0040246707 -3.9855263)        
waiyi                     (-126.94441 -0.46370761 1585.4733)            (3.9126879 -0.73204539 0.11575412)            (-123.03172 -1.195753 1585.589)               (-0.16419712 -0.00059978582 2.0507414)        (0.0050608931 -0.00094686917 0.00014972297)   (-0.15913623 -0.001546655 2.0508911)         
weiyi                     (42.437166 -37.434689 530.82282)              (1.3608855 -0.29620929 -0.049498132)          (43.798052 -37.730898 530.77332)              (0.054890646 -0.048420157 0.68659645)         (0.0017602468 -0.00038313395 -6.4023701e-05)  (0.056650893 -0.048803291 0.68653242)        
xiaoyi                    (151.27199 -1.2291904 -372.49392)             (0.31433729 -0.061236947 -0.017351295)        (151.58633 -1.2904273 -372.51127)             (0.1956638 -0.0015899048 -0.48180484)         (0.00040658173 -7.9207352e-05 -2.2443152e-05) (0.19607038 -0.0016691122 -0.48182728)       
youfuyi                   (-1.1428296 -0.4073164 12.552698)             (0.19935793 -0.063256117 0.0047337826)        (-0.94347167 -0.47057252 12.557431)           (-0.0014782008 -0.00052684622 0.016236373)    (0.00025786089 -8.1819061e-05 6.1229438e-06)  (-0.00122034 -0.00060866528 0.016242496)     
youweiduo                 (-0.97144088 -0.61822892 -1.0514521)          (0.15173347 -0.044370227 0.012399604)         (-0.81970742 -0.66259915 -1.0390525)          (-0.0012565169 -0.00079965247 -0.001360008)   (0.0001962607 -5.7390976e-05 1.6038353e-05)   (-0.0010602562 -0.00085704345 -0.0013439697) 
zhongyangyi               (1056.5423 -0.040609349 14149.089)            (2.3772446 -0.35700756 0.01097185)            (1058.9195 -0.3976169 14149.1)                (1.3665919 -5.2526443e-05 18.301237)          (0.0030748634 -0.00046177389 1.4191615e-05)   (1.3696668 -0.00051430033 18.301251)         
zuofuyi                   (-0.90219929 0.45666273 12.130614)            (0.20927357 -0.055811107 0.0040950924)        (-0.69292572 0.40085162 12.13471)             (-0.0011669559 0.00059067356 0.015690427)     (0.00027068634 -7.2189261e-05 5.2968255e-06)  (-0.00089626956 0.0005184843 0.015695724)    
zuoweiduo                 (2.6604925 -6.5641438 11.237838)              (0.1124059 -0.048713248 -0.0057704803)        (2.7728984 -6.6128571 11.232068)              (0.0034412324 -0.0084904371 0.01453566)       (0.00014539219 -6.3008487e-05 -7.4638676e-06) (0.0035866246 -0.0085534456 0.014528196)     
------------------------- --------------------------------------------- --------------------------------------------- --------------------------------------------- --------------------------------------------- --------------------------------------------- ---------------------------------------------
Net                       (21.050971 -68.195416 331.80506)              (12.303786 -2.2675584 -0.070032918)           (33.354757 -70.462974 331.73502)              (0.027228524 -0.088207831 0.42917554)         (0.015914417 -0.0029329891 -9.0584561e-05)    (0.043142941 -0.09114082 0.42908496)         

Forces - Direction Vector (0.97755174 -0.20791169 -0.034136859)
                          Forces [N]                                      Coefficients                                   
Zone                      Pressure        Viscous         Total           Pressure        Viscous         Total          
jidi                      1118.7153       0.00089956588   1118.7162       1.44701         1.1635497e-06   1.4470112      
jishen                    9306.0231       1.2812264       9307.3043       12.03694        0.0016572111    12.038597      
jitou                     -10991.514      1.1726567       -10990.341      -14.217049      0.0015167809    -14.215533     
liangan                   26.560058       1.2603467       27.820405       0.034354291     0.0016302042    0.035984495    
waiyi                     -178.1214       3.9731041       -174.14829      -0.23039235     0.005139039     -0.22525331    
weiyi                     31.147012       1.3936111       32.540623       0.040287317     0.0018025759    0.042089893    
xiaoyi                    160.84753       0.32060516      161.16814       0.20804935      0.00041468895   0.20846404     
youfuyi                   -1.4609989      0.20787278      -1.2531261      -0.0018897391   0.00026887448   -0.0016208646  
youweiduo                 -0.78520343     0.15712912      -0.62807431     -0.0010156268   0.00020323974   -0.00081238706 
zhongyangyi               549.82774       2.3977311       552.22547       0.71117849      0.0031013618    0.71427985     
zuofuyi                   -1.3909931      0.21603973      -1.1749533      -0.0017991896   0.00027943808   -0.0015197515  
zuoweiduo                 3.5819068       0.12020762      3.7021145       0.0046330421    0.00015548338   0.0047885255   
------------------------- --------------- --------------- --------------- --------------- --------------- ---------------
Net                       23.430255       12.50143        35.931686       0.030306026     0.016170061     0.046476087    
