                                    "Force Report"

Forces
                          Forces [N]                                                                                                                                Coefficients                                                                                                                             
Zone                      Pressure                                      Viscous                                       Total                                         Pressure                                      Viscous                                       Total                                        
jidi                      (1143.3526 1.5181216e-07 0.00043466201)       (1.9418527e-08 -0.00037250542 -0.00095725216) (1143.3526 -0.00037235361 -0.00052259015)     (1.4788773 1.9636248e-10 5.6221658e-07)       (2.5117027e-11 -4.8181971e-07 -1.2381644e-06) (1.4788773 -4.8162334e-07 -6.7594784e-07)    
jishen                    (9076.1883 1.0921895 -12501.497)              (1.2532184 -0.040172765 -0.08944673)          (9077.4415 1.0520167 -12501.587)              (11.739658 0.0014127001 -16.170148)           (0.001620984 -5.1961741e-05 -0.00011569549)   (11.741279 0.0013607383 -16.170264)          
jitou                     (-11239.183 -7.1115427 -13.724253)            (1.1768829 -0.085332312 -0.12386084)          (-11238.006 -7.196875 -13.848114)             (-14.537399 -0.009198474 -0.01775173)         (0.0015222474 -0.00011037367 -0.00016020866)  (-14.535876 -0.0093088476 -0.017911938)      
liangan                   (-81.165214 -0.3453098 -3082.8942)            (1.2062908 -0.047449285 -0.086288504)         (-79.958923 -0.39275908 -3082.9804)           (-0.10498371 -0.00044664335 -3.9875907)       (0.0015602852 -6.1373606e-05 -0.00011161046)  (-0.10342342 -0.00050801695 -3.9877023)      
waiyi                     (-131.08335 -0.18195176 1420.4268)            (3.6062524 -0.27929778 -0.15566647)           (-127.47709 -0.46124954 1420.2711)            (-0.16955066 -0.00023534676 1.8372608)        (0.0046645321 -0.00036125964 -0.00020134788)  (-0.16488613 -0.0005966064 1.8370595)        
weiyi                     (44.80948 -19.542695 506.13022)               (1.5110384 -0.11303662 -0.1188639)            (46.320518 -19.655731 506.01136)              (0.057959131 -0.025277633 0.65465763)         (0.001954463 -0.00014620799 -0.00015374533)   (0.059913594 -0.025423841 0.65450388)        
xiaoyi                    (150.7118 -0.35002453 -373.24196)             (0.30750632 -0.020321929 -0.035259088)        (151.01931 -0.37034646 -373.27722)            (0.19493922 -0.00045274165 -0.48277239)       (0.00039774617 -2.6285539e-05 -4.5606111e-05) (0.19533697 -0.00047902719 -0.48281799)      
youfuyi                   (-0.97685753 -0.30249249 9.0516916)           (0.17598607 -0.018148732 -0.0050486059)       (-0.80087145 -0.32064123 9.046643)            (-0.0012635231 -0.00039126101 0.011707973)    (0.0002276304 -2.3474602e-05 -6.5301541e-06)  (-0.0010358927 -0.00041473561 0.011701443)   
youweiduo                 (-1.0087125 -0.59008252 -0.98504422)          (0.15441064 -0.011222769 -0.0053514078)       (-0.85430186 -0.60130529 -0.99039563)         (-0.0013047261 -0.00076324631 -0.0012741123)  (0.00019972351 -1.4516169e-05 -6.9218154e-06) (-0.0011050026 -0.00077776248 -0.0012810341) 
zhongyangyi               (1053.2873 -0.011645319 14042.711)            (2.1650878 -0.14018063 -0.13214867)           (1055.4523 -0.15182595 14042.579)             (1.3623817 -1.5062719e-05 18.163641)          (0.0028004477 -0.0001813176 -0.00017092861)   (1.3651821 -0.00019638032 18.16347)          
zuofuyi                   (-0.81228587 0.32724722 8.8869415)            (0.17211147 -0.023660353 -0.004237331)        (-0.6401744 0.30358686 8.8827042)             (-0.0010506568 0.00042328017 0.011494876)     (0.00022261877 -3.0603647e-05 -5.480805e-06)  (-0.00082803799 0.00039267653 0.011489395)   
zuoweiduo                 (2.5426153 -6.0785336 10.507479)              (0.10668412 -0.029655928 0.0075387436)        (2.6492995 -6.1081895 10.515018)              (0.0032887634 -0.0078623213 0.013590972)      (0.00013799131 -3.8358665e-05 9.7510399e-06)  (0.0034267547 -0.0079006799 0.013600723)     
------------------------- --------------------------------------------- --------------------------------------------- --------------------------------------------- --------------------------------------------- --------------------------------------------- ---------------------------------------------
Net                       (16.662791 -33.09484 25.371636)               (11.835469 -0.8088516 -0.74959005)            (28.49826 -33.903692 24.622046)               (0.021552602 -0.04280675 0.032817118)         (0.01530867 -0.0010462147 -0.00096956243)     (0.036861271 -0.043852965 0.031847556)       

Forces - Direction Vector (0.99209929 -0.069756474 -0.10427384)
                          Forces [N]                                      Coefficients                                   
Zone                      Pressure        Viscous         Total           Pressure        Viscous         Total          
jidi                      1134.3192       0.00012582029   1134.3194       1.4671931       1.6274312e-07   1.4671932      
jishen                    10307.983       1.2554464       10309.238       13.332932       0.0016238658    13.334555      
jitou                     -11148.458      1.1864527       -11147.272      -14.42005       0.0015346254    -14.418516     
liangan                   240.96534       1.2090678       242.17441       0.31167828      0.0015638771    0.31324216     
waiyi                     -278.14835      3.6134752       -274.53488      -0.35977291     0.0046738745    -0.35509904    
weiyi                     -6.9574578      1.5193795       -5.4380783      -0.0089991719   0.0019652519    -0.0070339199  
xiaoyi                    188.46486       0.31017099      188.77503       0.24377117      0.00040119281   0.24417237     
youfuyi                   -1.8918935      0.17638809      -1.7155054      -0.0024470827   0.00022815039   -0.0022189323  
youweiduo                 -0.85686654     0.15453156      -0.70233498     -0.0011083199   0.00019987991   -0.00090844003 
zhongyangyi               -419.321        2.1715402       -417.14946      -0.54237364     0.0028087937    -0.53956485    
zuofuyi                   -1.7553713      0.17284397      -1.5825274      -0.0022704972   0.00022356623   -0.0020469309  
zuoweiduo                 1.8508888       0.10712384      1.9580126       0.0023940448    0.00013856007   0.0025326049   
------------------------- --------------- --------------- --------------- --------------- --------------- ---------------
Net                       16.194124       11.876546       28.07067        0.020946402     0.0153618       0.036308202    
