                                    "Force Report"

Forces
                          Forces [N]                                                                                                                                Coefficients                                                                                                                             
Zone                      Pressure                                      Viscous                                       Total                                         Pressure                                      Viscous                                       Total                                        
jidi                      (1144.956 2.4586603e-07 0.00043529042)        (5.048158e-09 -0.0012750752 0.00038174142)    (1144.956 -0.0012748293 0.00081703184)        (1.4809512 3.1801711e-10 5.630294e-07)        (6.5295748e-12 -1.6492548e-06 4.9376607e-07)  (1.4809512 -1.6489368e-06 1.0567955e-06)     
jishen                    (9084.1039 1.4433073 -12504.017)              (1.1796881 -0.11096922 -0.038107005)          (9085.2836 1.3323381 -12504.055)              (11.749897 0.0018668558 -16.173407)           (0.0015258757 -0.00014353391 -4.9289769e-05)  (11.751423 0.0017233219 -16.173456)          
jitou                     (-11251.389 -13.599565 7.3614613)             (1.1501359 -0.16935185 0.092253716)           (-11250.239 -13.768916 7.453715)              (-14.553187 -0.017590451 0.0095217329)        (0.0014876513 -0.00021904933 0.00011932621)   (-14.551699 -0.0178095 0.0096410591)         
liangan                   (-80.997105 -1.9799491 -3075.9646)            (1.1455305 -0.12276693 0.026863366)           (-79.851575 -2.102716 -3075.9377)             (-0.10476626 -0.0025609788 -3.9786276)        (0.0014816943 -0.00015879373 3.4746606e-05)   (-0.10328457 -0.0027197726 -3.9785929)       
waiyi                     (-142.06913 -0.23285263 1750.1672)            (4.3959151 -0.52767247 0.42491011)            (-137.67322 -0.7605251 1750.5921)             (-0.1837603 -0.00030118485 2.2637659)         (0.0056859268 -0.0006825216 0.00054960291)    (-0.17807437 -0.00098370645 2.2643155)       
weiyi                     (45.105519 -27.83497 556.67387)               (1.4453138 -0.2049222 0.0032927007)           (46.550833 -28.039892 556.67717)              (0.058342045 -0.036003335 0.72003367)         (0.0018694511 -0.00026505803 4.2589665e-06)   (0.060211496 -0.036268393 0.72003792)        
xiaoyi                    (152.04968 -0.79679931 -370.48588)            (0.32588445 -0.041665858 0.012054449)         (152.37557 -0.83846516 -370.47383)            (0.19666971 -0.0010306256 -0.47920753)        (0.00042151749 -5.3892991e-05 1.559191e-05)   (0.19709123 -0.0010845186 -0.47919193)       
youfuyi                   (-0.95881467 -0.54517338 15.241598)           (0.17486466 -0.04540696 0.020167625)          (-0.78395001 -0.59058034 15.261765)           (-0.0012401855 -0.00070515828 0.01971435)     (0.00022617991 -5.8731947e-05 2.6085954e-05)  (-0.0010140056 -0.00076389022 0.019740436)   
youweiduo                 (-0.91807269 -0.01815669 0.025028515)         (0.15314674 -0.03004915 0.010866273)          (-0.76492595 -0.04820584 0.035894788)         (-0.0011874875 -2.3484897e-05 3.2373305e-05)  (0.00019808871 -3.8867281e-05 1.4055056e-05)  (-0.00098939875 -6.2352177e-05 4.6428361e-05)
zhongyangyi               (1050.6947 -0.010301174 14246.972)            (2.5514693 -0.23049858 0.16697737)            (1053.2462 -0.24079975 14247.139)             (1.3590283 -1.3324124e-05 18.427844)          (0.0033002155 -0.00029813998 0.00021597803)   (1.3623285 -0.0003114641 18.42806)           
zuofuyi                   (-0.78004417 0.54418853 14.757156)            (0.18040488 -0.040306453 0.019554418)         (-0.59963929 0.50388208 14.776711)            (-0.0010089535 0.00070388442 0.019087746)     (0.00023334594 -5.213466e-05 2.5292797e-05)   (-0.00077560758 0.00065174976 0.019113038)   
zuoweiduo                 (2.7238461 -6.5529448 11.20866)               (0.11486668 -0.033388868 0.0020594182)        (2.8387128 -6.5863337 11.21072)               (0.0035231775 -0.0084759517 0.014497919)      (0.00014857511 -4.3187062e-05 2.6637687e-06)  (0.0036717526 -0.0085191388 0.014500583)     
------------------------- --------------------------------------------- --------------------------------------------- --------------------------------------------- --------------------------------------------- --------------------------------------------- ---------------------------------------------
Net                       (2.5215215 -49.583216 651.93978)              (12.81722 -1.5582736 0.74127418)              (15.338742 -51.141489 652.68105)              (0.0032614794 -0.064133753 0.84325601)        (0.016578522 -0.0020155598 0.0009588062)      (0.019840001 -0.066149313 0.84421481)        

Forces - Direction Vector (0.98966482 -0.1391731 0.034559857)
                          Forces [N]                                      Coefficients                                   
Zone                      Pressure        Viscous         Total           Pressure        Viscous         Total          
jidi                      1133.1227       0.00019065409   1133.1229       1.4656453       2.4660285e-07   1.4656456      
jishen                    8557.8802       1.1816228       8559.0618       11.069249       0.0015283781    11.070778      
jitou                     -11132.957      1.1650066       -11131.792      -14.4           0.0015068858    -14.398493     
liangan                   -186.18933      1.1517055       -185.03762      -0.24082787     0.0014896814    -0.23933819    
waiyi                     -80.082887      4.4386052       -75.644282      -0.10358376     0.0057411446    -0.097842619   
weiyi                     67.751794       1.4590097       69.210804       0.087634026     0.0018871661    0.089521192    
xiaoyi                    137.78518       0.32873174      138.11391       0.17821919      0.00042520034   0.17864439     
youfuyi                   -0.34628425     0.18007382      -0.16621042     -0.00044790375  0.00023291773   -0.00021498602 
youweiduo                 -0.90519234     0.15612151      -0.74907083     -0.0011708273   0.00020193645   -0.00096889084 
zhongyangyi               1532.2103       2.5629493       1534.7733       1.981848        0.0033150645    1.9851631      
zuofuyi                   -0.33771347     0.18482574      -0.15288773     -0.00043681782  0.00023906413   -0.0001977537  
zuoweiduo                 3.995058        0.11839752      4.1134555       0.0051674354    0.00015314209   0.0053205775   
------------------------- --------------- --------------- --------------- --------------- --------------- ---------------
Net                       31.927057       12.92724        44.854296       0.041296272     0.016720828     0.0580171      
