                                    "Force Report"

Forces
                          Forces [N]                                                                                                                                Coefficients                                                                                                                             
Zone                      Pressure                                      Viscous                                       Total                                         Pressure                                      Viscous                                       Total                                        
jidi                      (1143.614 2.7521311e-07 0.00043464514)        (8.8232312e-09 -0.00047946062 -2.7291485e-05) (1143.614 -0.0004791854 0.00040735366)        (1.4792154 3.559763e-10 5.6219476e-07)        (1.1412469e-11 -6.2016165e-07 -3.5300359e-08) (1.4792154 -6.1980567e-07 5.268944e-07)      
jishen                    (9077.553 2.0581404 -12505.747)               (1.2761321 -0.091233473 -0.10537176)          (9078.8291 1.9669069 -12505.852)              (11.741424 0.0026621159 -16.175645)           (0.0016506219 -0.00011800657 -0.00013629383)  (11.743074 0.0025441094 -16.175781)          
jitou                     (-11240.723 -13.95567 -13.728713)             (1.1674163 -0.16936822 -0.12233804)           (-11239.556 -14.125038 -13.851051)            (-14.539391 -0.018051057 -0.017757498)        (0.0015100027 -0.0002190705 -0.00015823898)   (-14.537881 -0.018270128 -0.017915737)       
liangan                   (-81.140905 -1.0803139 -3084.1182)            (1.2250108 -0.11228782 -0.10069247)           (-79.915894 -1.1926017 -3084.2189)            (-0.10495226 -0.0013973395 -3.989174)         (0.0015844986 -0.00014523946 -0.00013024137)  (-0.10336777 -0.0015425789 -3.9893043)       
waiyi                     (-131.12635 -0.41460093 1419.6621)            (3.5711039 -0.55530662 -0.15512885)           (-127.55524 -0.96990755 1419.507)             (-0.16960628 -0.00053626844 1.8362718)        (0.004619069 -0.00071826518 -0.00020065248)   (-0.16498721 -0.0012545336 1.8360711)        
weiyi                     (43.016971 -28.597635 505.26455)              (1.4304357 -0.20451128 -0.11255158)           (44.447407 -28.802146 505.152)                (0.055640598 -0.036989809 0.65353792)         (0.0018502069 -0.00026452652 -0.00014558061)  (0.057490805 -0.037254335 0.65339234)        
xiaoyi                    (150.73008 -0.74427662 -373.50028)            (0.31128768 -0.041305575 -0.037241107)        (151.04137 -0.7855822 -373.53752)             (0.19496286 -0.00096268974 -0.48310652)       (0.0004026372 -5.3426982e-05 -4.8169767e-05)  (0.1953655 -0.0010161167 -0.48315468)        
youfuyi                   (-1.1270125 -0.28392836 8.9694357)            (0.17933462 -0.041894742 -0.007539184)        (-0.94767784 -0.3258231 8.9618965)            (-0.001457742 -0.0003672491 0.011601579)      (0.0002319616 -5.4189044e-05 -9.7516096e-06)  (-0.0012257804 -0.00042143814 0.011591827)   
youweiduo                 (-1.0341325 -0.82444683 -1.4078215)           (0.15217793 -0.025050726 4.3725457e-05)       (-0.8819546 -0.84949756 -1.4077778)           (-0.0013376059 -0.0010663865 -0.0018209564)   (0.00019683559 -3.2402034e-05 5.6556994e-08)  (-0.0011407703 -0.0010987885 -0.0018208999)  
zhongyangyi               (1053.9616 -0.026549128 14043.752)            (2.1167676 -0.26458261 -0.12222925)           (1056.0784 -0.29113174 14043.63)              (1.363254 -3.4340153e-05 18.164988)           (0.0027379477 -0.00034222621 -0.00015809827)  (1.3659919 -0.00037656636 18.16483)          
zuofuyi                   (-0.86643583 0.31985543 8.6203787)            (0.17314308 -0.04774676 -0.0046649418)        (-0.69329274 0.27210867 8.6157138)            (-0.0011206974 0.00041371921 0.011150088)     (0.00022395311 -6.1758376e-05 -6.0339012e-06) (-0.00089674429 0.00035196084 0.011144054)   
zuoweiduo                 (2.5730571 -6.0590046 10.465328)              (0.11007162 -0.041957383 -0.0019948155)       (2.6831287 -6.100962 10.463333)               (0.0033281385 -0.0078370614 0.01353645)       (0.0001423729 -5.4270067e-05 -2.5802079e-06)  (0.0034705114 -0.0078913315 0.01353387)      
------------------------- --------------------------------------------- --------------------------------------------- --------------------------------------------- --------------------------------------------- --------------------------------------------- ---------------------------------------------
Net                       (15.430465 -49.608429 18.23204)               (11.712881 -1.5957247 -0.76973556)            (27.143346 -51.204154 17.462305)              (0.019958641 -0.064166365 0.023582359)        (0.015150107 -0.0020640011 -0.00099561977)    (0.035108749 -0.066230366 0.022586739)       

Forces - Direction Vector (0.98484328 -0.1391731 -0.1035112)
                          Forces [N]                                      Coefficients                                   
Zone                      Pressure        Viscous         Total           Pressure        Viscous         Total          
jidi                      1126.2805       6.9561685e-05   1126.2805       1.4567953       8.9975042e-08   1.4567953      
jishen                    10234.165       1.2803945       10235.446       13.237452       0.0016561351    13.239108      
jitou                     -11066.988      1.185957        -11065.802      -14.314671      0.0015339842    -14.313138     
liangan                   239.48005       1.2324938       240.71255       0.30975713      0.0015941777    0.31135131     
waiyi                     -276.03213      3.610319        -272.42181      -0.35703567     0.004669792     -0.35236587    
weiyi                     -5.9555429      1.4488678       -4.5066751      -0.007703238    0.001874048     -0.00582919    
xiaoyi                    187.21055       0.31617307      187.52672       0.24214878      0.00040895625   0.24255774     
youfuyi                   -1.9988525      0.18322751      -1.815625       -0.0025854296   0.00023699688   -0.0023484327  
youweiduo                 -0.75799236     0.15335327      -0.60463909     -0.00098043045  0.00019835584   -0.00078207461 
zhongyangyi               -415.69486      2.1341593       -413.5607       -0.53768338     0.002760443     -0.53492294    
zuofuyi                   -1.7901245      0.17764674      -1.6124778      -0.0023154489   0.0002297784    -0.0020856705  
zuoweiduo                 2.2940298       0.11444912      2.408479        0.0029672287    0.00014803501   0.0031152637   
------------------------- --------------- --------------- --------------- --------------- --------------- ---------------
Net                       20.213528       11.837111       32.050639       0.026145328     0.015310792     0.04145612     
