                                    "Force Report"

Forces
                          Forces [N]                                                                                                                                Coefficients                                                                                                                             
Zone                      Pressure                                      Viscous                                       Total                                         Pressure                                      Viscous                                       Total                                        
jidi                      (1145.3408 -1.9219304e-07 0.00043574455)      (2.5916013e-08 0.0016354773 0.0026119386)     (1145.3408 0.0016352851 0.0030476832)         (1.4814489 -2.4859342e-10 5.6361679e-07)      (3.3521246e-11 2.1154194e-06 3.3784301e-06)   (1.4814489 2.1151708e-06 3.9420469e-06)      
jishen                    (9087.799 1.0470534 -12495.939)               (1.1639065 -0.048931534 0.055502232)          (9088.9629 0.9981219 -12495.884)              (11.754676 0.0013543185 -16.162959)           (0.0015054629 -6.3290831e-05 7.1789745e-05)   (11.756182 0.0012910277 -16.162887)          
jitou                     (-11259.615 -6.656217 26.296242)              (1.1311164 -0.084818715 0.29284084)           (-11258.484 -6.7410358 26.589083)             (-14.563827 -0.0086095299 0.034013056)        (0.0014630504 -0.00010970935 0.00037877701)   (-14.562364 -0.0087192393 0.034391833)       
liangan                   (-81.070703 -0.18348396 -3066.5406)           (1.241629 -0.031039991 0.16164068)            (-79.829074 -0.21452396 -3066.379)            (-0.10486146 -0.0002373286 -3.9664382)        (0.0016059936 -4.0148891e-05 0.00020907525)   (-0.10325547 -0.00027747749 -3.9662291)      
waiyi                     (-211.40364 0.0002166437 1969.4817)           (3.3924369 -0.25049535 0.90693907)            (-208.0112 -0.25027871 1970.3886)             (-0.27344149 2.8021928e-07 2.5474397)         (0.004387971 -0.00032400494 0.0011730866)     (-0.26905352 -0.00032372472 2.5486128)       
weiyi                     (39.681025 -18.206826 612.25976)              (1.3142872 -0.086049279 0.13998751)           (40.995313 -18.292875 612.39975)              (0.051325696 -0.023549745 0.79193162)         (0.0016999739 -0.00011130103 0.00018106781)   (0.05302567 -0.023661046 0.79211269)         
xiaoyi                    (153.83047 -0.5628712 -366.72117)             (0.36184504 -0.025464712 0.074851924)         (154.19232 -0.58833591 -366.64632)            (0.19897309 -0.00072804964 -0.47433803)       (0.00046803097 -3.2937508e-05 9.6817738e-05)  (0.19944112 -0.00076098715 -0.47424121)      
youfuyi                   (0.045812228 -0.93837059 24.092206)           (0.1340491 -0.014457756 0.04729376)           (0.17986133 -0.95282835 24.1395)              (5.9256143e-05 -0.0012137419 0.031162231)     (0.00017338674 -1.8700484e-05 6.1172441e-05)  (0.00023264288 -0.0012324424 0.031223403)    
youweiduo                 (-0.86424565 0.99664596 1.7891465)            (0.1441356 -0.015049828 0.014245738)          (-0.72011005 0.98159613 1.8033923)            (-0.0011178645 0.0012891186 0.0023141839)     (0.00018643319 -1.9466304e-05 1.8426248e-05)  (-0.00093143132 0.0012696523 0.0023326102)   
zhongyangyi               (1018.876 0.033387453 14372.372)              (1.9816536 -0.091616605 0.4141394)            (1020.8577 -0.058229152 14372.786)            (1.3178722 4.3185231e-05 18.590044)           (0.0025631836 -0.00011850213 0.00053567147)   (1.3204354 -7.5316899e-05 18.59058)          
zuofuyi                   (0.23219745 0.72618014 22.511223)             (0.14233919 -0.042712441 0.043580745)         (0.37453664 0.6834677 22.554804)              (0.0003003374 0.00093928272 0.029117297)      (0.00018410961 -5.5246701e-05 5.6369815e-05)  (0.00048444701 0.00088403602 0.029173667)    
zuoweiduo                 (2.6500098 -6.7019527 11.397904)              (0.1130184 -0.014097501 0.013816334)          (2.7630282 -6.7160502 11.411721)              (0.0034276734 -0.0086686871 0.014742698)      (0.00014618443 -1.823451e-05 1.7870833e-05)   (0.0035738579 -0.0086869216 0.014760569)     
------------------------- --------------------------------------------- --------------------------------------------- --------------------------------------------- --------------------------------------------- --------------------------------------------- ---------------------------------------------
Net                       (-104.49839 -30.446238 1110.9998)             (11.120417 -0.70309823 2.1674502)             (-93.37797 -31.149336 1113.1673)              (-0.13516416 -0.039380897 1.4370304)          (0.01438378 -0.00090942727 0.0028035034)      (-0.12078038 -0.040290324 1.4398339)         

Forces - Direction Vector (0.98240881 -0.069756474 0.17322518)
                          Forces [N]                                      Coefficients                                   
Zone                      Pressure        Viscous         Total           Pressure        Viscous         Total          
jidi                      1125.1929       0.00033839387   1125.1933       1.4553886       4.3769789e-07   1.455389       
jishen                    6763.2494       1.1564597       6764.4059       8.7479717       0.0014958308    8.7494675      
jitou                     -11056.526      1.1678628       -11055.358      -14.301139      0.0015105802    -14.299629     
liangan                   -610.83382      1.2499527       -609.58387      -0.79008723     0.00161676      -0.78847047    
waiyi                     133.479         3.5073383       136.98634       0.17264934      0.0045365909    0.17718593     
weiyi                     146.31184       1.3214192       147.63326       0.18924806      0.0017091988    0.19095726     
xiaoyi                    87.638336       0.37022232      88.008558       0.11335641      0.00047886662   0.11383528     
youfuyi                   4.2838405       0.14089201      4.4247326       0.0055409631    0.00018223775   0.0057232009   
youweiduo                 -0.60863983     0.14511763      -0.4635222      -0.00078724939  0.0001877034    -0.00059954599 
zhongyangyi               3490.6072       2.0249242       3492.6321       4.51495         0.0026191522    4.5175692      
zuofuyi                   4.0769677       0.15036403      4.2273317       0.005273382     0.00019448939   0.0054678714   
zuoweiduo                 5.0453015       0.114407        5.1597085       0.0065258801    0.00014798052   0.0066738607   
------------------------- --------------- --------------- --------------- --------------- --------------- ---------------
Net                       91.916831       11.349298       103.26613       0.11889046      0.014679828     0.13357029     
