                                    "Force Report"

Moments - Moment Center (0 0 0.05)
                          Moments [N m]                                                                                                                             Coefficients                                                                                                                             
Zone                      Pressure                                      Viscous                                       Total                                         Pressure                                      Viscous                                       Total                                        
jidi                      (-1.7453262e-08 -22.911057 0.0017400814)      (6.0205669e-05 -0.0014626863 0.00091586688)   (6.0188215e-05 -22.91252 0.0026559483)        (-6.1900311e-11 -0.081257104 6.1714296e-06)   (2.1352739e-07 -5.1876109e-06 3.2482434e-06)  (2.1346549e-07 -0.081262292 9.419673e-06)    
jishen                    (0.07131771 -228.804 0.88718595)              (-0.0093728495 -0.060350383 0.0027992204)     (0.061944861 -228.86435 0.88998517)           (0.00025293772 -0.81148373 0.0031465227)      (-3.3242054e-05 -0.00021404064 9.9278066e-06) (0.00021969567 -0.81169777 0.0031564505)     
jitou                     (-0.4251518 553.74046 4.1990069)              (-0.0045216021 0.12540089 0.053682499)        (-0.4296734 553.86586 4.2526894)              (-0.0015078573 1.963914 0.014892335)          (-1.6036462e-05 0.00044475089 0.00019039211)  (-0.0015238937 1.9643588 0.015082727)        
liangan                   (0.30131225 649.63135 -1.256996)              (-0.0035439089 0.12399362 0.012785079)        (0.29776834 649.75535 -1.2442109)             (0.0010686439 2.3040038 -0.004458103)         (-1.2568943e-05 0.00043975983 4.5343978e-05)  (0.0010560749 2.3044436 -0.0044127591)       
waiyi                     (5.9177375 -45.088889 -0.95274429)            (0.036487163 0.52923074 -0.024325416)         (5.9542247 -44.559658 -0.97706971)            (0.020988041 -0.15991373 -0.0033790341)       (0.00012940657 0.001876987 -8.6273317e-05)    (0.021117448 -0.15803674 -0.0034653074)      
weiyi                     (-8.6391427 -773.29807 -24.317078)            (0.014907388 0.21699716 -0.16298167)          (-8.6242353 -773.08107 -24.48006)             (-0.030639866 -2.7426042 -0.086243745)        (5.2871028e-05 0.00076960921 -0.00057803611)  (-0.030586995 -2.7418346 -0.086821781)       
xiaoyi                    (6.3825246 55.850107 -0.2135747)              (0.052585296 0.035361184 -0.013121892)        (6.4351099 55.885468 -0.22669659)             (0.02263647 0.19807982 -0.00075747101)        (0.00018650073 0.00012541313 -4.6538529e-05)  (0.022822971 0.19820523 -0.00080400954)      
youfuyi                   (28.717866 -4.0949588 -0.20745059)            (0.057393992 0.0080767574 -0.16257721)        (28.77526 -4.0868821 -0.3700278)              (0.10185172 -0.014523315 -0.00073575105)      (0.00020355541 2.8645292e-05 -0.00057660164)  (0.10205528 -0.01449467 -0.0013123527)       
youweiduo                 (0.20827441 -2.6880479 1.670206)              (0.0086122274 0.021095725 -0.074652982)       (0.21688663 -2.6669522 1.595553)              (0.00073867282 -0.0095335186 0.0059236072)    (3.0544407e-05 7.4818788e-05 -0.00026476671)  (0.00076921723 -0.0094586998 0.0056588405)   
zhongyangyi               (4.6479597 -273.5855 0.46567204)              (0.0076086174 0.3095224 -0.018457489)         (4.6555683 -273.27597 0.44721455)             (0.016484606 -0.97030726 0.0016515677)        (2.6984971e-05 0.0010977623 -6.5461933e-05)   (0.016511591 -0.9692095 0.0015861058)        
zuofuyi                   (-27.13427 -3.8175195 0.35649983)             (-0.048268009 0.009428824 0.15955925)         (-27.182538 -3.8080907 0.51605908)            (-0.096235289 -0.013539339 0.001264374)       (-0.0001711889 3.3440576e-05 0.00056589804)   (-0.096406478 -0.013505899 0.001830272)      
zuoweiduo                 (-2.2278195 -14.826601 -8.1954063)            (-0.0010293452 0.013144322 0.022168897)       (-2.2288489 -14.813456 -8.1732374)            (-0.0079012575 -0.052584507 -0.029066096)     (-3.6507092e-06 4.6618083e-05 7.8624936e-05)  (-0.0079049082 -0.052537889 -0.028987471)    
------------------------- --------------------------------------------- --------------------------------------------- --------------------------------------------- --------------------------------------------- --------------------------------------------- ---------------------------------------------
Net                       (7.8206077 -109.89271 -27.562939)             (0.11091917 1.3304385 -0.20420585)            (7.9315269 -108.56227 -27.767145)             (0.027736823 -0.38974908 -0.097755622)        (0.00039338957 0.0047185768 -0.00072424313)   (0.028130213 -0.38503051 -0.098479865)       

Moments - Moment Center (0 0 0.05) Moment Axis (0 1 0)
                          Moments [N m]                                   Coefficients                                   
Zone                      Pressure        Viscous         Total           Pressure        Viscous         Total          
jidi                      -22.911057      -0.0014626863   -22.91252       -0.081257104    -5.1876109e-06  -0.081262292   
jishen                    -228.804        -0.060350383    -228.86435      -0.81148373     -0.00021404064  -0.81169777    
jitou                     553.74046       0.12540089      553.86586       1.963914        0.00044475089   1.9643588      
liangan                   649.63135       0.12399362      649.75535       2.3040038       0.00043975983   2.3044436      
waiyi                     -45.088889      0.52923074      -44.559658      -0.15991373     0.001876987     -0.15803674    
weiyi                     -773.29807      0.21699716      -773.08107      -2.7426042      0.00076960921   -2.7418346     
xiaoyi                    55.850107       0.035361184     55.885468       0.19807982      0.00012541313   0.19820523     
youfuyi                   -4.0949588      0.0080767574    -4.0868821      -0.014523315    2.8645292e-05   -0.01449467    
youweiduo                 -2.6880479      0.021095725     -2.6669522      -0.0095335186   7.4818788e-05   -0.0094586998  
zhongyangyi               -273.5855       0.3095224       -273.27597      -0.97030726     0.0010977623    -0.9692095     
zuofuyi                   -3.8175195      0.009428824     -3.8080907      -0.013539339    3.3440576e-05   -0.013505899   
zuoweiduo                 -14.826601      0.013144322     -14.813456      -0.052584507    4.6618083e-05   -0.052537889   
------------------------- --------------- --------------- --------------- --------------- --------------- ---------------
Net                       -109.89271      1.3304385       -108.56227      -0.38974908     0.0047185768    -0.38503051    
