                                    "Force Report"

Moments - Moment Center (0 0 0.05)
                          Moments [N m]                                                                                                                             Coefficients                                                                                                                             
Zone                      Pressure                                      Viscous                                       Total                                         Pressure                                      Viscous                                       Total                                        
jidi                      (1.2794555e-08 -22.916649 0.010727582)        (4.4937206e-05 -0.0025111029 0.0012471229)    (4.4950001e-05 -22.91916 0.011974705)         (4.5377588e-11 -0.081276937 3.8046794e-05)    (1.5937577e-07 -8.9059597e-06 4.4230867e-06)  (1.5942114e-07 -0.081285843 4.246988e-05)    
jishen                    (-0.012127446 -229.37845 1.7702598)           (-0.0069753897 -0.068711811 0.009881013)      (-0.019102836 -229.44716 1.7801408)           (-4.3011596e-05 -0.8135211 0.0062784612)      (-2.4739145e-05 -0.00024369556 3.5044324e-05) (-6.7750741e-05 -0.8137648 0.0063135055)     
jitou                     (-0.47129585 557.6645 4.6533064)              (-0.0047047278 0.17980704 0.055787218)        (-0.47600057 557.84431 4.7090936)             (-0.0016715133 1.9778312 0.016503568)         (-1.6685941e-05 0.00063770953 0.00019785677)  (-0.0016881992 1.9784689 0.016701425)        
liangan                   (-0.39436747 651.17446 -1.5424733)            (-0.01126423 0.13286657 0.022292315)          (-0.4056317 651.30733 -1.520181)              (-0.0013986766 2.3094766 -0.0054705863)       (-3.9950087e-05 0.00047122891 7.9062655e-05)  (-0.0014386266 2.3099479 -0.0053915236)      
waiyi                     (10.345434 -46.406345 0.024278863)            (0.04634696 0.43073892 -0.029701655)          (10.391781 -45.975606 -0.0054227918)          (0.036691454 -0.16458626 8.6108211e-05)       (0.00016437564 0.0015276727 -0.00010534086)   (0.036855829 -0.16305859 -1.9232651e-05)     
weiyi                     (-5.3481416 -774.55392 -14.242853)            (0.043670052 0.053079635 -0.18370105)         (-5.3044715 -774.50084 -14.426554)            (-0.018967894 -2.7470583 -0.050514166)        (0.00015488163 0.00018825397 -0.00065152014)  (-0.018813012 -2.74687 -0.051165687)         
xiaoyi                    (8.1055411 55.6686 -0.63132023)               (0.057422205 0.031241625 -0.011544854)        (8.1629633 55.699842 -0.64286509)             (0.028747377 0.19743608 -0.002239061)         (0.00020365547 0.00011080257 -4.0945358e-05)  (0.028951032 0.19754688 -0.0022800063)       
youfuyi                   (32.319695 -4.5686567 -0.62461626)            (0.057879745 0.0094309656 -0.17043704)        (32.377575 -4.5592258 -0.7950533)             (0.11462609 -0.016203347 -0.0022152844)       (0.00020527819 3.3448171e-05 -0.00060447759)  (0.11483137 -0.016169899 -0.002819762)       
youweiduo                 (0.33764871 -4.0571417 2.4638703)             (0.018620817 -0.012319018 -0.0896337)         (0.35626953 -4.0694607 2.3742366)             (0.001197516 -0.014389191 0.0087384431)       (6.6041197e-05 -4.3691031e-05 -0.00031789781) (0.0012635571 -0.014432882 0.0084205452)     
zhongyangyi               (2.0751781 -274.72357 -2.1444678)             (-0.00052443238 0.25235807 0.0032261874)      (2.0746537 -274.47121 -2.1412416)             (0.0073598945 -0.97434358 -0.0076056394)      (-1.859969e-06 0.00089502139 1.1442102e-05)   (0.0073580346 -0.97344856 -0.0075941973)     
zuofuyi                   (-31.588225 -4.4764351 0.62373943)            (-0.053427921 0.008883505 0.15810594)         (-31.641653 -4.4675516 0.78184536)            (-0.11203183 -0.015876271 0.0022121746)       (-0.00018948921 3.1506529e-05 0.00056074368)  (-0.11222132 -0.015844765 0.0027729183)      
zuoweiduo                 (-2.8352715 -16.618349 -9.3119638)            (-0.0050574607 0.0029036498 0.022401758)      (-2.8403289 -16.615445 -9.289562)             (-0.010055667 -0.058939179 -0.033026115)      (-1.7936955e-05 1.0298179e-05 7.9450809e-05)  (-0.010073603 -0.058928881 -0.032946664)     
------------------------- --------------------------------------------- --------------------------------------------- --------------------------------------------- --------------------------------------------- --------------------------------------------- ---------------------------------------------
Net                       (12.534068 -113.19195 -18.951512)             (0.14203055 1.017768 -0.21207675)             (12.676098 -112.17418 -19.163588)             (0.044453735 -0.40145025 -0.06721405)         (0.00050373021 0.0036096494 -0.00075215833)   (0.044957465 -0.3978406 -0.067966209)        

Moments - Moment Center (0 0 0.05) Moment Axis (0 1 0)
                          Moments [N m]                                   Coefficients                                   
Zone                      Pressure        Viscous         Total           Pressure        Viscous         Total          
jidi                      -22.916649      -0.0025111029   -22.91916       -0.081276937    -8.9059597e-06  -0.081285843   
jishen                    -229.37845      -0.068711811    -229.44716      -0.8135211      -0.00024369556  -0.8137648     
jitou                     557.6645        0.17980704      557.84431       1.9778312       0.00063770953   1.9784689      
liangan                   651.17446       0.13286657      651.30733       2.3094766       0.00047122891   2.3099479      
waiyi                     -46.406345      0.43073892      -45.975606      -0.16458626     0.0015276727    -0.16305859    
weiyi                     -774.55392      0.053079635     -774.50084      -2.7470583      0.00018825397   -2.74687       
xiaoyi                    55.6686         0.031241625     55.699842       0.19743608      0.00011080257   0.19754688     
youfuyi                   -4.5686567      0.0094309656    -4.5592258      -0.016203347    3.3448171e-05   -0.016169899   
youweiduo                 -4.0571417      -0.012319018    -4.0694607      -0.014389191    -4.3691031e-05  -0.014432882   
zhongyangyi               -274.72357      0.25235807      -274.47121      -0.97434358     0.00089502139   -0.97344856    
zuofuyi                   -4.4764351      0.008883505     -4.4675516      -0.015876271    3.1506529e-05   -0.015844765   
zuoweiduo                 -16.618349      0.0029036498    -16.615445      -0.058939179    1.0298179e-05   -0.058928881   
------------------------- --------------- --------------- --------------- --------------- --------------- ---------------
Net                       -113.19195      1.017768        -112.17418      -0.40145025     0.0036096494    -0.3978406     
