                                    "Force Report"

Forces
                          Forces [N]                                                                                                                                Coefficients                                                                                                                             
Zone                      Pressure                                      Viscous                                       Total                                         Pressure                                      Viscous                                       Total                                        
jidi                      (1145.8534 8.7456965e-07 0.00043567829)       (3.1282517e-08 0.0024307165 0.0047664458)     (1145.8534 0.002431591 0.0052021241)          (1.482112 1.1312182e-09 5.6353109e-07)        (4.0462588e-11 3.144027e-06 6.1651922e-06)    (1.482112 3.1451582e-06 6.7287233e-06)       
jishen                    (9091.318 0.58209586 -12494.418)              (1.2138141 -0.049004076 0.099241161)          (9092.5318 0.53309178 -12494.319)             (11.759228 0.00075291591 -16.160991)          (0.0015700162 -6.338466e-05 0.00012836417)    (11.760798 0.00068953125 -16.160863)         
jitou                     (-11262.247 -7.2668951 32.351163)             (1.104642 -0.086633531 0.37792406)            (-11261.142 -7.3535286 32.729087)             (-14.567231 -0.0093994157 0.041844836)        (0.0014288068 -0.00011205674 0.00048882849)   (-14.565802 -0.0095114724 0.042333664)       
liangan                   (-81.46907 0.53936225 -3061.4932)             (1.316444 -0.021553034 0.21858163)            (-80.152626 0.51780922 -3061.2747)            (-0.10537673 0.00069764183 -3.9599096)        (0.0017027636 -2.7877921e-05 0.00028272591)   (-0.10367397 0.00066976391 -3.9596269)       
waiyi                     (-250.13778 -0.089156811 2020.4992)           (2.6458662 -0.24340124 0.96563758)            (-247.49192 -0.33255805 2021.4648)            (-0.32354244 -0.00011532049 2.6134287)        (0.0034223139 -0.00031482901 0.0012490106)    (-0.32012013 -0.00043014951 2.6146777)       
weiyi                     (37.578664 0.13117128 591.79865)              (1.1970613 -0.086823445 0.19396108)           (38.775726 0.044347838 591.99261)             (0.048606383 0.0001696644 0.76546606)         (0.0015483472 -0.00011230238 0.0002508803)    (0.05015473 5.7362017e-05 0.76571694)        
xiaoyi                    (154.17834 -0.38973083 -364.94054)            (0.3570091 -0.026409269 0.10317731)           (154.53535 -0.41614009 -364.83736)            (0.19942304 -0.00050410003 -0.47203486)       (0.00046177588 -3.4159251e-05 0.0001334554)   (0.19988481 -0.00053825928 -0.47190141)      
youfuyi                   (0.398681 -0.87322179 27.115956)              (0.1444032 -0.00090320645 0.048385757)        (0.5430842 -0.874125 27.164341)               (0.00051567669 -0.0011294748 0.03507332)      (0.00018677932 -1.1682586e-06 6.2584892e-05)  (0.00070245601 -0.001130643 0.035135905)     
youweiduo                 (-0.70892673 1.216882 2.110771)               (0.12442218 -0.031524651 0.027662751)         (-0.58450455 1.1853573 2.1384337)             (-0.00091696618 0.0015739844 0.0027301913)    (0.00016093473 -4.0775777e-05 3.5780576e-05)  (-0.00075603145 0.0015332086 0.0027659719)   
zhongyangyi               (1012.4729 0.0018293618 14380.947)            (1.5647341 -0.061472137 0.41252259)           (1014.0377 -0.059642776 14381.36)             (1.3095901 2.3662007e-06 18.601135)           (0.0020239162 -7.9511561e-05 0.0005335802)    (1.311614 -7.714536e-05 18.601669)           
zuofuyi                   (0.43673206 0.85795701 26.453073)             (0.13991301 -0.051864153 0.049569618)         (0.57664507 0.80609285 26.502642)             (0.0005648941 0.0011097304 0.034215909)       (0.00018097145 -6.7084047e-05 6.4116165e-05)  (0.00074586555 0.0010426464 0.034280026)     
zuoweiduo                 (1.0391816 3.9754722 -7.0043982)              (0.073076391 0.02317457 -0.0075976652)        (1.112258 3.9986467 -7.0119958)               (0.0013441367 0.0051421019 -0.0090598872)     (9.4521162e-05 2.9975307e-05 -9.8272526e-06)  (0.0014386578 0.0051720773 -0.0090697144)    
------------------------- --------------------------------------------- --------------------------------------------- --------------------------------------------- --------------------------------------------- --------------------------------------------- ---------------------------------------------
Net                       (-151.28646 -1.3142337 1153.42)               (9.8813855 -0.63398346 2.4938323)             (-141.40508 -1.9482172 1155.9138)             (-0.19568252 -0.0016999047 1.491899)          (0.012781146 -0.00082003028 0.0032256646)     (-0.18290137 -0.002519935 1.4951247)         

Forces - Direction Vector (0.96793213 -0.069756474 0.24133259)
                          Forces [N]                                      Coefficients                                   
Zone                      Pressure        Viscous         Total           Pressure        Viscous         Total          
jidi                      1109.1084       0.00098077076   1109.1094       1.4345839       1.2685847e-06   1.4345852      
jishen                    5784.428        1.2022581       5785.6303       7.4819084       0.0015550691    7.4834634      
jitou                     -10892.776      1.1664671       -10891.61       -14.089336      0.0015087749    -14.087828     
liangan                   -817.73224      1.3284828       -816.40375      -1.0577014      0.0017183352    -1.0559831     
waiyi                     245.50212       2.8110376       248.31316       0.31754641      0.0036359559    0.32118237     
weiyi                     179.18475       1.2115397       180.39629       0.23176775      0.0015670744    0.23333482     
xiaoyi                    61.18931        0.37230284      61.561613       0.079145736     0.00048155768   0.079627293    
youfuyi                   6.9907727       0.15151256      7.1422853       0.0090422633    0.00019597497   0.0092382382   
youweiduo                 -0.26168055     0.1293072       -0.13237335     -0.00033847251  0.00016725329   -0.00017121922 
zhongyangyi               4450.5961       1.6183997       4452.2145       5.7566543       0.0020933303    5.7587476      
zuofuyi                   6.7468673       0.15100692      6.8978743       0.0087267822    0.00019532094   0.0089221031   
zuoweiduo                 -0.96184714     0.067282846     -0.89456429     -0.0012441078   8.7027462e-05   -0.0011570804  
------------------------- --------------- --------------- --------------- --------------- --------------- ---------------
Net                       132.01447       10.210578       142.22505       0.17075503      0.013206943     0.18396197     
