                                    "Force Report"

Forces
                          Forces [N]                                                                                                                                Coefficients                                                                                                                             
Zone                      Pressure                                      Viscous                                       Total                                         Pressure                                      Viscous                                       Total                                        
jidi                      (1144.8093 3.2193729e-07 0.00043534935)       (2.2872843e-09 -0.0038077134 0.00056201512)   (1144.8093 -0.0038073915 0.00099736448)       (1.4807614 4.1641201e-10 5.6310563e-07)       (2.9585036e-12 -4.9251132e-06 7.2694234e-07)  (1.4807614 -4.9246968e-06 1.290048e-06)      
jishen                    (9084.753 1.9823631 -12510.588)               (1.2426779 -0.1704073 -0.076108602)           (9085.9957 1.8119558 -12510.664)              (11.750737 0.0025641012 -16.181906)           (0.0016073504 -0.0002204145 -9.8443197e-05)   (11.752344 0.0023436867 -16.182005)          
jitou                     (-11250.921 -20.304531 1.7836628)             (1.1403322 -0.2537549 0.038561836)            (-11249.781 -20.558285 1.8222246)             (-14.552582 -0.026263035 0.002307091)         (0.0014749706 -0.00032822103 4.9878073e-05)   (-14.551107 -0.026591256 0.0023569691)       
liangan                   (-81.108322 -2.5286195 -3079.1611)            (1.2254415 -0.19320566 -0.022333126)          (-79.882881 -2.7218252 -3079.1834)            (-0.10491012 -0.0032706604 -3.9827622)        (0.0015850557 -0.00024990319 -2.8886936e-05)  (-0.10332506 -0.0035205635 -3.9827911)       
waiyi                     (-132.02921 -0.39696347 1662.4807)            (4.244071 -0.77040838 0.25929496)             (-127.78514 -1.1673719 1662.74)               (-0.17077409 -0.00051345514 2.1503472)        (0.005489523 -0.00099649005 0.00033538686)    (-0.16528457 -0.0015099452 2.1506826)        
weiyi                     (42.734759 -18.289563 493.00643)              (1.424879 -0.27658753 -0.077417867)           (44.159638 -18.56615 492.92902)               (0.05527557 -0.023656761 0.63768258)          (0.0018430196 -0.00035775405 -0.00010013668)  (0.057118589 -0.024014515 0.63758244)        
xiaoyi                    (151.58043 -1.2834605 -371.76898)             (0.31733546 -0.061762764 -0.0053297826)       (151.89777 -1.3452233 -371.77431)             (0.19606275 -0.0016601009 -0.48086716)        (0.00041045974 -7.9887473e-05 -6.8938441e-06) (0.19647321 -0.0017399883 -0.48087405)       
youfuyi                   (-0.95878013 -0.46894665 13.680965)           (0.1822434 -0.066594173 0.011827437)          (-0.77653673 -0.53554082 13.692792)           (-0.0012401408 -0.00060656228 0.017695739)    (0.00023572398 -8.6136693e-05 1.529828e-05)   (-0.0010044168 -0.00069269897 0.017711037)   
youweiduo                 (-1.032525 -0.83645266 -1.4004752)            (0.15310883 -0.04711452 0.012425925)          (-0.87941613 -0.88356718 -1.3880492)          (-0.0013355265 -0.0010819155 -0.0018114543)   (0.00019803967 -6.0940601e-05 1.6072399e-05)  (-0.0011374869 -0.0011428561 -0.0017953819)  
zhongyangyi               (1054.9056 -0.032805532 14196.832)            (2.4716966 -0.35026 0.080990147)              (1057.3773 -0.38306553 14196.913)             (1.364475 -4.2432542e-05 18.362991)           (0.0031970331 -0.00045304622 0.00010475727)   (1.367672 -0.00049547876 18.363095)          
zuofuyi                   (-0.82112575 0.47859884 13.043061)            (0.18975722 -0.058962766 0.011652267)         (-0.63136852 0.41963608 13.054713)            (-0.0010620908 0.00061904698 0.016870638)     (0.00024544279 -7.6265797e-05 1.5071705e-05)  (-0.00081664797 0.00054278118 0.016885709)   
zuoweiduo                 (1.8505406 5.946276 -10.384596)               (0.098141894 -0.0274784 -0.049581275)         (1.9486825 5.9187976 -10.434178)              (0.0023935946 0.0076912518 -0.013432028)      (0.00012694231 -3.5542127e-05 -6.4131243e-05) (0.0025205369 0.0076557097 -0.013496159)     
------------------------- --------------------------------------------- --------------------------------------------- --------------------------------------------- --------------------------------------------- --------------------------------------------- ---------------------------------------------
Net                       (13.762312 -35.734103 407.52453)              (12.689685 -2.2803441 0.18454393)             (26.451997 -38.014447 407.70908)              (0.017800957 -0.046220523 0.52711542)         (0.016413561 -0.0029495268 0.00023869963)     (0.034214518 -0.04917005 0.52735412)         

Forces - Direction Vector (0.9781476 -0.20791169 0)
                          Forces [N]                                      Coefficients                                   
Zone                      Pressure        Viscous         Total           Pressure        Viscous         Total          
jidi                      1119.7924       0.00079167037   1119.7932       1.4484033       1.0239915e-06   1.4484043      
jishen                    8885.8172       1.2509521       8887.0682       11.493422       0.0016180526    11.49504       
jitou                     -11000.84       1.1681718       -10999.672      -14.229113      0.0015109799    -14.227602     
liangan                   -78.810181      1.2388323       -77.571349      -0.10193757     0.0016023763    -0.1003352     
waiyi                     -129.06152      4.3115048       -124.75001      -0.16693551     0.0055767456    -0.16135877    
weiyi                     45.603516       1.4512477       47.054764       0.058986183     0.0018771264    0.06086331     
xiaoyi                    148.53488       0.32324212      148.85812       0.19212347      0.00041809975   0.19254157     
youfuyi                   -0.840329       0.19210665      -0.64822235     -0.0010869293   0.00024848167   -0.00083844767 
youweiduo                 -0.83605353     0.15955869      -0.67649483     -0.0010813992   0.00020638229   -0.00087501692 
zhongyangyi               1031.8602       2.4905073       1034.3507       1.3346667       0.0032213638    1.3378881      
zuofuyi                   -0.90268847     0.19786962      -0.70481885     -0.0011675886   0.00025593583   -0.00091165281 
zuoweiduo                 0.57380157      0.10171034      0.67551191      0.00074218761   0.00013155794   0.00087374555  
------------------------- --------------- --------------- --------------- --------------- --------------- ---------------
Net                       20.89111        12.886495       33.777605       0.027021751     0.016668126     0.043689877    
