                                    "Force Report"

Moments - Moment Center (0 0 0.05)
                          Moments [N m]                                                                                                                             Coefficients                                                                                                                             
Zone                      Pressure                                      Viscous                                       Total                                         Pressure                                      Viscous                                       Total                                        
jidi                      (2.156744e-09 -22.881164 0.0044683309)        (-8.7968884e-05 7.9864035e-05 -0.00083601922) (-8.7966727e-05 -22.881084 0.0036323116)      (7.6491788e-12 -0.081151083 1.5847528e-05)    (-3.1199332e-07 2.832484e-07 -2.9650531e-06)  (-3.1198567e-07 -0.0811508 1.2882475e-05)    
jishen                    (0.40812705 -232.53198 2.8325174)             (-0.026825571 -0.091283226 -0.0078025149)     (0.38130148 -232.62326 2.8247149)             (0.0014474767 -0.82470552 0.010045899)        (-9.5140446e-05 -0.00032374807 -2.7672655e-05) (0.0013523363 -0.82502927 0.010018226)       
jitou                     (-0.88650098 531.8784 8.6840486)              (-0.009628765 -0.10985194 0.10779374)         (-0.89612975 531.76855 8.7918424)             (-0.0031440934 1.8863773 0.030799131)         (-3.4149693e-05 -0.00038960449 0.00038230481) (-0.0031782431 1.8859877 0.031181436)        
liangan                   (0.32291953 645.75529 0.068801807)            (0.010470542 0.12838936 0.0081458796)         (0.33339007 645.88368 0.076947686)            (0.001145277 2.2902568 0.00024401474)         (3.7135165e-05 0.00045534989 2.8890443e-05)   (0.0011824121 2.2907122 0.00027290518)       
waiyi                     (8.7671827 -52.053452 -0.86858979)            (0.066976044 0.54683631 -0.045706099)         (8.8341587 -51.506616 -0.91429589)            (0.031093977 -0.18461448 -0.0030805689)       (0.00023753943 0.0019394275 -0.00016210275)   (0.031331516 -0.18267505 -0.0032426717)      
weiyi                     (-3.7635465 -594.55393 -10.485007)            (0.07078108 0.59584811 -0.19616495)           (-3.6927654 -593.95808 -10.681172)            (-0.013347917 -2.1086644 -0.037186469)        (0.00025103449 0.0021132544 -0.00069572502)   (-0.013096883 -2.1065512 -0.037882194)       
xiaoyi                    (0.78139578 55.917115 -0.59053032)            (0.0217204 0.042002509 -0.025405315)          (0.80311618 55.959117 -0.61593564)            (0.0027713238 0.19831747 -0.0020943942)       (7.7034282e-05 0.00014896747 -9.010332e-05)   (0.0028483581 0.19846644 -0.0021844975)      
youfuyi                   (12.715327 -1.8594943 0.98350418)             (0.0045172921 0.021902518 -0.23409175)        (12.719844 -1.8375917 0.74941242)             (0.045096594 -0.0065949431 0.0034881281)      (1.6021176e-05 7.7680185e-05 -0.00083023746)  (0.045112616 -0.006517263 0.0026578906)      
youweiduo                 (-0.23759311 2.0917618 -1.0707608)            (0.0091225291 0.042517531 -0.098159772)       (-0.22847058 2.1342793 -1.1689206)            (-0.00084265548 0.0074187106 -0.0037975954)   (3.235426e-05 0.00015079407 -0.00034813666)   (-0.00081030122 0.0075695047 -0.0041457321)  
zhongyangyi               (7.108221 -289.79613 -0.64912425)             (0.041098639 0.29885535 -0.025835208)         (7.1493197 -289.49728 -0.67495946)            (0.025210249 -1.0278004 -0.0023022053)        (0.00014576178 0.0010599301 -9.1627993e-05)   (0.025356011 -1.0267405 -0.0023938333)       
zuofuyi                   (-12.199113 -1.8016897 -0.98135295)           (0.0052190525 0.022229026 0.21937214)         (-12.193894 -1.7794607 -0.76198081)           (-0.043265773 -0.0063899316 -0.0034804985)    (1.8510062e-05 7.8838191e-05 0.00077803242)   (-0.043247263 -0.0063110934 -0.0027024661)   
zuoweiduo                 (2.0463398 15.447257 9.2113473)               (0.021452011 0.089511453 0.010998756)         (2.0677918 15.536769 9.2223461)               (0.0072576156 0.054785748 0.032669266)        (7.6082404e-05 0.00031746425 3.9008548e-05)   (0.007333698 0.055103212 0.032708274)        
------------------------- --------------------------------------------- --------------------------------------------- --------------------------------------------- --------------------------------------------- --------------------------------------------- ---------------------------------------------
Net                       (15.062759 55.611984 7.1393225)               (0.21481529 1.5870369 -0.28769111)            (15.277575 57.199021 6.8516314)               (0.053422075 0.19723528 0.025320554)          (0.00076187091 0.0056286368 -0.0010203347)    (0.054183946 0.20286392 0.02430022)          

Moments - Moment Center (0 0 0.05) Moment Axis (0 1 0)
                          Moments [N m]                                   Coefficients                                   
Zone                      Pressure        Viscous         Total           Pressure        Viscous         Total          
jidi                      -22.881164      7.9864035e-05   -22.881084      -0.081151083    2.832484e-07    -0.0811508     
jishen                    -232.53198      -0.091283226    -232.62326      -0.82470552     -0.00032374807  -0.82502927    
jitou                     531.8784        -0.10985194     531.76855       1.8863773       -0.00038960449  1.8859877      
liangan                   645.75529       0.12838936      645.88368       2.2902568       0.00045534989   2.2907122      
waiyi                     -52.053452      0.54683631      -51.506616      -0.18461448     0.0019394275    -0.18267505    
weiyi                     -594.55393      0.59584811      -593.95808      -2.1086644      0.0021132544    -2.1065512     
xiaoyi                    55.917115       0.042002509     55.959117       0.19831747      0.00014896747   0.19846644     
youfuyi                   -1.8594943      0.021902518     -1.8375917      -0.0065949431   7.7680185e-05   -0.006517263   
youweiduo                 2.0917618       0.042517531     2.1342793       0.0074187106    0.00015079407   0.0075695047   
zhongyangyi               -289.79613      0.29885535      -289.49728      -1.0278004      0.0010599301    -1.0267405     
zuofuyi                   -1.8016897      0.022229026     -1.7794607      -0.0063899316   7.8838191e-05   -0.0063110934  
zuoweiduo                 15.447257       0.089511453     15.536769       0.054785748     0.00031746425   0.055103212    
------------------------- --------------- --------------- --------------- --------------- --------------- ---------------
Net                       55.611984       1.5870369       57.199021       0.19723528      0.0056286368    0.20286392     
