                                    "Force Report"

Moments - Moment Center (0 0 0.05)
                          Moments [N m]                                                                                                                             Coefficients                                                                                                                             
Zone                      Pressure                                      Viscous                                       Total                                         Pressure                                      Viscous                                       Total                                        
jidi                      (-2.5269012e-09 -22.925378 0.0082100087)      (7.95965e-05 -0.003506229 0.0029313814)       (7.9593973e-05 -22.928884 0.01114139)         (-8.9619903e-12 -0.081307894 2.9117885e-05)   (2.8229955e-07 -1.2435306e-05 1.0396533e-05)  (2.8229059e-07 -0.081320329 3.9514418e-05)   
jishen                    (-0.11337037 -229.66115 2.8351739)            (-0.027306261 -0.069778252 0.010609319)       (-0.14067663 -229.73093 2.8457832)            (-0.00040208305 -0.81452375 0.01005532)       (-9.6845277e-05 -0.00024747783 3.7627359e-05) (-0.00049892833 -0.81477123 0.010092948)     
jitou                     (-1.2619801 552.88849 12.486657)              (-0.014009308 0.11996507 0.16197268)          (-1.2759894 553.00845 12.64863)               (-0.0044757799 1.9608924 0.044285586)         (-4.9685868e-05 0.00042547203 0.00057445759)  (-0.0045254657 1.9613179 0.044860043)        
liangan                   (0.28214685 650.40783 -1.5197945)             (0.0075846536 0.13263866 0.022243761)         (0.2897315 650.54047 -1.4975508)              (0.0010006712 2.3067577 -0.005390153)         (2.689998e-05 0.0004704206 7.889045e-05)      (0.0010275712 2.3072281 -0.0053112625)       
waiyi                     (17.291861 -45.180721 -1.2293418)             (0.10174685 0.52052612 -0.10224197)           (17.393608 -44.660195 -1.3315838)             (0.061327879 -0.16023942 -0.0043600238)       (0.00036085872 0.001846115 -0.00036261472)    (0.061688738 -0.15839331 -0.0047226386)      
weiyi                     (-6.3940471 -706.87545 -23.199524)            (0.096257745 0.33341678 -0.37247604)          (-6.2977894 -706.54204 -23.572)               (-0.022677337 -2.5070276 -0.08228019)         (0.00034139087 0.0011825069 -0.0013210357)    (-0.022335946 -2.5058451 -0.083601226)       
xiaoyi                    (16.838263 55.868474 -1.3824909)              (0.13090569 0.036398096 -0.03471785)          (16.969169 55.904872 -1.4172088)              (0.059719136 0.19814496 -0.0049031875)        (0.0004642744 0.00012909068 -0.00012313146)   (0.06018341 0.19827405 -0.005026319)         
youfuyi                   (27.487205 -3.9037277 -0.19776852)            (0.060571608 0.0076937308 -0.16681072)        (27.547777 -3.896034 -0.36457924)             (0.097487021 -0.013845088 -0.0007014123)      (0.00021482525 2.7286837e-05 -0.00059161637)  (0.097701846 -0.013817802 -0.0012930287)     
youweiduo                 (0.044812205 -0.78838946 0.59333593)          (0.021494602 0.011051278 -0.11676395)         (0.066306807 -0.77733818 0.47657198)          (0.00015893243 -0.0027961278 0.0021043446)    (7.6233457e-05 3.9194824e-05 -0.00041411884)  (0.00023516589 -0.002756933 0.0016902258)    
zhongyangyi               (7.7077441 -274.96798 0.82906907)             (0.016496448 0.30884158 -0.018756111)         (7.7242406 -274.65914 0.81031296)             (0.027336537 -0.97521043 0.0029404035)        (5.8506842e-05 0.0010953477 -6.6521037e-05)   (0.027395044 -0.97411509 0.0028738824)       
zuofuyi                   (-25.63469 -3.6478122 0.2131425)              (-0.041250453 0.010033561 0.15408764)         (-25.675941 -3.6377786 0.36723014)            (-0.090916831 -0.01293745 0.00075593817)      (-0.0001463002 3.5585354e-05 0.00054649225)   (-0.091063131 -0.012901865 0.0013024304)     
zuoweiduo                 (1.5041563 9.9103051 5.9635254)               (0.015475092 0.06521631 0.010349873)          (1.5196314 9.9755214 5.9738753)               (0.00533469 0.035148212 0.021150434)          (5.4884469e-05 0.0002312983 3.6707197e-05)    (0.0053895745 0.03537951 0.021187141)        
------------------------- --------------------------------------------- --------------------------------------------- --------------------------------------------- --------------------------------------------- --------------------------------------------- ---------------------------------------------
Net                       (37.752101 -18.875512 -4.599806)              (0.36804627 1.4724967 -0.449572)              (38.120147 -17.403015 -5.049378)              (0.13389284 -0.066944508 -0.016313823)        (0.0013053249 0.005222405 -0.0015944668)      (0.13519816 -0.061722103 -0.017908289)       

Moments - Moment Center (0 0 0.05) Moment Axis (0 1 0)
                          Moments [N m]                                   Coefficients                                   
Zone                      Pressure        Viscous         Total           Pressure        Viscous         Total          
jidi                      -22.925378      -0.003506229    -22.928884      -0.081307894    -1.2435306e-05  -0.081320329   
jishen                    -229.66115      -0.069778252    -229.73093      -0.81452375     -0.00024747783  -0.81477123    
jitou                     552.88849       0.11996507      553.00845       1.9608924       0.00042547203   1.9613179      
liangan                   650.40783       0.13263866      650.54047       2.3067577       0.0004704206    2.3072281      
waiyi                     -45.180721      0.52052612      -44.660195      -0.16023942     0.001846115     -0.15839331    
weiyi                     -706.87545      0.33341678      -706.54204      -2.5070276      0.0011825069    -2.5058451     
xiaoyi                    55.868474       0.036398096     55.904872       0.19814496      0.00012909068   0.19827405     
youfuyi                   -3.9037277      0.0076937308    -3.896034       -0.013845088    2.7286837e-05   -0.013817802   
youweiduo                 -0.78838946     0.011051278     -0.77733818     -0.0027961278   3.9194824e-05   -0.002756933   
zhongyangyi               -274.96798      0.30884158      -274.65914      -0.97521043     0.0010953477    -0.97411509    
zuofuyi                   -3.6478122      0.010033561     -3.6377786      -0.01293745     3.5585354e-05   -0.012901865   
zuoweiduo                 9.9103051       0.06521631      9.9755214       0.035148212     0.0002312983    0.03537951     
------------------------- --------------- --------------- --------------- --------------- --------------- ---------------
Net                       -18.875512      1.4724967       -17.403015      -0.066944508    0.005222405     -0.061722103   
