                                    "Force Report"

Moments - Moment Center (0 0 0.05)
                          Moments [N m]                                                                                                                             Coefficients                                                                                                                             
Zone                      Pressure                                      Viscous                                       Total                                         Pressure                                      Viscous                                       Total                                        
jidi                      (-9.545164e-09 -22.909843 0.0039487213)       (5.3038807e-05 -0.0027805011 0.00049221935)   (5.3029262e-05 -22.912624 0.0044409407)       (-3.3853191e-11 -0.0812528 1.4004664e-05)     (1.8810917e-07 -9.8614161e-06 1.7457213e-06)  (1.8807531e-07 -0.081262661 1.5750385e-05)   
jishen                    (0.05361186 -228.43155 0.7736414)             (-0.0096944424 -0.057227491 0.0010519582)     (0.043917418 -228.48878 0.77469336)           (0.00019014158 -0.8101628 0.0027438219)       (-3.4382626e-05 -0.00020296489 3.7309095e-06) (0.00015575895 -0.81036577 0.0027475528)     
jitou                     (-0.42041334 553.70254 4.153186)              (-0.0044910864 0.12421769 0.05337452)         (-0.42490443 553.82676 4.2065605)             (-0.0014910517 1.9637795 0.014729825)         (-1.5928234e-05 0.0004405545 0.00018929982)   (-0.0015069799 1.9642201 0.014919125)        
liangan                   (0.20973989 649.83759 -0.21468019)            (-0.0002421828 0.13283738 0.01466964)         (0.20949771 649.97043 -0.20001055)            (0.00074387036 2.3047352 -0.00076139178)      (-8.5893342e-07 0.00047112538 5.2027823e-05)  (0.00074301143 2.3052064 -0.00070936396)     
waiyi                     (6.6810169 -44.873643 -0.51980157)            (0.036345595 0.52853237 -0.038078851)         (6.7173625 -44.34511 -0.55788042)             (0.023695113 -0.15915033 -0.0018435453)       (0.00012890448 0.0018745102 -0.0001350517)    (0.023824018 -0.15727582 -0.001978597)       
weiyi                     (-1.0923548 -715.19062 0.26861241)            (0.019797304 0.28172325 -0.11017968)          (-1.0725575 -714.9089 0.15843273)             (-0.0038741811 -2.5365184 0.00095266955)      (7.0213765e-05 0.00099916891 -0.00039076685)  (-0.0038039674 -2.5355193 0.0005619027)      
xiaoyi                    (6.2147285 55.846544 -0.19724247)             (0.051222471 0.035365114 -0.013447804)        (6.2659509 55.881909 -0.21069027)             (0.022041359 0.19806718 -0.00069954659)       (0.00018166729 0.00012542707 -4.7694422e-05)  (0.022223026 0.19819261 -0.00074724102)      
youfuyi                   (28.248248 -3.9967043 -0.19615874)            (0.052709602 0.0097535081 -0.16991512)        (28.300958 -3.9869508 -0.36607386)            (0.10018616 -0.014174842 -0.000695703)        (0.0001869416 3.4592111e-05 -0.00060262651)   (0.1003731 -0.01414025 -0.0012983295)        
youweiduo                 (0.2085368 -1.920667 1.2561776)               (0.012141138 0.017262401 -0.084155749)        (0.22067794 -1.9034046 1.1720219)             (0.00073960344 -0.0068119004 0.0044552007)    (4.3060157e-05 6.1223396e-05 -0.00029846953)  (0.0007826636 -0.006750677 0.0041567311)     
zhongyangyi               (3.254146 -273.35475 0.67350393)              (0.0072533974 0.30779894 -0.00049099767)      (3.2613994 -273.04695 0.67301293)             (0.011541261 -0.9694889 0.0023886711)         (2.5725136e-05 0.0010916498 -1.7413884e-06)   (0.011566986 -0.96839725 0.0023869297)       
zuofuyi                   (-27.213682 -3.848221 0.28842629)             (-0.047168525 0.01018525 0.16493222)          (-27.260851 -3.8380358 0.45335851)            (-0.096516935 -0.013648227 0.0010229421)      (-0.00016728943 3.6123342e-05 0.000584954)    (-0.096684224 -0.013612103 0.0016078961)     
zuoweiduo                 (1.7483012 12.204401 7.2669271)               (-0.0017042498 0.04394711 0.063387103)        (1.746597 12.248348 7.3303142)                (0.0062005822 0.043284527 0.025773121)        (-6.044348e-06 0.00015586426 0.00022481077)   (0.0061945379 0.043440391 0.025997932)       
------------------------- --------------------------------------------- --------------------------------------------- --------------------------------------------- --------------------------------------------- --------------------------------------------- ---------------------------------------------
Net                       (17.891879 -22.934923 13.556541)              (0.11622206 1.431615 -0.11836054)             (18.008101 -21.503308 13.43818)               (0.063455924 -0.081341747 0.04808007)         (0.00041219696 0.0050774126 -0.00041978136)   (0.063868121 -0.076264334 0.047660289)       

Moments - Moment Center (0 0 0.05) Moment Axis (0 1 0)
                          Moments [N m]                                   Coefficients                                   
Zone                      Pressure        Viscous         Total           Pressure        Viscous         Total          
jidi                      -22.909843      -0.0027805011   -22.912624      -0.0812528      -9.8614161e-06  -0.081262661   
jishen                    -228.43155      -0.057227491    -228.48878      -0.8101628      -0.00020296489  -0.81036577    
jitou                     553.70254       0.12421769      553.82676       1.9637795       0.0004405545    1.9642201      
liangan                   649.83759       0.13283738      649.97043       2.3047352       0.00047112538   2.3052064      
waiyi                     -44.873643      0.52853237      -44.34511       -0.15915033     0.0018745102    -0.15727582    
weiyi                     -715.19062      0.28172325      -714.9089       -2.5365184      0.00099916891   -2.5355193     
xiaoyi                    55.846544       0.035365114     55.881909       0.19806718      0.00012542707   0.19819261     
youfuyi                   -3.9967043      0.0097535081    -3.9869508      -0.014174842    3.4592111e-05   -0.01414025    
youweiduo                 -1.920667       0.017262401     -1.9034046      -0.0068119004   6.1223396e-05   -0.006750677   
zhongyangyi               -273.35475      0.30779894      -273.04695      -0.9694889      0.0010916498    -0.96839725    
zuofuyi                   -3.848221       0.01018525      -3.8380358      -0.013648227    3.6123342e-05   -0.013612103   
zuoweiduo                 12.204401       0.04394711      12.248348       0.043284527     0.00015586426   0.043440391    
------------------------- --------------- --------------- --------------- --------------- --------------- ---------------
Net                       -22.934923      1.431615        -21.503308      -0.081341747    0.0050774126    -0.076264334   
