                                    "Force Report"

Moments - Moment Center (0 0 0.05)
                          Moments [N m]                                                                                                                             Coefficients                                                                                                                             
Zone                      Pressure                                      Viscous                                       Total                                         Pressure                                      Viscous                                       Total                                        
jidi                      (-1.1238414e-08 -22.916916 0.0042926061)      (-4.2148704e-05 -6.2167898e-05 -0.0016697525) (-4.2159942e-05 -22.916978 0.0026228536)      (-3.9858525e-11 -0.081277883 1.5224297e-05)   (-1.4948597e-07 -2.204867e-07 -5.9219989e-06) (-1.4952583e-07 -0.081278103 9.3022982e-06)  
jishen                    (0.25258829 -230.62589 2.9027141)             (-0.037415295 -0.07318277 -0.0016490588)      (0.215173 -230.69907 2.9010651)               (0.0008958379 -0.81794533 0.010294861)        (-0.00013269831 -0.0002595524 -5.848606e-06)  (0.00076313959 -0.81820488 0.010289012)      
jitou                     (-1.2784192 541.74552 12.58063)               (-0.014191863 -0.0051907039 0.16123029)       (-1.2926111 541.74033 12.74186)               (-0.0045340833 1.9213724 0.044618874)         (-5.0333325e-05 -1.840952e-05 0.00057182462)  (-0.0045844166 1.921354 0.045190699)         
liangan                   (0.83184985 648.43379 -0.33201894)            (0.019438515 0.1432175 -0.015406188)          (0.85128837 648.57701 -0.34742513)            (0.0029502659 2.2997565 -0.0011775492)        (6.8941272e-05 0.00050793986 -5.4640089e-05)  (0.0030192072 2.3002644 -0.0012321893)       
waiyi                     (10.490994 -46.174722 -0.1712172)             (0.093986653 0.63765742 -0.062683083)         (10.584981 -45.537064 -0.23390028)            (0.037207704 -0.16376478 -0.00060724451)      (0.00033333614 0.0022615367 -0.00022231387)   (0.03754104 -0.16150324 -0.00082955838)      
weiyi                     (-6.916508 -639.31603 -21.167054)             (0.10199462 0.48808573 -0.34511563)           (-6.8145133 -638.82794 -21.512169)            (-0.024530313 -2.2674191 -0.075071765)        (0.00036173747 0.0017310608 -0.0012239984)    (-0.024168576 -2.2656881 -0.076295763)       
xiaoyi                    (7.8753105 56.016438 -0.9548623)              (0.07764685 0.040106392 -0.03916958)          (7.9529573 56.056545 -0.99403188)             (0.027930834 0.19866973 -0.0033865459)        (0.00027538486 0.00014224264 -0.00013892011)  (0.028206218 0.19881197 -0.003525466)        
youfuyi                   (17.746799 -2.5659181 0.864634)               (0.029736141 0.016633872 -0.21534176)         (17.776535 -2.5492843 0.64929224)             (0.062941377 -0.0091003692 0.0030665392)      (0.00010546317 5.8994235e-05 -0.00076373811)  (0.06304684 -0.0090413749 0.0023028011)      
youweiduo                 (-0.17726691 1.1614163 -0.52010683)           (0.019437555 0.022746525 -0.12349827)         (-0.15782935 1.1841628 -0.64360509)           (-0.00062870062 0.0041191171 -0.0018446279)   (6.8937868e-05 8.067357e-05 -0.00043800299)   (-0.00055976275 0.0041997906 -0.0022826309)  
zhongyangyi               (9.8377 -279.8771 0.90011527)                 (0.053533415 0.34975474 -0.020262632)         (9.8912334 -279.52735 0.87985264)             (0.034890708 -0.99262129 0.0031923783)        (0.00018986336 0.0012404516 -7.1864111e-05)   (0.035080572 -0.99138083 0.0031205141)       
zuofuyi                   (-17.124511 -2.4977829 -0.88054547)           (-0.015576321 0.018051336 0.203184)           (-17.140087 -2.4797316 -0.67736147)           (-0.060734351 -0.0088587186 -0.0031229714)    (-5.5243489e-05 6.402146e-05 0.000720619)     (-0.060789595 -0.0087946972 -0.0024023524)   
zuoweiduo                 (1.9770316 14.560269 8.7273808)               (0.024010967 0.092526547 0.0025901769)        (2.0010425 14.652795 8.729971)                (0.0070118048 0.051639925 0.030952814)        (8.5158079e-05 0.00032815768 9.186406e-06)    (0.0070969629 0.051968082 0.030962001)       
------------------------- --------------------------------------------- --------------------------------------------- --------------------------------------------- --------------------------------------------- --------------------------------------------- ---------------------------------------------
Net                       (23.515568 37.943079 1.9539624)               (0.35255909 1.7303444 -0.45779148)            (23.868127 39.673424 1.4961709)               (0.083401083 0.13457017 0.006929987)          (0.0012503976 0.0061368961 -0.0016236182)     (0.084651481 0.14070706 0.0053063688)        

Moments - Moment Center (0 0 0.05) Moment Axis (0 1 0)
                          Moments [N m]                                   Coefficients                                   
Zone                      Pressure        Viscous         Total           Pressure        Viscous         Total          
jidi                      -22.916916      -6.2167898e-05  -22.916978      -0.081277883    -2.204867e-07   -0.081278103   
jishen                    -230.62589      -0.07318277     -230.69907      -0.81794533     -0.0002595524   -0.81820488    
jitou                     541.74552       -0.0051907039   541.74033       1.9213724       -1.840952e-05   1.921354       
liangan                   648.43379       0.1432175       648.57701       2.2997565       0.00050793986   2.3002644      
waiyi                     -46.174722      0.63765742      -45.537064      -0.16376478     0.0022615367    -0.16150324    
weiyi                     -639.31603      0.48808573      -638.82794      -2.2674191      0.0017310608    -2.2656881     
xiaoyi                    56.016438       0.040106392     56.056545       0.19866973      0.00014224264   0.19881197     
youfuyi                   -2.5659181      0.016633872     -2.5492843      -0.0091003692   5.8994235e-05   -0.0090413749  
youweiduo                 1.1614163       0.022746525     1.1841628       0.0041191171    8.067357e-05    0.0041997906   
zhongyangyi               -279.8771       0.34975474      -279.52735      -0.99262129     0.0012404516    -0.99138083    
zuofuyi                   -2.4977829      0.018051336     -2.4797316      -0.0088587186   6.402146e-05    -0.0087946972  
zuoweiduo                 14.560269       0.092526547     14.652795       0.051639925     0.00032815768   0.051968082    
------------------------- --------------- --------------- --------------- --------------- --------------- ---------------
Net                       37.943079       1.7303444       39.673424       0.13457017      0.0061368961    0.14070706     
