                                    "Force Report"

Moments - Moment Center (0 0 0.05)
                          Moments [N m]                                                                                                                             Coefficients                                                                                                                             
Zone                      Pressure                                      Viscous                                       Total                                         Pressure                                      Viscous                                       Total                                        
jidi                      (-8.4665648e-09 -22.902496 0.0033478176)      (4.5775408e-06 0.00041334969 -0.00079449571)  (4.5690743e-06 -22.902083 0.0025533219)       (-3.0027796e-11 -0.081226741 1.1873479e-05)   (1.6234856e-08 1.4659995e-06 -2.8177845e-06)  (1.6204828e-08 -0.081225275 9.0556949e-06)   
jishen                    (0.22594574 -231.06009 2.0836487)             (-0.025438365 -0.073530109 -0.0057112764)     (0.20050737 -231.13362 2.0779374)             (0.00080134653 -0.81948526 0.0073899367)      (-9.0220539e-05 -0.00026078429 -2.02558e-05)  (0.00071112599 -0.81974604 0.0073696809)     
jitou                     (-0.8637758 541.75839 8.4974542)              (-0.0093794617 -0.0052562049 0.10727531)      (-0.87315526 541.75313 8.6047295)             (-0.0030634955 1.921418 0.030137349)          (-3.3265506e-05 -1.8641828e-05 0.00038046614) (-0.003096761 1.9213994 0.030517815)         
liangan                   (0.46925789 647.64637 -0.15543968)            (0.011909559 0.12985319 0.0061135517)         (0.48116745 647.77622 -0.14932613)            (0.0016642854 2.2969638 -0.00055128747)       (4.2238831e-05 0.00046054158 2.1682522e-05)   (0.0017065242 2.2974243 -0.00052960495)      
waiyi                     (7.6552814 -46.232149 -0.085072988)           (0.065358762 0.64852316 -0.04817845)          (7.7206402 -45.583626 -0.13325144)            (0.027150471 -0.16396845 -0.00030172264)      (0.00023180352 0.0023000734 -0.00017087127)   (0.027382275 -0.16166838 -0.00047259391)     
weiyi                     (-3.4955722 -641.10739 -10.789489)            (0.069496183 0.51367977 -0.23347224)          (-3.4260761 -640.59371 -11.022961)            (-0.012397511 -2.2737724 -0.038266354)        (0.00024647743 0.0018218335 -0.00082804029)   (-0.012151033 -2.2719506 -0.039094394)       
xiaoyi                    (5.584085 55.946482 -0.476791)                (0.057389145 0.039419948 -0.026715215)        (5.6414742 55.985902 -0.50350622)             (0.019804699 0.19842162 -0.0016910026)        (0.00020353822 0.00013980808 -9.4749054e-05)  (0.020008237 0.19856143 -0.0017857516)       
youfuyi                   (17.985946 -2.6031522 0.82893913)             (0.028999442 0.016365815 -0.21186449)         (18.014946 -2.5867864 0.61707464)             (0.063789545 -0.0092324249 0.0029399426)      (0.00010285037 5.8043533e-05 -0.00075140552)  (0.063892396 -0.0091743813 0.0021885371)     
youweiduo                 (-0.076177808 0.67895061 -0.26252628)         (0.01324771 0.031406524 -0.10347738)          (-0.062930098 0.71035714 -0.36600365)         (-0.00027017471 0.0024079884 -0.00093108428)  (4.698476e-05 0.00011138741 -0.00036699624)   (-0.00022318994 0.0025193758 -0.0012980805)  
zhongyangyi               (6.622516 -279.59034 0.60331074)              (0.035135254 0.35824519 -0.015705103)         (6.6576512 -279.23209 0.58760564)             (0.023487632 -0.99160423 0.0021397216)        (0.00012461184 0.0012705641 -5.5700232e-05)   (0.023612244 -0.99033366 0.0020840214)       
zuofuyi                   (-17.269196 -2.508406 -0.86284108)            (-0.018784248 0.017130624 0.20030223)         (-17.28798 -2.4912754 -0.66253884)            (-0.061247494 -0.0088963949 -0.0030601804)    (-6.6620827e-05 6.0756032e-05 0.00071039844)  (-0.061314115 -0.0088356388 -0.0023497819)   
zuoweiduo                 (1.9850884 14.43753 8.6668711)                (0.016248295 0.079942639 0.02433667)          (2.0013367 14.517472 8.6912078)               (0.0070403794 0.051204614 0.030738209)        (5.7626735e-05 0.00028352718 8.631323e-05)    (0.0070980061 0.051488142 0.030824522)       
------------------------- --------------------------------------------- --------------------------------------------- --------------------------------------------- --------------------------------------------- --------------------------------------------- ---------------------------------------------
Net                       (18.823399 34.463697 8.0514119)               (0.24418685 1.7561939 -0.30789088)            (19.067586 36.219891 7.743521)                (0.066759683 0.12223008 0.028555401)          (0.00086604107 0.0062285747 -0.0010919759)    (0.067625724 0.12845865 0.027463425)         

Moments - Moment Center (0 0 0.05) Moment Axis (0 1 0)
                          Moments [N m]                                   Coefficients                                   
Zone                      Pressure        Viscous         Total           Pressure        Viscous         Total          
jidi                      -22.902496      0.00041334969   -22.902083      -0.081226741    1.4659995e-06   -0.081225275   
jishen                    -231.06009      -0.073530109    -231.13362      -0.81948526     -0.00026078429  -0.81974604    
jitou                     541.75839       -0.0052562049   541.75313       1.921418        -1.8641828e-05  1.9213994      
liangan                   647.64637       0.12985319      647.77622       2.2969638       0.00046054158   2.2974243      
waiyi                     -46.232149      0.64852316      -45.583626      -0.16396845     0.0023000734    -0.16166838    
weiyi                     -641.10739      0.51367977      -640.59371      -2.2737724      0.0018218335    -2.2719506     
xiaoyi                    55.946482       0.039419948     55.985902       0.19842162      0.00013980808   0.19856143     
youfuyi                   -2.6031522      0.016365815     -2.5867864      -0.0092324249   5.8043533e-05   -0.0091743813  
youweiduo                 0.67895061      0.031406524     0.71035714      0.0024079884    0.00011138741   0.0025193758   
zhongyangyi               -279.59034      0.35824519      -279.23209      -0.99160423     0.0012705641    -0.99033366    
zuofuyi                   -2.508406       0.017130624     -2.4912754      -0.0088963949   6.0756032e-05   -0.0088356388  
zuoweiduo                 14.43753        0.079942639     14.517472       0.051204614     0.00028352718   0.051488142    
------------------------- --------------- --------------- --------------- --------------- --------------- ---------------
Net                       34.463697       1.7561939       36.219891       0.12223008      0.0062285747    0.12845865     
