                                    "Force Report"

Moments - Moment Center (0 0 0.05)
                          Moments [N m]                                                                                                                             Coefficients                                                                                                                             
Zone                      Pressure                                      Viscous                                       Total                                         Pressure                                      Viscous                                       Total                                        
jidi                      (5.9836582e-09 -22.926149 0.0094403352)       (1.5158224e-06 -0.0034319476 0.0022152703)    (1.5218061e-06 -22.929581 0.011655605)        (2.1221838e-11 -0.081310629 3.3481401e-05)    (5.3760654e-09 -1.2171858e-05 7.8567499e-06)  (5.3972872e-09 -0.0813228 4.1338151e-05)     
jishen                    (-0.2385404 -232.2804 3.5090507)              (-0.026103772 -0.083671414 0.019785633)       (-0.26464417 -232.36407 3.5288363)            (-0.00084601517 -0.82381327 0.012445314)      (-9.2580492e-05 -0.00029675177 7.0172374e-05) (-0.00093859566 -0.82411003 0.012515486)     
jitou                     (-1.2977509 553.81744 12.828948)              (-0.014302803 0.14235687 0.16360343)          (-1.3120537 553.9598 12.992551)               (-0.0046026458 1.9641871 0.045499567)         (-5.072679e-05 0.00050488752 0.00058024128)   (-0.0046533726 1.9646919 0.046079808)        
liangan                   (0.1931073 650.28054 -1.8534021)              (0.0090404743 0.12906351 0.010590259)         (0.20214778 650.40961 -1.8428118)             (0.00068488068 2.3063062 -0.0065733364)       (3.2063242e-05 0.00045774085 3.7559757e-05)   (0.00071694392 2.306764 -0.0065357767)       
waiyi                     (21.44051 -45.904934 -0.96725484)             (0.11786067 0.4762057 -0.10818736)            (21.558371 -45.428728 -1.0754422)             (0.076041614 -0.16280794 -0.0034304977)       (0.00041800851 0.0016889267 -0.00038370083)   (0.076459623 -0.16111901 -0.0038141985)      
weiyi                     (-5.4582725 -716.42753 -18.295483)            (0.0916231 0.24039395 -0.36405486)            (-5.3666494 -716.18713 -18.659538)            (-0.019358488 -2.5409053 -0.064887359)        (0.00032495348 0.00085258903 -0.0012911689)   (-0.019033534 -2.5400527 -0.066178528)       
xiaoyi                    (18.863546 55.762219 -1.5837958)              (0.14133684 0.034695219 -0.033701415)         (19.004882 55.796914 -1.6174972)              (0.066902068 0.19776811 -0.0056171419)        (0.00050126984 0.0001230512 -0.00011952654)   (0.067403338 0.19789116 -0.0057366685)       
youfuyi                   (29.55275 -4.1569526 -0.49152101)             (0.063247454 0.0075837598 -0.16686203)        (29.615997 -4.1493688 -0.65838304)            (0.10481275 -0.014743184 -0.0017432445)       (0.00022431549 2.689681e-05 -0.00059179832)   (0.10503706 -0.014716287 -0.0023350428)      
youweiduo                 (0.07358671 -1.4178226 0.95846944)            (0.020650633 0.010671313 -0.11211376)         (0.094237343 -1.4071513 0.84635568)           (0.00026098503 -0.005028496 0.0033993391)     (7.3240209e-05 3.7847227e-05 -0.00039762633)  (0.00033422524 -0.0049906488 0.0030017127)   
zhongyangyi               (0.081712131 -276.38201 -1.7433204)           (0.0047874775 0.28715727 -0.0142743)          (0.086499608 -276.09485 -1.7575947)           (0.00028980291 -0.98022546 -0.006182917)      (1.6979424e-05 0.0010184413 -5.06257e-05)     (0.00030678234 -0.97920701 -0.0062335427)    
zuofuyi                   (-27.837991 -3.9455665 0.37841312)            (-0.045002258 0.0092034256 0.14958825)        (-27.882993 -3.936363 0.52800137)             (-0.098731129 -0.013993475 0.0013420923)      (-0.00015960648 3.264117e-05 0.00053053459)   (-0.098890735 -0.013960834 0.0018726269)     
zuoweiduo                 (1.5890735 7.142095 4.2749919)                (0.014894106 0.052627325 0.0048848793)        (1.6039676 7.1947224 4.2798767)               (0.0056358601 0.025330388 0.015161826)        (5.2823923e-05 0.00018664979 1.7324873e-05)   (0.005688684 0.025517038 0.015179151)        
------------------------- --------------------------------------------- --------------------------------------------- --------------------------------------------- --------------------------------------------- --------------------------------------------- ---------------------------------------------
Net                       (36.961731 -36.439059 -2.9754639)             (0.37803343 1.302855 -0.448526)               (37.339764 -35.136204 -3.4239899)             (0.13108968 -0.12923596 -0.010552877)         (0.0013407457 0.004620748 -0.001590757)       (0.13243043 -0.12461521 -0.012143634)        

Moments - Moment Center (0 0 0.05) Moment Axis (0 1 0)
                          Moments [N m]                                   Coefficients                                   
Zone                      Pressure        Viscous         Total           Pressure        Viscous         Total          
jidi                      -22.926149      -0.0034319476   -22.929581      -0.081310629    -1.2171858e-05  -0.0813228     
jishen                    -232.2804       -0.083671414    -232.36407      -0.82381327     -0.00029675177  -0.82411003    
jitou                     553.81744       0.14235687      553.9598        1.9641871       0.00050488752   1.9646919      
liangan                   650.28054       0.12906351      650.40961       2.3063062       0.00045774085   2.306764       
waiyi                     -45.904934      0.4762057       -45.428728      -0.16280794     0.0016889267    -0.16111901    
weiyi                     -716.42753      0.24039395      -716.18713      -2.5409053      0.00085258903   -2.5400527     
xiaoyi                    55.762219       0.034695219     55.796914       0.19776811      0.0001230512    0.19789116     
youfuyi                   -4.1569526      0.0075837598    -4.1493688      -0.014743184    2.689681e-05    -0.014716287   
youweiduo                 -1.4178226      0.010671313     -1.4071513      -0.005028496    3.7847227e-05   -0.0049906488  
zhongyangyi               -276.38201      0.28715727      -276.09485      -0.98022546     0.0010184413    -0.97920701    
zuofuyi                   -3.9455665      0.0092034256    -3.936363       -0.013993475    3.264117e-05    -0.013960834   
zuoweiduo                 7.142095        0.052627325     7.1947224       0.025330388     0.00018664979   0.025517038    
------------------------- --------------- --------------- --------------- --------------- --------------- ---------------
Net                       -36.439059      1.302855        -35.136204      -0.12923596     0.004620748     -0.12461521    
