                                    "Force Report"

Forces
                          Forces [N]                                                                                                                                Coefficients                                                                                                                             
Zone                      Pressure                                      Viscous                                       Total                                         Pressure                                      Viscous                                       Total                                        
jidi                      (1143.6063 3.533957e-07 0.0004347024)         (2.0686277e-08 -0.0010581809 -8.6800449e-05)  (1143.6063 -0.0010578275 0.00034790195)       (1.4792055 4.5710211e-10 5.6226882e-07)       (2.6756807e-11 -1.3687114e-06 -1.1227264e-07) (1.4792055 -1.3682543e-06 4.4999618e-07)     
jishen                    (9079.2698 -4.9337071 -12510.413)             (1.4075523 -0.099294968 -0.1031266)           (9080.6774 -5.033002 -12510.516)              (11.743644 -0.0063815375 -16.18168)           (0.0018206082 -0.00012843376 -0.00013338981)  (11.745465 -0.0065099712 -16.181813)         
jitou                     (-11242.765 -20.989078 -8.3102266)            (1.1482911 -0.25569561 -0.065797262)          (-11241.617 -21.244773 -8.3760239)            (-14.542032 -0.027148467 -0.01074892)         (0.0014852651 -0.00033073125 -8.5105924e-05)  (-14.540547 -0.027479199 -0.010834026)       
liangan                   (-81.124203 -2.4199896 -3082.5663)            (1.2543302 -0.18789674 -0.08266182)           (-79.869873 -2.6078864 -3082.649)             (-0.10493066 -0.0031301523 -3.9871667)        (0.001622422 -0.00024303634 -0.0001069195)    (-0.10330824 -0.0033731886 -3.9872736)       
waiyi                     (-126.97789 -0.58608301 1500.4375)            (3.7824252 -0.79503094 -0.022445882)          (-123.19546 -1.3811139 1500.415)              (-0.16424043 -0.00075807312 1.9407512)        (0.004892404 -0.0010283383 -2.9032781e-05)    (-0.15934802 -0.0017864114 1.9407222)        
weiyi                     (40.865821 -27.791148 494.09254)              (1.3866496 -0.28446611 -0.097950047)          (42.25247 -28.075614 493.99459)               (0.052858178 -0.035946652 0.63908741)         (0.0017935715 -0.00036794465 -0.00012669416)  (0.05465175 -0.036314597 0.63896072)         
xiaoyi                    (150.95382 -1.2102705 -373.10434)             (0.31223946 -0.061625403 -0.029361718)        (151.26606 -1.2718959 -373.1337)              (0.19525226 -0.0015654328 -0.48259438)        (0.00040386829 -7.9709803e-05 -3.7978117e-05) (0.19565613 -0.0016451426 -0.48263236)       
youfuyi                   (-0.89367891 -0.33580922 10.796982)           (0.18987864 -0.072557373 -0.0013666724)       (-0.70380026 -0.40836659 10.795615)           (-0.0011559352 -0.00043435475 0.01396543)     (0.00024559984 -9.3849836e-05 -1.7677319e-06) (-0.00091033531 -0.00052820459 0.013963663)  
youweiduo                 (-1.0221632 -0.90494 -1.5562291)              (0.14750842 -0.044511232 0.0088214455)        (-0.87465483 -0.94945123 -1.5474077)          (-0.0013221241 -0.0011705009 -0.0020129153)   (0.00019079578 -5.757336e-05 1.141016e-05)    (-0.0011313283 -0.0012280743 -0.0020015052)  
zhongyangyi               (1055.6594 -0.040331472 14092.572)            (2.2326679 -0.38719087 -0.058775763)          (1057.8921 -0.42752235 14092.514)             (1.36545 -5.2167021e-05 18.228135)            (0.0028878598 -0.00050081471 -7.6023916e-05)  (1.3683378 -0.00055298173 18.228059)         
zuofuyi                   (-1.0977644 0.40016011 10.536948)             (0.19819321 -0.060557806 -0.0018256631)       (-0.89957116 0.3396023 10.535123)             (-0.0014199109 0.00051758986 0.013629089)     (0.00025635438 -7.8328912e-05 -2.3614165e-06) (-0.0011635565 0.00043926095 0.013626727)    
zuoweiduo                 (-0.94241069 -0.075415046 0.23377958)         (0.15290186 -0.04261725 -0.0282612)           (-0.78950883 -0.1180323 0.20551838)           (-0.0012189676 -9.7546113e-05 0.00030238381)  (0.00019777196 -5.5123576e-05 -3.6554645e-05) (-0.0010211957 -0.00015266969 0.00026582917) 
------------------------- --------------------------------------------- --------------------------------------------- --------------------------------------------- --------------------------------------------- --------------------------------------------- ---------------------------------------------
Net                       (15.531843 -58.886611 132.72058)              (12.212638 -2.2925025 -0.48283798)            (27.744481 -61.179114 132.23774)              (0.02008977 -0.076167294 0.17166835)          (0.015796521 -0.0029652532 -0.00062453012)    (0.035886291 -0.079132547 0.17104382)        

Forces - Direction Vector (0.97576488 -0.20791169 -0.068232127)
                          Forces [N]                                      Coefficients                                   
Zone                      Pressure        Viscous         Total           Pressure        Viscous         Total          
jidi                      1115.8909       0.00022595095   1115.8911       1.4433567       2.9225782e-07   1.443357       
jishen                    9713.8705       1.4011212       9715.2716       12.564473       0.0018122899    12.566285      
jitou                     -10965.365      1.1781138       -10964.186      -14.183227      0.0015238394    -14.181703     
liangan                   131.67505       1.2686375       132.94369       0.170316        0.0016409279    0.17195693     
waiyi                     -226.15675      3.8575855       -222.29917      -0.29252401     0.0049896206    -0.28753439    
weiyi                     11.940552       1.4188711       13.359423       0.01544459      0.0018352487    0.017279839    
xiaoyi                    173.00477       0.31948835      173.32426       0.22377421      0.00041324442   0.22418746     
youfuyi                   -1.5389028      0.20045569      -1.3384472      -0.0019905045   0.0002592808    -0.0017312237  
youweiduo                 -0.70305857     0.15258603      -0.55047253     -0.00090937596  0.00019736346   -0.0007120125  
zhongyangyi               68.517581       2.2630709       70.780652       0.088624539     0.0029271847    0.091551723    
zuofuyi                   -1.8733163      0.20610522      -1.6672111      -0.0024230539   0.00026658822   -0.0021564657  
zuoweiduo                 -0.91984286     0.15998521      -0.75985765     -0.0011897771   0.00020693397   -0.00098284313 
------------------------- --------------- --------------- --------------- --------------- --------------- ---------------
Net                       18.342834       12.426246       30.769081       0.023725666     0.016072814     0.03979848     
