                                    "Force Report"

Forces
                          Forces [N]                                                                                                                                Coefficients                                                                                                                             
Zone                      Pressure                                      Viscous                                       Total                                         Pressure                                      Viscous                                       Total                                        
jidi                      (1144.525 8.9963295e-07 0.00043552086)        (1.1393984e-08 -0.0051575319 0.00065645236)   (1144.525 -0.0051566322 0.0010919732)         (1.4803938 1.1636365e-09 5.6332746e-07)       (1.4737628e-11 -6.6710452e-06 8.4909283e-07)  (1.4803938 -6.6698816e-06 1.4124203e-06)     
jishen                    (9082.982 -1.3580308 -12503.086)              (1.2743322 -0.088190079 -0.037683805)         (9084.2563 -1.4462209 -12503.124)             (11.748446 -0.0017565543 -16.172204)          (0.0016482937 -0.00011407007 -4.8742378e-05)  (11.750094 -0.0018706244 -16.172252)         
jitou                     (-11249.601 -13.740303 7.4929679)             (1.1494782 -0.16978628 0.092106989)           (-11248.452 -13.910089 7.5850749)             (-14.550874 -0.017772489 0.0096918311)        (0.0014868005 -0.00021961124 0.00011913642)   (-14.549387 -0.0179921 0.0098109675)         
liangan                   (-81.074996 -1.5818472 -3075.424)             (1.1371015 -0.12184518 0.022883195)           (-79.937894 -1.7036924 -3075.4011)            (-0.10486701 -0.0020460512 -3.9779284)        (0.0014707918 -0.00015760149 2.9598426e-05)   (-0.10339622 -0.0022036527 -3.9778988)       
waiyi                     (-142.12527 -0.21580239 1748.378)             (4.392457 -0.53042915 0.42176071)             (-137.73281 -0.74623154 1748.7998)            (-0.18383291 -0.0002791311 2.2614516)         (0.0056814539 -0.00068608725 0.0005455293)    (-0.17815145 -0.00096521835 2.2619971)       
weiyi                     (45.206704 -19.040096 532.90146)              (1.5036988 -0.19740394 -0.021376979)          (46.710403 -19.2375 532.88008)                (0.058472924 -0.024627544 0.68928508)         (0.0019449696 -0.00025533349 -2.7650202e-05)  (0.060417894 -0.024882877 0.68925743)        
xiaoyi                    (152.02942 -0.77843074 -370.40726)            (0.32574339 -0.041603555 0.011565356)         (152.35516 -0.82003429 -370.3957)             (0.1966435 -0.0010068666 -0.47910583)         (0.00042133504 -5.3812406e-05 1.4959289e-05)  (0.19706484 -0.001060679 -0.47909087)        
youfuyi                   (-0.73109309 -0.54432081 14.85972)            (0.16810507 -0.046842699 0.020390527)         (-0.56298802 -0.59116351 14.880111)           (-0.00094563741 -0.00070405551 0.019220408)   (0.00021743667 -6.0589012e-05 2.6374269e-05)  (-0.00072820074 -0.00076464452 0.019246782)  
youweiduo                 (-0.94630743 -0.2342988 -0.36544582)          (0.15331293 -0.03285521 0.010741291)          (-0.7929945 -0.26715401 -0.35470453)          (-0.0012240079 -0.0003030554 -0.00047268842)  (0.00019830367 -4.2496799e-05 1.3893397e-05)  (-0.0010257042 -0.0003455522 -0.00045879503) 
zhongyangyi               (1050.664 -0.010044906 14244.418)             (2.5554832 -0.23201468 0.1648403)             (1053.2195 -0.24205958 14244.583)             (1.3589886 -1.2992654e-05 18.424541)          (0.0033054074 -0.00030010099 0.00021321383)   (1.362294 -0.00031309364 18.424754)          
zuofuyi                   (-0.7831727 0.54204319 14.71194)              (0.17939678 -0.042172969 0.018862109)         (-0.60377592 0.49987022 14.730802)            (-0.0010130001 0.00070110951 0.01902926)      (0.000232042 -5.4548918e-05 2.4397325e-05)    (-0.00078095814 0.00064656059 0.019053657)   
zuoweiduo                 (-0.92632987 -0.48696849 0.89923922)          (0.1517173 -0.024343928 -0.013782599)         (-0.77461256 -0.51131241 0.88545662)          (-0.0011981678 -0.00062987275 0.0011631272)   (0.0001962398 -3.1487822e-05 -1.7827198e-05)  (-0.001001928 -0.00066136057 0.0011453)      
------------------------- --------------------------------------------- --------------------------------------------- --------------------------------------------- --------------------------------------------- --------------------------------------------- ---------------------------------------------
Net                       (-0.78106568 -37.448098 614.37897)            (12.990826 -1.5326452 0.69096355)             (12.209761 -38.980744 615.06993)              (-0.0010102748 -0.048437502 0.79467272)       (0.016803074 -0.0019824105 0.00089373158)     (0.015792799 -0.050419912 0.79556645)        

Forces - Direction Vector (0.98966482 -0.1391731 0.034559857)
                          Forces [N]                                      Coefficients                                   
Zone                      Pressure        Viscous         Total           Pressure        Viscous         Total          
jidi                      1132.6962       0.00074048788   1132.6969       1.4650937       9.5778916e-07   1.4650946      
jishen                    8557.1919       1.2721331       8558.464        11.068359       0.0016454493    11.070004      
jitou                     -11131.163      1.164411        -11129.999      -14.39768       0.0015061155    -14.396174     
liangan                   -186.30313      1.1430978       -185.16004      -0.24097507     0.0014785477    -0.23949653    
waiyi                     -80.202648      4.4354576       -75.76719       -0.10373867     0.0057370733    -0.098001595   
weiyi                     65.806353       1.5148923       67.321245       0.085117681     0.0019594479    0.087077129    
xiaoyi                    137.76528       0.32856657      138.09385       0.17819345      0.0004249867    0.17861844     
youfuyi                   -0.13423249     0.17359162      0.039359124     -0.00017362394  0.00022453327   5.0909331e-05  
youweiduo                 -0.91654884     0.15667219      -0.75987665     -0.0011855164   0.00020264873   -0.0009828677  
zhongyangyi               1532.0917       2.5670589       1534.6587       1.9816945       0.0033203801    1.9850149      
zuofuyi                   -0.34207377     0.18406389      -0.15800988     -0.00044245768  0.00023807872   -0.00020437897 
zuoweiduo                 -0.81790559     0.15306097      -0.66484462     -0.0010579256   0.00019797778   -0.00085994786 
------------------------- --------------- --------------- --------------- --------------- --------------- ---------------
Net                       25.671624       13.093746       38.76537        0.033205139     0.016936197     0.050141336    
