                                    "Force Report"

Forces
                          Forces [N]                                                                                                                                Coefficients                                                                                                                             
Zone                      Pressure                                      Viscous                                       Total                                         Pressure                                      Viscous                                       Total                                        
jidi                      (1144.9167 9.7875393e-08 0.00043510581)       (2.2631928e-08 -0.00071127618 0.0037183098)   (1144.9167 -0.0007111783 0.0041534156)        (1.4809004 1.265976e-10 5.6279061e-07)        (2.9273423e-11 -9.2000508e-07 4.8094734e-06)  (1.4809004 -9.1987849e-07 5.3722641e-06)     
jishen                    (9084.8298 0.019613759 -12497.968)            (1.1892282 0.00077264397 0.023243658)         (9086.019 0.020386403 -12497.944)             (11.750836 2.5369552e-05 -16.165582)          (0.0015382154 9.9938169e-07 3.0064669e-05)    (11.752374 2.6368934e-05 -16.165552)         
jitou                     (-11254.171 0.048969698 17.787319)            (1.1450715 -0.00017748238 0.19532506)         (-11253.026 0.048792215 17.982644)            (-14.556785 6.3340194e-05 0.023007131)        (0.0014811006 -2.2956581e-07 0.00025264455)   (-14.555304 6.3110628e-05 0.023259775)       
liangan                   (-81.136787 -0.01540807 -3071.9981)           (1.1821918 -0.00029324902 0.076414981)        (-79.954596 -0.015701319 -3071.9217)          (-0.10494694 -1.9929674e-05 -3.9734971)       (0.0015291142 -3.7930497e-07 9.8839485e-05)   (-0.10341782 -2.0308979e-05 -3.9733983)      
waiyi                     (-174.63318 0.0046365329 1889.708)            (4.1515194 -4.656432e-05 0.71140129)          (-170.48166 0.0045899686 1890.4194)           (-0.22588049 5.9971555e-06 2.4442559)         (0.0053698114 -6.0228941e-08 0.00092016691)   (-0.22051068 5.9369266e-06 2.445176)         
weiyi                     (45.850955 0.032562366 564.42136)             (1.5165652 -0.00046866936 0.046085837)        (47.36752 0.032093696 564.46745)              (0.059306234 4.2118017e-05 0.73005471)        (0.0019616118 -6.0620362e-07 5.9610045e-05)   (0.061267846 4.1511813e-05 0.73011432)       
xiaoyi                    (153.13514 0.0061756147 -368.41468)           (0.34592622 -0.00023883513 0.045744517)       (153.48107 0.0059367796 -368.36894)           (0.19807371 7.9878915e-06 -0.47652851)        (0.00044744066 -3.0892295e-07 5.9168562e-05)  (0.19852115 7.6789685e-06 -0.47646935)       
youfuyi                   (-0.23204387 -0.6089768 17.683877)            (0.15686905 0.0057041574 0.02996693)          (-0.075174817 -0.60327264 17.713844)          (-0.00030013874 -0.00078768525 0.022873333)   (0.00020290336 7.3780817e-06 3.8760933e-05)   (-9.7235386e-05 -0.00078030717 0.022912094)  
youweiduo                 (-0.90985527 0.64222656 1.1491893)            (0.15055042 -0.0062276546 0.0049368387)       (-0.75930484 0.6359989 1.1541261)             (-0.0011768586 0.00083069238 0.0014864268)    (0.00019473049 -8.0552028e-06 6.3855881e-06)  (-0.00098212809 0.00082263717 0.0014928124)  
zhongyangyi               (1035.237 0.002117253 14323.589)              (2.3777284 -7.4840592e-06 0.32901317)         (1037.6147 0.0021097689 14323.918)            (1.3390344 2.7385755e-06 18.526946)           (0.0030754892 -9.680308e-09 0.00042556435)    (1.3421099 2.7288952e-06 18.527371)          
zuofuyi                   (-0.22914101 0.60573403 17.741083)            (0.15614333 -0.0054942524 0.030502559)        (-0.072997686 0.60023978 17.771585)           (-0.00029638403 0.00078349086 0.022947326)    (0.00020196467 -7.1065787e-06 3.9453746e-05)  (-9.4419362e-05 0.00077638429 0.02298678)    
zuoweiduo                 (-0.90393929 -0.64068425 1.1472498)           (0.14943135 0.0061825811 0.004986768)         (-0.75450794 -0.63450166 1.1522366)           (-0.0011692065 -0.00082869746 0.0014839182)   (0.00019328302 7.9969022e-06 6.4501696e-06)   (-0.0009759235 -0.00082070056 0.0014903684)  
------------------------- --------------------------------------------- --------------------------------------------- --------------------------------------------- --------------------------------------------- --------------------------------------------- ---------------------------------------------
Net                       (-48.246125 0.096966789 894.84757)            (12.521225 -0.001006085 1.5013399)            (-35.7249 0.095960704 896.34891)              (-0.062404284 0.00012542236 1.1574468)        (0.016195665 -1.3013275e-06 0.0019419185)     (-0.046208619 0.00012412104 1.1593887)       

Forces - Direction Vector (0.99452222 0 0.10452846)
                          Forces [N]                                      Coefficients                                   
Zone                      Pressure        Viscous         Total           Pressure        Viscous         Total          
jidi                      1138.6448       0.00038869159   1138.6451       1.4727879       5.0275582e-07   1.4727884      
jishen                    7728.6692       1.1851431       7729.8544       9.9967006       0.0015329315    9.9982336      
jitou                     -11190.66       1.1592157       -11189.501      -14.474636      0.0014993956    -14.473137     
liangan                   -401.80345      1.1837032       -400.61974      -0.51971544     0.0015310691    -0.51818437    
waiyi                     23.851693       4.2031386       28.054832       0.030851137     0.0054365786    0.036287716    
weiyi                     104.59786       1.5130746       106.11093       0.13529282      0.0019570968    0.13724992     
xiaoyi                    113.78644       0.34881281      114.13526       0.14717786      0.00045117433   0.14762904     
youfuyi                   1.6176952       0.1591421       1.7768373       0.0020924191    0.00020584345   0.0022982625   
youweiduo                 -0.78474804     0.15024173      -0.6345063      -0.0010150378   0.00019433121   -0.00082070656 
zhongyangyi               2526.7881       2.3990942       2529.1872       3.2682916       0.003103125     3.2713947      
zuofuyi                   1.6265618       0.15847634      1.7850381       0.0021038876    0.00020498232   0.0023088699   
zuoweiduo                 -0.7790672      0.14913401      -0.62993319     -0.0010076899   0.00019289842   -0.00081479143 
------------------------- --------------- --------------- --------------- --------------- --------------- ---------------
Net                       45.555183       12.609565       58.164748       0.058923667     0.016309929     0.075233596    
