                                    "Force Report"

Forces
                          Forces [N]                                                                                                                                Coefficients                                                                                                                             
Zone                      Pressure                                      Viscous                                       Total                                         Pressure                                      Viscous                                       Total                                        
jidi                      (1143.1452 3.5325507e-07 0.0004344348)        (1.5094274e-08 0.00035888635 -0.00076558014)  (1143.1452 0.00035923961 -0.00033114534)      (1.478609 4.5692021e-10 5.619227e-07)         (1.9523793e-11 4.6420403e-07 -9.9024492e-07)  (1.478609 4.6466095e-07 -4.2832223e-07)      
jishen                    (9076.0449 -2.7992184 -12504.942)             (1.3614967 -0.061570114 -0.098162843)         (9077.4064 -2.8607885 -12505.04)              (11.739473 -0.0036206684 -16.174604)          (0.0017610373 -7.9638289e-05 -0.00012696941)  (11.741234 -0.0037003067 -16.174731)         
jitou                     (-11238.358 -14.168159 -13.601907)            (1.1667183 -0.17010632 -0.12250374)           (-11237.192 -14.338265 -13.724411)            (-14.536332 -0.018325903 -0.017593481)        (0.0015090998 -0.00022002519 -0.00015845331)  (-14.534823 -0.018545928 -0.017751934)       
liangan                   (-81.166954 -0.9518176 -3083.6117)            (1.2306656 -0.11075175 -0.10305557)           (-79.936288 -1.0625694 -3083.7148)            (-0.10498596 -0.0012311351 -3.9885189)        (0.0015918129 -0.00014325262 -0.00013329794)  (-0.10339414 -0.0013743877 -3.9886522)       
waiyi                     (-131.3926 -0.42494978 1418.2726)             (3.5580218 -0.54994118 -0.15646095)           (-127.83457 -0.97489096 1418.1161)            (-0.16995066 -0.00054965423 1.8344744)        (0.0046021479 -0.00071132522 -0.0002023755)   (-0.16534851 -0.0012609795 1.8342721)        
weiyi                     (41.345325 -18.546875 480.01687)              (1.4362481 -0.19184628 -0.13519498)           (42.781573 -18.738721 479.88167)              (0.053478396 -0.023989583 0.62088113)         (0.0018577251 -0.00024814489 -0.00017486888)  (0.055336121 -0.024237728 0.62070626)        
xiaoyi                    (150.69767 -0.75385198 -373.42133)            (0.31103555 -0.041080267 -0.03741318)         (151.00871 -0.79493225 -373.45874)            (0.19492095 -0.00097507505 -0.48300439)       (0.00040231108 -5.3135555e-05 -4.8392336e-05) (0.19532326 -0.0010282106 -0.48305279)       
youfuyi                   (-0.86859135 -0.28202353 8.9159349)           (0.17109251 -0.043620964 -0.0049296016)       (-0.69749884 -0.32564449 8.9110053)           (-0.0011234855 -0.00036478528 0.011532378)    (0.00022130078 -5.6421837e-05 -6.3762273e-06) (-0.00090218469 -0.00042120712 0.011526001)  
youweiduo                 (-1.0670435 -0.94867697 -1.5991937)           (0.15076696 -0.028572691 0.00031320299)       (-0.91627657 -0.97724966 -1.5988805)          (-0.0013801748 -0.0012270728 -0.0020684881)   (0.00019501057 -3.6957544e-05 4.0511457e-07)  (-0.0011851643 -0.0012640303 -0.002068083)   
zhongyangyi               (1053.6522 -0.023811014 14039.789)            (2.0994522 -0.2631171 -0.12388334)            (1055.7517 -0.28692812 14039.665)             (1.3628537 -3.0798521e-05 18.159862)          (0.002715551 -0.00034033064 -0.00016023776)   (1.3655693 -0.00037112916 18.159702)         
zuofuyi                   (-0.88285169 0.32288525 8.7073451)            (0.17452528 -0.041701816 -0.0060299147)       (-0.70832641 0.28118343 8.7013151)            (-0.0011419306 0.00041763815 0.011262576)     (0.00022574093 -5.3939501e-05 -7.7994348e-06) (-0.00091618968 0.00036369865 0.011254776)   
zuoweiduo                 (-0.99174179 0.28976248 -0.39965823)          (0.15455737 -0.031007113 -0.025813753)        (-0.83718443 0.25875536 -0.42547198)          (-0.0012827753 0.00037479528 -0.00051694069)  (0.0001999133 -4.0106364e-05 -3.3388978e-05)  (-0.001082862 0.00033468891 -0.00055032967)  
------------------------- --------------------------------------------- --------------------------------------------- --------------------------------------------- --------------------------------------------- --------------------------------------------- ---------------------------------------------
Net                       (10.157064 -38.286734 -21.873857)             (11.81458 -1.5329567 -0.81390025)             (21.971645 -39.819691 -22.687757)             (0.013137725 -0.049522241 -0.028292892)       (0.015281651 -0.0019828134 -0.0010527449)     (0.028419376 -0.051505055 -0.029345637)      

Forces - Direction Vector (0.98484328 -0.1391731 -0.1035112)
                          Forces [N]                                      Coefficients                                   
Zone                      Pressure        Viscous         Total           Pressure        Viscous         Total          
jidi                      1125.8188       2.9313657e-05   1125.8188       1.4561981       3.7915953e-08   1.4561981      
jishen                    10233.273       1.3595907       10234.633       13.236298       0.001758572     13.238056      
jitou                     -11064.642      1.1853894       -11063.457      -14.311638      0.0015332501    -14.310104     
liangan                   239.38408       1.2380938       240.62218       0.309633        0.001601421     0.31123442     
waiyi                     -276.14907      3.5968263       -272.55224      -0.35718692     0.0046523399    -0.35253458    
weiyi                     -6.3872302      1.4551734       -4.9320569      -0.008261607    0.001882204     -0.006379403   
xiaoyi                    187.1718        0.31591122      187.48771       0.24209865      0.00040861755   0.24250727     
youfuyi                   -1.7390754      0.17508044      -1.5639949      -0.002249419    0.000226459     -0.00202296    
youweiduo                 -0.75330588     0.15242596      -0.60087992     -0.00097436869  0.00019715641   -0.00077721228 
zhongyangyi               -415.58978      2.1170736       -413.47271      -0.53754747     0.0027383434    -0.53480913    
zuofuyi                   -1.8157152      0.17830798      -1.6374072      -0.0023485494   0.00023063369   -0.0021179157  
zuoweiduo                 -0.97566828     0.15920215      -0.81646612     -0.0012619849   0.00020592113   -0.0010560637  
------------------------- --------------- --------------- --------------- --------------- --------------- ---------------
Net                       17.595789       11.933104       29.528893       0.022759395     0.015434956     0.038194351    
