                                    "Force Report"

Moments - Moment Center (0 0 0.05)
                          Moments [N m]                                                                                                                             Coefficients                                                                                                                             
Zone                      Pressure                                      Viscous                                       Total                                         Pressure                                      Viscous                                       Total                                        
jidi                      (3.8299358e-08 -22.930792 0.016592786)        (1.6542675e-05 -0.001887141 0.0010132307)     (1.6580975e-05 -22.932679 0.017606016)        (1.3583376e-10 -0.081327096 5.8848516e-05)    (5.8670793e-08 -6.6929958e-06 3.5935571e-06)  (5.8806627e-08 -0.081333789 6.2442074e-05)   
jishen                    (-0.43871111 -232.72401 2.9049009)            (-0.0058533251 -0.11512065 0.0373418)         (-0.44456444 -232.83913 2.9422427)            (-0.0015559472 -0.82538659 0.010302616)       (-2.0759594e-05 -0.00040829067 0.00013243765) (-0.0015767068 -0.82579489 0.010435054)      
jitou                     (-0.91965057 555.84442 9.0675017)             (-0.0097197564 0.16848634 0.1114183)          (-0.92937032 556.0129 9.17892)                (-0.0032616628 1.971376 0.032159098)          (-3.4472406e-05 0.00059755916 0.00039515979)  (-0.0032961352 1.9719735 0.032554258)        
liangan                   (-0.57122652 650.48501 -1.6050867)            (-0.0098988208 0.13424876 0.018401945)        (-0.58112534 650.61926 -1.5866848)            (-0.0020259307 2.3070314 -0.0056926531)       (-3.5107482e-05 0.00047613104 6.526494e-05)   (-0.0020610381 2.3075075 -0.0056273882)      
waiyi                     (15.876942 -46.511168 -0.76680634)            (0.087449963 0.43669492 -0.073245976)         (15.964392 -46.074473 -0.84005231)            (0.056309681 -0.16495803 -0.0027195804)       (0.0003101529 0.0015487965 -0.00025977657)    (0.056619834 -0.16340923 -0.002979357)       
weiyi                     (-7.2143703 -759.18135 -14.773393)            (0.063942869 0.053936148 -0.28877226)         (-7.1504274 -759.12742 -15.062165)            (-0.025586721 -2.6925374 -0.052395798)        (0.00022678187 0.00019129171 -0.0010241691)   (-0.02535994 -2.6923461 -0.053419967)        
xiaoyi                    (15.082672 55.620527 -1.0316658)              (0.10128245 0.031812056 -0.0049907464)        (15.183954 55.652339 -1.0366565)              (0.053492697 0.19726558 -0.0036589396)        (0.00035921166 0.00011282568 -1.7700345e-05)  (0.053851909 0.1973784 -0.0036766399)        
youfuyi                   (31.333813 -4.418413 -0.57668666)             (0.060217006 0.0092226217 -0.17385344)        (31.39403 -4.4091904 -0.7505401)              (0.11112953 -0.015670488 -0.0020452957)       (0.0002135676 3.2709252e-05 -0.0006165943)    (0.11134309 -0.015637779 -0.0026618901)      
youweiduo                 (0.17250089 -3.4506914 2.1132718)             (0.016379305 0.002656161 -0.09245313)         (0.1888802 -3.4480353 2.0208186)              (0.00061179731 -0.012238335 0.0074949987)     (5.8091379e-05 9.4204273e-06 -0.00032789729)  (0.00066988868 -0.012228915 0.0071671014)    
zhongyangyi               (-7.1989276 -276.46965 -3.8689354)            (-0.010105027 0.26023614 0.00023681052)       (-7.2090327 -276.20942 -3.8686986)            (-0.025531952 -0.98053631 -0.013721693)       (-3.5838818e-05 0.00092296199 8.3987993e-07)  (-0.025567791 -0.97961335 -0.013720853)      
zuofuyi                   (-30.772106 -4.3755993 0.59505429)            (-0.050592262 0.0088203154 0.15159727)        (-30.822698 -4.366779 0.74665155)             (-0.10913736 -0.015518643 0.002110439)        (-0.00017943217 3.1282419e-05 0.00053765982)  (-0.10931679 -0.015487361 0.0026480988)      
zuoweiduo                 (-0.74375614 -5.527158 -3.4395116)            (0.0035182181 0.022778673 0.019133043)        (-0.74023792 -5.5043793 -3.4203786)           (-0.0026378299 -0.019602799 -0.012198684)     (1.2477827e-05 8.0787587e-05 6.7857874e-05)   (-0.002625352 -0.019522012 -0.012130827)     
------------------------- --------------------------------------------- --------------------------------------------- --------------------------------------------- --------------------------------------------- --------------------------------------------- ---------------------------------------------
Net                       (14.60718 -93.638889 -11.364764)              (0.24663717 1.0118843 -0.29417316)            (14.853817 -92.627004 -11.658937)             (0.0518063 -0.33210274 -0.040306643)          (0.00087473144 0.0035887821 -0.0010433241)    (0.052681032 -0.32851396 -0.041349967)       

Moments - Moment Center (0 0 0.05) Moment Axis (0 1 0)
                          Moments [N m]                                   Coefficients                                   
Zone                      Pressure        Viscous         Total           Pressure        Viscous         Total          
jidi                      -22.930792      -0.001887141    -22.932679      -0.081327096    -6.6929958e-06  -0.081333789   
jishen                    -232.72401      -0.11512065     -232.83913      -0.82538659     -0.00040829067  -0.82579489    
jitou                     555.84442       0.16848634      556.0129        1.971376        0.00059755916   1.9719735      
liangan                   650.48501       0.13424876      650.61926       2.3070314       0.00047613104   2.3075075      
waiyi                     -46.511168      0.43669492      -46.074473      -0.16495803     0.0015487965    -0.16340923    
weiyi                     -759.18135      0.053936148     -759.12742      -2.6925374      0.00019129171   -2.6923461     
xiaoyi                    55.620527       0.031812056     55.652339       0.19726558      0.00011282568   0.1973784      
youfuyi                   -4.418413       0.0092226217    -4.4091904      -0.015670488    3.2709252e-05   -0.015637779   
youweiduo                 -3.4506914      0.002656161     -3.4480353      -0.012238335    9.4204273e-06   -0.012228915   
zhongyangyi               -276.46965      0.26023614      -276.20942      -0.98053631     0.00092296199   -0.97961335    
zuofuyi                   -4.3755993      0.0088203154    -4.366779       -0.015518643    3.1282419e-05   -0.015487361   
zuoweiduo                 -5.527158       0.022778673     -5.5043793      -0.019602799    8.0787587e-05   -0.019522012   
------------------------- --------------- --------------- --------------- --------------- --------------- ---------------
Net                       -93.638889      1.0118843       -92.627004      -0.33210274     0.0035887821    -0.32851396    
