                                    "Force Report"

Moments - Moment Center (0 0 0.05)
                          Moments [N m]                                                                                                                             Coefficients                                                                                                                             
Zone                      Pressure                                      Viscous                                       Total                                         Pressure                                      Viscous                                       Total                                        
jidi                      (-4.3575117e-09 -22.920969 0.0069496441)      (2.0597955e-05 -0.0027337812 0.0016608674)    (2.0593597e-05 -22.923702 0.0086105115)       (-1.5454494e-11 -0.081292257 2.4647835e-05)   (7.3053379e-08 -9.6957176e-06 5.8904867e-06)  (7.3037924e-08 -0.081301953 3.0538322e-05)   
jishen                    (-0.53686203 -229.47429 2.6044893)            (-0.015833611 -0.097454942 0.027055098)       (-0.55269565 -229.57175 2.6315444)            (-0.0019040524 -0.81386103 0.0092371669)      (-5.6156004e-05 -0.00034563688 9.5954496e-05) (-0.0019602084 -0.81420667 0.0093331214)     
jitou                     (-1.2693727 552.9431 12.563256)               (-0.014054585 0.12055939 0.16260618)          (-1.2834273 553.06366 12.725862)              (-0.0045019988 1.9610861 0.044557253)         (-4.9846452e-05 0.00042757986 0.00057670441)  (-0.0045518453 1.9615136 0.045133958)        
liangan                   (0.48036119 650.31406 -2.139111)              (0.0079961938 0.13091324 0.018410758)         (0.48835739 650.44497 -2.1207002)             (0.0017036647 2.3064251 -0.007586641)         (2.8359562e-05 0.00046430117 6.5296198e-05)   (0.0017320243 2.3068894 -0.0075213448)       
waiyi                     (14.870047 -45.221391 -1.5495008)             (0.099060078 0.52092164 -0.088997947)         (14.969107 -44.700469 -1.6384987)             (0.052738594 -0.16038366 -0.0054955102)       (0.00035132971 0.0018475177 -0.00031564303)   (0.053089924 -0.15853615 -0.0058111532)      
weiyi                     (-9.6789701 -736.64782 -33.709893)            (0.093876544 0.28398735 -0.38512643)          (-9.5850936 -736.36383 -34.095019)            (-0.034327752 -2.6126192 -0.11955661)         (0.00033294562 0.0010071988 -0.001365902)     (-0.033994806 -2.611612 -0.12092251)         
xiaoyi                    (16.83889 55.854128 -1.3772585)               (0.13072348 0.03635266 -0.034577561)          (16.969613 55.89048 -1.4118361)               (0.059721358 0.19809408 -0.0048846301)        (0.00046362818 0.00012892953 -0.00012263391)  (0.060184986 0.19822301 -0.005007264)        
youfuyi                   (27.702519 -3.9424576 -0.2884708)             (0.060774315 0.0075546487 -0.16665976)        (27.763293 -3.934903 -0.45513057)             (0.098250659 -0.013982449 -0.0010231)         (0.00021554417 2.6793564e-05 -0.00059108097)  (0.098466204 -0.013955655 -0.0016141809)     
youweiduo                 (0.048875059 -1.293285 0.86358957)            (0.020516144 0.010380248 -0.11172399)         (0.069391204 -1.2829047 0.75186558)           (0.00017334188 -0.0045868067 0.003062835)     (7.2763228e-05 3.6814926e-05 -0.00039624395)  (0.00024610511 -0.0045499918 0.0026665911)   
zhongyangyi               (8.1490239 -275.28519 0.8566869)              (0.017393308 0.30534437 -0.0097115009)        (8.1664172 -274.97984 0.8469754)              (0.028901595 -0.97633544 0.0030383538)        (6.1687675e-05 0.0010829443 -3.4443127e-05)   (0.028963282 -0.9752525 0.0030039106)        
zuofuyi                   (-25.753773 -3.667415 0.1847677)              (-0.041332829 0.010048029 0.15404912)         (-25.795106 -3.6573669 0.33881682)            (-0.091339173 -0.013006974 0.00065530317)     (-0.00014659236 3.5636668e-05 0.00054635565)  (-0.091485765 -0.012971337 0.0012016588)     
zuoweiduo                 (-0.41044174 -3.3830497 -2.1086197)           (0.012902373 0.048901971 0.0025882142)        (-0.39753937 -3.3341477 -2.1060315)           (-0.0014556861 -0.011998435 -0.0074784997)    (4.5759977e-05 0.00017343733 9.1794451e-06)   (-0.0014099261 -0.011824997 -0.0074693202)   
------------------------- --------------------------------------------- --------------------------------------------- --------------------------------------------- --------------------------------------------- --------------------------------------------- ---------------------------------------------
Net                       (30.440296 -62.724581 -24.093115)             (0.37204201 1.3747748 -0.43042695)            (30.812338 -61.349806 -24.523542)             (0.10796055 -0.22246105 -0.085449428)         (0.0013194964 0.0048758213 -0.0015265663)     (0.10928005 -0.21758523 -0.086975994)        

Moments - Moment Center (0 0 0.05) Moment Axis (0 1 0)
                          Moments [N m]                                   Coefficients                                   
Zone                      Pressure        Viscous         Total           Pressure        Viscous         Total          
jidi                      -22.920969      -0.0027337812   -22.923702      -0.081292257    -9.6957176e-06  -0.081301953   
jishen                    -229.47429      -0.097454942    -229.57175      -0.81386103     -0.00034563688  -0.81420667    
jitou                     552.9431        0.12055939      553.06366       1.9610861       0.00042757986   1.9615136      
liangan                   650.31406       0.13091324      650.44497       2.3064251       0.00046430117   2.3068894      
waiyi                     -45.221391      0.52092164      -44.700469      -0.16038366     0.0018475177    -0.15853615    
weiyi                     -736.64782      0.28398735      -736.36383      -2.6126192      0.0010071988    -2.611612      
xiaoyi                    55.854128       0.03635266      55.89048        0.19809408      0.00012892953   0.19822301     
youfuyi                   -3.9424576      0.0075546487    -3.934903       -0.013982449    2.6793564e-05   -0.013955655   
youweiduo                 -1.293285       0.010380248     -1.2829047      -0.0045868067   3.6814926e-05   -0.0045499918  
zhongyangyi               -275.28519      0.30534437      -274.97984      -0.97633544     0.0010829443    -0.9752525     
zuofuyi                   -3.667415       0.010048029     -3.6573669      -0.013006974    3.5636668e-05   -0.012971337   
zuoweiduo                 -3.3830497      0.048901971     -3.3341477      -0.011998435    0.00017343733   -0.011824997   
------------------------- --------------- --------------- --------------- --------------- --------------- ---------------
Net                       -62.724581      1.3747748       -61.349806      -0.22246105     0.0048758213    -0.21758523    
