                                    "Force Report"

Moments - Moment Center (0 0 0.05)
                          Moments [N m]                                                                                                                             Coefficients                                                                                                                             
Zone                      Pressure                                      Viscous                                       Total                                         Pressure                                      Viscous                                       Total                                        
jidi                      (-4.7024542e-09 -22.88018 0.0015652307)       (-2.6675722e-05 0.00012333882 -0.0010695569)  (-2.6680424e-05 -22.880057 0.00049567378)     (-1.6677878e-11 -0.081147595 5.5512984e-06)   (-9.4608988e-08 4.3743751e-07 -3.7933255e-06) (-9.4625666e-08 -0.081147158 1.7579729e-06)  
jishen                    (0.0068785872 -231.99067 1.0487621)           (-0.0089719751 -0.10520207 0.0052028968)      (-0.0020933879 -232.09587 1.053965)           (2.4395822e-05 -0.82278569 0.0037195739)      (-3.18203e-05 -0.0003731131 1.8452764e-05)    (-7.4244781e-06 -0.8231588 0.0037380267)     
jitou                     (-0.44812216 535.18617 4.3957934)             (-0.0047869831 -0.074041907 0.054157567)      (-0.45290915 535.11213 4.4499509)             (-0.0015893247 1.8981088 0.015590264)         (-1.6977671e-05 -0.00026259945 0.000192077)   (-0.0016063024 1.8978462 0.015782341)        
liangan                   (0.25683658 645.63545 -0.024653669)           (0.0052044389 0.10894897 0.0062583334)        (0.26204102 645.7444 -0.018395335)            (0.00091090502 2.2898318 -8.7437508e-05)      (1.8458233e-05 0.00038640197 2.219601e-05)    (0.00092936326 2.2902182 -6.5241498e-05)     
waiyi                     (3.6365988 -49.592939 -0.12331202)            (0.032823965 0.5836343 -0.06391958)           (3.6694228 -49.009304 -0.1872316)             (0.01289768 -0.17588794 -0.00043734246)       (0.00011641455 0.0020699365 -0.00022669927)   (0.013014095 -0.173818 -0.00066404173)       
weiyi                     (-3.5124749 -640.70291 -11.207862)            (0.034550863 0.57368618 -0.11322301)          (-3.477924 -640.12923 -11.321085)             (-0.012457458 -2.2723379 -0.03975017)         (0.00012253922 0.0020346541 -0.00040156044)   (-0.012334919 -2.2703032 -0.040151731)       
xiaoyi                    (1.2052181 55.871507 -0.27916805)             (0.017008603 0.039873222 -0.015514033)        (1.2222267 55.911381 -0.29468208)             (0.004274466 0.19815571 -0.00099010653)       (6.0323267e-05 0.00014141567 -5.5022578e-05)  (0.0043347893 0.19829713 -0.0010451291)      
youfuyi                   (14.48816 -2.102336 0.95606366)               (0.01093293 0.020485779 -0.22935515)          (14.499093 -2.0818502 0.7267085)              (0.051384181 -0.0074562136 0.0033908066)      (3.8775085e-05 7.2655533e-05 -0.00081343849)  (0.051422957 -0.0073835581 0.0025773681)     
youweiduo                 (-0.084301342 0.60020217 -0.1938344)          (0.0040955893 0.045614243 -0.0789864)         (-0.080205753 0.64581641 -0.2728208)          (-0.0002989859 0.0021286966 -0.00068745943)   (1.4525551e-05 0.00016177697 -0.00028013575)  (-0.00028446034 0.0022904736 -0.00096759518) 
zhongyangyi               (3.6408363 -286.00352 -0.09844233)            (0.019424068 0.32679578 -0.012702459)         (3.6602603 -285.67672 -0.11114479)            (0.012912709 -1.0143494 -0.00034913879)       (6.8890036e-05 0.0011590246 -4.5050956e-05)   (0.012981599 -1.0131904 -0.00039418974)      
zuofuyi                   (-14.435763 -2.1033281 -0.9654599)            (-0.0057914912 0.021115451 0.22643508)        (-14.441555 -2.0822127 -0.73902482)           (-0.051198349 -0.0074597324 -0.0034241316)    (-2.0540292e-05 7.488875e-05 0.00080308205)   (-0.051218889 -0.0073848436 -0.0026210496)   
zuoweiduo                 (-0.048110029 -0.22229062 -0.25850222)        (0.0085327705 0.062850318 0.039253061)        (-0.039577259 -0.1594403 -0.21924916)         (-0.0001706286 -0.00078838317 -0.00091681241) (3.0262603e-05 0.00022290699 0.00013921619)   (-0.000140366 -0.00056547618 -0.00077759622) 
------------------------- --------------------------------------------- --------------------------------------------- --------------------------------------------- --------------------------------------------- --------------------------------------------- ---------------------------------------------
Net                       (4.7057568 1.6951601 -6.7490504)              (0.1129961 1.6038836 -0.18346326)             (4.8187529 3.2990437 -6.9325136)              (0.016689591 0.0060121103 -0.023936403)       (0.00040075567 0.005688386 -0.0006506768)     (0.017090347 0.011700496 -0.024587079)       

Moments - Moment Center (0 0 0.05) Moment Axis (0 1 0)
                          Moments [N m]                                   Coefficients                                   
Zone                      Pressure        Viscous         Total           Pressure        Viscous         Total          
jidi                      -22.88018       0.00012333882   -22.880057      -0.081147595    4.3743751e-07   -0.081147158   
jishen                    -231.99067      -0.10520207     -232.09587      -0.82278569     -0.0003731131   -0.8231588     
jitou                     535.18617       -0.074041907    535.11213       1.8981088       -0.00026259945  1.8978462      
liangan                   645.63545       0.10894897      645.7444        2.2898318       0.00038640197   2.2902182      
waiyi                     -49.592939      0.5836343       -49.009304      -0.17588794     0.0020699365    -0.173818      
weiyi                     -640.70291      0.57368618      -640.12923      -2.2723379      0.0020346541    -2.2703032     
xiaoyi                    55.871507       0.039873222     55.911381       0.19815571      0.00014141567   0.19829713     
youfuyi                   -2.102336       0.020485779     -2.0818502      -0.0074562136   7.2655533e-05   -0.0073835581  
youweiduo                 0.60020217      0.045614243     0.64581641      0.0021286966    0.00016177697   0.0022904736   
zhongyangyi               -286.00352      0.32679578      -285.67672      -1.0143494      0.0011590246    -1.0131904     
zuofuyi                   -2.1033281      0.021115451     -2.0822127      -0.0074597324   7.488875e-05    -0.0073848436  
zuoweiduo                 -0.22229062     0.062850318     -0.1594403      -0.00078838317  0.00022290699   -0.00056547618 
------------------------- --------------- --------------- --------------- --------------- --------------- ---------------
Net                       1.6951601       1.6038836       3.2990437       0.0060121103    0.005688386     0.011700496    
