                                    "Force Report"

Moments - Moment Center (0 0 0.05)
                          Moments [N m]                                                                                                                             Coefficients                                                                                                                             
Zone                      Pressure                                      Viscous                                       Total                                         Pressure                                      Viscous                                       Total                                        
jidi                      (2.488561e-08 -22.915397 0.011488539)         (4.6701594e-05 -0.0020800242 -0.00011875622)  (4.6726479e-05 -22.917477 0.011369783)        (8.8260119e-11 -0.081272498 4.0745627e-05)    (1.656334e-07 -7.3770819e-06 -4.211847e-07)   (1.6572166e-07 -0.081279875 4.0324443e-05)   
jishen                    (-0.13171933 -229.13559 1.8370824)            (-0.0017964867 -0.084297133 0.021826453)      (-0.13351582 -229.21989 1.8589088)            (-0.0004671601 -0.81265978 0.0065154564)      (-6.3714783e-06 -0.00029897097 7.7410413e-05) (-0.00047353158 -0.81295875 0.0065928669)    
jitou                     (-0.46956951 557.78942 4.6360295)             (-0.0047043084 0.18015707 0.055860657)        (-0.47427382 557.96958 4.6918901)             (-0.0016653906 1.9782742 0.016442294)         (-1.6684454e-05 0.00063895097 0.00019811723)  (-0.001682075 1.9789131 0.016640411)         
liangan                   (-0.47619891 651.02646 -1.0109008)            (-0.0093903241 0.13373567 0.023896062)        (-0.48558924 651.16019 -0.98700476)           (-0.0016889026 2.3089517 -0.0035852939)       (-3.330403e-05 0.00047431129 8.4750553e-05)   (-0.0017222067 2.309426 -0.0035005433)       
waiyi                     (9.0550573 -46.38079 -0.45811251)             (0.044983755 0.43187944 -0.035920178)         (9.1000411 -45.948911 -0.49403269)            (0.032114962 -0.16449563 -0.0016247568)       (0.00015954086 0.0015317177 -0.00012739568)   (0.032274503 -0.16296391 -0.0017521525)      
weiyi                     (-5.0683752 -771.56279 -11.24441)             (0.037718191 0.068378755 -0.15504073)         (-5.030657 -771.49441 -11.39945)              (-0.017975665 -2.7364498 -0.039879791)        (0.00013377257 0.00024251433 -0.00054987254)  (-0.017841893 -2.7362073 -0.040429664)       
xiaoyi                    (8.0729055 55.66458 -0.62356313)              (0.057303116 0.031098673 -0.012573651)        (8.1302086 55.695679 -0.63613678)             (0.02863163 0.19742182 -0.0022115494)         (0.00020323311 0.00011029557 -4.4594123e-05)  (0.028834864 0.19753211 -0.0022561435)       
youfuyi                   (32.307147 -4.5678146 -0.58674843)            (0.057814735 0.0095881083 -0.1715775)         (32.364962 -4.5582265 -0.75832592)            (0.11458158 -0.016200361 -0.0020809811)       (0.00020504763 3.4005499e-05 -0.00060852236)  (0.11478663 -0.016166355 -0.0026895035)      
youweiduo                 (0.31968154 -3.361845 2.1115253)              (0.017543712 -0.0062492287 -0.088469281)      (0.33722526 -3.3680942 2.023056)              (0.001133793 -0.011923229 0.0074888047)       (6.2221103e-05 -2.2163719e-05 -0.00031376804) (0.0011960141 -0.011945393 0.0071750367)     
zhongyangyi               (1.602493 -274.73496 -2.2084114)              (-0.0010521565 0.25100838 0.012755937)        (1.6014408 -274.48395 -2.1956555)             (0.005683454 -0.97438399 -0.0078324242)       (-3.7316128e-06 0.00089023453 4.5240624e-05)  (0.0056797224 -0.97349375 -0.0077871835)     
zuofuyi                   (-31.527369 -4.469299 0.61677012)             (-0.053816652 0.0084719038 0.15495051)        (-31.581186 -4.4608271 0.77172063)            (-0.111816 -0.015850962 0.0021874571)         (-0.0001908679 3.0046731e-05 0.00054955256)   (-0.11200687 -0.015820915 0.0027370096)      
zuoweiduo                 (-0.98718963 -6.0886526 -3.8373576)           (-0.0060598953 0.0096578882 0.042029322)      (-0.99324952 -6.0789947 -3.7953282)           (-0.003501199 -0.021594214 -0.013609698)      (-2.1492223e-05 3.4252982e-05 0.00014906257)  (-0.0035226912 -0.021559961 -0.013460635)    
------------------------- --------------------------------------------- --------------------------------------------- --------------------------------------------- --------------------------------------------- --------------------------------------------- ---------------------------------------------
Net                       (12.696863 -98.736681 -10.756608)             (0.13859039 1.0313495 -0.15238115)            (12.835453 -97.705332 -10.908989)             (0.045031108 -0.35018274 -0.038149737)        (0.0004915292 0.0036578179 -0.00054043998)    (0.045522637 -0.34652492 -0.038690177)       

Moments - Moment Center (0 0 0.05) Moment Axis (0 1 0)
                          Moments [N m]                                   Coefficients                                   
Zone                      Pressure        Viscous         Total           Pressure        Viscous         Total          
jidi                      -22.915397      -0.0020800242   -22.917477      -0.081272498    -7.3770819e-06  -0.081279875   
jishen                    -229.13559      -0.084297133    -229.21989      -0.81265978     -0.00029897097  -0.81295875    
jitou                     557.78942       0.18015707      557.96958       1.9782742       0.00063895097   1.9789131      
liangan                   651.02646       0.13373567      651.16019       2.3089517       0.00047431129   2.309426       
waiyi                     -46.38079       0.43187944      -45.948911      -0.16449563     0.0015317177    -0.16296391    
weiyi                     -771.56279      0.068378755     -771.49441      -2.7364498      0.00024251433   -2.7362073     
xiaoyi                    55.66458        0.031098673     55.695679       0.19742182      0.00011029557   0.19753211     
youfuyi                   -4.5678146      0.0095881083    -4.5582265      -0.016200361    3.4005499e-05   -0.016166355   
youweiduo                 -3.361845       -0.0062492287   -3.3680942      -0.011923229    -2.2163719e-05  -0.011945393   
zhongyangyi               -274.73496      0.25100838      -274.48395      -0.97438399     0.00089023453   -0.97349375    
zuofuyi                   -4.469299       0.0084719038    -4.4608271      -0.015850962    3.0046731e-05   -0.015820915   
zuoweiduo                 -6.0886526      0.0096578882    -6.0789947      -0.021594214    3.4252982e-05   -0.021559961   
------------------------- --------------- --------------- --------------- --------------- --------------- ---------------
Net                       -98.736681      1.0313495       -97.705332      -0.35018274     0.0036578179    -0.34652492    
