                                    "Force Report"

Moments - Moment Center (0 0 0.05)
                          Moments [N m]                                                                                                                             Coefficients                                                                                                                             
Zone                      Pressure                                      Viscous                                       Total                                         Pressure                                      Viscous                                       Total                                        
jidi                      (-1.5177857e-10 -22.867258 0.000309075)       (-4.8887654e-06 0.00074209014 -0.0001100874)  (-4.8889172e-06 -22.866515 0.00019898759)     (-5.3830284e-13 -0.081101763 1.0961755e-06)   (-1.7338655e-08 2.6319211e-06 -3.9043959e-07) (-1.7339194e-08 -0.081099131 7.0573591e-07)  
jishen                    (0.00049485836 -232.87836 0.001308451)        (-7.3073416e-05 -0.1172431 -0.00038933759)    (0.00042178494 -232.9956 0.00091911345)       (1.7550808e-06 -0.825934 4.6405952e-06)       (-2.5916456e-07 -0.00041581821 -1.3808374e-06) (1.4959163e-06 -0.82634982 3.2597578e-06)    
jitou                     (0.0010783545 528.60424 -0.021517035)         (-1.4816702e-06 -0.14604402 9.1923771e-05)    (0.0010768728 528.4582 -0.021425111)          (3.8245272e-06 1.8747651 -7.6313019e-05)      (-5.25494e-09 -0.00051796448 3.2601985e-07)   (3.8192722e-06 1.8742471 -7.5986999e-05)     
liangan                   (0.0015776317 644.61253 0.0023576299)         (0.00021542163 0.11995374 0.00058789686)      (0.0017930533 644.73248 0.0029455268)         (5.5952802e-06 2.2862039 8.3616474e-06)       (7.640214e-07 0.00042543186 2.0850542e-06)    (6.3593016e-06 2.2866293 1.0446702e-05)      
waiyi                     (-0.19830294 -55.198488 0.012155091)          (-0.00019331338 0.50675199 0.00088302457)     (-0.19849626 -54.691736 0.013038116)          (-0.0007033077 -0.19576876 4.3109643e-05)     (-6.8561154e-07 0.0017972632 3.1317638e-06)   (-0.00070399331 -0.1939715 4.6241407e-05)    
weiyi                     (-0.0010471312 -607.28702 -0.052744285)       (0.00014101443 0.63793221 -0.00068988546)     (-0.0009061168 -606.64909 -0.053434171)       (-3.7137899e-06 -2.153824 -0.00018706461)     (5.0012638e-07 0.0022625112 -2.4467703e-06)   (-3.2136635e-06 -2.1515615 -0.00018951138)   
xiaoyi                    (-0.00016526767 55.863905 0.0017073376)       (6.8836232e-05 0.042231551 0.00052444101)     (-9.6431433e-05 55.906137 0.0022317786)       (-5.8614371e-07 0.19812875 6.0552993e-06)     (2.4413683e-07 0.0001497798 1.8599996e-06)    (-3.4200687e-07 0.19827853 7.915299e-06)     
youfuyi                   (10.539865 -1.5463964 0.96763832)             (-0.0061663643 0.020842406 -0.20363112)       (10.533699 -1.525554 0.7640072)               (0.03738103 -0.0054844999 0.0034318577)       (-2.1869829e-05 7.3920359e-05 -0.00072220479) (0.037359161 -0.0054105796 0.0027096529)     
youweiduo                 (-0.098038921 1.0947104 -0.50269569)          (-0.0050759015 0.062276408 -0.05454748)       (-0.10311482 1.1569868 -0.55724317)           (-0.00034770804 0.0038825356 -0.001782877)    (-1.8002358e-05 0.00022087155 -0.00019345987) (-0.0003657104 0.0041034072 -0.0019763369)   
zhongyangyi               (0.0075998171 -293.8097 -0.0030308051)        (1.1262604e-05 0.27677495 0.00033100564)      (0.0076110797 -293.53292 -0.0026997995)       (2.695376e-05 -1.0420351 -1.0749153e-05)      (3.9944321e-08 0.00098161909 1.1739554e-06)   (2.6993704e-05 -1.0410535 -9.5751971e-06)    
zuofuyi                   (-10.585218 -1.5524835 -0.96577694)           (0.0063748372 0.020958453 0.204585)           (-10.578843 -1.531525 -0.76119194)            (-0.03754188 -0.0055060887 -0.0034252561)     (2.2609206e-05 7.4331933e-05 0.00072558785)   (-0.03751927 -0.0054317567 -0.0026996682)    
zuoweiduo                 (0.097683837 1.0908409 0.4993952)             (0.0055323473 0.063070059 0.053303515)        (0.10321618 1.1539109 0.55269872)             (0.00034644869 0.0038688119 0.0017711713)     (1.9621204e-05 0.00022368633 0.00018904799)   (0.00036606989 0.0040924983 0.0019602193)    
------------------------- --------------------------------------------- --------------------------------------------- --------------------------------------------- --------------------------------------------- --------------------------------------------- ---------------------------------------------
Net                       (-0.23447243 16.126526 -0.060893649)          (0.00082869648 1.4882467 0.00093889552)       (-0.23364373 17.614773 -0.059954754)          (-0.00083158758 0.057194865 -0.00021596741)   (2.939082e-06 0.0052782646 3.3299175e-06)     (-0.0008286485 0.06247313 -0.00021263749)    

Moments - Moment Center (0 0 0.05) Moment Axis (0 1 0)
                          Moments [N m]                                   Coefficients                                   
Zone                      Pressure        Viscous         Total           Pressure        Viscous         Total          
jidi                      -22.867258      0.00074209014   -22.866515      -0.081101763    2.6319211e-06   -0.081099131   
jishen                    -232.87836      -0.1172431      -232.9956       -0.825934       -0.00041581821  -0.82634982    
jitou                     528.60424       -0.14604402     528.4582        1.8747651       -0.00051796448  1.8742471      
liangan                   644.61253       0.11995374      644.73248       2.2862039       0.00042543186   2.2866293      
waiyi                     -55.198488      0.50675199      -54.691736      -0.19576876     0.0017972632    -0.1939715     
weiyi                     -607.28702      0.63793221      -606.64909      -2.153824       0.0022625112    -2.1515615     
xiaoyi                    55.863905       0.042231551     55.906137       0.19812875      0.0001497798    0.19827853     
youfuyi                   -1.5463964      0.020842406     -1.525554       -0.0054844999   7.3920359e-05   -0.0054105796  
youweiduo                 1.0947104       0.062276408     1.1569868       0.0038825356    0.00022087155   0.0041034072   
zhongyangyi               -293.8097       0.27677495      -293.53292      -1.0420351      0.00098161909   -1.0410535     
zuofuyi                   -1.5524835      0.020958453     -1.531525       -0.0055060887   7.4331933e-05   -0.0054317567  
zuoweiduo                 1.0908409       0.063070059     1.1539109       0.0038688119    0.00022368633   0.0040924983   
------------------------- --------------- --------------- --------------- --------------- --------------- ---------------
Net                       16.126526       1.4882467       17.614773       0.057194865     0.0052782646    0.06247313     
