                                    "Force Report"

Moments - Moment Center (0 0 0.05)
                          Moments [N m]                                                                                                                             Coefficients                                                                                                                             
Zone                      Pressure                                      Viscous                                       Total                                         Pressure                                      Viscous                                       Total                                        
jidi                      (9.8406014e-12 -22.895042 0.00063761145)      (-1.4917371e-05 -0.001306115 -0.00037769356)  (-1.4917361e-05 -22.896348 0.00025991788)     (3.4900999e-14 -0.081200304 2.2613736e-06)    (-5.2906434e-08 -4.6323102e-06 -1.3395403e-06) (-5.2906399e-08 -0.081204936 9.2183326e-07)  
jishen                    (0.0023655005 -230.34647 0.018812765)         (0.00018629696 -0.084902694 -0.00042989817)   (0.0025517975 -230.43137 0.018382867)         (8.3895614e-06 -0.81695431 6.6721968e-05)     (6.607269e-07 -0.00030111867 -1.5246909e-06)  (9.0502883e-06 -0.81725542 6.5197277e-05)    
jitou                     (0.0033665808 545.12303 -0.029628376)         (1.5180583e-05 0.029527624 -8.2303804e-05)    (0.0033817614 545.15255 -0.029710679)         (1.1940025e-05 1.9333511 -0.00010508097)      (5.3839953e-08 0.00010472364 -2.9190136e-07)  (1.1993865e-05 1.9334559 -0.00010537287)     
liangan                   (-0.0012644171 647.43205 -0.00041619593)      (-0.00016887962 0.12106685 0.0010258679)      (-0.0014332967 647.55312 0.000609672)         (-4.4844231e-06 2.2962037 -1.4760941e-06)     (-5.9895398e-07 0.00042937965 3.6383767e-06)  (-5.0833771e-06 2.2966331 2.1622826e-06)     
waiyi                     (-0.28082689 -45.422892 0.0014507371)         (-0.00019274827 0.65444975 0.0015079101)      (-0.28101963 -44.768442 0.0029586472)         (-0.00099598982 -0.16109831 5.1452317e-06)    (-6.8360731e-07 0.0023210929 5.3480031e-06)   (-0.00099667342 -0.15877722 1.0493235e-05)   
weiyi                     (-0.016326076 -692.06285 -0.035736577)        (2.9857227e-05 0.45069815 -8.4665006e-06)     (-0.016296219 -691.61215 -0.035745043)        (-5.7902596e-05 -2.4544927 -0.00012674451)    (1.0589262e-07 0.0015984608 -3.0027568e-08)   (-5.7796703e-05 -2.4528943 -0.00012677454)   
xiaoyi                    (0.020105906 55.914486 0.00095391031)         (0.00012960911 0.03765688 0.0011983884)       (0.020235515 55.952143 0.0021522988)          (7.1308264e-05 0.19830814 3.3831695e-06)      (4.596759e-07 0.00013355512 4.2502436e-06)    (7.176794e-05 0.1984417 7.6334131e-06)       
youfuyi                   (19.28421 -2.780794 0.55382792)               (0.030916431 0.014331067 -0.19281794)         (19.315127 -2.7664629 0.36100999)             (0.068394011 -0.0098624548 0.0019642242)      (0.00010964923 5.0827031e-05 -0.00068385441)  (0.06850366 -0.0098116277 0.0012803698)      
youweiduo                 (0.13054832 -1.2519888 0.8749687)             (0.001782521 0.04218178 -0.063681613)         (0.13233084 -1.209807 0.81128709)             (0.00046300694 -0.0044403444 0.0031031926)    (6.3219474e-06 0.00014960328 -0.00022585529)  (0.00046932888 -0.0042907411 0.0028773373)   
zhongyangyi               (-0.014916388 -276.52923 -0.0063120524)       (-1.1994918e-05 0.36528097 0.00016671583)     (-0.014928383 -276.16394 -0.0061453365)       (-5.290295e-05 -0.98074759 -2.2386531e-05)    (-4.2541568e-08 0.0012955174 5.912798e-07)    (-5.2945492e-05 -0.97945207 -2.1795251e-05)  
zuofuyi                   (-19.363743 -2.7912175 -0.54979997)           (-0.031076714 0.014331987 0.19280584)         (-19.39482 -2.7768855 -0.35699413)            (-0.068676083 -0.0098994233 -0.0019499386)    (-0.00011021769 5.0830295e-05 0.00068381149)  (-0.068786301 -0.009848593 -0.0012661271)    
zuoweiduo                 (-0.13157641 -1.2568659 -0.87699363)          (-0.0018575029 0.04193361 0.063730269)        (-0.13343391 -1.2149323 -0.81326336)          (-0.00046665319 -0.0044576418 -0.0031103743)  (-6.5878806e-06 0.00014872311 0.00022602786)  (-0.00047324107 -0.0043089187 -0.0028843464) 
------------------------- --------------------------------------------- --------------------------------------------- --------------------------------------------- --------------------------------------------- --------------------------------------------- ---------------------------------------------
Net                       (-0.36805646 -26.867776 -0.048235157)         (-0.00026286106 1.6852499 0.0030370761)       (-0.36831932 -25.182526 -0.045198081)         (-0.0013053611 -0.095290134 -0.00017107238)   (-9.3227162e-07 0.0059769623 1.0771393e-05)   (-0.0013062933 -0.089313171 -0.00016030099)  

Moments - Moment Center (0 0 0.05) Moment Axis (0 1 0)
                          Moments [N m]                                   Coefficients                                   
Zone                      Pressure        Viscous         Total           Pressure        Viscous         Total          
jidi                      -22.895042      -0.001306115    -22.896348      -0.081200304    -4.6323102e-06  -0.081204936   
jishen                    -230.34647      -0.084902694    -230.43137      -0.81695431     -0.00030111867  -0.81725542    
jitou                     545.12303       0.029527624     545.15255       1.9333511       0.00010472364   1.9334559      
liangan                   647.43205       0.12106685      647.55312       2.2962037       0.00042937965   2.2966331      
waiyi                     -45.422892      0.65444975      -44.768442      -0.16109831     0.0023210929    -0.15877722    
weiyi                     -692.06285      0.45069815      -691.61215      -2.4544927      0.0015984608    -2.4528943     
xiaoyi                    55.914486       0.03765688      55.952143       0.19830814      0.00013355512   0.1984417      
youfuyi                   -2.780794       0.014331067     -2.7664629      -0.0098624548   5.0827031e-05   -0.0098116277  
youweiduo                 -1.2519888      0.04218178      -1.209807       -0.0044403444   0.00014960328   -0.0042907411  
zhongyangyi               -276.52923      0.36528097      -276.16394      -0.98074759     0.0012955174    -0.97945207    
zuofuyi                   -2.7912175      0.014331987     -2.7768855      -0.0098994233   5.0830295e-05   -0.009848593   
zuoweiduo                 -1.2568659      0.04193361      -1.2149323      -0.0044576418   0.00014872311   -0.0043089187  
------------------------- --------------- --------------- --------------- --------------- --------------- ---------------
Net                       -26.867776      1.6852499       -25.182526      -0.095290134    0.0059769623    -0.089313171   
