                                    "Force Report"

Moments - Moment Center (0 0 0.05)
                          Moments [N m]                                                                                                                             Coefficients                                                                                                                             
Zone                      Pressure                                      Viscous                                       Total                                         Pressure                                      Viscous                                       Total                                        
jidi                      (-1.1754186e-08 -22.911265 0.0016661672)      (-9.6240223e-05 -0.00011719356 -0.0019736607) (-9.6251978e-05 -22.911382 -0.00030749353)    (-4.168778e-11 -0.081257841 5.9092831e-06)    (-3.4132872e-07 -4.1564251e-07 -6.9998497e-06) (-3.4137041e-07 -0.081258257 -1.0905666e-06) 
jishen                    (-0.32660909 -229.28331 2.4320039)            (-0.022172416 -0.095090108 0.017610354)       (-0.34878151 -229.3784 2.4496143)             (-0.0011583625 -0.81318367 0.0086254245)      (-7.8637414e-05 -0.00033724969 6.2457456e-05) (-0.0012369999 -0.81352092 0.008687882)      
jitou                     (-1.2644724 547.97406 12.496647)              (-0.014049517 0.061487911 0.16165826)         (-1.2785219 548.03555 12.658305)              (-0.0044846191 1.9434627 0.044321015)         (-4.9828476e-05 0.00021807503 0.00057334249)  (-0.0045344476 1.9436808 0.044894358)        
liangan                   (1.301909 649.78023 -1.3643136)               (0.022949493 0.13810895 -0.017859944)         (1.3248585 649.91834 -1.3821735)              (0.0046173931 2.3045318 -0.0048387191)        (8.1393421e-05 0.00048982171 -6.3342662e-05)  (0.0046987865 2.3050216 -0.0049020618)       
waiyi                     (8.0034573 -45.112704 -1.2320315)             (0.090052138 0.61347907 -0.063370498)         (8.0935095 -44.499225 -1.295402)              (0.028385323 -0.15999819 -0.0043695632)       (0.00031938186 0.0021757849 -0.00022475188)   (0.028704705 -0.15782241 -0.0045943151)      
weiyi                     (-10.450908 -705.30616 -35.371891)            (0.094937227 0.36079512 -0.38651802)          (-10.355971 -704.94537 -35.758409)            (-0.037065532 -2.5014619 -0.12545111)         (0.00033670747 0.0012796078 -0.0013708375)    (-0.036728825 -2.5001823 -0.12682194)        
xiaoyi                    (12.435767 55.983928 -1.0056333)              (0.10787138 0.03922591 -0.029229681)          (12.543638 56.023154 -1.0348629)              (0.044105097 0.19855443 -0.0035666118)        (0.00038258018 0.00013911989 -0.00010366694)  (0.044487678 0.19869355 -0.0036702788)       
youfuyi                   (21.01663 -3.0260349 0.46911849)              (0.042881613 0.012225153 -0.19115246)         (21.059512 -3.0138097 0.27796603)             (0.074538269 -0.010732234 0.001663791)        (0.00015208533 4.3358126e-05 -0.00067794757)  (0.074690354 -0.010688876 0.0009858434)      
youweiduo                 (-0.052778791 -0.22836729 0.26849177)         (0.020570813 0.014807548 -0.11876923)         (-0.032207977 -0.21355975 0.14972254)         (-0.00018718698 -0.00080993491 0.00095224171) (7.295712e-05 5.2516934e-05 -0.00042123085)   (-0.00011422987 -0.00075741798 0.00053101086)
zhongyangyi               (8.5782133 -275.5982 1.7536368)               (0.039432794 0.34688513 0.0029837833)         (8.6176461 -275.25132 1.7566206)              (0.030423772 -0.9774456 0.0062195056)         (0.00013985364 0.0012302741 1.0582384e-05)    (0.030563625 -0.97621533 0.006230088)        
zuofuyi                   (-20.398791 -2.9584601 -0.46611963)           (-0.027090135 0.014513816 0.18141493)         (-20.425881 -2.9439463 -0.28470471)           (-0.072347019 -0.010492571 -0.0016531551)     (-9.6078759e-05 5.1475173e-05 0.00064341211)  (-0.072443098 -0.010441096 -0.001009743)     
zuoweiduo                 (-0.33462163 -2.6221112 -1.640556)            (0.014502629 0.057702989 0.0024094407)        (-0.320119 -2.5644082 -1.6381465)             (-0.00118678 -0.0092996654 -0.0058184495)     (5.1435499e-05 0.00020465131 8.545401e-06)    (-0.0011353445 -0.009095014 -0.0058099041)   
------------------------- --------------------------------------------- --------------------------------------------- --------------------------------------------- --------------------------------------------- --------------------------------------------- ---------------------------------------------
Net                       (18.507796 -33.308399 -23.658981)             (0.36978978 1.5640243 -0.44279673)            (18.877586 -31.744374 -24.101778)             (0.065640354 -0.11813266 -0.083909717)        (0.0013115085 0.0055470197 -0.0015704374)     (0.066951863 -0.11258564 -0.085480155)       

Moments - Moment Center (0 0 0.05) Moment Axis (0 1 0)
                          Moments [N m]                                   Coefficients                                   
Zone                      Pressure        Viscous         Total           Pressure        Viscous         Total          
jidi                      -22.911265      -0.00011719356  -22.911382      -0.081257841    -4.1564251e-07  -0.081258257   
jishen                    -229.28331      -0.095090108    -229.3784       -0.81318367     -0.00033724969  -0.81352092    
jitou                     547.97406       0.061487911     548.03555       1.9434627       0.00021807503   1.9436808      
liangan                   649.78023       0.13810895      649.91834       2.3045318       0.00048982171   2.3050216      
waiyi                     -45.112704      0.61347907      -44.499225      -0.15999819     0.0021757849    -0.15782241    
weiyi                     -705.30616      0.36079512      -704.94537      -2.5014619      0.0012796078    -2.5001823     
xiaoyi                    55.983928       0.03922591      56.023154       0.19855443      0.00013911989   0.19869355     
youfuyi                   -3.0260349      0.012225153     -3.0138097      -0.010732234    4.3358126e-05   -0.010688876   
youweiduo                 -0.22836729     0.014807548     -0.21355975     -0.00080993491  5.2516934e-05   -0.00075741798 
zhongyangyi               -275.5982       0.34688513      -275.25132      -0.9774456      0.0012302741    -0.97621533    
zuofuyi                   -2.9584601      0.014513816     -2.9439463      -0.010492571    5.1475173e-05   -0.010441096   
zuoweiduo                 -2.6221112      0.057702989     -2.5644082      -0.0092996654   0.00020465131   -0.009095014   
------------------------- --------------- --------------- --------------- --------------- --------------- ---------------
Net                       -33.308399      1.5640243       -31.744374      -0.11813266     0.0055470197    -0.11258564    
