                                    "Force Report"

Moments - Moment Center (0 0 0.05)
                          Moments [N m]                                                                                                                             Coefficients                                                                                                                             
Zone                      Pressure                                      Viscous                                       Total                                         Pressure                                      Viscous                                       Total                                        
jidi                      (-3.5497403e-09 -22.885975 -0.00052936216)    (-1.8463042e-05 0.00069447536 -0.00035167784) (-1.8466592e-05 -22.885281 -0.00088104001)    (-1.2589625e-11 -0.081168148 -1.8774532e-06)  (-6.548163e-08 2.463049e-06 -1.2472721e-06)   (-6.5494219e-08 -0.081165684 -3.1247253e-06) 
jishen                    (0.00088630127 -231.70833 0.004555244)        (-2.3262599e-05 -0.095265393 -0.00067997203)  (0.00086303867 -231.8036 0.003875272)         (3.1433851e-06 -0.82178435 1.6155777e-05)     (-8.2503893e-08 -0.00033787136 -2.411611e-06) (3.0608812e-06 -0.82212222 1.3744166e-05)    
jitou                     (0.002688114 538.5621 -0.029339245)           (7.5109509e-06 -0.03882808 -3.9134425e-05)    (0.002695625 538.52327 -0.02937838)           (9.533753e-06 1.910082 -0.00010405553)        (2.6638584e-08 -0.00013770894 -1.3879543e-07) (9.5603916e-06 1.9099442 -0.00010419432)     
liangan                   (0.0042480489 645.99475 0.0016151168)         (0.00015365129 0.09656816 0.0010372304)       (0.0044017002 646.09131 0.0026523472)         (1.5066269e-05 2.2911061 5.728226e-06)        (5.4494469e-07 0.00034249179 3.6786754e-06)   (1.5611214e-05 2.2914486 9.4069013e-06)      
waiyi                     (0.10345349 -47.655373 -0.00027896532)        (0.00017115018 0.63979482 -0.00062656293)     (0.10362464 -47.015578 -0.00090552825)        (0.00036691152 -0.1690161 -9.8938753e-07)     (6.0700681e-07 0.0022691172 -2.2221886e-06)   (0.00036751853 -0.16674699 -3.2115761e-06)   
weiyi                     (0.0036569837 -656.19534 -0.014184532)        (-4.7240683e-05 0.54679923 7.4668243e-05)     (0.003609743 -655.64854 -0.014109863)         (1.2969978e-05 -2.3272838 -5.0307323e-05)     (-1.6754535e-07 0.001939296 2.6482083e-07)    (1.2802433e-05 -2.3253445 -5.0042502e-05)    
xiaoyi                    (0.015345765 55.867404 -0.00063069855)        (0.00018374961 0.039001399 0.00057829605)     (0.015529515 55.906406 -5.2402505e-05)        (5.4425793e-05 0.19814116 -2.2368561e-06)     (6.5169236e-07 0.00013832364 2.0510037e-06)   (5.5077485e-05 0.19827949 -1.8585244e-07)    
youfuyi                   (16.087728 -2.3286551 0.91199638)             (0.01709796 0.018430817 -0.21513681)          (16.104826 -2.3102243 0.69685957)             (0.057057264 -0.0082588843 0.0032345162)      (6.0640185e-05 6.5367337e-05 -0.00076301124)  (0.057117904 -0.008193517 0.0024715049)      
youweiduo                 (0.030414258 -0.26552189 0.30106371)          (-0.00091969867 0.050603918 -0.061293683)     (0.02949456 -0.21491797 0.23977003)           (0.0001078682 -0.00094170861 0.0010677624)    (-3.2618334e-06 0.00017947351 -0.00021738618) (0.00010460637 -0.0007622351 0.00085037622)  
zhongyangyi               (0.017770313 -282.45172 -0.0014278369)        (-2.4824062e-06 0.34913643 -0.00017369376)    (0.017767831 -282.10258 -0.0016015307)        (6.3024775e-05 -1.0017525 -5.0640131e-06)     (-8.804183e-09 0.0012382587 -6.1602797e-07)   (6.301597e-05 -1.0005142 -5.6800411e-06)     
zuofuyi                   (-16.083424 -2.3271761 -0.90729918)           (-0.017142088 0.018433036 0.21523672)         (-16.100566 -2.3087431 -0.69206246)           (-0.057041996 -0.0082536389 -0.0032178569)    (-6.0796689e-05 6.5375208e-05 0.00076336559)  (-0.057102793 -0.0081882637 -0.0024544913)   
zuoweiduo                 (-0.031078675 -0.26758712 -0.30197668)        (0.00092370261 0.050499247 0.061167023)       (-0.030154972 -0.21708787 -0.24080966)        (-0.00011022464 -0.00094903323 -0.0010710004) (3.2760339e-06 0.00017910228 0.00021693696)   (-0.00010694861 -0.00076993095 -0.00085406342)
------------------------- --------------------------------------------- --------------------------------------------- --------------------------------------------- --------------------------------------------- --------------------------------------------- ---------------------------------------------
Net                       (0.15168942 -5.6614278 -0.036436053)          (0.00038448971 1.6758681 -0.0002075936)       (0.15207391 -3.9855598 -0.036643647)          (0.00053798666 -0.020079005 -0.0001292253)    (1.3636438e-06 0.0059436885 -7.3625825e-07)   (0.0005393503 -0.014135317 -0.00012996156)   

Moments - Moment Center (0 0 0.05) Moment Axis (0 1 0)
                          Moments [N m]                                   Coefficients                                   
Zone                      Pressure        Viscous         Total           Pressure        Viscous         Total          
jidi                      -22.885975      0.00069447536   -22.885281      -0.081168148    2.463049e-06    -0.081165684   
jishen                    -231.70833      -0.095265393    -231.8036       -0.82178435     -0.00033787136  -0.82212222    
jitou                     538.5621        -0.03882808     538.52327       1.910082        -0.00013770894  1.9099442      
liangan                   645.99475       0.09656816      646.09131       2.2911061       0.00034249179   2.2914486      
waiyi                     -47.655373      0.63979482      -47.015578      -0.1690161      0.0022691172    -0.16674699    
weiyi                     -656.19534      0.54679923      -655.64854      -2.3272838      0.001939296     -2.3253445     
xiaoyi                    55.867404       0.039001399     55.906406       0.19814116      0.00013832364   0.19827949     
youfuyi                   -2.3286551      0.018430817     -2.3102243      -0.0082588843   6.5367337e-05   -0.008193517   
youweiduo                 -0.26552189     0.050603918     -0.21491797     -0.00094170861  0.00017947351   -0.0007622351  
zhongyangyi               -282.45172      0.34913643      -282.10258      -1.0017525      0.0012382587    -1.0005142     
zuofuyi                   -2.3271761      0.018433036     -2.3087431      -0.0082536389   6.5375208e-05   -0.0081882637  
zuoweiduo                 -0.26758712     0.050499247     -0.21708787     -0.00094903323  0.00017910228   -0.00076993095 
------------------------- --------------- --------------- --------------- --------------- --------------- ---------------
Net                       -5.6614278      1.6758681       -3.9855598      -0.020079005    0.0059436885    -0.014135317   
