                                    "Force Report"

Forces
                          Forces [N]                                                                                                                                Coefficients                                                                                                                             
Zone                      Pressure                                      Viscous                                       Total                                         Pressure                                      Viscous                                       Total                                        
jidi                      (1145.0792 1.0336192e-07 0.00043528709)       (3.1034461e-08 -0.00033290804 0.0053065034)   (1145.0792 -0.00033280468 0.0057417905)       (1.4811105 1.3369419e-10 5.630251e-07)        (4.0141738e-11 -4.306022e-07 6.8637335e-06)   (1.4811105 -4.3046851e-07 7.4267586e-06)     
jishen                    (9084.6897 -0.0015894217 -12498.249)          (1.1391061 -0.00036377646 0.018968586)        (9085.8289 -0.0019531982 -12498.231)          (11.750655 -2.0558485e-06 -16.165947)         (0.0014733847 -4.7052917e-07 2.4535049e-05)   (11.752128 -2.5263777e-06 -16.165923)        
jitou                     (-11254.313 0.031811254 17.490634)            (1.1469423 -0.0003372072 0.19424617)          (-11253.166 0.031474047 17.68488)             (-14.556969 4.1146486e-05 0.022623381)        (0.0014835204 -4.3616299e-07 0.00025124905)   (-14.555485 4.0710323e-05 0.02287463)        
liangan                   (-81.126523 -0.13307221 -3072.2224)           (1.1805507 -0.0019661793 0.073845134)         (-79.945972 -0.13503839 -3072.1485)           (-0.10493366 -0.00017212317 -3.9737873)       (0.0015269914 -2.5431682e-06 9.5515498e-05)   (-0.10340667 -0.00017466634 -3.9736917)      
waiyi                     (-174.31569 0.0064108587 1888.2532)           (4.1601718 0.00012612653 0.70869396)          (-170.15552 0.0065369853 1888.9619)           (-0.22546983 8.2921695e-06 2.4423742)         (0.005381003 1.6313924e-07 0.0009166651)      (-0.22008883 8.4553088e-06 2.4432908)        
weiyi                     (46.55152 -7.6624351 545.39015)               (1.5439602 -0.0097491698 0.02643765)          (48.095481 -7.6721843 545.41659)              (0.060212386 -0.0099110296 0.70543866)        (0.001997046 -1.2610131e-05 3.419596e-05)     (0.062209432 -0.0099236398 0.70547286)       
xiaoyi                    (153.13614 0.0027464907 -368.42777)           (0.34873516 -0.0001704251 0.046037577)        (153.48488 0.0025760656 -368.38173)           (0.198075 3.5524674e-06 -0.47654544)          (0.00045107391 -2.2043752e-07 5.9547622e-05)  (0.19852608 3.3320299e-06 -0.47648589)       
youfuyi                   (-0.25128624 -0.60948311 17.599478)           (0.15630741 0.0055815368 0.030282641)         (-0.094978823 -0.60390157 17.629761)          (-0.00032502792 -0.00078834014 0.022764167)   (0.0002021769 7.2194773e-06 3.9169291e-05)    (-0.00012285101 -0.00078112066 0.022803336)  
youweiduo                 (-0.11658331 -3.9397825 -6.8014594)           (0.10539081 -0.022956353 -0.013795934)        (-0.011192509 -3.9627388 -6.8152554)          (-0.00015079549 -0.0050959388 -0.0087973947)  (0.00013631846 -2.9693054e-05 -1.7844446e-05) (-1.4477029e-05 -0.0051256319 -0.0088152391) 
zhongyangyi               (1035.4169 -0.00035382987 14322.95)           (2.3814053 -0.00040620689 0.32820322)         (1037.7983 -0.00076003676 14323.278)          (1.3392671 -4.576637e-07 18.526118)           (0.0030802452 -5.254111e-07 0.00042451672)    (1.3423474 -9.830748e-07 18.526543)          
zuofuyi                   (-0.26436833 0.60018895 17.57296)             (0.15765581 -0.0075630617 0.029847492)        (-0.10671252 0.59262588 17.602807)            (-0.00034194904 0.00077631854 0.022729866)    (0.000203921 -9.7824944e-06 3.8606444e-05)    (-0.00013802804 0.00076653604 0.022768473)   
zuoweiduo                 (-0.91794852 -0.49097314 0.89360991)          (0.15048079 0.0078918251 0.0043460929)        (-0.76746772 -0.48308131 0.89795601)          (-0.0011873268 -0.0006350526 0.0011558459)    (0.00019464042 1.0207736e-05 5.6214838e-06)   (-0.00099268643 -0.00062484486 0.0011614674) 
------------------------- --------------------------------------------- --------------------------------------------- --------------------------------------------- --------------------------------------------- --------------------------------------------- ---------------------------------------------
Net                       (-46.431929 -12.196532 864.44912)             (12.470706 -0.030245799 1.4524191)            (-33.961223 -12.226777 865.90154)             (-0.060057699 -0.015775688 1.1181277)         (0.016130321 -3.9121638e-05 0.0018786415)     (-0.043927378 -0.01581481 1.1200063)         

Forces - Direction Vector (0.99452222 0 0.10452846)
                          Forces [N]                                      Coefficients                                   
Zone                      Pressure        Viscous         Total           Pressure        Viscous         Total          
jidi                      1138.8063       0.00055471133   1138.8069       1.4729969       7.1749521e-07   1.4729976      
jishen                    7728.5005       1.1348487       7729.6354       9.9964824       0.0014678779    9.9979502      
jitou                     -11190.832      1.1609634       -11189.671      -14.47486       0.0015016562    -14.473358     
liangan                   -401.81668      1.1818024       -400.63488      -0.51973257     0.0015286105    -0.51820396    
waiyi                     24.015371       4.2114607       28.226832       0.031062848     0.0054473429    0.036510191    
weiyi                     103.30528       1.5382657       104.84355       0.13362093      0.0019896804    0.13561061     
xiaoyi                    113.78607       0.35163699      114.13771       0.14717738      0.0004548273    0.14763221     
youfuyi                   1.5897362       0.15861654      1.7483527       0.0020562552    0.00020516366   0.0022614189   
youweiduo                 -0.82689053     0.1033714       -0.72351913     -0.0010695473   0.00013370645   -0.00093584082 
zhongyangyi               2526.9002       2.4026663       2529.3029       3.2684365       0.0031077454    3.2715443      
zuofuyi                   1.5739538       0.15991207      1.7338659       0.0020358414    0.00020683937   0.0022426808   
zuoweiduo                 -0.81951226     0.15011073      -0.66940153     -0.0010600038   0.00019416177   -0.00086584203 
------------------------- --------------- --------------- --------------- --------------- --------------- ---------------
Net                       44.181939       12.55421        56.736148       0.057147434     0.016238329     0.073385763    
