                                    "Force Report"

Forces
                          Forces [N]                                                                                                                                Coefficients                                                                                                                             
Zone                      Pressure                                      Viscous                                       Total                                         Pressure                                      Viscous                                       Total                                        
jidi                      (1146.2387 1.8533379e-07 0.0004361568)        (2.3732594e-08 0.0057521427 0.0059790751)     (1146.2387 0.0057523281 0.0064152319)         (1.4826104 2.3972127e-10 5.6415002e-07)       (3.0697087e-11 7.4401487e-06 7.733676e-06)    (1.4826104 7.4403885e-06 8.2978261e-06)      
jishen                    (9090.8552 0.5777857 -12503.607)              (1.1942811 -0.17107735 -0.01278992)           (9092.0495 0.40670835 -12503.62)              (11.758629 0.00074734091 -16.172877)          (0.0015447511 -0.00022128118 -1.6543211e-05)  (11.760174 0.00052605973 -16.172894)         
jitou                     (-11261.329 -19.679339 20.885723)             (1.1095931 -0.25376593 0.23919596)            (-11260.22 -19.933105 21.124919)              (-14.566044 -0.025454377 0.027014783)         (0.0014352109 -0.00032823529 0.00030938967)   (-14.564609 -0.025782612 0.027324173)        
liangan                   (-81.096847 -3.4344963 -3070.075)             (1.2029471 -0.20695555 0.13688752)            (-79.8939 -3.6414519 -3069.9381)              (-0.10489528 -0.004442373 -3.9710097)         (0.0015559602 -0.00026768808 0.00017705811)   (-0.10333932 -0.0047100611 -3.9708326)       
waiyi                     (-191.79063 -0.3649877 1926.4579)             (3.7291323 -0.77527858 0.80168907)            (-188.06149 -1.1402663 1927.2596)             (-0.24807291 -0.00047209587 2.4917903)        (0.0048234719 -0.0010027894 0.0010369503)     (-0.24324944 -0.0014748853 2.4928273)        
weiyi                     (41.181898 -34.568347 554.06738)              (1.3871726 -0.29867199 0.05319922)            (42.569071 -34.867019 554.12058)              (0.053267011 -0.044712667 0.71666228)         (0.001794248 -0.00038631934 6.8810899e-05)    (0.055061259 -0.045098986 0.71673109)        
xiaoyi                    (152.91454 -1.8531991 -368.52698)             (0.34502125 -0.069250075 0.047117986)         (153.25957 -1.9224491 -368.47986)             (0.19778837 -0.0023970331 -0.47667377)        (0.00044627012 -8.9571988e-05 6.0945084e-05)  (0.19823464 -0.0024866051 -0.47661282)       
youfuyi                   (-0.25839055 -0.86050143 20.104843)           (0.13671046 -0.067652041 0.038556206)         (-0.12168009 -0.92815347 20.143399)           (-0.00033421704 -0.0011130215 0.026004748)    (0.00017682909 -8.7505e-05 4.987079e-05)      (-0.00015738795 -0.0012005265 0.026054619)   
youweiduo                 (0.068839908 -3.9710121 -6.8133151)           (0.10060944 -0.06507827 0.009798171)          (0.16944935 -4.0360903 -6.8035169)            (8.9041455e-05 -0.005136333 -0.0088127294)    (0.00013013398 -8.4175938e-05 1.2673512e-05)  (0.00021917544 -0.0052205089 -0.0088000559)  
zhongyangyi               (1031.4314 0.0019933878 14352.044)            (2.1740915 -0.2587415 0.3360763)              (1033.6055 -0.25674812 14352.38)              (1.334112 2.5783612e-06 18.563751)            (0.0028120937 -0.00033467099 0.00043470022)   (1.3369241 -0.00033209263 18.564186)         
zuofuyi                   (-0.13152072 0.87962783 19.342212)            (0.15187992 -0.073316084 0.035556107)         (0.020359195 0.80631175 19.377768)            (-0.00017011639 0.0011377607 0.025018318)     (0.00019645013 -9.4831195e-05 4.5990292e-05)  (2.6333741e-05 0.0010429295 0.025064308)     
zuoweiduo                 (-0.907931 -1.1156321 1.9719492)              (0.14176661 -0.032245302 -0.0098444508)       (-0.76616439 -1.1478774 1.9621048)            (-0.0011743696 -0.001443022 0.0025506313)     (0.000183369 -4.1707908e-05 -1.2733373e-05)   (-0.00099100062 -0.0014847299 0.002537898)   
------------------------- --------------------------------------------- --------------------------------------------- --------------------------------------------- --------------------------------------------- --------------------------------------------- ---------------------------------------------
Net                       (-72.824119 -64.388107 945.85212)             (11.673205 -2.2662805 1.6814213)              (-61.150913 -66.654388 947.53354)             (-0.094194859 -0.083283242 1.223419)          (0.015098788 -0.0029313362 0.0021748459)      (-0.079096071 -0.086214578 1.2255938)        

Forces - Direction Vector (0.96862834 -0.20791169 0.13613184)
                          Forces [N]                                      Coefficients                                   
Zone                      Pressure        Viscous         Total           Pressure        Viscous         Total          
jidi                      1110.2793       -0.00038197226  1110.279        1.4360985       -4.9406466e-07  1.436098       
jishen                    7103.4008       1.1906423       7104.5915       9.1879428       0.0015400446    9.1894829      
jitou                     -10901.108      1.1601064       -10899.948      -14.100113      0.0015005477    -14.098613     
liangan                   -495.77357      1.2268719       -494.5467       -0.64126175     0.0015869059    -0.63967485    
waiyi                     76.554305       3.8824681       80.436773       0.099019694     0.0050218051    0.1040415      
weiyi                     122.50333       1.4129942       123.91632       0.15845277      0.0018276471    0.16028042     
xiaoyi                    98.334409       0.35500952      98.689418       0.12719132      0.00045918951   0.12765051     
youfuyi                   2.6655331       0.151736        2.8172691       0.0034477522    0.00019626398   0.0036440162   
youweiduo                 -0.03520896     0.11231753      0.077108574     -4.5541273e-05  0.00014527789   9.9736618e-05  
zhongyangyi               2952.8434       2.2054327       2955.0488       3.8193757       0.0028526322    3.8222283      
zuofuyi                   2.3228112       0.16719878      2.49001         0.0030044562    0.00021626442   0.0032207206   
zuoweiduo                 -0.37904968     0.14268318      -0.23636649     -0.00049028442  0.00018455455   -0.00030572987 
------------------------- --------------- --------------- --------------- --------------- --------------- ---------------
Net                       71.60812        12.007079       83.615199       0.092622017     0.015530639     0.10815266     
