                                    "Force Report"

Forces
                          Forces [N]                                                                                                                                Coefficients                                                                                                                             
Zone                      Pressure                                      Viscous                                       Total                                         Pressure                                      Viscous                                       Total                                        
jidi                      (1146.2154 6.5458159e-07 0.00043612313)       (2.9454096e-08 0.0038649942 0.0061497435)     (1146.2154 0.0038656488 0.0065858666)         (1.4825802 8.4667308e-10 5.6410648e-07)       (3.8097605e-11 4.9992034e-06 7.9544282e-06)   (1.4825802 5.0000501e-06 8.5185347e-06)      
jishen                    (9095.1664 -1.9235561 -12500.306)             (1.2398713 -0.15742227 0.0307233)             (9096.4063 -2.0809784 -12500.276)             (11.764206 -0.002488037 -16.168608)           (0.0016037201 -0.00020361892 3.9739265e-05)   (11.76581 -0.0026916559 -16.168568)          
jitou                     (-11261.65 -20.727399 25.22585)               (1.0750014 -0.25705362 0.31568057)            (-11260.575 -20.984453 25.54153)              (-14.566458 -0.026809997 0.032628549)         (0.001390468 -0.00033248778 0.00040831922)    (-14.565068 -0.027142485 0.033036869)        
liangan                   (-81.251627 -3.0311122 -3062.7094)            (1.3338357 -0.17738615 0.21967407)            (-79.917791 -3.2084984 -3062.4897)            (-0.10509548 -0.003920613 -3.9614826)         (0.001725259 -0.00022944135 0.00028413894)    (-0.10337022 -0.0041500544 -3.9611984)       
waiyi                     (-226.1554 -0.35394165 1976.0084)             (2.9950611 -0.73403405 0.93231166)            (-223.16034 -1.0879757 1976.9407)             (-0.29252226 -0.00045780828 2.5558817)        (0.0038739825 -0.00094944141 0.001205905)     (-0.28864828 -0.0014072497 2.5570876)        
weiyi                     (37.751797 -29.740532 572.28049)              (1.2537255 -0.27559212 0.11925436)            (39.005523 -30.016124 572.39975)              (0.048830323 -0.038468096 0.74022016)         (0.00162164 -0.00035646653 0.00015425037)     (0.050451963 -0.038824562 0.74037441)        
xiaoyi                    (153.37562 -1.9493501 -366.47957)             (0.34439048 -0.071921311 0.074811576)         (153.72001 -2.0212714 -366.40475)             (0.19838475 -0.0025214003 -0.47402553)        (0.00044545425 -9.3027117e-05 9.676555e-05)   (0.1988302 -0.0026144274 -0.47392876)        
youfuyi                   (0.25002595 -0.92275591 24.424495)            (0.12856947 -0.067838281 0.04740578)          (0.37859542 -0.99059419 24.4719)              (0.0003233978 -0.001193545 0.031592031)       (0.00016629906 -8.7745893e-05 6.1317333e-05)  (0.00048969686 -0.0012812909 0.031653348)    
youweiduo                 (-0.28340464 -3.1990106 -5.4851431)           (0.10917284 -0.056859126 0.012849057)         (-0.1742318 -3.2558697 -5.472294)             (-0.0003665717 -0.0041377824 -0.0070947962)   (0.00014121037 -7.3544829e-05 1.6619702e-05)  (-0.00022536133 -0.0042113272 -0.0070781765) 
zhongyangyi               (1032.0548 0.049714068 14346.326)             (1.8751562 -0.21187142 0.3420973)             (1033.93 -0.16215735 14346.668)               (1.3349184 6.4303005e-05 18.556355)           (0.0024254337 -0.00027404655 0.00044248811)   (1.3373439 -0.00020974354 18.556797)         
zuofuyi                   (0.21802504 0.89497478 23.510548)             (0.14154167 -0.094666238 0.046035673)         (0.3595667 0.80030854 23.556584)              (0.00028200599 0.0011576113 0.030409881)      (0.00018307805 -0.0001224467 5.954516e-05)    (0.00046508404 0.0010351646 0.030469426)     
zuoweiduo                 (-0.76800896 -1.8423017 3.1527801)            (0.1280869 -0.031110731 -0.0024745903)        (-0.63992207 -1.8734124 3.1503055)            (-0.0009933865 -0.0023829378 0.0040779852)    (0.00016567488 -4.024039e-05 -3.2007759e-06)  (-0.00082771162 -0.0024231782 0.0040747844)  
------------------------- --------------------------------------------- --------------------------------------------- --------------------------------------------- --------------------------------------------- --------------------------------------------- ---------------------------------------------
Net                       (-105.07601 -62.745269 1035.9486)             (10.624413 -2.1318903 2.1445185)              (-94.451593 -64.87716 1038.0931)              (-0.13591129 -0.081158302 1.3399549)          (0.01374222 -0.0027575083 0.0027738423)       (-0.12216907 -0.08391581 1.3427287)          

Forces - Direction Vector (0.95677273 -0.20791169 0.20336832)
                          Forces [N]                                      Coefficients                                   
Zone                      Pressure        Viscous         Total           Pressure        Viscous         Total          
jidi                      1096.6677       0.00044711372   1096.6682       1.4184924       5.7832232e-07   1.418493       
jishen                    6160.2407       1.2252531       6161.466        7.9680059       0.0015848121    7.9695908      
jitou                     -10765.4        1.1461759       -10764.253      -13.924581      0.0014825291    -13.923098     
liangan                   -699.9672       1.357733        -698.60947      -0.90537741     0.0017561692    -0.90362124    
waiyi                     185.55177       3.2078097       188.75958       0.24000322      0.0041491636    0.24415239     
weiyi                     158.68702       1.2810818       159.9681        0.20525482      0.0016570241    0.20691184     
xiaoyi                    72.620564       0.35967101      72.980235       0.093931571     0.00046521895   0.094396789    
youfuyi                   5.3982382       0.14675696      5.5449952       0.0069823885    0.00018982381   0.0071722123   
youweiduo                 -0.72154648     0.11888837      -0.60265811     -0.00093328928  0.00015377698   -0.0007795123  
zhongyangyi               3905.0198       1.9077206       3906.9276       5.0509749       0.0024675544    5.0534425      
zuofuyi                   4.8038254       0.16446762      4.9682931       0.0062135412    0.00021273178   0.006426273    
zuoweiduo                 0.28940161      0.12851508      0.41791669      0.00037432852   0.00016622872   0.00054055724  
------------------------- --------------- --------------- --------------- --------------- --------------- ---------------
Net                       123.19075       11.04452        134.23527       0.15934193      0.014285611     0.17362754     
