                                    "Force Report"

Forces
                          Forces [N]                                                                                                                                Coefficients                                                                                                                             
Zone                      Pressure                                      Viscous                                       Total                                         Pressure                                      Viscous                                       Total                                        
jidi                      (1145.5966 -5.7601026e-08 0.00043579359)      (3.0829535e-08 0.0015553892 0.0033018845)     (1145.5966 0.0015553316 0.0037376781)         (1.4817799 -7.4504446e-11 5.6368022e-07)      (3.9876674e-11 2.011829e-06 4.2708453e-06)    (1.4817799 2.0117545e-06 4.8345255e-06)      
jishen                    (9089.2428 0.57024494 -12494.786)             (1.1884057 -0.047042704 0.075521634)          (9090.4312 0.52320223 -12494.71)              (11.756544 0.00073758725 -16.161467)          (0.0015371515 -6.084771e-05 9.7683979e-05)    (11.758081 0.00067673954 -16.16137)          
jitou                     (-11261.616 -6.6951281 30.07541)              (1.122764 -0.085069205 0.33868869)            (-11260.493 -6.7801973 30.414099)             (-14.566415 -0.0086598597 0.038901247)        (0.0014522468 -0.00011003335 0.00043807922)   (-14.564963 -0.008769893 0.039339326)        
liangan                   (-81.275849 -0.026467721 -3064.5289)          (1.2790049 -0.025044032 0.18350739)           (-79.996844 -0.051511753 -3064.3454)          (-0.10512681 -3.4234856e-05 -3.9638361)       (0.0016543377 -3.2393376e-05 0.0002373589)    (-0.10347247 -6.6628233e-05 -3.9635987)      
waiyi                     (-231.51184 -0.072801544 1997.9319)           (3.0163204 -0.244277 0.96268202)              (-228.49552 -0.31707854 1998.8945)            (-0.29945059 -9.416566e-05 2.5842388)         (0.0039014804 -0.00031596177 0.0012451877)    (-0.29554911 -0.00041012743 2.5854839)       
weiyi                     (39.972263 -17.593215 587.25904)              (1.3343151 -0.08924647 0.14118505)            (41.306578 -17.682462 587.40022)              (0.0517024 -0.022756066 0.75959426)           (0.0017258791 -0.00011543646 0.00018261678)   (0.053428279 -0.022871502 0.75977688)        
xiaoyi                    (154.07337 -0.60041368 -365.77535)            (0.36543976 -0.026013701 0.090702696)         (154.43881 -0.62642738 -365.68464)            (0.19928726 -0.00077660923 -0.47311465)       (0.00047268058 -3.3647601e-05 0.00011732003)  (0.19975994 -0.00081025683 -0.47299733)      
youfuyi                   (0.3282708 -0.83344735 25.53297)              (0.14007004 -0.004780654 0.048083883)         (0.46834083 -0.83822801 25.581054)            (0.00042460413 -0.0010780282 0.033025796)     (0.00018117455 -6.1835699e-06 6.219443e-05)   (0.00060577869 -0.0010842118 0.033087991)    
youweiduo                 (-0.32035431 -2.9634024 -5.119388)            (0.10308686 -0.03678253 0.0039153857)         (-0.21726745 -3.0001849 -5.1154726)           (-0.00041436449 -0.0038330333 -0.0066217078)  (0.00013333841 -4.7576617e-05 5.0643827e-06)  (-0.00028102608 -0.0038806099 -0.0066166434) 
zhongyangyi               (1011.1586 0.032801241 14386.536)             (1.8163868 -0.083312914 0.43370894)           (1012.975 -0.050511673 14386.969)             (1.3078901 4.2426991e-05 18.608364)           (0.002349418 -0.00010776166 0.00056098382)    (1.3102395 -6.5334672e-05 18.608925)         
zuofuyi                   (0.35914609 0.74941472 24.705996)             (0.13906053 -0.049963309 0.047618782)         (0.49820662 0.69945141 24.753615)             (0.00046453999 0.00096933565 0.031956141)     (0.0001798688 -6.4625387e-05 6.1592843e-05)   (0.00064440879 0.00090471026 0.032017734)    
zuoweiduo                 (-0.8596021 -1.2796312 2.1685353)             (0.13885697 -0.0014041504 0.0096806449)       (-0.72074513 -1.2810354 2.178216)             (-0.0011118583 -0.0016551478 0.002804907)     (0.00017960551 -1.8162081e-06 1.2521497e-05)  (-0.00093225276 -0.001656964 0.0028174285)   
------------------------- --------------------------------------------- --------------------------------------------- --------------------------------------------- --------------------------------------------- --------------------------------------------- ---------------------------------------------
Net                       (-134.85275 -28.712046 1124.0002)             (10.643711 -0.69138128 2.338597)              (-124.20904 -29.403428 1126.3388)             (-0.17442622 -0.037137795 1.4538459)          (0.013767181 -0.00089427189 0.0030248744)     (-0.16065904 -0.038032067 1.4568707)         

Forces - Direction Vector (0.97576488 -0.069756474 0.20740523)
                          Forces [N]                                      Coefficients                                   
Zone                      Pressure        Viscous         Total           Pressure        Viscous         Total          
jidi                      1117.8331       0.00057635972   1117.8336       1.4458689       7.4549646e-07   1.4458696      
jishen                    6277.4402       1.1785496       6278.6188       8.1195985       0.0015244032    8.1211229      
jitou                     -10981.985      1.1717336       -10980.813      -14.204724      0.0015155869    -14.203209     
liangan                   -714.90359      1.2878154       -713.61577      -0.92469698     0.0016657337    -0.92303125    
waiyi                     188.48547       3.1599247       191.64539       0.24379783      0.0040872264    0.24788505     
weiyi                     162.03137       1.3374859       163.36885       0.20958059      0.0017299803    0.21131057     
xiaoyi                    74.517544       0.37721012      74.894754       0.096385232     0.00048790503   0.096873137    
youfuyi                   5.6741249       0.14698175      5.8211067       0.0073392361    0.00019011456   0.0075293507   
youweiduo                 -1.1676618      0.10396643      -1.0636954      -0.0015103202   0.00013447609   -0.0013758441  
zhongyangyi               3970.4935       1.8681315       3972.3616       5.1356622       0.0024163476    5.1380786      
zuofuyi                   5.4223184       0.14905203      5.5713704       0.0070135352    0.00019279238   0.0072063275   
zuoweiduo                 -0.29974141     0.13759752      -0.16214389     -0.0003877026   0.00017797646   -0.00020972614 
------------------------- --------------- --------------- --------------- --------------- --------------- ---------------
Net                       103.54179       10.919025       114.46082       0.13392685      0.014123288     0.14805014     
