                                    "Force Report"

Forces
                          Forces [N]                                                                                                                                Coefficients                                                                                                                             
Zone                      Pressure                                      Viscous                                       Total                                         Pressure                                      Viscous                                       Total                                        
jidi                      (1145.3157 1.1385311e-07 0.00043527346)       (3.5513399e-08 -0.00046868941 0.0036110669)   (1145.3157 -0.00046857556 0.0040463404)       (1.4814165 1.472641e-10 5.6300746e-07)        (4.5935051e-11 -6.0622956e-07 4.6707595e-06)  (1.4814165 -6.0608229e-07 5.2337669e-06)     
jishen                    (9087.942 -0.068716426 -12494.242)            (1.1750583 -0.00093955157 0.083728661)        (9089.1171 -0.069655978 -12494.158)           (11.754861 -8.8881736e-05 -16.160764)         (0.0015198872 -1.2152695e-06 0.00010829941)   (11.756381 -9.0097006e-05 -16.160655)        
jitou                     (-11260.834 0.01557739 30.323226)             (1.1243224 -0.00050253315 0.33972454)         (-11259.71 0.015074857 30.662951)             (-14.565404 2.0148683e-05 0.039221786)        (0.0014542626 -6.5000498e-07 0.00043941905)   (-14.56395 1.9498678e-05 0.039661205)        
liangan                   (-81.357952 -0.39218804 -3065.425)            (1.2659367 -0.0050067052 0.16000658)          (-80.092015 -0.39719475 -3065.265)            (-0.105233 -0.00050727833 -3.9649951)         (0.0016374346 -6.4759574e-06 0.00020696161)   (-0.10359557 -0.00051375429 -3.9647882)      
waiyi                     (-231.07385 0.0091802408 1997.9863)           (3.022696 0.00019113784 0.96715871)           (-228.05115 0.0093713786 1998.9535)           (-0.29888406 1.1874246e-05 2.5843092)         (0.003909727 2.4722857e-07 0.0012509781)      (-0.29497433 1.2121474e-05 2.5855602)        
weiyi                     (40.520919 -7.1717972 588.24585)              (1.2836308 -0.011597886 0.1683149)            (41.80455 -7.1833951 588.41416)               (0.052412063 -0.0092764106 0.76087066)        (0.0016603211 -1.5001366e-05 0.00021770807)   (0.054072384 -0.009291412 0.76108836)        
xiaoyi                    (154.23437 -0.0026339492 -365.64929)          (0.36895438 -0.00023938385 0.094030147)       (154.60332 -0.002873333 -365.55526)           (0.19949551 -3.4068998e-06 -0.4729516)        (0.00047722659 -3.0963269e-07 0.00012162394)  (0.19997273 -3.7165324e-06 -0.47282997)      
youfuyi                   (0.31966936 -0.81334962 25.482106)            (0.13981286 0.024616899 0.048491181)          (0.45948221 -0.78873272 25.530597)            (0.00041347854 -0.0010520327 0.032960006)     (0.00018084191 3.1840898e-05 6.2721253e-05)   (0.00059432044 -0.0010201918 0.033022727)    
youweiduo                 (-0.32801014 -2.7576267 -4.7535598)           (0.10215924 -0.034300442 0.0046529322)        (-0.2258509 -2.7919271 -4.7489069)            (-0.00042426699 -0.0035668712 -0.0061485247)  (0.00013213858 -4.4366144e-05 6.0183672e-06)  (-0.00029212841 -0.0036112374 -0.0061425064) 
zhongyangyi               (1011.1494 0.00064812243 14384.538)           (1.7764859 0.00030705194 0.44545236)          (1012.9259 0.00095517437 14384.984)           (1.3078782 8.3831843e-07 18.60578)            (0.002297808 3.9715846e-07 0.00057617343)     (1.310176 1.2354769e-06 18.606357)           
zuofuyi                   (0.30387781 0.82172516 25.721736)             (0.13858694 -0.026002927 0.049038467)         (0.44246475 0.79572224 25.770775)             (0.00039305286 0.0010628661 0.033269957)      (0.00017925623 -3.3633665e-05 6.3429144e-05)  (0.00057230909 0.0010292324 0.033333386)     
zuoweiduo                 (-0.82862239 -1.1546353 2.0073701)            (0.13649431 0.016375458 0.018089167)          (-0.69212807 -1.1382598 2.0254593)            (-0.0010717873 -0.001493471 0.0025964467)     (0.00017654951 2.118095e-05 2.3397559e-05)    (-0.00089523784 -0.00147229 0.0026198443)    
------------------------- --------------------------------------------- --------------------------------------------- --------------------------------------------- --------------------------------------------- --------------------------------------------- ---------------------------------------------
Net                       (-134.63688 -11.513816 1124.2354)             (10.534138 -0.037567571 2.3822987)            (-124.10274 -11.551384 1126.6177)             (-0.174147 -0.014892625 1.4541501)            (0.013625453 -4.8592034e-05 0.0030814007)     (-0.16052155 -0.014941217 1.4572315)         

Forces - Direction Vector (0.97814888 0 0.20790565)
                          Forces [N]                                      Coefficients                                   
Zone                      Pressure        Viscous         Total           Pressure        Viscous         Total          
jidi                      1120.2894       0.00075079595   1120.2901       1.449046        9.7112221e-07   1.449047       
jishen                    6291.7369       1.1667896       6292.9036       8.1380905       0.0015091921    8.1395997      
jitou                     -11008.468      1.1703854       -11007.298      -14.238979      0.0015138431    -14.237466     
liangan                   -716.89937      1.2715409       -715.62782      -0.92727844     0.0016446833    -0.92563375    
waiyi                     189.36802       3.1577245       192.52575       0.24493938      0.0040843805    0.24902376     
weiyi                     161.93513       1.2905756       163.2257        0.20945611      0.001669304     0.21112541     
xiaoyi                    74.843621       0.38044171      75.224062       0.096806998     0.00049208496   0.097299083    
youfuyi                   5.610558        0.14683938      5.7573974       0.007257015     0.00018993041   0.0074469454   
youweiduo                 -1.3091347      0.10089432      -1.2082404      -0.0016933093   0.00013050245   -0.0015628069  
zhongyangyi               3979.6815       1.8302798       3981.5117       5.1475465       0.002367388     5.1499139      
zuofuyi                   5.644932        0.14575403      5.790686        0.0073014762    0.00018852656   0.0074900028   
zuoweiduo                 -0.39317248     0.1372726       -0.25589988     -0.00050855166  0.00017755619   -0.00033099546 
------------------------- --------------- --------------- --------------- --------------- --------------- ---------------
Net                       102.03999       10.799249       112.83924       0.13198433      0.013968363     0.14595269     
