                                    "Force Report"

Forces
                          Forces [N]                                                                                                                                Coefficients                                                                                                                             
Zone                      Pressure                                      Viscous                                       Total                                         Pressure                                      Viscous                                       Total                                        
jidi                      (1144.9426 9.4125232e-08 0.00043530116)       (3.0776447e-08 -0.00030353512 0.0053729337)   (1144.9426 -0.000303441 0.0058082348)         (1.4809339 1.2174693e-10 5.6304329e-07)       (3.9808009e-11 -3.926096e-07 6.9496582e-06)   (1.4809339 -3.9248786e-07 7.5127015e-06)     
jishen                    (9083.461 0.0025489485 -12499.115)            (1.1381257 -0.00032337834 0.0019103631)       (9084.5992 0.0022255701 -12499.113)           (11.749065 3.296955e-06 -16.167067)           (0.0014721165 -4.1827594e-07 2.4709723e-06)   (11.750538 2.8786791e-06 -16.167064)         
jitou                     (-11251.648 0.036281917 12.524153)            (1.1538967 -0.00033794538 0.14306307)         (-11250.494 0.035943972 12.667216)            (-14.553522 4.6929097e-05 0.016199453)        (0.0014925156 -4.3711778e-07 0.00018504591)   (-14.552029 4.6491979e-05 0.016384499)       
liangan                   (-81.087474 -0.11540388 -3074.0891)           (1.1421537 -0.0019885204 0.049575864)         (-79.94532 -0.1173924 -3074.0395)             (-0.10488315 -0.00014926995 -3.9762018)       (0.0014773266 -2.5720655e-06 6.4124244e-05)   (-0.10340583 -0.00015184202 -3.9761376)      
waiyi                     (-156.64279 0.0060575256 1823.2655)           (4.3759741 6.8661216e-05 0.57616986)          (-152.26682 0.0061261868 1823.8416)           (-0.2026107 7.8351484e-06 2.3583153)          (0.0056601339 8.8810324e-08 0.00074525088)    (-0.19695057 7.9239587e-06 2.3590605)        
weiyi                     (47.113501 -7.6658808 529.62823)              (1.5755569 -0.009276274 -0.0090643748)        (48.689058 -7.6751571 529.61917)              (0.060939284 -0.0099154865 0.68505129)        (0.0020379149 -1.1998461e-05 -1.1724378e-05)  (0.062977199 -0.0099274849 0.68503957)       
xiaoyi                    (152.67394 0.0026200179 -369.22774)           (0.33719524 -0.00022179354 0.031011366)       (153.01113 0.0023982244 -369.19673)           (0.19747716 3.3888803e-06 -0.47758018)        (0.00043614751 -2.8688039e-07 4.0111866e-05)  (0.1979133 3.1019999e-06 -0.47754006)        
youfuyi                   (-0.48820375 -0.5791421 16.080462)            (0.16151512 0.0026898913 0.02643085)          (-0.32668863 -0.57645221 16.106893)           (-0.00063147051 -0.00074909535 0.020799385)   (0.00020891285 3.4792585e-06 3.4187166e-05)   (-0.00042255767 -0.00074561609 0.020833572)  
youweiduo                 (0.04343985 -4.3314478 -7.4803094)            (0.10328015 -0.02046314 -0.018100506)         (0.14672 -4.3519109 -7.4984099)               (5.6187574e-05 -0.0056025411 -0.0096754578)   (0.00013358843 -2.646819e-05 -2.3412225e-05)  (0.000189776 -0.0056290093 -0.0096988701)    
zhongyangyi               (1043.8945 -0.00042052717 14287.259)          (2.5353414 -0.00066525565 0.25028313)         (1046.4299 -0.0010857828 14287.509)           (1.3502326 -5.4393377e-07 18.479954)          (0.0032793548 -8.6047952e-07 0.00032373044)   (1.3535119 -1.4044133e-06 18.480278)         
zuofuyi                   (-0.49553245 0.56874467 16.065694)            (0.16223674 -0.0035576625 0.026142861)        (-0.33329571 0.56518701 16.091837)            (-0.00064094987 0.00073564672 0.020780283)    (0.00020984624 -4.6016831e-06 3.3814664e-05)  (-0.00043110364 0.00073104504 0.020814098)   
zuoweiduo                 (-0.95169637 -0.24234796 0.47899789)          (0.15491488 0.0064998123 0.00073507748)       (-0.79678149 -0.23584814 0.47973296)          (-0.0012309782 -0.00031346664 0.00061956312)  (0.00020037572 8.4072272e-06 9.5079104e-07)   (-0.0010306025 -0.00030505941 0.00062051392) 
------------------------- --------------------------------------------- --------------------------------------------- --------------------------------------------- --------------------------------------------- --------------------------------------------- ---------------------------------------------
Net                       (-19.184645 -12.31839 735.39039)              (12.840191 -0.027879141 1.0835305)            (-6.3444545 -12.346269 736.47392)             (-0.024814512 -0.015933307 0.95119578)        (0.016608233 -3.6060467e-05 0.0014015)        (-0.0082062785 -0.015969367 0.95259728)      

Forces - Direction Vector (0.99756419 0 0.069756474)
                          Forces [N]                                      Coefficients                                   
Zone                      Pressure        Viscous         Total           Pressure        Viscous         Total          
jidi                      1142.1536       0.00037482756   1142.154        1.4773264       4.8482329e-07   1.4773269      
jishen                    8189.4401       1.1354865       8190.5756       10.592688       0.0014687029    10.594157      
jitou                     -11223.366      1.1610654       -11222.205      -14.51694       0.0015017881    -14.515438     
liangan                   -295.32753      1.1428297       -294.1847       -0.38199344     0.001478201     -0.38051524    
waiyi                     -29.076666      4.405506        -24.67116       -0.037609415    0.0056983322    -0.031911083   
weiyi                     83.943728       1.5710866       85.514814       0.10857759      0.0020321328    0.11060973     
xiaoyi                    126.54601       0.33853709      126.88454       0.16368181      0.00043788314   0.16411969     
youfuyi                   0.63470166      0.1629654       0.79766706      0.00082095925   0.00021078872   0.001031748    
youweiduo                 -0.4784659      0.10176594      -0.37669996     -0.00061887502  0.00013162986   -0.00048724517 
zhongyangyi               2037.9803       2.5466243       2040.527        2.6360397       0.0032939487    2.6393337      
zuofuyi                   0.62636066      0.16366518      0.79002584      0.00081017052   0.00021169385   0.0010218644   
zuoweiduo                 -0.91596489     0.15458879      -0.76137609     -0.0011847611   0.00019995394   -0.00098480716 
------------------------- --------------- --------------- --------------- --------------- --------------- ---------------
Net                       32.160321       12.884496       45.044817       0.041597989     0.01666554      0.058263529    
