                                    "Force Report"

Forces
                          Forces [N]                                                                                                                                Coefficients                                                                                                                             
Zone                      Pressure                                      Viscous                                       Total                                         Pressure                                      Viscous                                       Total                                        
jidi                      (1144.2158 6.9638923e-07 0.00043496789)       (1.9636064e-08 -0.0023207091 -0.00025675807)  (1144.2158 -0.0023200127 0.00017820981)       (1.4799939 9.0074946e-10 5.6261222e-07)       (2.5398403e-11 -3.0017372e-06 -3.321055e-07)  (1.4799939 -3.0008365e-06 2.3050672e-07)     
jishen                    (9081.1305 1.2744471 -12505.59)               (1.2428402 -0.093125769 -0.066076349)         (9082.3733 1.1813213 -12505.656)              (11.746051 0.0016484424 -16.175442)           (0.0016075603 -0.00012045417 -8.5466911e-05)  (11.747659 0.0015279882 -16.175527)          
jitou                     (-11245.675 -13.920205 -3.3195673)            (1.1639241 -0.16996068 -0.014582373)          (-11244.511 -14.090166 -3.3341497)            (-14.545795 -0.018005186 -0.0042937173)       (0.0015054856 -0.00021983681 -1.8861671e-05)  (-14.54429 -0.018225022 -0.004312579)        
liangan                   (-81.058627 -1.4165736 -3080.0195)            (1.1687819 -0.11870381 -0.037604787)          (-79.889845 -1.5352774 -3080.0571)            (-0.10484584 -0.0018322769 -3.9838724)        (0.001511769 -0.00015353826 -4.8640171e-05)   (-0.10333407 -0.0019858152 -3.9839211)       
waiyi                     (-126.86444 -0.28572949 1587.2761)            (3.9969794 -0.50295705 0.11481638)            (-122.86746 -0.78868654 1587.3909)            (-0.16409368 -0.00036957879 2.0530733)        (0.0051699206 -0.00065055327 0.00014851004)   (-0.15892376 -0.0010201321 2.0532218)        
weiyi                     (42.84239 -25.928903 488.54327)               (1.472984 -0.20042364 -0.095511129)           (44.315374 -26.129327 488.44776)              (0.055414785 -0.033537919 0.63190967)         (0.0019052413 -0.00025923934 -0.00012353953)  (0.057320027 -0.033797158 0.63178613)        
xiaoyi                    (151.28809 -0.7020668 -372.00151)             (0.3130021 -0.040009193 -0.013662571)         (151.60109 -0.74207599 -372.01517)            (0.19568463 -0.00090809315 -0.48116792)       (0.00040485472 -5.1750167e-05 -1.7671947e-05) (0.19608948 -0.00095984332 -0.4811856)       
youfuyi                   (-0.8512877 -0.44294999 12.482841)            (0.1947672 -0.041112651 0.0056494972)         (-0.65652049 -0.48406264 12.48849)            (-0.001101104 -0.00057293672 0.016146016)     (0.00025192298 -5.3177442e-05 7.3073812e-06)  (-0.00084918097 -0.00062611417 0.016153324)  
youweiduo                 (0.21166957 -4.922415 -8.5176369)             (0.10551384 -0.038274342 -0.011469974)        (0.3171834 -4.9606893 -8.5291068)             (0.00027378547 -0.0063669317 -0.011017196)    (0.0001364776 -4.9506212e-05 -1.4835917e-05)  (0.00041026307 -0.0064164379 -0.011032032)   
zhongyangyi               (1057.2185 -0.028892757 14147.033)            (2.4216163 -0.24353903 0.0095845518)          (1059.6401 -0.27243179 14147.043)             (1.3674666 -3.7371536e-05 18.298578)          (0.0031322563 -0.00031500725 1.2397205e-05)   (1.3705989 -0.00035237878 18.29859)          
zuofuyi                   (-0.88346895 0.4511277 12.391124)             (0.20678525 -0.035878789 0.0039333758)        (-0.6766837 0.41524891 12.395057)             (-0.001142729 0.00058351424 0.016027385)      (0.00026746781 -4.6407667e-05 5.0876521e-06)  (-0.00087526121 0.00053710658 0.016032472)   
zuoweiduo                 (-0.98529673 0.10421204 -0.051127086)         (0.15596672 -0.024181891 -0.019629464)        (-0.82933001 0.080030153 -0.07075655)         (-0.0012744389 0.00013479379 -6.6130682e-05)  (0.00020173623 -3.1278235e-05 -2.5389866e-05) (-0.0010727026 0.00010351555 -9.1520548e-05) 
------------------------- --------------------------------------------- --------------------------------------------- --------------------------------------------- --------------------------------------------- --------------------------------------------- ---------------------------------------------
Net                       (20.589323 -45.817949 278.22758)              (12.443161 -1.5104876 -0.1248096)             (33.032484 -47.328436 278.10277)              (0.026631402 -0.059263542 0.35987539)         (0.016094693 -0.0019537506 -0.00016143584)    (0.042726095 -0.061217293 0.35971395)        

Forces - Direction Vector (0.98966482 -0.1391731 -0.034559857)
                          Forces [N]                                      Coefficients                                   
Zone                      Pressure        Viscous         Total           Pressure        Viscous         Total          
jidi                      1132.3902       0.00033187324   1132.3905       1.4646979       4.2926373e-07   1.4646983      
jishen                    9419.2894       1.2452394       9420.5347       12.183445       0.0016106635    12.185056      
jitou                     -11127.396      1.1760526       -11126.22       -14.392808      0.0015211734    -14.391287     
liangan                   26.421309       1.1745223       27.595832       0.034174825     0.001519194     0.035694019    
waiyi                     -180.36954      4.0217          -176.34784      -0.23330023     0.0052018956    -0.22809833    
weiyi                     29.124227       1.4889549       30.613182       0.037670932     0.001925899     0.039596831    
xiaoyi                    162.67853       0.31580755      162.99434       0.21041767      0.00040848345   0.21082615     
youfuyi                   -1.2122479      0.19828078      -1.0139672      -0.0015679905   0.00025646764   -0.0013115228  
youweiduo                 1.188918        0.11014649      1.2990645       0.0015378142    0.00014246974   0.0016802839   
zhongyangyi               557.37656       2.4301513       559.80671       0.72094256      0.003143296     0.72408586     
zuofuyi                   -1.3653584      0.20950551      -1.1558529      -0.0017660323   0.00027098635   -0.001495046   
zuoweiduo                 -0.98785008     0.15839863      -0.82945144     -0.0012777415   0.00020488181   -0.0010728597  
------------------------- --------------- --------------- --------------- --------------- --------------- ---------------
Net                       17.13765        12.529091       29.666741       0.022166811     0.01620584      0.038372651    
