                                    "Force Report"

Forces
                          Forces [N]                                                                                                                                Coefficients                                                                                                                             
Zone                      Pressure                                      Viscous                                       Total                                         Pressure                                      Viscous                                       Total                                        
jidi                      (1146.0184 3.0276996e-07 0.00043636755)       (3.5409084e-08 0.0042596201 0.0051482447)     (1146.0184 0.0042599229 0.0055846122)         (1.4823254 3.916199e-10 5.6442263e-07)        (4.5800124e-11 5.5096351e-06 6.6590326e-06)   (1.4823254 5.5100267e-06 7.2234553e-06)      
jishen                    (9091.6886 -1.46284 -12498.503)               (1.1970378 -0.1065511 0.05591691)             (9092.8857 -1.5693911 -12498.447)             (11.759707 -0.0018921205 -16.166275)          (0.0015483168 -0.00013781925 7.2326113e-05)   (11.761256 -0.0020299398 -16.166203)         
jitou                     (-11262.886 -13.674478 28.863377)             (1.1066851 -0.17046708 0.33229481)            (-11261.779 -13.844945 29.195672)             (-14.568058 -0.017687348 0.037333534)         (0.0014314495 -0.00022049182 0.00042980902)   (-14.566626 -0.01790784 0.037763343)         
liangan                   (-81.23822 -0.67810612 -3063.224)             (1.3158788 -0.079429491 0.20455752)           (-79.922341 -0.75753561 -3063.0195)           (-0.10507814 -0.00087710105 -3.9621483)       (0.0017020325 -0.00010273862 0.00026458634)   (-0.1033761 -0.00097983967 -3.9618837)       
waiyi                     (-230.28777 -0.15049999 1993.5914)            (3.0016247 -0.49376822 0.9510955)             (-227.28615 -0.64426821 1994.5425)            (-0.29786731 -0.00019466525 2.5786246)        (0.0038824722 -0.00063866791 0.001230201)     (-0.29398484 -0.00083333316 2.5798548)       
weiyi                     (39.377012 -25.195793 580.30675)              (1.3698399 -0.19710666 0.12288705)            (40.746852 -25.392899 580.42964)              (0.050932468 -0.032589672 0.75060177)         (0.0017718288 -0.00025494897 0.0001589491)    (0.052704297 -0.032844621 0.75076072)        
xiaoyi                    (153.76461 -1.1639543 -366.04676)             (0.35587316 -0.049725648 0.083591455)         (154.12048 -1.2136799 -365.96317)             (0.19888789 -0.0015055247 -0.47346571)        (0.0004603066 -6.4317983e-05 0.00010812195)   (0.1993482 -0.0015698427 -0.47335759)        
youfuyi                   (0.31579784 -0.91598968 25.428136)            (0.13238393 -0.035037014 0.048778853)         (0.44818177 -0.95102669 25.476915)            (0.00040847089 -0.0011847932 0.032890198)     (0.00017123291 -4.5318867e-05 6.3093344e-05)  (0.00057970381 -0.001230112 0.032953291)     
youweiduo                 (-0.27002727 -3.2872462 -5.6787157)           (0.10764008 -0.045581087 0.0063097157)        (-0.16238719 -3.3328273 -5.6724059)           (-0.00034926864 -0.0042519113 -0.007345174)   (0.00013922781 -5.8957172e-05 8.1613454e-06)  (-0.00021004083 -0.0043108685 -0.0073370127) 
zhongyangyi               (1018.6907 0.030829783 14389.373)             (1.7807643 -0.15023809 0.40697732)            (1020.4715 -0.11940831 14389.78)              (1.3176325 3.9876995e-05 18.612034)           (0.0023033419 -0.0001943265 0.00052640763)    (1.3199359 -0.0001544495 18.612561)          
zuofuyi                   (0.25041888 0.87011413 24.519729)             (0.13904001 -0.071653628 0.04784651)          (0.38945889 0.79846051 24.567575)             (0.00032390603 0.0011254551 0.031715213)      (0.00017984226 -9.268088e-05 6.1887398e-05)   (0.00050374829 0.0010327743 0.0317771)       
zuoweiduo                 (-0.84812099 -1.2851987 2.1787767)            (0.13842868 -0.021217419 0.00051256381)       (-0.70969231 -1.3064161 2.1792893)            (-0.0010970079 -0.0016623491 0.0028181538)    (0.00017905153 -2.7443817e-05 6.629792e-07)   (-0.00091795642 -0.001689793 0.0028188168)   
------------------------- --------------------------------------------- --------------------------------------------- --------------------------------------------- --------------------------------------------- --------------------------------------------- ---------------------------------------------
Net                       (-125.42448 -46.913162 1110.8092)             (10.645196 -1.4165158 2.2659165)              (-114.77929 -48.329678 1113.0751)             (-0.16223117 -0.060680153 1.4367838)          (0.013769103 -0.0018322022 0.0029308653)      (-0.14846206 -0.062512355 1.4397146)         

Forces - Direction Vector (0.96862834 -0.1391731 0.20588831)
                          Forces [N]                                      Coefficients                                   
Zone                      Pressure        Viscous         Total           Pressure        Viscous         Total          
jidi                      1110.066        0.00046717315   1110.0665       1.4358225       6.0426833e-07   1.4358231      
jishen                    6233.3751       1.1858264       6234.5609       8.0626021       0.0015338154    8.0641359      
jitou                     -10901.705      1.1641066       -10900.541      -14.100885      0.0015057217    -14.099379     
liangan                   -709.27728      1.3277679       -707.94951      -0.9174196      0.0017174106    -0.91570219    
waiyi                     187.41485       3.1719974       190.58685       0.24241303      0.0041028419    0.24651587     
weiyi                     161.12664       1.3795986       162.50624       0.20841037      0.0017844514    0.21019482     
xiaoyi                    73.737997       0.3688398       74.106837       0.095376921     0.00047707839   0.095854       
youfuyi                   5.6687277       0.14315004      5.8118778       0.0073322551    0.0001851584    0.0075174135   
youweiduo                 -0.97324098     0.11190599      -0.86133499     -0.0012588453   0.00014474558   -0.0011140997  
zhongyangyi               3949.3321       1.8295997       3951.1617       5.1082909       0.0023665084    5.1106574      
zuofuyi                   5.1697919       0.15450138      5.3242932       0.006686903     0.00019984088   0.0068867439   
zuoweiduo                 -0.19406427     0.13714437      -0.056919907    -0.00025101377  0.00017739033   -7.3623446e-05 
------------------------- --------------- --------------- --------------- --------------- --------------- ---------------
Net                       113.74196       10.974905       124.71686       0.14712032      0.014195567     0.16131589     
