                                    "Force Report"

Moments - Moment Center (0 0 0.05)
                          Moments [N m]                                                                                                                             Coefficients                                                                                                                             
Zone                      Pressure                                      Viscous                                       Total                                         Pressure                                      Viscous                                       Total                                        
jidi                      (2.9320155e-10 -22.888496 0.00065459431)      (-4.380911e-06 -0.00018981146 -9.5251675e-05) (-4.3806178e-06 -22.888685 0.00055934263)     (1.0398782e-12 -0.081177087 2.3216056e-06)    (-1.5537482e-08 -6.7319152e-07 -3.3782271e-07) (-1.5536442e-08 -0.08117776 1.9837829e-06)   
jishen                    (7.6668422e-05 -232.15753 0.017008625)        (-5.5127916e-05 -0.086353139 -0.00046455775)  (2.1540506e-05 -232.24388 0.016544068)        (2.7191473e-07 -0.82337747 6.0323347e-05)     (-1.9551847e-07 -0.00030626287 -1.6476157e-06) (7.6396263e-08 -0.82368373 5.8675731e-05)    
jitou                     (0.0013025696 535.03308 -0.016991816)         (-4.9956482e-06 -0.075302406 0.00010420985)   (0.0012975739 534.95778 -0.016887606)         (4.6197358e-06 1.8975658 -6.0263729e-05)      (-1.7717729e-08 -0.00026706998 3.6959405e-07) (4.6020181e-06 1.8972988 -5.9894135e-05)     
liangan                   (-0.12674604 645.90123 0.0059244066)          (-0.0022224244 0.11116315 -0.0025847749)      (-0.12896846 646.01239 0.0033396317)          (-0.00044952165 2.2907744 2.1011694e-05)      (-7.8821232e-06 0.00039425486 -9.1672471e-06) (-0.00045740377 2.2911687 1.1844447e-05)     
waiyi                     (-0.41948261 -49.654449 0.024503479)          (-0.00042066581 0.58551821 0.0074319277)      (-0.41990327 -49.06893 0.031935407)           (-0.0014877507 -0.17610609 8.6904841e-05)     (-1.4919471e-06 0.002076618 2.6358318e-05)    (-0.0014892427 -0.17402947 0.00011326316)    
weiyi                     (-2.8243929 -617.04414 -9.2344202)            (-0.0013139439 0.59890206 -0.0017913112)      (-2.8257069 -616.44524 -9.2362116)            (-0.010017084 -2.1884289 -0.032751097)        (-4.6600763e-06 0.0021240856 -6.3531228e-06)  (-0.010021744 -2.1863048 -0.03275745)        
xiaoyi                    (0.0026559017 55.860318 0.0042682824)         (0.00016845023 0.039521606 0.00081345296)     (0.002824352 55.89984 0.0050817354)           (9.419508e-06 0.19811603 1.513803e-05)        (5.9743109e-07 0.00014016862 2.8850188e-06)   (1.0016939e-05 0.1982562 1.8023049e-05)      
youfuyi                   (14.412258 -2.0971687 0.96641886)             (0.0087223384 0.020643919 -0.22746998)        (14.420981 -2.0765248 0.73894888)             (0.051114987 -0.007437887 0.0034275327)       (3.0934931e-05 7.3216399e-05 -0.00080675246)  (0.051145922 -0.0073646706 0.0026207803)     
youweiduo                 (-1.6930235 11.530249 -6.6718207)             (-0.0061535914 0.065880965 -0.055505609)      (-1.6991771 11.59613 -6.7273263)              (-0.0060045324 0.040893559 -0.023662498)      (-2.1824529e-05 0.00023365558 -0.00019685801) (-0.0060263569 0.041127215 -0.023859356)     
zhongyangyi               (-0.031348824 -286.08082 0.0034833195)        (0.00011985343 0.32775596 0.00043053125)      (-0.031228971 -285.75306 0.0039138508)        (-0.00011118277 -1.0146236 1.2354055e-05)     (4.2507608e-07 0.00116243 1.5269362e-06)      (-0.00011075769 -1.0134612 1.3880991e-05)    
zuofuyi                   (-14.438723 -2.1018478 -0.97516493)           (-0.0083906294 0.020690681 0.22736141)        (-14.447114 -2.0811572 -0.74780352)           (-0.051208849 -0.0074544823 -0.0034585518)    (-2.9758481e-05 7.3382244e-05 0.0008063674)   (-0.051238607 -0.0073811 -0.0026521844)      
zuoweiduo                 (-0.0010386838 0.46568033 0.15589681)         (0.0020276421 0.056118817 0.060849172)        (0.00098895826 0.52179915 0.21674598)         (-3.68383e-06 0.0016515971 0.00055290872)     (7.1913017e-06 0.00019903283 0.00021580966)   (3.5074717e-06 0.0018506299 0.00076871839)   
------------------------- --------------------------------------------- --------------------------------------------- --------------------------------------------- --------------------------------------------- --------------------------------------------- ---------------------------------------------
Net                       (-5.1184623 36.766113 -15.720239)             (-0.0075274753 1.66435 0.0090792183)          (-5.1259898 38.430463 -15.71116)              (-0.018153306 0.1303959 -0.055753915)         (-2.669719e-05 0.0059028382 3.2200652e-05)    (-0.018180003 0.13629874 -0.055721714)       

Moments - Moment Center (0 0 0.05) Moment Axis (0 1 0)
                          Moments [N m]                                   Coefficients                                   
Zone                      Pressure        Viscous         Total           Pressure        Viscous         Total          
jidi                      -22.888496      -0.00018981146  -22.888685      -0.081177087    -6.7319152e-07  -0.08117776    
jishen                    -232.15753      -0.086353139    -232.24388      -0.82337747     -0.00030626287  -0.82368373    
jitou                     535.03308       -0.075302406    534.95778       1.8975658       -0.00026706998  1.8972988      
liangan                   645.90123       0.11116315      646.01239       2.2907744       0.00039425486   2.2911687      
waiyi                     -49.654449      0.58551821      -49.06893       -0.17610609     0.002076618     -0.17402947    
weiyi                     -617.04414      0.59890206      -616.44524      -2.1884289      0.0021240856    -2.1863048     
xiaoyi                    55.860318       0.039521606     55.89984        0.19811603      0.00014016862   0.1982562      
youfuyi                   -2.0971687      0.020643919     -2.0765248      -0.007437887    7.3216399e-05   -0.0073646706  
youweiduo                 11.530249       0.065880965     11.59613        0.040893559     0.00023365558   0.041127215    
zhongyangyi               -286.08082      0.32775596      -285.75306      -1.0146236      0.00116243      -1.0134612     
zuofuyi                   -2.1018478      0.020690681     -2.0811572      -0.0074544823   7.3382244e-05   -0.0073811     
zuoweiduo                 0.46568033      0.056118817     0.52179915      0.0016515971    0.00019903283   0.0018506299   
------------------------- --------------- --------------- --------------- --------------- --------------- ---------------
Net                       36.766113       1.66435         38.430463       0.1303959       0.0059028382    0.13629874     
