                                    "Force Report"

Moments - Moment Center (0 0 0.05)
                          Moments [N m]                                                                                                                             Coefficients                                                                                                                             
Zone                      Pressure                                      Viscous                                       Total                                         Pressure                                      Viscous                                       Total                                        
jidi                      (1.6759773e-09 -22.891184 0.005536664)        (1.4318712e-05 -0.0003133626 -0.0023454265)   (1.4320388e-05 -22.891498 0.0031912375)       (5.9440757e-12 -0.081186622 1.9636514e-05)    (5.0783211e-08 -1.1113821e-06 -8.3183664e-06) (5.0789155e-08 -0.081187734 1.1318147e-05)   
jishen                    (0.40798064 -231.40815 3.3282542)             (-0.03777993 -0.086220508 0.0077256964)       (0.37020071 -231.49437 3.3359799)             (0.0014469575 -0.82071972 0.011804095)        (-0.00013399154 -0.00030579247 2.7400208e-05) (0.001312966 -0.82102551 0.011831495)        
jitou                     (-1.3067742 535.32921 12.797588)              (-0.014430325 -0.072938623 0.16213197)        (-1.3212045 535.25627 12.95972)               (-0.004634648 1.8986161 0.045388345)          (-5.1179062e-05 -0.00025868651 0.00057502254) (-0.0046858271 1.8983574 0.045963367)        
liangan                   (0.19747048 647.4471 -0.091909725)            (0.012748217 0.14312622 -0.0056055665)        (0.21021869 647.59023 -0.097515291)           (0.00070035525 2.2962571 -0.00032597004)      (4.5213244e-05 0.00050761612 -1.9880885e-05)  (0.00074556849 2.2967647 -0.00034585092)     
waiyi                     (10.822858 -49.291319 -0.31483299)            (0.096038704 0.56569199 -0.13768517)          (10.918897 -48.725627 -0.45251816)            (0.038384702 -0.1748182 -0.001116597)         (0.00034061401 0.0020063017 -0.00048831871)   (0.038725316 -0.1728119 -0.0016049157)       
weiyi                     (-13.26967 -621.42267 -40.624134)             (0.10154145 0.51272605 -0.3098912)            (-13.168129 -620.90994 -40.934025)            (-0.047062646 -2.203958 -0.14407888)          (0.00036013023 0.001818451 -0.0010990702)     (-0.046702516 -2.2021395 -0.14517795)        
xiaoyi                    (3.1693395 55.995884 -0.98303325)             (0.047475537 0.042111709 -0.036617782)        (3.2168151 56.037996 -1.019651)               (0.011240483 0.19859683 -0.0034864579)        (0.00016837829 0.00014935476 -0.00012986982)  (0.011408861 0.19874619 -0.0036163277)       
youfuyi                   (14.815707 -2.1580357 1.0911504)              (0.011318323 0.02246347 -0.24648811)          (14.827025 -2.1355723 0.8446623)              (0.05254587 -0.0076537601 0.0038699097)       (4.0141936e-05 7.9669678e-05 -0.00087420279)  (0.052586012 -0.0075740904 0.0029957069)     
youweiduo                 (-1.9372023 11.918416 -6.9223269)             (0.013123184 0.034593759 -0.11029485)         (-1.9240791 11.95301 -7.0326217)              (-0.006870545 0.042270245 -0.024550951)       (4.6543113e-05 0.00012269135 -0.00039117531)  (-0.0068240019 0.042392936 -0.024942126)     
zhongyangyi               (9.9772671 -286.05616 -0.28034181)            (0.056206383 0.31746574 -0.048596037)         (10.033474 -285.7387 -0.32893784)             (0.035385702 -1.0145361 -0.00099426942)       (0.0001993434 0.0011259344 -0.00017235229)    (0.035585045 -1.0134102 -0.0011666217)       
zuofuyi                   (-14.514173 -2.15787 -1.1999087)              (0.001597253 0.023703888 0.2368866)           (-14.512576 -2.1341661 -0.96302206)           (-0.05147644 -0.0076531723 -0.0042556353)     (5.6648696e-06 8.4068985e-05 0.00084014975)   (-0.051470775 -0.0075691033 -0.0034154855)   
zuoweiduo                 (-0.17733545 -0.63494396 -0.43706562)         (0.019444913 0.07903052 0.0045177541)         (-0.15789053 -0.55591344 -0.43254787)         (-0.0006289437 -0.002251913 -0.0015501112)    (6.8963966e-05 0.00028029223 1.6022814e-05)   (-0.00055997973 -0.0019716208 -0.0015340884) 
------------------------- --------------------------------------------- --------------------------------------------- --------------------------------------------- --------------------------------------------- --------------------------------------------- ---------------------------------------------
Net                       (8.1854678 34.670274 -33.631023)              (0.30729803 1.5814408 -0.48626211)            (8.4927658 36.251715 -34.117286)              (0.029030848 0.12296273 -0.11927689)          (0.0010898732 0.0056087898 -0.0017245931)     (0.030120721 0.12857152 -0.12100148)         

Moments - Moment Center (0 0 0.05) Moment Axis (0 1 0)
                          Moments [N m]                                   Coefficients                                   
Zone                      Pressure        Viscous         Total           Pressure        Viscous         Total          
jidi                      -22.891184      -0.0003133626   -22.891498      -0.081186622    -1.1113821e-06  -0.081187734   
jishen                    -231.40815      -0.086220508    -231.49437      -0.82071972     -0.00030579247  -0.82102551    
jitou                     535.32921       -0.072938623    535.25627       1.8986161       -0.00025868651  1.8983574      
liangan                   647.4471        0.14312622      647.59023       2.2962571       0.00050761612   2.2967647      
waiyi                     -49.291319      0.56569199      -48.725627      -0.1748182      0.0020063017    -0.1728119     
weiyi                     -621.42267      0.51272605      -620.90994      -2.203958       0.001818451     -2.2021395     
xiaoyi                    55.995884       0.042111709     56.037996       0.19859683      0.00014935476   0.19874619     
youfuyi                   -2.1580357      0.02246347      -2.1355723      -0.0076537601   7.9669678e-05   -0.0075740904  
youweiduo                 11.918416       0.034593759     11.95301        0.042270245     0.00012269135   0.042392936    
zhongyangyi               -286.05616      0.31746574      -285.7387       -1.0145361      0.0011259344    -1.0134102     
zuofuyi                   -2.15787        0.023703888     -2.1341661      -0.0076531723   8.4068985e-05   -0.0075691033  
zuoweiduo                 -0.63494396     0.07903052      -0.55591344     -0.002251913    0.00028029223   -0.0019716208  
------------------------- --------------- --------------- --------------- --------------- --------------- ---------------
Net                       34.670274       1.5814408       36.251715       0.12296273      0.0056087898    0.12857152     
