                                    "Force Report"

Moments - Moment Center (0 0 0.05)
                          Moments [N m]                                                                                                                             Coefficients                                                                                                                             
Zone                      Pressure                                      Viscous                                       Total                                         Pressure                                      Viscous                                       Total                                        
jidi                      (-7.1918338e-09 -22.925278 0.0074537638)      (8.8656059e-05 -0.0028830175 0.0023853865)    (8.8648868e-05 -22.928161 0.0098391503)       (-2.5506793e-11 -0.08130754 2.6435762e-05)    (3.1443048e-07 -1.0225004e-05 8.4600897e-06)  (3.1440497e-07 -0.081317765 3.4895852e-05)   
jishen                    (-0.1026671 -229.20758 1.9768475)             (-0.016298523 -0.070068661 0.010547637)       (-0.11896562 -229.27764 1.9873951)            (-0.00036412249 -0.81291508 0.007011152)      (-5.7804874e-05 -0.0002485078 3.7408593e-05)  (-0.00042192736 -0.81316359 0.0070485606)    
jitou                     (-0.86717085 555.61652 8.5577467)             (-0.0092438681 0.15115117 0.10861894)         (-0.87641472 555.76767 8.6663657)             (-0.0030755365 1.9705677 0.030351184)         (-3.2784605e-05 0.00053607767 0.00038523147)  (-0.0031083211 1.9711038 0.030736416)        
liangan                   (0.041403336 650.74527 -1.6583889)            (-0.0041434626 0.13748039 0.020578022)        (0.037259874 650.88275 -1.6378109)            (0.00014684243 2.3079544 -0.0058816964)       (-1.469534e-05 0.00048759244 7.2982686e-05)   (0.00013214709 2.308442 -0.0058087137)       
waiyi                     (12.805683 -45.785839 -0.84215471)            (0.080277357 0.47832004 -0.068511853)         (12.885961 -45.307519 -0.91066656)            (0.045417055 -0.16238555 -0.0029868134)       (0.0002847143 0.0016964255 -0.00024298638)    (0.045701769 -0.16068913 -0.0032297998)      
weiyi                     (-10.986287 -733.13282 -33.5758)              (0.057068378 0.26157849 -0.28809633)          (-10.929219 -732.87124 -33.863896)            (-0.038964326 -2.6001528 -0.11908103)         (0.00020240058 0.00092772283 -0.0010217719)   (-0.038761925 -2.5992251 -0.1201028)         
xiaoyi                    (13.629131 55.756848 -0.88907623)             (0.1054035 0.034289214 -0.030450812)          (13.734534 55.791137 -0.91952704)             (0.048337521 0.19774906 -0.0031532268)        (0.0003738275 0.00012161125 -0.00010799784)   (0.048711349 0.19787067 -0.0032612247)       
youfuyi                   (30.43165 -4.3020035 -0.49909849)             (0.061536424 0.0077127908 -0.16473122)        (30.493187 -4.2942907 -0.66382971)            (0.10792989 -0.015257626 -0.001770119)        (0.00021824709 2.7354436e-05 -0.00058424113)  (0.10814813 -0.015230272 -0.0023543601)      
youweiduo                 (-1.3523067 7.6347453 -4.3687809)             (0.014360508 0.022557209 -0.10159601)         (-1.3379462 7.6573026 -4.4703769)             (-0.0047961352 0.027077637 -0.015494461)      (5.0931446e-05 8.0002136e-05 -0.00036032373)  (-0.0047452037 0.02715764 -0.015854785)      
zhongyangyi               (6.7750157 -274.40731 -0.28706346)            (0.0076345016 0.28228982 -0.019739206)        (6.7826502 -274.12502 -0.30680266)            (0.024028492 -0.97322195 -0.0010181086)       (2.7076773e-05 0.0010011783 -7.0007714e-05)   (0.024055569 -0.97222077 -0.0010881164)      
zuofuyi                   (-29.276581 -4.1495781 0.41892745)            (-0.049713241 0.0085523142 0.15019592)        (-29.326294 -4.1410257 0.56912338)            (-0.10383328 -0.014717029 0.0014857818)       (-0.00017631461 3.0331917e-05 0.00053268977)  (-0.10400959 -0.014686697 0.0020184716)      
zuoweiduo                 (-0.40366086 -3.2128143 -2.0486195)           (0.0060658426 0.038894235 0.021539433)        (-0.39759502 -3.17392 -2.0270801)             (-0.0014316368 -0.011394672 -0.0072657009)    (2.1513316e-05 0.00013794357 7.6392456e-05)   (-0.0014101235 -0.011256729 -0.0071893084)   
------------------------- --------------------------------------------- --------------------------------------------- --------------------------------------------- --------------------------------------------- --------------------------------------------- ---------------------------------------------
Net                       (20.69421 -47.369838 -33.208006)              (0.25303607 1.349874 -0.3592601)              (20.947246 -46.019964 -33.567267)             (0.073394761 -0.16800341 -0.1177766)          (0.00089742601 0.0047875073 -0.0012741636)    (0.074292187 -0.16321591 -0.11905077)        

Moments - Moment Center (0 0 0.05) Moment Axis (0 1 0)
                          Moments [N m]                                   Coefficients                                   
Zone                      Pressure        Viscous         Total           Pressure        Viscous         Total          
jidi                      -22.925278      -0.0028830175   -22.928161      -0.08130754     -1.0225004e-05  -0.081317765   
jishen                    -229.20758      -0.070068661    -229.27764      -0.81291508     -0.0002485078   -0.81316359    
jitou                     555.61652       0.15115117      555.76767       1.9705677       0.00053607767   1.9711038      
liangan                   650.74527       0.13748039      650.88275       2.3079544       0.00048759244   2.308442       
waiyi                     -45.785839      0.47832004      -45.307519      -0.16238555     0.0016964255    -0.16068913    
weiyi                     -733.13282      0.26157849      -732.87124      -2.6001528      0.00092772283   -2.5992251     
xiaoyi                    55.756848       0.034289214     55.791137       0.19774906      0.00012161125   0.19787067     
youfuyi                   -4.3020035      0.0077127908    -4.2942907      -0.015257626    2.7354436e-05   -0.015230272   
youweiduo                 7.6347453       0.022557209     7.6573026       0.027077637     8.0002136e-05   0.02715764     
zhongyangyi               -274.40731      0.28228982      -274.12502      -0.97322195     0.0010011783    -0.97222077    
zuofuyi                   -4.1495781      0.0085523142    -4.1410257      -0.014717029    3.0331917e-05   -0.014686697   
zuoweiduo                 -3.2128143      0.038894235     -3.17392        -0.011394672    0.00013794357   -0.011256729   
------------------------- --------------- --------------- --------------- --------------- --------------- ---------------
Net                       -47.369838      1.349874        -46.019964      -0.16800341     0.0047875073    -0.16321591    
