                                    "Force Report"

Moments - Moment Center (0 0 0.05)
                          Moments [N m]                                                                                                                             Coefficients                                                                                                                             
Zone                      Pressure                                      Viscous                                       Total                                         Pressure                                      Viscous                                       Total                                        
jidi                      (-1.3425402e-08 -22.921005 0.0060879297)      (2.5789197e-05 -0.0010100193 0.00086112252)   (2.5775772e-05 -22.922015 0.0069490522)       (-4.7614969e-11 -0.081292384 2.1591651e-05)   (9.146481e-08 -3.5821676e-06 3.0540853e-06)   (9.1417195e-08 -0.081295966 2.4645736e-05)   
jishen                    (0.075025119 -229.39586 1.6411418)            (-0.020140878 -0.061532527 0.0038096835)      (0.05488424 -229.45739 1.6449514)             (0.00026608654 -0.81358285 0.005820527)       (-7.1432298e-05 -0.00021823327 1.3511548e-05) (0.00019465424 -0.81380109 0.0058340386)     
jitou                     (-0.84758342 550.90577 8.3669719)             (-0.0092058005 0.093614487 0.10735345)        (-0.85678922 550.99938 8.4743253)             (-0.0030060671 1.9538604 0.029674576)         (-3.2649593e-05 0.0003320162 0.00038074327)   (-0.0030387167 1.9541924 0.030055319)        
liangan                   (0.38364209 649.59894 -1.6469366)             (0.0053086189 0.1267669 -0.002204959)         (0.38895071 649.72571 -1.6491415)             (0.0013606376 2.3038889 -0.0058410792)        (1.8827722e-05 0.00044959562 -7.8201797e-06)  (0.0013794653 2.3043385 -0.0058488993)       
waiyi                     (8.3130399 -45.170217 -1.4162283)             (0.066772536 0.58193282 -0.054791563)         (8.3798124 -44.588284 -1.4710198)             (0.029483299 -0.16020217 -0.0050228415)       (0.00023681766 0.002063902 -0.00019432555)    (0.029720117 -0.15813827 -0.005217167)       
weiyi                     (-10.295748 -701.98112 -33.906346)            (0.059217338 0.35397938 -0.26848706)          (-10.236531 -701.62714 -34.174833)            (-0.036515237 -2.4896692 -0.12025336)         (0.00021002215 0.0012554348 -0.00095222497)   (-0.036305215 -2.4884137 -0.12120558)        
xiaoyi                    (10.486441 55.904243 -0.51922821)             (0.089410724 0.037565846 -0.020080436)        (10.575852 55.941809 -0.53930865)             (0.037191554 0.19827182 -0.0018415118)        (0.000317107 0.00013323226 -7.1217931e-05)    (0.037508661 0.19840505 -0.0019127297)       
youfuyi                   (24.765258 -3.5860805 0.22682557)             (0.051788025 0.0095342639 -0.17580156)        (24.817046 -3.5765462 0.051024017)            (0.087833273 -0.01271851 0.000804467)         (0.0001836731 3.3814532e-05 -0.00062350355)   (0.088016946 -0.012684696 0.00018096345)     
youweiduo                 (-1.3421263 8.9800627 -5.1891228)             (0.015202315 0.025803548 -0.1056233)          (-1.326924 9.0058663 -5.2947461)              (-0.0047600291 0.031848984 -0.018403913)      (5.3917027e-05 9.1515707e-05 -0.00037460704)  (-0.0047061121 0.0319405 -0.01877852)        
zhongyangyi               (6.7853774 -274.99849 1.0177138)              (0.01647321 0.33168417 -0.019874277)          (6.8018506 -274.6668 0.99783948)              (0.024065241 -0.97531862 0.0036094569)        (5.8424423e-05 0.0011763619 -7.0486762e-05)   (0.024123666 -0.97414226 0.0035389701)       
zuofuyi                   (-22.933056 -3.30163 -0.021368286)            (-0.036514915 0.011724036 0.16891936)         (-22.969571 -3.2899059 0.14755107)            (-0.081335125 -0.011709669 -7.5785463e-05)    (-0.00012950499 4.1580849e-05 0.00059909493)  (-0.08146463 -0.011668088 0.00052330946)     
zuoweiduo                 (-0.36245626 -2.630061 -1.6637839)            (0.0066465071 0.047521306 0.027159015)        (-0.35580975 -2.5825397 -1.6366249)           (-0.0012854992 -0.0093278605 -0.0059008303)   (2.357272e-05 0.00016854062 9.6323049e-05)    (-0.0012619265 -0.0091593199 -0.0058045072)  
------------------------- --------------------------------------------- --------------------------------------------- --------------------------------------------- --------------------------------------------- --------------------------------------------- ---------------------------------------------
Net                       (15.027814 -18.595433 -33.104273)             (0.24498347 1.5575842 -0.33876051)            (15.272797 -17.037849 -33.443034)             (0.053298135 -0.06595117 -0.1174087)          (0.00086886638 0.0055241791 -0.0012014591)    (0.054167001 -0.060426991 -0.11861016)       

Moments - Moment Center (0 0 0.05) Moment Axis (0 1 0)
                          Moments [N m]                                   Coefficients                                   
Zone                      Pressure        Viscous         Total           Pressure        Viscous         Total          
jidi                      -22.921005      -0.0010100193   -22.922015      -0.081292384    -3.5821676e-06  -0.081295966   
jishen                    -229.39586      -0.061532527    -229.45739      -0.81358285     -0.00021823327  -0.81380109    
jitou                     550.90577       0.093614487     550.99938       1.9538604       0.0003320162    1.9541924      
liangan                   649.59894       0.1267669       649.72571       2.3038889       0.00044959562   2.3043385      
waiyi                     -45.170217      0.58193282      -44.588284      -0.16020217     0.002063902     -0.15813827    
weiyi                     -701.98112      0.35397938      -701.62714      -2.4896692      0.0012554348    -2.4884137     
xiaoyi                    55.904243       0.037565846     55.941809       0.19827182      0.00013323226   0.19840505     
youfuyi                   -3.5860805      0.0095342639    -3.5765462      -0.01271851     3.3814532e-05   -0.012684696   
youweiduo                 8.9800627       0.025803548     9.0058663       0.031848984     9.1515707e-05   0.0319405      
zhongyangyi               -274.99849      0.33168417      -274.6668       -0.97531862     0.0011763619    -0.97414226    
zuofuyi                   -3.30163        0.011724036     -3.2899059      -0.011709669    4.1580849e-05   -0.011668088   
zuoweiduo                 -2.630061       0.047521306     -2.5825397      -0.0093278605   0.00016854062   -0.0091593199  
------------------------- --------------- --------------- --------------- --------------- --------------- ---------------
Net                       -18.595433      1.5575842       -17.037849      -0.06595117     0.0055241791    -0.060426991   
