                                    "Force Report"

Moments - Moment Center (0 0 0.05)
                          Moments [N m]                                                                                                                             Coefficients                                                                                                                             
Zone                      Pressure                                      Viscous                                       Total                                         Pressure                                      Viscous                                       Total                                        
jidi                      (-2.5710403e-09 -22.873603 0.0047618082)      (3.3792758e-05 2.196362e-06 -0.00058677082)   (3.3790187e-05 -22.873601 0.0041750374)       (-9.1185356e-12 -0.08112427 1.6888385e-05)    (1.198505e-07 7.7896892e-09 -2.0810606e-06)   (1.1984138e-07 -0.081124262 1.4807324e-05)   
jishen                    (0.4342574 -232.68311 2.6484081)              (-0.025732499 -0.10448661 -0.00053358845)     (0.4085249 -232.7876 2.6478745)               (0.0015401515 -0.82524152 0.0093929307)       (-9.1263722e-05 -0.00037057564 -1.8924422e-06) (0.0014488878 -0.8256121 0.0093910383)       
jitou                     (-0.88566952 528.65229 8.6707582)             (-0.0097093392 -0.14541175 0.10794665)        (-0.89537886 528.50688 8.7787048)             (-0.0031411445 1.8749355 0.030751994)         (-3.443546e-05 -0.00051572205 0.0003828471)   (-0.00317558 1.8744198 0.031134841)          
liangan                   (-0.054633449 645.49169 0.24175307)           (0.0041823022 0.13522418 -0.0023601898)       (-0.050451147 645.62692 0.23939288)           (-0.00019376478 2.2893219 0.00085740933)      (1.483309e-05 0.0004795905 -8.3707262e-06)    (-0.00017893169 2.2898015 0.00084903861)     
waiyi                     (7.3403205 -54.950095 -1.3629844)             (0.064420699 0.49862003 -0.10015253)          (7.4047412 -54.451475 -1.4631369)             (0.026033421 -0.19488781 -0.0048340051)       (0.00022847656 0.0017684221 -0.00035520424)   (0.026261897 -0.19311938 -0.0051892093)      
weiyi                     (-9.4918065 -589.80584 -28.41207)             (0.070581426 0.59769213 -0.17942244)          (-9.421225 -589.20815 -28.591493)             (-0.033663951 -2.0918247 -0.10076718)         (0.00025032639 0.0021197945 -0.00063634549)   (-0.033413625 -2.0897049 -0.10140352)        
xiaoyi                    (-0.76421454 55.922097 -0.56056913)           (0.012415807 0.043633113 -0.016334438)        (-0.75179873 55.96573 -0.57690357)            (-0.0027103883 0.19833514 -0.0019881328)      (4.4034305e-05 0.00015475062 -5.7932251e-05)  (-0.002666354 0.19848989 -0.0020460651)      
youfuyi                   (10.792696 -1.5880938 1.0542598)              (-0.0037584203 0.021704839 -0.21645615)       (10.788938 -1.5663889 0.83780368)             (0.03827773 -0.0056323853 0.0037390724)       (-1.3329736e-05 7.6979093e-05 -0.00076769046) (0.0382644 -0.0055554062 0.0029713819)       
youweiduo                 (-1.9041382 12.063535 -6.9813663)             (0.003646315 0.050827253 -0.084674612)        (-1.9004919 12.114362 -7.0660409)             (-0.0067532789 0.042784927 -0.024760342)      (1.293214e-05 0.0001802656 -0.00030030975)    (-0.0067403467 0.042965193 -0.025060652)     
zhongyangyi               (7.2523366 -293.41428 -0.80166611)            (0.039794936 0.27038939 -0.062147155)         (7.2921315 -293.14389 -0.86381327)            (0.025721374 -1.0406327 -0.0028432152)        (0.00014113802 0.00095897186 -0.00022041313)  (0.025862512 -1.0396737 -0.0030636284)       
zuofuyi                   (-10.280012 -1.5229126 -0.92562778)           (0.013125343 0.021816744 0.19764127)          (-10.266887 -1.5010958 -0.72798651)           (-0.036459426 -0.0054012115 -0.0032828618)    (4.6550772e-05 7.7375977e-05 0.000700961)     (-0.036412875 -0.0053238355 -0.0025819008)   
zuoweiduo                 (-0.046171448 0.57136503 0.26321183)          (0.016980736 0.080056492 0.018116257)         (-0.029190712 0.65142153 0.28132809)          (-0.00016375317 0.0020264219 0.00093351569)   (6.0224434e-05 0.00028393097 6.4251709e-05)   (-0.00010352873 0.0023103529 0.0009977674)   
------------------------- --------------------------------------------- --------------------------------------------- --------------------------------------------- --------------------------------------------- --------------------------------------------- ---------------------------------------------
Net                       (2.3929654 45.863035 -26.161131)              (0.1859811 1.470068 -0.3389637)               (2.5789465 47.333103 -26.500095)              (0.0084869693 0.16265934 -0.092783923)        (0.00065960664 0.0052137913 -0.0012021797)    (0.009146576 0.16787313 -0.093986103)        

Moments - Moment Center (0 0 0.05) Moment Axis (0 1 0)
                          Moments [N m]                                   Coefficients                                   
Zone                      Pressure        Viscous         Total           Pressure        Viscous         Total          
jidi                      -22.873603      2.196362e-06    -22.873601      -0.08112427     7.7896892e-09   -0.081124262   
jishen                    -232.68311      -0.10448661     -232.7876       -0.82524152     -0.00037057564  -0.8256121     
jitou                     528.65229       -0.14541175     528.50688       1.8749355       -0.00051572205  1.8744198      
liangan                   645.49169       0.13522418      645.62692       2.2893219       0.0004795905    2.2898015      
waiyi                     -54.950095      0.49862003      -54.451475      -0.19488781     0.0017684221    -0.19311938    
weiyi                     -589.80584      0.59769213      -589.20815      -2.0918247      0.0021197945    -2.0897049     
xiaoyi                    55.922097       0.043633113     55.96573        0.19833514      0.00015475062   0.19848989     
youfuyi                   -1.5880938      0.021704839     -1.5663889      -0.0056323853   7.6979093e-05   -0.0055554062  
youweiduo                 12.063535       0.050827253     12.114362       0.042784927     0.0001802656    0.042965193    
zhongyangyi               -293.41428      0.27038939      -293.14389      -1.0406327      0.00095897186   -1.0396737     
zuofuyi                   -1.5229126      0.021816744     -1.5010958      -0.0054012115   7.7375977e-05   -0.0053238355  
zuoweiduo                 0.57136503      0.080056492     0.65142153      0.0020264219    0.00028393097   0.0023103529   
------------------------- --------------- --------------- --------------- --------------- --------------- ---------------
Net                       45.863035       1.470068        47.333103       0.16265934      0.0052137913    0.16787313     
